303.54;283.10;-20.44;586.64
305.39;283.85;-21.54;589.24
304.93;284.83;-20.10;589.76
304.11;282.38;-21.73;586.49
304.74;282.92;-21.82;587.65
305.45;284.96;-20.48;590.41
306.25;284.59;-21.66;590.84
305.42;288.72;-16.70;594.14
306.54;284.60;-21.94;591.14
303.72;283.91;-19.81;587.62
304.95;284.62;-20.34;589.57
304.55;283.67;-20.88;588.22
303.07;282.89;-20.18;585.96
303.85;283.52;-20.33;587.36
304.94;283.95;-20.98;588.89
306.51;283.44;-23.06;589.95
306.54;283.08;-23.46;589.62
304.24;283.74;-20.51;587.98
306.28;284.91;-21.37;591.18
302.18;284.51;-17.68;586.69
304.53;282.93;-21.60;587.46
303.64;283.41;-20.23;587.05
304.04;283.80;-20.24;587.84
304.95;284.46;-20.49;589.41
305.85;282.91;-22.94;588.76
303.46;283.22;-20.25;586.68
304.01;284.05;-19.96;588.06
303.02;282.98;-20.04;585.99
305.94;285.45;-20.49;591.39
306.63;284.52;-22.11;591.15
302.32;283.35;-18.97;585.66
303.08;284.58;-18.51;587.66
303.85;284.86;-18.99;588.71
302.16;284.41;-17.75;586.57
304.05;283.73;-20.32;587.78
304.83;284.04;-20.79;588.86
301.12;283.59;-17.52;584.71
304.45;289.13;-15.32;593.58
304.02;284.87;-19.15;588.89
302.78;284.49;-18.29;587.26
304.93;283.42;-21.51;588.35
301.73;284.15;-17.58;585.88
304.92;283.38;-21.54;588.30
303.10;285.38;-17.72;588.48
304.97;282.87;-22.10;587.84
303.92;284.49;-19.43;588.41
303.35;284.31;-19.04;587.66
301.69;285.05;-16.64;586.74
304.44;284.14;-20.31;588.58
306.61;284.34;-22.26;590.95
302.90;282.71;-20.19;585.61
304.86;283.29;-21.56;588.15
301.35;284.04;-17.31;585.39
305.12;284.29;-20.82;589.41
304.16;284.10;-20.06;588.26
303.36;284.64;-18.73;588.00
304.47;283.48;-20.99;587.95
304.64;284.32;-20.31;588.96
302.70;283.69;-19.01;586.39
303.65;283.12;-20.53;586.78
304.35;283.70;-20.65;588.05
303.99;284.11;-19.88;588.10
306.12;285.77;-20.35;591.89
303.78;283.57;-20.21;587.35
305.71;283.65;-22.06;589.36
305.28;284.35;-20.93;589.62
304.01;290.42;-13.58;594.43
303.59;283.35;-20.25;586.94
304.45;284.21;-20.25;588.66
303.14;283.26;-19.88;586.39
302.82;285.19;-17.63;588.02
306.81;283.40;-23.41;590.21
305.94;284.13;-21.81;590.06
303.42;284.46;-18.95;587.88
302.99;285.21;-17.78;588.20
305.74;285.91;-19.82;591.65
304.54;283.69;-20.85;588.24
306.77;283.19;-23.58;589.96
305.11;284.02;-21.08;589.13
303.72;283.47;-20.25;587.19
303.65;283.85;-19.80;587.51
306.89;285.28;-21.62;592.17
304.52;282.97;-21.55;587.49
302.74;286.24;-16.51;588.98
303.51;283.78;-19.73;587.28
306.86;283.49;-23.36;590.35
305.34;284.14;-21.20;589.48
303.88;283.57;-20.31;587.45
304.58;283.78;-20.79;588.36
304.42;285.15;-19.28;589.57
305.29;289.32;-15.96;594.61
303.94;283.98;-19.95;587.92
305.00;282.82;-22.18;587.82
305.71;283.78;-21.93;589.48
303.42;286.01;-17.41;589.44
303.24;284.26;-18.98;587.50
303.30;289.61;-13.69;592.91
305.96;282.94;-23.02;588.91
306.94;284.78;-22.16;591.72
304.62;283.72;-20.90;588.35
303.22;284.45;-18.77;587.68
302.91;282.89;-20.02;585.79
303.40;283.44;-19.96;586.84
304.44;284.19;-20.25;588.64
305.14;288.35;-16.79;593.49
305.84;282.66;-23.18;588.51
306.69;284.86;-21.84;591.55
304.31;285.58;-18.73;589.88
301.94;282.95;-18.99;584.89
304.97;288.87;-16.10;593.84
304.72;284.79;-19.92;589.51
306.55;290.38;-16.18;596.93
304.89;284.10;-20.79;588.99
302.55;283.42;-19.14;585.97
303.42;283.25;-20.18;586.67
305.28;284.08;-21.20;589.36
302.87;283.77;-19.10;586.64
303.67;283.45;-20.22;587.12
304.73;288.97;-15.76;593.70
303.84;283.95;-19.89;587.79
305.05;284.38;-20.68;589.43
302.61;283.72;-18.88;586.33
304.66;283.19;-21.48;587.85
305.40;284.07;-21.33;589.47
304.96;283.12;-21.84;588.08
304.10;283.73;-20.37;587.83
303.26;283.13;-20.14;586.39
305.42;283.96;-21.46;589.38
304.89;284.09;-20.80;588.99
303.83;285.21;-18.62;589.04
306.55;284.49;-22.05;591.04
305.35;284.21;-21.14;589.56
306.24;284.59;-21.65;590.84
305.59;283.48;-22.11;589.07
306.39;283.16;-23.23;589.55
305.65;283.86;-21.79;589.51
304.77;283.11;-21.66;587.88
305.61;282.45;-23.16;588.06
306.72;283.07;-23.65;589.79
305.58;284.01;-21.56;589.59
302.98;284.16;-18.81;587.14
305.81;285.05;-20.76;590.86
303.58;284.51;-19.06;588.09
304.30;283.94;-20.36;588.24
305.17;287.71;-17.46;592.88
305.12;283.93;-21.19;589.05
303.74;283.42;-20.32;587.16
303.32;284.03;-19.29;587.35
303.45;283.25;-20.20;586.71
304.07;282.92;-21.15;586.99
303.89;283.52;-20.37;587.41
304.41;283.63;-20.78;588.04
304.00;283.30;-20.70;587.30
302.88;285.12;-17.76;587.99
306.69;284.74;-21.96;591.43
303.52;283.64;-19.88;587.16
306.81;286.51;-20.31;593.32
302.97;284.09;-18.88;587.06
303.67;284.75;-18.92;588.42
302.88;283.94;-18.94;586.82
303.61;284.69;-18.91;588.30
305.85;282.74;-23.12;588.59
305.04;284.95;-20.09;589.99
304.64;285.60;-19.04;590.24
305.49;285.22;-20.27;590.71
304.29;283.02;-21.28;587.31
305.13;284.85;-20.28;589.98
304.47;284.13;-20.34;588.60
303.51;288.60;-14.91;592.11
305.15;286.08;-19.07;591.22
303.73;290.12;-13.61;593.85
304.74;283.91;-20.83;588.65
305.52;284.92;-20.60;590.44
302.84;285.62;-17.22;588.46
304.01;283.93;-20.08;587.94
304.69;283.96;-20.72;588.65
302.36;289.03;-13.34;591.39
302.84;284.17;-18.66;587.01
304.15;283.56;-20.59;587.71
304.56;283.75;-20.81;588.31
303.61;288.60;-15.01;592.21
303.05;284.31;-18.74;587.35
302.85;283.66;-19.19;586.51
304.65;284.28;-20.36;588.93
303.32;284.30;-19.02;587.62
306.01;288.65;-17.35;594.66
303.67;284.61;-19.06;588.28
304.22;284.05;-20.18;588.27
303.22;286.23;-16.99;589.45
303.78;285.46;-18.32;589.24
302.19;284.26;-17.94;586.45
304.08;284.09;-19.99;588.17
305.01;285.94;-19.07;590.95
305.36;284.51;-20.86;589.87
301.90;285.65;-16.25;587.55
305.18;283.65;-21.53;588.84
304.19;284.15;-20.04;588.35
305.09;284.96;-20.13;590.06
303.78;283.91;-19.87;587.68
303.52;284.56;-18.96;588.08
303.80;283.94;-19.86;587.74
303.04;284.54;-18.50;587.57
305.40;285.22;-20.18;590.62
303.13;284.20;-18.93;587.33
303.67;283.69;-19.98;587.36
302.70;284.40;-18.30;587.10
303.35;283.09;-20.26;586.44
304.16;284.95;-19.21;589.12
304.70;283.45;-21.25;588.15
304.11;283.81;-20.29;587.92
304.96;284.59;-20.36;589.55
303.96;283.58;-20.38;587.54
304.57;283.08;-21.49;587.65
303.92;284.92;-19.00;588.85
304.74;284.42;-20.32;589.16
305.36;284.18;-21.18;589.54
306.04;282.79;-23.25;588.83
303.48;285.98;-17.50;589.45
304.17;283.96;-20.21;588.13
303.08;284.05;-19.03;587.14
305.99;284.81;-21.18;590.80
306.52;285.62;-20.90;592.14
305.17;283.22;-21.95;588.39
304.32;285.91;-18.41;590.23
303.49;283.42;-20.06;586.91
304.29;284.07;-20.22;588.36
304.00;283.51;-20.49;587.51
302.56;284.22;-18.34;586.78
305.35;284.38;-20.96;589.73
304.24;283.92;-20.32;588.15
303.68;283.12;-20.56;586.80
304.12;283.87;-20.25;587.99
303.89;284.89;-19.01;588.78
307.00;288.68;-18.32;595.68
304.41;284.38;-20.03;588.78
305.44;284.04;-21.40;589.47
305.04;289.50;-15.54;594.54
304.86;283.56;-21.30;588.42
303.36;284.52;-18.84;587.89
303.81;283.76;-20.05;587.58
304.78;284.12;-20.66;588.91
305.64;287.82;-17.82;593.46
306.25;285.79;-20.45;592.04
304.02;284.91;-19.12;588.93
302.56;283.72;-18.84;586.29
303.44;285.41;-18.04;588.85
302.99;284.02;-18.97;587.01
303.82;284.89;-18.94;588.71
304.50;284.26;-20.24;588.76
306.62;283.31;-23.31;589.93
302.82;284.01;-18.81;586.82
303.74;283.52;-20.22;587.26
304.51;283.96;-20.54;588.47
303.72;285.35;-18.38;589.07
306.15;284.27;-21.88;590.42
303.56;286.11;-17.45;589.68
305.82;283.88;-21.94;589.69
303.36;284.73;-18.64;588.09
302.95;284.02;-18.93;586.96
303.85;285.94;-17.91;589.79
304.71;284.16;-20.54;588.87
305.11;284.75;-20.36;589.86
302.82;283.93;-18.89;586.75
303.58;283.30;-20.28;586.88
304.14;283.95;-20.19;588.09
305.09;284.86;-20.24;589.95
303.61;282.42;-21.19;586.03
304.65;283.26;-21.39;587.91
304.30;283.95;-20.35;588.25
303.88;284.53;-19.35;588.41
302.65;283.72;-18.94;586.37
303.24;284.65;-18.59;587.89
305.64;284.11;-21.54;589.75
304.77;284.52;-20.25;589.29
304.32;284.11;-20.21;588.43
304.65;284.52;-20.13;589.18
302.23;284.05;-18.18;586.28
303.89;284.92;-18.96;588.81
302.74;283.61;-19.13;586.34
303.40;285.74;-17.66;589.14
304.22;284.00;-20.22;588.22
305.09;283.07;-22.02;588.16
303.82;284.15;-19.67;587.98
305.03;283.34;-21.69;588.37
304.48;285.91;-18.58;590.39
303.37;283.41;-19.96;586.78
304.08;284.05;-20.03;588.12
303.69;283.24;-20.45;586.93
305.54;288.86;-16.67;594.40
305.15;290.03;-15.12;595.18
306.04;286.11;-19.94;592.15
304.57;283.36;-21.21;587.94
304.24;284.21;-20.02;588.45
305.03;284.92;-20.11;589.95
305.75;284.34;-21.41;590.08
304.48;284.78;-19.70;589.26
305.42;284.25;-21.16;589.67
305.18;284.74;-20.45;589.92
302.72;282.60;-20.12;585.32
304.65;283.33;-21.32;587.98
304.30;284.05;-20.25;588.35
304.21;283.21;-21.00;587.41
303.98;284.00;-19.98;587.98
306.61;284.63;-21.98;591.24
304.29;284.12;-20.17;588.42
302.11;282.99;-19.11;585.10
305.76;282.41;-23.35;588.17
306.75;284.48;-22.28;591.23
301.95;283.99;-17.96;585.95
306.46;282.84;-23.62;589.29
305.56;285.04;-20.52;590.60
303.32;287.62;-15.70;590.95
304.21;283.25;-20.95;587.46
304.80;284.58;-20.22;589.38
303.73;283.72;-20.01;587.45
304.43;289.38;-15.05;593.81
302.62;283.63;-18.99;586.25
304.54;283.88;-20.66;588.42
303.36;286.51;-16.85;589.87
303.05;283.99;-19.06;587.05
303.75;284.79;-18.95;588.54
304.27;284.19;-20.08;588.46
305.00;284.79;-20.21;589.79
305.59;283.85;-21.74;589.45
302.08;283.28;-18.79;585.36
303.03;283.79;-19.24;586.82
305.06;284.68;-20.38;589.74
305.66;284.75;-20.91;590.41
304.13;283.09;-21.04;587.22
305.44;284.24;-21.21;589.68
305.16;284.15;-21.01;589.32
303.73;284.98;-18.75;588.71
301.43;283.21;-18.22;584.64
305.35;283.80;-21.55;589.15
304.85;289.19;-15.65;594.04
305.36;284.64;-20.72;590.00
304.61;287.43;-17.18;592.04
302.01;287.09;-14.91;589.10
304.72;285.82;-18.89;590.54
305.50;286.99;-18.51;592.49
304.52;283.08;-21.44;587.61
304.16;283.79;-20.38;587.95
303.11;284.86;-18.24;587.97
304.04;283.90;-20.14;587.94
303.39;283.37;-20.02;586.76
305.46;285.34;-20.13;590.80
305.12;284.19;-20.93;589.31
304.09;284.14;-19.95;588.23
304.89;284.51;-20.38;589.40
302.19;283.99;-18.20;586.18
301.76;284.56;-17.20;586.32
304.49;284.75;-19.74;589.24
303.38;284.32;-19.05;587.70
300.78;283.69;-17.09;584.47
304.78;284.59;-20.18;589.37
305.76;285.22;-20.54;590.98
304.68;284.22;-20.46;588.91
305.23;283.71;-21.52;588.94
303.41;284.34;-19.07;587.74
302.49;288.64;-13.85;591.13
303.22;283.31;-19.91;586.53
302.14;283.96;-18.17;586.10
302.94;284.46;-18.48;587.39
302.59;284.94;-17.65;587.54
306.18;284.43;-21.75;590.61
303.95;283.75;-20.19;587.70
306.04;283.75;-22.29;589.78
303.62;283.65;-19.97;587.26
302.88;284.06;-18.82;586.95
304.93;283.84;-21.09;588.76
306.05;283.87;-22.18;589.92
302.40;284.48;-17.92;586.88
303.04;283.93;-19.11;586.96
305.05;284.62;-20.43;589.68
304.78;283.38;-21.41;588.16
303.03;284.31;-18.72;587.34
302.62;284.19;-18.43;586.82
304.85;283.19;-21.66;588.04
303.01;283.76;-19.24;586.77
304.79;284.76;-20.03;589.55
305.58;283.52;-22.06;589.09
302.99;283.15;-19.84;586.14
305.42;283.89;-21.53;589.31
306.05;284.35;-21.71;590.40
303.62;283.22;-20.40;586.84
301.18;284.19;-16.99;585.36
307.04;283.54;-23.51;590.58
306.07;283.91;-22.16;589.98
303.31;287.61;-15.70;590.92
306.25;283.79;-22.46;590.04
303.46;283.32;-20.15;586.78
302.27;288.89;-13.38;591.16
306.46;284.15;-22.31;590.62
305.53;284.62;-20.91;590.15
303.56;282.99;-20.58;586.55
305.43;283.70;-21.73;589.13
304.79;284.42;-20.37;589.22
305.48;283.56;-21.92;589.05
303.18;283.22;-19.95;586.40
304.12;283.74;-20.38;587.86
303.23;284.86;-18.37;588.09
304.11;282.89;-21.22;587.01
303.87;283.52;-20.35;587.39
303.52;286.95;-16.57;590.48
303.44;285.26;-18.18;588.71
304.15;283.04;-21.11;587.19
303.81;283.59;-20.22;587.41
301.62;284.04;-17.59;585.66
302.28;286.88;-15.41;589.16
303.36;288.99;-14.37;592.36
303.11;283.66;-19.45;586.78
303.21;284.35;-18.85;587.56
304.07;282.72;-21.35;586.79
305.82;283.35;-22.48;589.17
303.45;285.46;-17.99;588.91
303.58;283.39;-20.19;586.97
302.92;284.41;-18.51;587.33
301.77;285.17;-16.60;586.94
304.58;284.45;-20.14;589.03
302.07;284.68;-17.39;586.75
304.22;286.24;-17.99;590.46
302.74;286.26;-16.47;589.00
304.74;283.91;-20.84;588.65
305.17;283.74;-21.43;588.91
302.04;285.30;-16.74;587.34
302.20;283.98;-18.22;586.18
304.78;283.99;-20.79;588.78
302.38;289.10;-13.28;591.48
303.56;286.44;-17.12;590.00
304.27;284.08;-20.19;588.35
303.29;284.34;-18.95;587.63
304.19;285.24;-18.95;589.42
301.72;283.53;-18.19;585.25
304.86;283.89;-20.97;588.75
305.33;285.10;-20.23;590.43
306.15;283.12;-23.04;589.27
305.32;283.78;-21.54;589.09
306.25;284.50;-21.75;590.75
302.38;283.65;-18.72;586.03
306.18;285.56;-20.62;591.74
303.84;283.64;-20.19;587.48
304.77;282.86;-21.91;587.63
303.91;284.74;-19.17;588.65
304.47;284.42;-20.05;588.89
305.37;283.96;-21.41;589.33
302.91;284.20;-18.71;587.11
303.96;288.51;-15.46;592.47
303.63;283.24;-20.39;586.86
304.16;283.47;-20.69;587.64
305.19;284.28;-20.91;589.48
305.96;283.85;-22.11;589.81
305.11;283.37;-21.74;588.48
303.17;284.06;-19.11;587.23
303.44;284.64;-18.80;588.07
305.94;284.29;-21.65;590.23
305.29;284.66;-20.63;589.95
303.18;282.62;-20.56;585.80
305.38;284.10;-21.28;589.48
306.12;283.84;-22.28;589.95
303.65;283.37;-20.28;587.02
304.17;283.61;-20.56;587.78
305.43;283.42;-22.01;588.85
305.11;285.62;-19.49;590.72
301.58;283.09;-18.49;584.68
304.48;283.96;-20.52;588.45
306.61;286.60;-20.01;593.21
302.85;285.71;-17.14;588.56
306.80;284.73;-22.07;591.53
302.65;283.74;-18.91;586.39
303.47;284.61;-18.86;588.08
304.41;282.83;-21.58;587.24
303.96;283.42;-20.54;587.39
304.76;284.11;-20.65;588.87
303.55;284.52;-19.02;588.07
306.19;284.05;-22.14;590.24
304.98;282.71;-22.28;587.69
304.50;284.29;-20.21;588.79
303.39;283.27;-20.12;586.66
304.14;282.69;-21.45;586.84
303.63;284.71;-18.92;588.34
302.18;284.70;-17.48;586.88
305.05;283.00;-22.05;588.05
305.70;284.11;-21.59;589.81
304.90;283.31;-21.59;588.21
304.24;283.81;-20.42;588.05
302.27;285.36;-16.91;587.64
306.27;283.26;-23.01;589.53
302.03;283.68;-18.35;585.71
302.95;284.39;-18.56;587.35
303.69;283.66;-20.02;587.35
304.90;283.42;-21.48;588.32
303.95;284.03;-19.92;587.98
305.32;282.82;-22.51;588.14
302.47;288.27;-14.20;590.74
306.62;283.61;-23.02;590.23
305.54;283.92;-21.62;589.46
304.98;284.89;-20.09;589.86
305.93;284.90;-21.03;590.83
303.05;283.46;-19.58;586.51
302.42;284.04;-18.38;586.46
304.94;283.09;-21.85;588.03
305.94;282.72;-23.22;588.66
303.32;283.31;-20.01;586.63
304.38;283.27;-21.11;587.65
305.01;282.91;-22.11;587.92
303.83;284.80;-19.03;588.63
303.14;283.14;-20.01;586.28
304.08;283.84;-20.24;587.92
306.09;283.89;-22.19;589.98
306.91;283.79;-23.12;590.71
306.05;284.52;-21.53;590.56
304.01;283.98;-20.04;587.99
306.14;282.99;-23.14;589.13
303.95;283.68;-20.28;587.63
304.86;283.12;-21.74;587.99
305.44;284.04;-21.39;589.48
306.43;281.80;-24.63;588.23
305.81;283.68;-22.13;589.48
302.34;283.24;-19.10;585.58
305.39;282.31;-23.08;587.71
305.01;284.12;-20.89;589.12
303.99;284.77;-19.22;588.76
303.42;283.35;-20.08;586.77
305.78;282.26;-23.51;588.04
305.11;282.99;-22.11;588.10
303.84;282.49;-21.34;586.33
303.34;283.27;-20.06;586.61
304.25;285.18;-19.08;589.43
303.19;282.95;-20.24;586.14
303.69;282.33;-21.36;586.02
304.57;283.01;-21.56;587.58
304.29;284.15;-20.14;588.44
308.15;283.03;-25.12;591.18
307.26;288.59;-18.68;595.85
303.88;282.74;-21.14;586.61
305.79;282.44;-23.35;588.23
303.24;283.35;-19.89;586.59
303.94;284.13;-19.81;588.07
304.95;284.97;-19.98;589.92
305.75;282.34;-23.42;588.09
305.18;283.01;-22.17;588.18
302.95;282.66;-20.29;585.61
305.05;283.39;-21.66;588.44
305.95;284.41;-21.54;590.35
303.37;284.43;-18.94;587.80
304.26;283.86;-20.40;588.13
303.29;283.35;-19.94;586.65
303.44;285.70;-17.74;589.14
305.53;284.94;-20.59;590.47
302.76;282.89;-19.87;585.66
302.68;283.34;-19.34;586.01
304.51;284.01;-20.49;588.52
305.36;283.29;-22.07;588.66
303.10;284.09;-19.01;587.19
305.26;283.44;-21.82;588.70
302.66;284.44;-18.22;587.09
304.68;283.70;-20.98;588.38
303.29;286.22;-17.08;589.51
305.98;284.16;-21.81;590.14
306.18;287.38;-18.80;593.56
305.72;283.51;-22.21;589.24
303.37;284.32;-19.05;587.69
305.37;283.18;-22.19;588.55
304.58;285.88;-18.71;590.46
307.03;285.68;-21.35;592.71
303.25;284.68;-18.58;587.93
305.36;283.76;-21.61;589.12
302.99;282.95;-20.05;585.94
302.38;283.56;-18.81;585.94
306.38;282.95;-23.43;589.34
301.91;283.70;-18.21;585.61
304.67;282.84;-21.83;587.51
303.64;283.61;-20.03;587.24
303.05;284.14;-18.92;587.19
303.57;283.46;-20.11;587.04
304.48;283.45;-21.04;587.93
305.03;283.29;-21.74;588.32
307.21;282.65;-24.56;589.86
306.33;283.22;-23.11;589.55
303.12;284.04;-19.08;587.16
305.05;282.93;-22.12;587.98
302.56;283.95;-18.62;586.51
303.55;283.22;-20.33;586.76
304.04;283.87;-20.17;587.91
302.08;284.34;-17.74;586.42
302.62;289.06;-13.56;591.69
305.71;283.33;-22.38;589.04
304.42;284.01;-20.41;588.42
303.17;284.32;-18.85;587.49
302.85;283.02;-19.82;585.87
304.85;283.44;-21.41;588.28
301.22;284.08;-17.15;585.30
305.31;284.82;-20.49;590.12
305.09;285.41;-19.69;590.50
306.00;283.68;-22.32;589.68
302.65;284.16;-18.48;586.81
306.64;283.36;-23.28;590.00
302.76;285.89;-16.87;588.65
303.44;284.49;-18.95;587.93
304.47;283.40;-21.07;587.87
303.07;286.11;-16.96;589.18
305.54;283.81;-21.72;589.35
304.39;284.41;-19.98;588.80
301.89;284.94;-16.95;586.83
307.74;284.26;-23.48;592.01
305.45;288.14;-17.31;593.58
304.33;282.95;-21.38;587.28
303.95;283.74;-20.22;587.69
302.85;283.99;-18.86;586.84
303.32;285.11;-18.22;588.43
305.94;286.42;-19.51;592.36
305.89;284.98;-20.91;590.88
304.53;285.71;-18.82;590.24
303.29;284.97;-18.32;588.26
303.09;283.94;-19.15;587.02
305.88;283.35;-22.54;589.23
304.18;285.41;-18.77;589.58
302.05;284.26;-17.79;586.31
302.82;285.14;-17.68;587.95
301.68;283.39;-18.29;585.06
305.56;283.88;-21.68;589.44
305.26;283.99;-21.28;589.25
301.54;283.66;-17.88;585.20
304.50;284.45;-20.05;588.95
305.62;283.35;-22.26;588.97
306.19;284.65;-21.54;590.84
303.83;283.48;-20.35;587.31
304.72;283.22;-21.51;587.94
305.44;283.98;-21.45;589.42
304.77;284.01;-20.76;588.78
305.62;283.45;-22.17;589.06
302.87;285.60;-17.27;588.47
305.11;283.29;-21.82;588.40
304.69;284.18;-20.51;588.87
305.26;284.51;-20.75;589.77
306.18;285.60;-20.58;591.78
303.88;283.71;-20.17;587.59
304.66;284.14;-20.53;588.80
302.36;283.35;-19.01;585.71
304.28;286.14;-18.14;590.41
306.92;289.54;-17.38;596.46
304.25;282.63;-21.62;586.88
305.29;283.59;-21.69;588.88
305.88;282.80;-23.08;588.68
306.64;283.62;-23.02;590.26
304.28;284.16;-20.11;588.44
303.22;284.89;-18.32;588.11
304.37;282.88;-21.49;587.25
304.95;283.37;-21.58;588.32
306.38;283.66;-22.71;590.04
305.07;283.41;-21.66;588.48
302.76;282.35;-20.41;585.12
304.82;284.74;-20.09;589.56
306.53;283.89;-22.64;590.42
304.89;284.62;-20.28;589.51
304.02;286.94;-17.09;590.96
306.51;283.61;-22.90;590.12
305.26;283.98;-21.29;589.24
304.63;284.52;-20.11;589.15
305.45;283.67;-21.78;589.12
306.10;284.80;-21.30;590.90
305.46;283.92;-21.54;589.38
304.66;283.82;-20.84;588.48
305.57;283.44;-22.13;589.01
303.21;283.15;-20.06;586.35
305.41;283.81;-21.60;589.22
304.56;284.16;-20.40;588.72
305.31;283.38;-21.92;588.69
304.22;284.29;-19.92;588.51
302.68;283.66;-19.02;586.34
309.19;284.24;-24.95;593.42
303.51;286.54;-16.97;590.05
304.41;284.07;-20.34;588.48
303.48;283.30;-20.18;586.78
304.39;285.86;-18.52;590.25
305.28;285.22;-20.06;590.50
305.82;282.65;-23.16;588.47
303.44;284.82;-18.62;588.26
303.54;284.05;-19.49;587.58
305.15;283.41;-21.74;588.56
306.06;285.15;-20.91;591.21
304.93;283.38;-21.55;588.31
304.24;284.48;-19.76;588.71
301.99;285.00;-16.99;586.99
306.14;283.82;-22.31;589.96
303.45;284.54;-18.91;587.99
304.41;283.37;-21.04;587.78
304.73;284.75;-19.98;589.48
305.86;283.76;-22.10;589.62
304.70;283.21;-21.49;587.91
302.65;283.84;-18.81;586.48
302.01;283.29;-18.72;585.29
302.69;282.64;-20.06;585.33
303.56;283.59;-19.97;587.16
301.34;284.16;-17.18;585.50
303.40;285.25;-18.15;588.65
302.91;284.44;-18.47;587.35
305.16;283.73;-21.44;588.89
304.72;283.84;-20.88;588.56
303.67;283.55;-20.12;587.22
305.38;282.90;-22.48;588.28
303.86;283.91;-19.95;587.78
306.17;287.29;-18.88;593.46
303.97;284.89;-19.08;588.86
304.71;283.28;-21.42;587.99
305.44;283.29;-22.15;588.73
303.62;284.07;-19.55;587.69
306.06;285.44;-20.62;591.49
302.27;283.27;-19.00;585.54
304.09;283.28;-20.81;587.38
305.20;284.98;-20.22;590.18
303.65;283.80;-19.85;587.45
304.42;283.08;-21.34;587.49
302.78;283.68;-19.11;586.46
302.74;284.02;-18.72;586.75
305.50;283.25;-22.25;588.75
303.14;282.87;-20.27;586.01
303.89;283.60;-20.29;587.49
302.59;284.45;-18.14;587.04
305.40;284.35;-21.05;589.75
304.05;284.11;-19.94;588.16
304.93;283.75;-21.18;588.68
304.42;284.31;-20.11;588.74
305.31;283.10;-22.21;588.41
302.71;283.76;-18.95;586.47
303.70;286.62;-17.08;590.32
305.62;284.05;-21.58;589.67
304.96;288.64;-16.33;593.60
305.72;285.08;-20.64;590.79
303.51;283.47;-20.04;586.98
304.61;283.89;-20.72;588.49
301.98;284.89;-17.08;586.87
304.18;284.02;-20.16;588.21
303.66;283.41;-20.26;587.07
305.55;283.56;-21.99;589.11
303.35;284.26;-19.09;587.61
304.86;284.00;-20.86;588.86
303.48;284.98;-18.50;588.46
304.39;287.85;-16.54;592.24
302.18;284.18;-18.00;586.36
307.42;283.91;-23.51;591.32
301.55;283.46;-18.09;585.01
304.44;283.41;-21.02;587.85
303.28;285.07;-18.21;588.35
305.88;284.34;-21.55;590.22
303.86;283.76;-20.10;587.62
304.71;284.03;-20.68;588.74
303.79;285.57;-18.22;589.36
304.62;284.39;-20.23;589.02
303.71;283.79;-19.91;587.50
301.61;284.12;-17.48;585.73
306.06;283.74;-22.32;589.81
303.40;284.58;-18.82;587.98
305.56;283.94;-21.62;589.50
304.71;284.32;-20.39;589.03
302.61;284.81;-17.80;587.42
303.31;283.31;-20.00;586.62
304.21;283.36;-20.84;587.57
303.95;284.50;-19.45;588.45
304.05;283.92;-20.13;587.96
303.48;283.19;-20.29;586.67
304.69;284.26;-20.44;588.95
305.20;284.35;-20.85;589.55
302.89;283.89;-18.99;586.78
306.87;284.79;-22.08;591.66
304.27;283.71;-20.56;587.98
305.44;284.38;-21.06;589.82
303.94;282.78;-21.16;586.72
303.68;284.89;-18.79;588.58
302.42;283.97;-18.45;586.39
305.25;284.40;-20.85;589.65
306.10;284.02;-22.08;590.12
304.90;286.03;-18.87;590.93
304.03;283.94;-20.09;587.96
303.23;284.21;-19.02;587.44
305.95;284.99;-20.95;590.94
306.54;283.05;-23.48;589.59
303.85;283.54;-20.32;587.39
304.32;283.54;-20.79;587.86
304.70;289.18;-15.52;593.88
303.52;284.27;-19.25;587.79
304.11;283.85;-20.26;587.96
304.38;283.99;-20.38;588.37
303.86;283.30;-20.56;587.16
304.49;284.11;-20.38;588.59
303.04;284.19;-18.85;587.24
304.02;283.84;-20.18;587.86
304.80;284.41;-20.39;589.21
307.31;283.88;-23.44;591.19
305.11;284.66;-20.45;589.78
305.65;285.36;-20.29;591.01
304.88;284.51;-20.37;589.38
304.31;283.44;-20.86;587.75
305.03;286.04;-18.99;591.07
303.80;282.62;-21.18;586.42
303.26;283.35;-19.91;586.61
305.61;284.30;-21.31;589.91
305.19;284.17;-21.02;589.36
304.92;285.75;-19.16;590.67
303.79;283.41;-20.38;587.20
304.66;284.34;-20.32;589.00
303.49;284.22;-19.26;587.71
302.92;282.68;-20.24;585.59
303.71;290.25;-13.45;593.96
302.61;283.46;-19.15;586.06
302.02;286.07;-15.95;588.09
305.55;283.59;-21.96;589.15
301.31;284.46;-16.85;585.76
305.42;283.88;-21.54;589.30
306.29;284.39;-21.90;590.68
303.84;285.21;-18.63;589.05
306.21;286.49;-19.71;592.70
303.78;283.65;-20.13;587.42
304.63;283.82;-20.81;588.45
304.48;284.69;-19.79;589.17
306.15;284.54;-21.61;590.68
305.05;283.50;-21.55;588.55
301.32;282.77;-18.55;584.09
304.32;283.22;-21.09;587.54
303.17;282.65;-20.52;585.82
305.95;283.51;-22.44;589.46
304.52;286.81;-17.71;591.33
305.26;285.19;-20.07;590.45
306.02;284.02;-22.00;590.05
303.65;283.45;-20.20;587.11
304.24;283.62;-20.62;587.86
303.32;283.21;-20.11;586.52
302.59;283.79;-18.80;586.38
306.90;283.45;-23.45;590.35
304.08;284.10;-19.98;588.18
303.88;288.42;-15.46;592.30
306.00;283.94;-22.06;589.94
305.04;286.44;-18.60;591.48
302.48;283.36;-19.12;585.84
306.00;281.80;-24.20;587.80
304.78;285.51;-19.27;590.28
304.84;284.39;-20.45;589.23
305.34;283.49;-21.84;588.83
302.97;283.79;-19.18;586.76
305.82;282.39;-23.42;588.21
302.88;284.09;-18.79;586.98
304.06;284.94;-19.12;589.00
302.58;283.46;-19.12;586.05
301.75;283.22;-18.53;584.96
304.09;283.86;-20.22;587.95
304.74;283.32;-21.41;588.06
304.03;283.61;-20.42;587.64
304.69;284.48;-20.22;589.17
304.57;285.58;-18.99;590.15
305.42;283.12;-22.30;588.55
307.34;283.58;-23.75;590.92
302.98;283.96;-19.01;586.94
305.98;283.79;-22.19;589.77
302.98;286.42;-16.56;589.39
304.19;287.12;-17.07;591.32
303.78;283.66;-20.12;587.45
302.47;288.62;-13.85;591.09
305.46;288.74;-16.72;594.20
303.99;284.92;-19.08;588.91
304.53;284.18;-20.35;588.71
305.20;283.52;-21.68;588.72
304.13;283.96;-20.17;588.09
300.67;283.73;-16.94;584.40
304.38;283.89;-20.49;588.26
305.55;283.31;-22.24;588.86
303.06;288.95;-14.11;592.01
305.28;283.80;-21.48;589.08
304.34;283.76;-20.58;588.10
303.65;286.90;-16.75;590.55
303.32;282.89;-20.42;586.21
303.96;283.58;-20.38;587.54
304.67;282.62;-22.05;587.29
305.64;284.99;-20.65;590.62
305.94;285.19;-20.75;591.14
306.74;284.68;-22.06;591.41
305.82;284.04;-21.78;589.86
302.16;285.13;-17.03;587.29
304.11;284.34;-19.77;588.44
305.95;283.49;-22.46;589.44
301.42;284.15;-17.26;585.57
304.12;284.47;-19.65;588.59
307.36;283.76;-23.59;591.12
305.82;283.50;-22.32;589.32
304.22;284.17;-20.05;588.39
305.31;283.32;-21.99;588.64
306.02;285.09;-20.93;591.12
304.73;283.26;-21.47;587.99
304.40;284.02;-20.38;588.42
304.99;284.60;-20.39;589.59
303.86;285.06;-18.79;588.92
306.31;283.13;-23.18;589.44
305.26;283.72;-21.54;588.98
301.52;283.81;-17.71;585.32
305.75;283.42;-22.34;589.17
302.94;282.94;-19.99;585.88
303.89;283.41;-20.49;587.30
306.01;283.74;-22.27;589.75
305.21;284.40;-20.81;589.61
305.15;282.84;-22.32;587.99
305.21;283.52;-21.69;588.74
304.81;284.20;-20.61;589.01
305.51;285.09;-20.41;590.60
303.20;284.21;-18.99;587.41
307.06;283.39;-23.67;590.45
304.65;283.61;-21.04;588.25
305.21;283.32;-21.88;588.53
304.01;283.96;-20.05;587.96
303.72;283.67;-20.05;587.39
303.55;284.75;-18.80;588.29
305.22;284.57;-20.65;589.79
306.15;284.04;-22.12;590.19
305.06;283.45;-21.61;588.52
302.81;284.28;-18.54;587.09
303.09;283.16;-19.93;586.26
306.20;283.86;-22.34;590.06
301.96;284.88;-17.08;586.84
303.52;284.12;-19.39;587.64
305.44;283.16;-22.28;588.61
304.44;289.14;-15.30;593.58
303.59;283.45;-20.14;587.04
304.53;283.72;-20.81;588.25
305.33;283.16;-22.17;588.49
304.25;284.21;-20.04;588.46
305.91;283.31;-22.61;589.22
302.52;285.46;-17.06;587.99
306.32;283.16;-23.15;589.48
304.10;283.52;-20.58;587.62
304.31;283.14;-21.17;587.44
306.21;283.82;-22.39;590.04
303.79;284.34;-19.45;588.12
302.40;283.74;-18.66;586.14
306.33;283.05;-23.28;589.38
305.26;283.84;-21.42;589.11
304.74;283.06;-21.68;587.79
305.59;282.64;-22.95;588.24
304.75;283.13;-21.62;587.88
305.39;284.25;-21.14;589.65
304.04;283.93;-20.11;587.97
304.75;282.44;-22.32;587.19
303.59;282.99;-20.59;586.58
305.62;282.08;-23.54;587.71
303.29;284.08;-19.22;587.37
302.48;283.94;-18.55;586.42
303.59;283.25;-20.34;586.84
304.07;283.98;-20.09;588.05
305.08;284.12;-20.96;589.19
304.74;284.73;-20.01;589.46
302.51;283.48;-19.02;585.99
303.91;285.45;-18.46;589.35
303.99;282.75;-21.24;586.75
305.36;283.79;-21.56;589.15
306.64;284.29;-22.35;590.92
303.76;283.76;-20.00;587.53
304.91;282.94;-21.97;587.85
305.78;282.44;-23.35;588.22
304.78;283.19;-21.59;587.98
305.46;284.08;-21.38;589.54
305.05;284.34;-20.71;589.39
304.15;284.32;-19.82;588.47
303.74;282.82;-20.91;586.56
304.55;284.08;-20.47;588.62
305.20;284.40;-20.80;589.60
304.35;284.06;-20.29;588.41
304.81;286.80;-18.01;591.61
304.37;284.08;-20.29;588.45
305.18;284.18;-21.01;589.36
305.85;284.01;-21.85;589.86
301.65;283.25;-18.39;584.90
304.41;283.75;-20.66;588.15
304.82;283.89;-20.92;588.71
305.52;288.77;-16.75;594.29
304.45;282.76;-21.69;587.22
306.92;283.38;-23.54;590.31
303.66;284.18;-19.49;587.84
305.09;283.54;-21.56;588.63
309.32;282.88;-26.45;592.20
304.88;283.51;-21.37;588.39
304.15;284.34;-19.82;588.49
305.35;283.09;-22.26;588.44
302.69;283.90;-18.79;586.59
303.60;283.25;-20.35;586.85
305.62;285.63;-19.99;591.25
304.72;286.08;-18.64;590.79
304.02;283.84;-20.19;587.86
303.51;284.39;-19.12;587.90
305.37;284.16;-21.21;589.54
306.12;284.22;-21.89;590.34
305.76;283.58;-22.18;589.35
304.68;283.16;-21.52;587.84
303.98;283.72;-20.26;587.71
304.50;283.88;-20.62;588.38
307.29;284.45;-22.84;591.74
304.29;284.59;-19.70;588.89
306.68;283.32;-23.36;590.01
305.94;283.95;-21.99;589.88
305.11;283.19;-21.91;588.30
306.11;284.06;-22.04;590.17
305.20;284.51;-20.69;589.71
304.46;282.41;-22.05;586.86
302.02;283.12;-18.91;585.14
305.88;283.84;-22.04;589.72
306.66;283.16;-23.49;589.82
303.03;283.36;-19.67;586.39
305.06;284.25;-20.82;589.31
302.74;283.61;-19.13;586.35
304.47;283.11;-21.36;587.58
303.12;283.69;-19.44;586.81
306.34;287.55;-18.79;593.89
305.78;283.59;-22.19;589.38
303.56;284.47;-19.09;588.03
305.44;283.96;-21.47;589.40
305.16;282.87;-22.29;588.03
305.85;282.42;-23.42;588.27
304.89;283.25;-21.64;588.14
304.05;284.04;-20.02;588.09
304.90;283.06;-21.84;587.96
303.71;285.44;-18.27;589.14
306.49;283.25;-23.24;589.74
302.16;283.36;-18.80;585.53
304.74;283.26;-21.48;588.01
306.99;283.97;-23.02;590.96
306.66;283.37;-23.29;590.03
304.08;287.23;-16.85;591.31
306.43;286.24;-20.19;592.67
304.79;283.97;-20.82;588.76
304.68;283.20;-21.48;587.88
305.74;284.32;-21.42;590.06
304.95;283.11;-21.84;588.06
307.08;283.62;-23.45;590.70
304.41;283.06;-21.35;587.48
305.38;283.84;-21.54;589.22
306.15;284.69;-21.46;590.84
303.92;285.45;-18.46;589.37
307.79;284.39;-23.40;592.19
305.27;283.82;-21.45;589.09
304.70;284.25;-20.45;588.95
303.43;289.81;-13.62;593.24
304.45;282.90;-21.55;587.35
303.86;283.38;-20.48;587.25
304.53;283.61;-20.92;588.14
304.71;284.35;-20.36;589.06
305.11;284.18;-20.94;589.29
303.52;283.46;-20.06;586.99
304.49;284.15;-20.34;588.65
303.86;283.32;-20.54;587.18
302.64;285.25;-17.39;587.89
303.77;283.29;-20.48;587.06
304.46;283.39;-21.07;587.86
303.18;282.91;-20.27;586.08
304.10;285.08;-19.02;589.18
303.52;283.15;-20.37;586.68
305.40;285.73;-19.67;591.13
301.88;284.04;-17.84;585.91
303.88;283.73;-20.15;587.61
303.54;283.13;-20.41;586.67
302.46;283.70;-18.76;586.16
301.65;284.30;-17.35;585.95
305.94;283.73;-22.21;589.67
306.51;283.28;-23.22;589.79
303.95;285.34;-18.61;589.29
303.69;283.06;-20.63;586.76
304.51;283.64;-20.87;588.14
306.54;284.39;-22.14;590.93
304.09;283.44;-20.65;587.54
303.07;284.74;-18.33;587.81
304.06;283.80;-20.26;587.86
304.84;285.95;-18.89;590.79
304.39;283.88;-20.52;588.27
303.89;288.32;-15.58;592.21
305.81;283.62;-22.18;589.43
303.36;284.56;-18.80;587.92
305.32;283.81;-21.51;589.14
303.68;283.68;-19.99;587.36
302.45;284.72;-17.73;587.18
305.22;284.34;-20.88;589.56
307.14;283.65;-23.49;590.79
303.72;283.95;-19.77;587.68
305.48;284.49;-20.99;589.98
304.56;282.96;-21.61;587.52
305.04;283.81;-21.23;588.85
304.50;284.31;-20.19;588.81
302.36;285.06;-17.31;587.42
302.95;284.04;-18.91;586.99
305.03;283.79;-21.24;588.82
305.92;283.85;-22.08;589.77
302.86;283.03;-19.83;585.89
303.96;285.82;-18.14;589.79
305.21;283.31;-21.90;588.52
304.32;284.04;-20.28;588.36
306.71;283.19;-23.52;589.91
304.97;284.04;-20.93;589.01
303.70;286.09;-17.61;589.79
304.25;284.59;-19.65;588.84
303.06;284.31;-18.75;587.37
302.58;282.55;-20.02;585.13
304.72;283.48;-21.25;588.20
304.55;284.14;-20.41;588.69
303.07;284.29;-18.78;587.36
302.74;289.49;-13.24;592.23
304.43;283.23;-21.20;587.66
304.06;285.41;-18.66;589.47
303.14;284.82;-18.32;587.96
303.87;283.72;-20.15;587.59
303.54;283.29;-20.24;586.83
304.28;284.05;-20.23;588.32
304.19;284.50;-19.69;588.69
303.89;288.19;-15.70;592.08
304.64;283.66;-20.98;588.29
304.33;284.19;-20.14;588.52
303.92;286.35;-17.57;590.26
305.88;283.75;-22.12;589.63
303.43;284.59;-18.84;588.02
304.49;284.26;-20.22;588.75
305.05;285.15;-19.90;590.21
304.46;289.26;-15.21;593.72
303.48;283.57;-19.91;587.05
304.32;284.15;-20.17;588.46
303.36;284.88;-18.48;588.25
304.13;284.93;-19.20;589.06
306.96;284.61;-22.35;591.58
304.42;284.09;-20.32;588.51
305.15;283.89;-21.25;589.04
306.01;285.53;-20.48;591.54
304.68;284.52;-20.16;589.20
305.36;283.91;-21.45;589.27
302.64;283.71;-18.94;586.35
305.44;284.56;-20.87;590.00
304.19;282.96;-21.23;587.16
305.88;284.86;-21.02;590.75
304.52;283.75;-20.77;588.26
303.42;283.46;-19.95;586.88
302.96;285.88;-17.08;588.85
301.79;283.65;-18.14;585.45
305.90;284.16;-21.74;590.06
303.48;284.96;-18.52;588.44
304.18;285.60;-18.58;589.78
307.05;283.31;-23.74;590.35
304.66;283.70;-20.96;588.36
304.14;284.98;-19.16;589.11
305.84;283.78;-22.06;589.62
303.71;283.38;-20.32;587.09
302.34;283.48;-18.85;585.82
303.18;286.42;-16.76;589.60
304.14;284.99;-19.14;589.13
303.31;284.71;-18.60;588.01
304.39;283.55;-20.84;587.94
305.07;284.60;-20.47;589.67
303.98;283.69;-20.29;587.68
304.34;283.42;-20.92;587.75
303.90;283.76;-20.14;587.66
302.81;284.03;-18.78;586.84
303.70;283.66;-20.04;587.36
304.24;284.16;-20.08;588.41
305.94;283.57;-22.37;589.51
304.38;284.31;-20.07;588.68
305.11;283.35;-21.76;588.46
303.05;283.91;-19.14;586.95
303.51;283.38;-20.14;586.89
302.75;283.86;-18.89;586.61
305.51;283.51;-22.00;589.02
304.04;288.90;-15.14;592.94
303.78;283.79;-19.99;587.56
302.79;287.80;-14.99;590.59
303.81;285.29;-18.52;589.11
303.13;288.85;-14.28;591.98
303.70;285.40;-18.30;589.10
303.66;284.41;-19.25;588.08
304.62;285.14;-19.48;589.76
303.36;283.21;-20.15;586.56
302.94;283.82;-19.12;586.76
301.84;284.75;-17.08;586.59
302.37;283.86;-18.51;586.24
303.67;283.37;-20.30;587.04
304.25;284.10;-20.15;588.35
305.35;284.28;-21.08;589.63
305.01;284.00;-21.01;589.01
304.89;283.59;-21.30;588.48
303.32;283.88;-19.44;587.19
303.14;284.29;-18.84;587.43
302.39;283.80;-18.59;586.19
303.38;283.26;-20.12;586.64
304.25;283.90;-20.35;588.15
301.71;283.33;-18.38;585.04
302.90;283.78;-19.12;586.68
304.64;284.38;-20.26;589.01
302.12;283.95;-18.17;586.08
304.90;284.54;-20.36;589.44
302.62;283.85;-18.78;586.47
303.30;284.15;-19.15;587.45
304.15;283.74;-20.41;587.89
304.55;284.26;-20.29;588.82
302.29;284.94;-17.35;587.24
304.19;283.98;-20.22;588.17
306.86;283.64;-23.22;590.51
304.74;284.13;-20.61;588.87
303.39;284.53;-18.86;587.92
302.78;285.64;-17.14;588.42
301.72;283.59;-18.12;585.31
302.32;284.28;-18.04;586.59
303.25;284.18;-19.06;587.43
306.10;284.90;-21.20;591.00
303.41;283.45;-19.95;586.86
304.24;283.91;-20.33;588.14
306.18;284.29;-21.89;590.47
302.54;283.72;-18.82;586.25
304.59;282.98;-21.61;587.56
305.43;283.98;-21.45;589.41
306.00;284.39;-21.61;590.39
305.38;284.85;-20.54;590.23
303.12;283.04;-20.09;586.16
303.96;283.63;-20.33;587.59
304.72;285.77;-18.95;590.49
303.37;283.28;-20.09;586.65
303.08;283.97;-19.11;587.05
307.04;283.54;-23.51;590.58
304.57;284.06;-20.51;588.64
305.67;285.14;-20.53;590.81
305.83;284.07;-21.76;589.90
306.76;283.06;-23.71;589.82
304.37;283.70;-20.67;588.07
305.15;283.22;-21.93;588.36
302.91;284.06;-18.85;586.97
301.69;283.61;-18.09;585.30
304.57;284.31;-20.26;588.88
305.20;283.36;-21.84;588.56
303.24;285.44;-17.79;588.68
303.95;283.85;-20.10;587.79
301.69;284.29;-17.40;585.99
305.49;282.19;-23.30;587.69
306.42;284.42;-22.00;590.85
304.25;283.64;-20.61;587.89
306.15;284.58;-21.57;590.72
303.78;282.61;-21.17;586.38
303.25;288.85;-14.41;592.10
304.03;283.23;-20.80;587.26
304.60;282.74;-21.86;587.34
305.88;283.59;-22.29;589.48
304.41;282.92;-21.49;587.33
304.03;283.33;-20.70;587.36
305.07;284.25;-20.82;589.32
303.68;288.60;-15.08;592.28
303.22;284.27;-18.95;587.49
303.96;283.86;-20.11;587.82
304.69;283.86;-20.83;588.56
301.48;282.53;-18.95;584.01
304.52;283.26;-21.26;587.78
302.07;283.08;-18.99;585.15
302.74;284.89;-17.85;587.62
302.42;288.72;-13.70;591.15
304.41;284.26;-20.15;588.67
303.92;283.58;-20.34;587.50
301.38;284.19;-17.18;585.57
306.93;284.91;-22.02;591.84
303.08;282.70;-20.38;585.78
303.48;284.92;-18.56;588.39
303.51;284.25;-19.26;587.75
305.11;283.41;-21.71;588.52
304.49;282.79;-21.69;587.28
303.65;283.49;-20.16;587.14
304.34;284.24;-20.09;588.58
305.42;284.94;-20.48;590.36
305.02;285.32;-19.70;590.34
303.31;283.68;-19.63;586.98
302.74;284.20;-18.54;586.94
305.31;283.49;-21.82;588.79
305.85;282.74;-23.12;588.59
303.53;283.42;-20.11;586.95
304.16;283.98;-20.19;588.14
306.19;284.02;-22.18;590.21
301.24;285.40;-15.84;586.64
306.39;283.14;-23.25;589.52
304.11;284.92;-19.19;589.04
304.63;284.41;-20.22;589.04
303.81;289.86;-13.95;593.66
303.12;284.61;-18.51;587.72
304.98;286.21;-18.78;591.19
306.74;283.84;-22.90;590.57
303.35;284.36;-18.99;587.72
302.89;286.12;-16.78;589.01
302.02;284.05;-17.96;586.07
302.89;284.31;-18.58;587.20
303.70;284.84;-18.86;588.54
305.45;284.65;-20.80;590.09
302.25;284.10;-18.15;586.35
304.94;287.89;-17.05;592.84
303.87;285.08;-18.79;588.95
302.27;284.88;-17.39;587.15
304.11;283.96;-20.14;588.07
303.05;284.89;-18.16;587.94
304.11;285.34;-18.77;589.44
304.92;283.51;-21.42;588.43
303.33;284.25;-19.08;587.58
303.55;285.11;-18.44;588.66
304.09;284.09;-20.00;588.19
303.89;283.96;-19.92;587.85
304.70;284.29;-20.41;588.99
303.61;284.59;-19.02;588.20
303.12;284.32;-18.79;587.44
302.06;284.01;-18.06;586.07
301.66;284.45;-17.21;586.11
305.32;283.65;-21.68;588.97
302.11;285.76;-16.35;587.86
304.36;284.11;-20.26;588.47
306.43;284.72;-21.71;591.15
302.47;285.33;-17.14;587.80
303.62;283.62;-19.99;587.24
303.99;283.99;-20.00;587.99
304.75;284.61;-20.15;589.36
305.75;285.32;-20.42;591.07
303.29;284.54;-18.76;587.83
304.13;285.06;-19.06;589.19
306.05;283.99;-22.06;590.04
305.43;282.44;-22.99;587.86
301.46;284.30;-17.16;585.76
305.55;285.42;-20.13;590.96
304.94;284.06;-20.88;589.01
305.89;283.79;-22.10;589.69
303.35;283.62;-19.72;586.97
301.33;285.46;-15.87;586.79
301.91;284.97;-16.94;586.88
304.05;284.21;-19.84;588.26
305.88;284.88;-21.00;590.75
301.22;284.34;-16.88;585.55
303.35;283.42;-19.93;586.78
304.52;282.84;-21.69;587.36
303.71;283.84;-19.88;587.55
301.59;284.22;-17.36;585.81
305.08;285.18;-19.90;590.26
306.18;284.02;-22.15;590.20
303.85;283.61;-20.25;587.46
304.61;284.41;-20.21;589.02
305.20;284.48;-20.72;589.68
306.03;284.06;-21.97;590.09
304.91;283.71;-21.20;588.61
304.46;283.52;-20.94;587.98
304.88;284.25;-20.63;589.14
304.54;285.65;-18.89;590.19
303.56;284.47;-19.09;588.03
304.22;285.18;-19.05;589.40
304.82;283.74;-21.09;588.56
302.27;285.36;-16.91;587.64
303.21;284.34;-18.86;587.55
305.36;283.31;-22.05;588.66
304.68;284.16;-20.52;588.84
302.39;283.42;-18.97;585.82
306.26;284.24;-22.02;590.50
303.84;283.54;-20.30;587.38
303.35;284.14;-19.22;587.49
302.05;284.21;-17.85;586.26
302.62;283.88;-18.74;586.51
304.86;284.64;-20.22;589.50
304.23;284.16;-20.06;588.39
303.18;284.11;-19.07;587.28
302.50;283.72;-18.78;586.22
303.19;285.68;-17.52;588.87
305.43;283.79;-21.64;589.22
304.79;284.04;-20.75;588.84
302.44;284.98;-17.46;587.42
305.22;284.51;-20.71;589.74
303.89;283.74;-20.15;587.63
304.75;282.74;-22.01;587.48
303.74;283.55;-20.18;587.29
304.35;282.93;-21.42;587.28
305.06;282.91;-22.15;587.96
302.88;283.63;-19.25;586.51
303.46;285.57;-17.89;589.04
304.98;283.18;-21.79;588.16
303.70;283.66;-20.04;587.36
305.84;284.17;-21.66;590.01
303.42;283.32;-20.10;586.75
302.98;284.18;-18.80;587.15
304.91;283.66;-21.25;588.58
301.36;283.76;-17.61;585.12
303.42;285.08;-18.34;588.50
303.18;284.41;-18.76;587.59
303.88;283.93;-19.95;587.81
304.79;284.04;-20.75;588.83
302.33;282.38;-19.95;584.71
304.68;284.40;-20.28;589.08
305.19;283.16;-22.02;588.35
302.73;284.54;-18.19;587.27
305.55;283.38;-22.18;588.93
304.99;282.71;-22.29;587.70
303.75;286.66;-17.09;590.41
305.70;284.15;-21.55;589.85
305.35;284.26;-21.09;589.61
304.42;283.95;-20.47;588.38
306.82;284.65;-22.16;591.47
304.20;283.89;-20.31;588.09
304.89;284.42;-20.47;589.31
304.31;282.65;-21.66;586.95
303.67;283.39;-20.28;587.06
304.31;283.22;-21.09;587.52
305.36;283.09;-22.28;588.45
303.88;284.94;-18.94;588.81
304.58;283.38;-21.21;587.96
304.17;283.90;-20.27;588.07
303.04;283.98;-19.06;587.02
305.71;284.69;-21.02;590.41
306.45;283.19;-23.26;589.64
304.21;284.08;-20.12;588.29
304.85;284.39;-20.46;589.24
304.67;283.52;-21.15;588.19
303.19;286.14;-17.05;589.34
306.98;283.72;-23.26;590.71
303.00;282.95;-20.05;585.95
305.33;283.52;-21.81;588.85
303.08;284.28;-18.80;587.36
306.13;283.90;-22.23;590.03
303.08;284.52;-18.56;587.59
303.66;288.13;-15.53;591.79
302.96;282.99;-19.96;585.95
302.08;283.33;-18.75;585.41
302.98;283.70;-19.28;586.68
304.74;283.42;-21.32;588.16
306.59;288.04;-18.55;594.64
305.31;283.53;-21.78;588.84
303.85;284.04;-19.81;587.89
303.77;282.30;-21.47;586.07
306.26;283.15;-23.12;589.41
303.81;283.77;-20.04;587.58
302.86;283.81;-19.05;586.66
305.61;288.74;-16.87;594.35
304.41;283.06;-21.35;587.48
303.87;284.02;-19.85;587.89
302.88;283.74;-19.14;586.62
302.11;286.81;-15.29;588.92
305.82;283.90;-21.92;589.72
304.91;283.39;-21.52;588.30
301.49;285.69;-15.79;587.18
305.31;285.12;-20.18;590.43
304.29;284.07;-20.22;588.36
303.87;283.30;-20.57;587.17
304.94;282.99;-21.95;587.92
305.78;283.76;-22.02;589.54
304.61;284.59;-20.02;589.20
306.42;284.11;-22.31;590.52
303.56;283.24;-20.33;586.80
306.47;285.25;-21.22;591.72
305.04;283.71;-21.34;588.75
304.39;282.73;-21.66;587.12
305.56;283.48;-22.08;589.04
304.57;284.14;-20.43;588.71
305.19;282.94;-22.25;588.14
304.75;283.79;-20.96;588.54
302.33;284.72;-17.61;587.05
302.91;284.34;-18.57;587.25
305.24;283.43;-21.81;588.67
304.76;283.96;-20.79;588.72
305.43;283.20;-22.23;588.63
306.34;284.09;-22.24;590.43
305.12;283.57;-21.55;588.69
304.91;282.95;-21.96;587.86
303.73;283.44;-20.29;587.17
301.26;284.24;-17.03;585.50
304.00;283.66;-20.34;587.66
304.54;283.99;-20.55;588.53
305.82;285.10;-20.72;590.92
302.28;284.43;-17.85;586.71
305.40;284.00;-21.40;589.40
302.03;283.37;-18.66;585.40
304.14;288.90;-15.24;593.04
303.59;283.76;-19.83;587.35
304.64;283.96;-20.68;588.59
305.69;283.63;-22.06;589.32
303.48;284.68;-18.80;588.16
304.46;284.19;-20.27;588.66
302.05;283.05;-19.01;585.10
304.28;283.75;-20.53;588.02
304.86;283.46;-21.40;588.33
305.91;283.74;-22.18;589.65
302.09;288.31;-13.78;590.41
306.40;284.45;-21.95;590.85
304.11;285.00;-19.11;589.11
304.92;285.78;-19.15;590.70
305.46;283.54;-21.92;589.01
304.27;284.19;-20.08;588.46
303.71;283.40;-20.31;587.11
302.85;289.00;-13.85;591.85
305.61;283.68;-21.92;589.29
302.85;283.21;-19.64;586.06
305.17;283.12;-22.05;588.29
304.66;283.91;-20.75;588.58
305.40;283.58;-21.82;588.98
306.38;284.26;-22.12;590.64
304.01;283.54;-20.47;587.54
302.78;283.58;-19.21;586.36
304.30;284.64;-19.66;588.94
304.15;284.04;-20.11;588.19
303.81;283.34;-20.46;587.15
304.82;282.90;-21.92;587.72
305.65;284.68;-20.98;590.33
304.53;284.00;-20.53;588.53
305.35;282.89;-22.46;588.25
304.45;282.59;-21.86;587.04
305.11;283.35;-21.76;588.45
305.96;282.74;-23.22;588.70
303.52;283.65;-19.87;587.18
304.45;283.42;-21.04;587.87
304.37;283.29;-21.08;587.66
305.31;283.99;-21.31;589.30
305.02;283.27;-21.75;588.29
303.39;284.31;-19.09;587.70
302.18;283.14;-19.04;585.32
306.30;282.72;-23.58;589.02
305.79;283.52;-22.27;589.32
304.57;283.52;-21.05;588.09
305.12;284.82;-20.31;589.94
307.21;285.80;-21.41;593.01
303.37;283.29;-20.08;586.66
304.57;284.16;-20.41;588.73
305.18;284.75;-20.43;589.94
302.67;283.96;-18.71;586.63
304.94;283.53;-21.41;588.46
306.57;284.21;-22.36;590.78
304.31;283.31;-21.00;587.62
302.98;284.18;-18.80;587.15
306.88;283.51;-23.36;590.39
304.72;284.21;-20.52;588.93
302.24;283.32;-18.92;585.56
304.60;284.12;-20.48;588.72
305.44;283.58;-21.86;589.01
304.71;283.94;-20.77;588.64
305.68;284.87;-20.81;590.55
303.29;284.50;-18.79;587.79
304.18;284.22;-19.96;588.40
304.82;283.06;-21.75;587.88
303.96;283.76;-20.21;587.72
304.94;285.78;-19.16;590.71
303.34;284.25;-19.09;587.59
303.20;283.18;-20.02;586.38
306.02;285.69;-20.32;591.71
304.96;284.91;-20.05;589.88
310.72;284.01;-26.72;594.73
302.96;284.80;-18.16;587.76
306.01;283.74;-22.27;589.74
303.56;283.21;-20.35;586.78
302.52;283.78;-18.74;586.29
305.19;284.42;-20.77;589.62
304.26;284.02;-20.24;588.28
304.99;283.54;-21.45;588.53
305.93;285.57;-20.36;591.50
305.17;284.44;-20.73;589.61
307.36;285.98;-21.38;593.34
306.00;283.38;-22.62;589.38
305.63;284.28;-21.35;589.91
302.22;287.67;-14.55;589.89
303.00;286.26;-16.74;589.26
303.75;283.47;-20.28;587.22
306.78;288.79;-17.99;595.57
302.28;283.31;-18.96;585.59
305.16;285.21;-19.95;590.37
303.71;283.58;-20.14;587.29
304.52;284.11;-20.42;588.63
303.65;283.54;-20.11;587.19
306.34;283.10;-23.24;589.44
305.21;283.84;-21.38;589.05
304.66;282.79;-21.86;587.45
302.58;283.70;-18.88;586.28
301.45;283.32;-18.14;584.77
307.43;285.35;-22.08;592.78
303.08;285.03;-18.05;588.11
303.86;283.99;-19.86;587.85
306.91;283.49;-23.41;590.40
306.02;283.62;-22.39;589.64
305.27;285.49;-19.78;590.76
304.17;284.25;-19.92;588.42
303.89;283.79;-20.10;587.69
306.85;287.58;-19.27;594.42
302.54;283.90;-18.64;586.44
302.95;283.21;-19.74;586.15
302.14;283.82;-18.32;585.95
303.88;282.91;-20.97;586.79
303.64;282.62;-21.02;586.26
303.28;283.22;-20.05;586.50
305.48;284.04;-21.44;589.51
305.03;284.12;-20.91;589.15
302.72;285.45;-17.27;588.16
306.12;284.91;-21.21;591.03
305.77;284.34;-21.44;590.11
306.48;284.39;-22.09;590.88
304.18;283.94;-20.25;588.12
301.57;283.52;-18.05;585.09
307.52;284.42;-23.11;591.94
305.32;284.43;-20.89;589.75
304.11;282.85;-21.25;586.96
304.81;283.64;-21.17;588.44
304.28;284.24;-20.04;588.51
304.89;283.25;-21.64;588.15
302.66;283.91;-18.75;586.58
305.00;283.58;-21.42;588.58
302.49;284.07;-18.42;586.56
305.02;283.47;-21.55;588.49
302.70;285.38;-17.32;588.08
303.78;284.72;-19.06;588.49
303.47;282.91;-20.56;586.38
303.86;283.52;-20.34;587.39
303.15;283.01;-20.14;586.16
305.12;283.59;-21.53;588.71
303.12;284.44;-18.68;587.55
303.55;285.04;-18.52;588.59
304.77;286.39;-18.38;591.16
305.36;283.29;-22.07;588.65
304.78;284.25;-20.54;589.03
304.17;283.87;-20.30;588.04
303.42;283.22;-20.21;586.64
304.09;283.94;-20.16;588.03
304.91;282.91;-21.99;587.82
302.33;283.77;-18.56;586.10
306.46;283.24;-23.22;589.69
306.31;283.83;-22.48;590.14
304.82;283.19;-21.64;588.01
302.62;283.85;-18.78;586.47
302.43;283.14;-19.29;585.57
302.41;283.94;-18.48;586.35
304.86;284.74;-20.12;589.60
302.52;284.87;-17.65;587.39
309.66;284.54;-25.12;594.20
305.47;283.83;-21.64;589.30
305.14;283.80;-21.34;588.94
305.52;285.55;-19.97;591.06
303.44;283.01;-20.42;586.45
304.06;283.85;-20.21;587.91
305.96;287.41;-18.55;593.36
302.16;283.72;-18.45;585.88
303.11;285.21;-17.89;588.32
303.86;283.65;-20.22;587.51
305.71;283.58;-22.14;589.29
303.27;283.44;-19.84;586.71
302.73;283.97;-18.76;586.70
302.49;284.69;-17.81;587.18
304.28;284.09;-20.19;588.36
301.78;286.04;-15.74;587.82
304.68;284.61;-20.07;589.29
304.60;284.38;-20.22;588.98
303.75;283.62;-20.13;587.36
304.75;284.22;-20.53;588.96
305.59;283.76;-21.83;589.35
303.63;283.11;-20.52;586.74
304.15;284.14;-20.01;588.29
304.46;284.50;-19.96;588.96
302.29;283.78;-18.52;586.07
304.58;285.62;-18.96;590.20
303.00;283.92;-19.08;586.92
302.95;284.14;-18.81;587.08
305.64;284.73;-20.91;590.37
304.44;284.39;-20.04;588.83
302.04;283.78;-18.26;585.81
302.96;284.56;-18.41;587.52
302.32;285.09;-17.23;587.41
304.47;283.10;-21.37;587.57
304.01;283.63;-20.38;587.64
304.79;283.69;-21.10;588.49
303.44;284.29;-19.15;587.74
304.50;285.20;-19.30;589.70
303.73;285.01;-18.72;588.74
305.64;288.99;-16.65;594.62
303.42;283.55;-19.87;586.96
303.06;284.20;-18.86;587.26
305.24;283.34;-21.90;588.58
302.52;284.15;-18.36;586.67
304.28;284.36;-19.92;588.65
306.05;283.02;-23.03;589.08
303.92;284.91;-19.01;588.84
306.03;284.24;-21.79;590.27
304.39;284.79;-19.60;589.18
304.25;284.24;-20.02;588.49
302.06;283.49;-18.57;585.55
304.71;285.72;-18.98;590.43
304.99;283.45;-21.55;588.44
304.28;285.62;-18.66;589.90
303.59;283.63;-19.96;587.22
304.52;285.54;-18.98;590.06
305.18;283.31;-21.87;588.49
303.23;284.23;-19.00;587.46
305.35;283.78;-21.57;589.14
301.55;283.85;-17.69;585.40
303.65;284.56;-19.09;588.21
305.18;284.33;-20.85;589.51
304.06;285.07;-18.99;589.13
304.89;284.17;-20.72;589.06
302.50;285.60;-16.90;588.10
304.86;284.74;-20.13;589.60
304.19;284.13;-20.06;588.32
305.10;284.20;-20.90;589.30
304.17;282.62;-21.55;586.79
303.29;284.76;-18.53;588.06
305.60;284.06;-21.54;589.66
301.86;284.44;-17.42;586.30
304.04;283.81;-20.23;587.85
306.89;284.67;-22.22;591.56
305.45;284.24;-21.21;589.69
302.08;283.19;-18.89;585.28
305.96;285.37;-20.59;591.33
306.61;284.55;-22.05;591.16
302.18;284.11;-18.07;586.29
302.97;284.81;-18.16;587.78
304.09;283.80;-20.29;587.89
304.98;284.67;-20.31;589.65
305.55;283.52;-22.04;589.07
305.16;284.23;-20.94;589.39
304.41;285.07;-19.34;589.48
303.62;285.07;-18.55;588.69
304.58;284.21;-20.38;588.79
305.34;284.75;-20.59;590.09
302.73;283.89;-18.84;586.62
306.39;283.62;-22.78;590.01
302.39;284.50;-17.89;586.89
305.22;286.77;-18.45;591.99
304.46;282.89;-21.57;587.36
302.75;284.82;-17.94;587.57
302.75;284.46;-18.29;587.21
305.49;284.73;-20.76;590.22
304.47;284.48;-19.99;588.95
304.15;283.82;-20.32;587.97
301.47;285.02;-16.45;586.49
304.56;283.68;-20.88;588.24
303.48;284.48;-19.00;587.96
304.26;283.92;-20.34;588.18
303.06;284.81;-18.26;587.87
304.04;284.10;-19.94;588.14
303.49;286.50;-16.99;589.99
305.87;285.50;-20.37;591.37
305.38;283.18;-22.21;588.56
302.82;284.41;-18.41;587.22
304.05;283.83;-20.22;587.88
303.60;284.48;-19.12;588.08
305.11;284.74;-20.37;589.84
304.45;282.95;-21.50;587.39
303.84;283.76;-20.08;587.61
304.98;283.88;-21.10;588.86
305.57;284.73;-20.84;590.30
304.62;290.97;-13.65;595.59
304.22;283.78;-20.44;587.99
302.85;284.12;-18.74;586.97
308.80;290.31;-18.49;599.11
304.55;284.50;-20.05;589.05
304.21;283.90;-20.31;588.11
302.88;284.96;-17.92;587.85
304.56;285.59;-18.97;590.16
303.33;286.26;-17.07;589.59
303.00;283.88;-19.12;586.88
303.78;284.59;-19.19;588.38
303.73;284.46;-19.27;588.19
304.59;286.09;-18.50;590.68
303.90;285.26;-18.64;589.16
304.61;284.56;-20.05;589.16
302.65;283.85;-18.80;586.49
303.52;284.34;-19.18;587.86
305.37;283.59;-21.78;588.96
303.82;283.81;-20.01;587.64
303.72;286.88;-16.85;590.60
301.41;283.07;-18.34;584.48
302.94;283.91;-19.04;586.85
303.05;284.10;-18.95;587.15
305.59;284.90;-20.69;590.49
306.49;283.17;-23.32;589.66
304.36;283.85;-20.52;588.21
304.96;284.08;-20.88;589.04
304.02;283.55;-20.47;587.56
304.53;283.01;-21.52;587.54
303.84;283.90;-19.94;587.74
304.90;282.93;-21.97;587.83
303.84;285.81;-18.04;589.65
305.54;283.20;-22.34;588.74
305.53;284.04;-21.49;589.56
303.16;284.58;-18.58;587.75
306.20;282.63;-23.57;588.83
303.78;284.74;-19.04;588.51
309.04;284.09;-24.95;593.14
302.18;283.19;-18.98;585.37
302.84;282.60;-20.24;585.44
304.90;283.51;-21.39;588.41
301.37;283.94;-17.44;585.31
303.25;284.81;-18.45;588.06
304.04;283.96;-20.08;588.00
304.63;284.69;-19.94;589.32
307.48;283.31;-24.18;590.79
303.31;284.26;-19.04;587.57
304.19;283.83;-20.36;588.02
303.31;283.23;-20.08;586.54
305.35;284.13;-21.22;589.48
305.14;284.71;-20.43;589.85
304.00;284.39;-19.61;588.39
303.83;286.35;-17.48;590.18
305.87;284.58;-21.29;590.45
303.61;285.06;-18.55;588.68
303.15;284.18;-18.97;587.34
303.82;283.94;-19.89;587.76
304.75;284.41;-20.34;589.15
305.68;284.64;-21.04;590.32
304.62;284.24;-20.38;588.85
302.76;283.81;-18.95;586.57
302.58;283.76;-18.81;586.34
302.34;284.51;-17.84;586.85
305.12;282.78;-22.34;587.91
305.05;284.89;-20.16;589.94
305.77;284.18;-21.59;589.95
302.11;284.51;-17.61;586.62
302.98;285.07;-17.91;588.05
303.55;285.33;-18.22;588.88
304.70;283.91;-20.79;588.61
303.25;284.49;-18.76;587.74
304.13;284.01;-20.12;588.14
301.91;283.81;-18.10;585.71
302.59;284.45;-18.14;587.04
303.78;284.74;-19.04;588.51
302.99;285.47;-17.52;588.46
302.09;283.37;-18.72;585.46
302.74;284.07;-18.67;586.81
303.76;286.56;-17.19;590.32
304.17;284.22;-19.95;588.39
303.91;283.93;-19.98;587.84
303.04;284.15;-18.89;587.19
302.05;283.61;-18.44;585.66
306.27;284.24;-22.04;590.51
303.82;283.65;-20.16;587.47
304.34;284.34;-19.99;588.68
305.66;284.51;-21.15;590.18
306.09;285.70;-20.39;591.79
302.71;283.46;-19.24;586.17
304.42;284.16;-20.26;588.58
305.48;285.10;-20.38;590.58
306.19;285.15;-21.04;591.35
305.02;283.98;-21.05;589.00
306.76;284.21;-22.55;590.97
303.25;284.22;-19.02;587.47
302.88;283.82;-19.06;586.71
304.83;283.46;-21.37;588.29
302.28;284.09;-18.18;586.37
305.09;284.47;-20.62;589.56
305.90;284.28;-21.62;590.18
303.56;284.75;-18.82;588.31
303.48;284.54;-18.94;588.02
305.41;284.54;-20.87;589.95
303.00;283.14;-19.86;586.14
304.11;283.86;-20.25;587.96
304.96;284.51;-20.45;589.47
302.62;285.69;-16.93;588.32
306.41;284.55;-21.86;590.95
304.38;283.87;-20.51;588.25
303.92;284.77;-19.15;588.69
304.67;283.51;-21.16;588.18
304.63;284.43;-20.20;589.06
305.25;284.04;-21.21;589.28
301.94;284.42;-17.52;586.36
304.71;285.16;-19.55;589.87
303.16;284.58;-18.58;587.74
305.64;286.78;-18.86;592.42
303.11;290.84;-12.27;593.95
304.19;289.28;-14.91;593.48
303.25;284.66;-18.59;587.91
303.47;288.86;-14.61;592.34
304.92;284.56;-20.36;589.48
302.89;286.02;-16.87;588.92
303.76;283.74;-20.02;587.49
304.54;283.99;-20.55;588.52
304.54;283.74;-20.80;588.27
303.26;284.39;-18.87;587.66
304.22;283.81;-20.41;588.03
301.77;284.62;-17.15;586.39
303.52;283.74;-19.78;587.25
306.59;285.90;-20.69;592.49
303.22;283.89;-19.34;587.11
304.01;284.49;-19.52;588.49
303.90;284.01;-19.89;587.91
303.72;284.88;-18.84;588.59
302.66;284.55;-18.11;587.21
300.44;283.80;-16.64;584.24
301.99;284.32;-17.66;586.31
302.23;285.38;-16.85;587.61
301.71;284.78;-16.93;586.48
302.40;284.80;-17.60;587.20
303.48;286.34;-17.14;589.81
305.64;283.88;-21.75;589.52
304.86;284.35;-20.51;589.21
305.09;284.99;-20.09;590.08
302.48;284.87;-17.61;587.35
304.14;284.01;-20.12;588.15
308.66;284.52;-24.14;593.19
305.96;285.08;-20.89;591.04
304.91;283.61;-21.30;588.51
304.67;284.22;-20.45;588.89
305.26;285.17;-20.09;590.44
302.69;286.24;-16.45;588.92
302.66;284.96;-17.69;587.62
304.59;284.41;-20.19;589.00
302.32;284.55;-17.77;586.86
302.98;286.42;-16.56;589.40
303.64;283.67;-19.97;587.31
305.52;284.16;-21.36;589.68
303.32;284.48;-18.84;587.80
302.68;284.18;-18.50;586.86
303.91;285.14;-18.77;589.04
304.46;284.49;-19.96;588.95
304.28;285.03;-19.25;589.31
305.79;284.22;-21.56;590.01
304.03;283.65;-20.38;587.68
304.86;284.46;-20.40;589.33
305.47;284.11;-21.36;589.58
304.46;284.39;-20.07;588.86
305.32;283.76;-21.55;589.08
303.65;284.75;-18.90;588.39
303.66;284.67;-18.99;588.34
303.22;284.36;-18.86;587.58
305.28;283.98;-21.29;589.26
303.25;284.84;-18.41;588.09
303.66;284.91;-18.76;588.57
304.77;287.69;-17.08;592.46
301.98;285.22;-16.76;587.21
302.88;287.98;-14.90;590.86
303.62;284.82;-18.80;588.44
304.59;284.35;-20.24;588.94
303.99;283.67;-20.32;587.66
304.96;284.42;-20.55;589.38
305.34;284.78;-20.55;590.12
306.65;283.23;-23.42;589.88
303.91;285.06;-18.84;588.97
304.94;283.96;-20.98;588.90
303.50;285.41;-18.09;588.91
304.51;284.25;-20.25;588.76
301.94;283.71;-18.23;585.64
304.52;284.48;-20.05;589.00
302.17;284.62;-17.55;586.79
305.39;284.35;-21.04;589.75
305.21;283.87;-21.34;589.08
302.54;283.58;-18.96;586.11
304.16;284.28;-19.88;588.44
303.92;285.16;-18.76;589.09
300.44;284.84;-15.59;585.28
304.29;284.17;-20.12;588.46
302.98;284.91;-18.06;587.89
304.16;283.96;-20.20;588.13
302.56;286.02;-16.54;588.58
306.69;284.01;-22.68;590.69
305.15;284.75;-20.40;589.91
303.85;284.96;-18.89;588.81
305.59;283.23;-22.36;588.82
304.12;283.79;-20.33;587.91
304.65;284.00;-20.65;588.65
303.79;283.67;-20.12;587.46
304.34;283.15;-21.19;587.48
304.01;283.74;-20.27;587.75
304.75;283.95;-20.80;588.69
305.58;285.32;-20.26;590.90
303.08;284.32;-18.76;587.39
304.30;283.26;-21.04;587.56
303.93;284.27;-19.66;588.20
303.79;283.92;-19.88;587.71
305.63;283.16;-22.47;588.79
304.19;288.74;-15.46;592.93
303.35;284.29;-19.06;587.64
302.56;282.74;-19.82;585.29
305.08;283.06;-22.02;588.14
305.82;284.48;-21.34;590.30
305.64;283.21;-22.43;588.84
302.77;282.79;-19.98;585.56
305.06;283.59;-21.47;588.65
302.71;283.73;-18.98;586.44
305.36;284.43;-20.93;589.79
304.42;283.93;-20.49;588.35
306.87;283.04;-23.83;589.91
305.89;284.13;-21.76;590.02
304.59;284.64;-19.96;589.23
306.12;283.09;-23.03;589.21
303.95;283.86;-20.08;587.81
304.59;285.89;-18.69;590.48
304.66;283.45;-21.21;588.12
301.35;282.96;-18.39;584.31
303.01;283.71;-19.31;586.72
304.88;284.65;-20.23;589.52
302.35;284.95;-17.39;587.30
304.78;285.75;-19.04;590.53
303.98;283.91;-20.07;587.89
304.91;284.56;-20.35;589.46
304.69;283.61;-21.08;588.30
304.61;283.01;-21.60;587.62
305.54;283.42;-22.11;588.96
306.54;284.21;-22.33;590.74
302.61;284.01;-18.60;586.62
303.46;284.70;-18.76;588.16
305.78;283.63;-22.15;589.41
302.08;286.29;-15.78;588.37
307.57;284.24;-23.33;591.81
304.89;283.41;-21.48;588.31
305.89;284.35;-21.54;590.24
308.64;284.96;-23.68;593.61
303.06;284.22;-18.84;587.28
302.01;283.67;-18.34;585.68
307.29;284.05;-23.24;591.35
304.81;282.57;-22.24;587.38
303.69;283.41;-20.28;587.10
304.59;282.80;-21.79;587.39
305.23;283.22;-22.01;588.45
303.21;284.60;-18.61;587.81
305.25;284.00;-21.25;589.25
304.92;284.52;-20.40;589.45
306.03;285.65;-20.38;591.68
303.33;283.52;-19.81;586.85
302.52;283.89;-18.63;586.42
