321.06;300.00;-21.06;621.06
320.12;300.12;-19.99;620.24
318.52;298.21;-20.32;616.73
319.30;299.34;-19.96;618.64
320.06;302.25;-17.81;622.32
319.56;299.42;-20.14;618.98
320.51;300.00;-20.51;620.51
317.68;302.34;-15.35;620.02
318.19;299.07;-19.12;617.26
320.54;300.75;-19.79;621.29
320.61;298.87;-21.74;619.48
318.94;298.48;-20.45;617.42
319.73;298.52;-21.21;618.25
320.61;298.19;-22.42;618.80
319.86;298.49;-21.38;618.35
320.28;299.04;-21.25;619.32
319.41;300.49;-18.92;619.91
317.94;298.25;-19.68;616.19
320.59;299.66;-20.93;620.25
320.93;298.92;-22.01;619.85
319.23;299.04;-20.19;618.26
319.66;299.51;-20.15;619.17
319.75;300.84;-18.91;620.59
318.99;298.05;-20.94;617.05
319.40;300.88;-18.52;620.28
319.46;298.90;-20.56;618.36
319.89;299.72;-20.17;619.61
320.68;298.42;-22.25;619.10
319.33;296.86;-22.46;616.19
319.21;298.83;-20.38;618.04
321.38;298.95;-22.43;620.32
316.98;297.63;-19.35;614.61
319.99;301.99;-18.00;621.98
317.86;302.28;-15.58;620.15
320.80;298.58;-22.22;619.38
317.63;299.70;-17.93;617.33
316.81;298.11;-18.70;614.92
317.25;300.18;-17.07;617.44
318.56;299.91;-18.65;618.47
317.98;299.82;-18.16;617.79
319.94;297.85;-22.08;617.79
319.50;301.06;-18.44;620.56
317.53;298.81;-18.72;616.34
317.28;298.70;-18.58;615.98
320.55;297.88;-22.68;618.43
318.55;299.24;-19.31;617.78
315.74;297.22;-18.52;612.96
317.00;302.31;-14.69;619.31
317.89;299.29;-18.61;617.18
320.96;297.68;-23.29;618.64
320.15;299.29;-20.86;619.44
319.17;297.49;-21.68;616.66
321.66;301.62;-20.04;623.28
319.45;298.06;-21.39;617.51
318.64;299.75;-18.89;618.39
319.12;301.56;-17.56;620.69
319.68;300.73;-18.95;620.41
318.59;299.34;-19.26;617.93
320.34;298.23;-22.11;618.56
319.04;298.68;-20.36;617.72
317.34;299.27;-18.07;616.61
316.91;299.18;-17.73;616.08
318.57;299.63;-18.94;618.20
317.38;298.31;-19.06;615.69
317.99;299.16;-18.83;617.15
318.91;297.82;-21.09;616.73
319.94;298.96;-20.97;618.90
319.78;297.11;-22.67;616.88
316.84;298.52;-18.32;615.36
317.26;301.74;-15.52;619.01
319.26;296.84;-22.42;616.11
319.82;298.07;-21.75;617.89
318.96;301.63;-17.34;620.59
317.61;299.33;-18.28;616.94
316.46;300.54;-15.92;617.01
320.42;299.04;-21.38;619.46
319.02;299.78;-19.25;618.80
321.09;298.79;-22.29;619.88
318.29;298.05;-20.25;616.34
320.29;299.46;-20.83;619.75
319.42;298.09;-21.34;617.51
318.71;300.89;-17.81;619.60
316.08;300.42;-15.66;616.49
319.89;299.24;-20.65;619.14
317.04;299.74;-17.30;616.78
317.94;301.86;-16.07;619.80
315.47;297.94;-17.53;613.41
317.20;298.65;-18.55;615.85
320.53;298.48;-22.05;619.01
319.75;297.99;-21.75;617.74
320.08;301.15;-18.93;621.24
318.44;299.73;-18.71;618.16
319.00;299.66;-19.34;618.66
319.65;301.38;-18.26;621.03
319.42;298.32;-21.11;617.74
318.46;302.42;-16.05;620.88
319.45;298.46;-20.98;617.91
319.43;298.34;-21.09;617.77
316.27;301.85;-14.42;618.12
318.42;299.05;-19.38;617.47
319.02;298.12;-20.90;617.14
319.06;298.99;-20.07;618.06
317.98;297.32;-20.65;615.30
318.85;299.32;-19.53;618.18
318.82;300.22;-18.59;619.04
318.71;298.51;-20.19;617.22
316.92;298.96;-17.96;615.89
319.97;298.91;-21.06;618.88
316.76;297.70;-19.06;614.46
317.34;298.85;-18.49;616.18
319.92;299.23;-20.69;619.15
320.29;299.44;-20.85;619.72
318.14;297.86;-20.28;615.99
318.69;299.59;-19.09;618.28
320.31;298.91;-21.40;619.21
316.94;301.36;-15.57;618.30
320.54;298.16;-22.38;618.71
317.42;298.16;-19.26;615.58
317.17;299.35;-17.82;616.52
316.95;298.36;-18.59;615.32
320.24;300.88;-19.35;621.12
317.13;298.15;-18.98;615.28
319.38;298.54;-20.85;617.92
321.45;297.91;-23.54;619.36
317.07;298.12;-18.95;615.19
317.29;297.30;-19.99;614.59
321.35;300.64;-20.72;621.99
319.94;297.99;-21.95;617.93
318.81;300.74;-18.07;619.54
317.55;301.11;-16.44;618.66
318.51;298.43;-20.08;616.94
319.02;301.40;-17.62;620.42
319.26;298.78;-20.48;618.04
319.92;301.72;-18.21;621.64
319.44;298.91;-20.53;618.35
318.77;299.42;-19.35;618.19
318.58;301.54;-17.04;620.12
319.76;297.82;-21.94;617.58
322.58;301.38;-21.21;623.96
320.84;298.23;-22.61;619.06
318.12;298.00;-20.12;616.12
320.41;298.02;-22.38;618.43
318.74;298.01;-20.72;616.75
317.78;299.15;-18.63;616.94
321.32;299.13;-22.19;620.45
318.34;301.66;-16.67;620.00
317.00;297.81;-19.19;614.81
317.52;298.45;-19.08;615.97
320.20;301.02;-19.18;621.22
318.35;300.19;-18.15;618.54
319.25;299.90;-19.35;619.15
319.39;297.01;-22.38;616.39
319.66;297.91;-21.75;617.56
318.78;296.85;-21.93;615.62
320.49;297.93;-22.56;618.42
319.68;298.72;-20.95;618.40
316.92;297.80;-19.12;614.72
319.68;300.06;-19.62;619.75
319.41;298.75;-20.66;618.16
319.75;299.06;-20.69;618.81
317.82;299.69;-18.14;617.51
318.97;298.72;-20.25;617.69
320.27;298.78;-21.49;619.05
318.72;298.11;-20.61;616.82
318.99;298.25;-20.75;617.24
318.87;297.28;-21.59;616.15
321.21;298.41;-22.80;619.61
318.33;299.26;-19.07;617.59
318.94;297.17;-21.76;616.11
316.19;297.32;-18.88;613.51
319.08;297.61;-21.47;616.69
319.42;299.55;-19.88;618.97
317.44;298.26;-19.18;615.69
317.05;298.96;-18.09;616.02
318.38;299.18;-19.20;617.56
317.13;299.57;-17.56;616.70
318.09;296.76;-21.34;614.85
319.35;300.20;-19.15;619.55
316.48;300.20;-16.28;616.68
316.33;299.81;-16.52;616.14
318.16;298.29;-19.87;616.45
318.83;298.53;-20.30;617.36
320.55;302.56;-17.98;623.11
317.91;299.64;-18.28;617.55
319.97;298.81;-21.16;618.78
319.93;300.34;-19.59;620.27
318.76;298.72;-20.04;617.48
318.02;298.67;-19.35;616.69
319.66;299.45;-20.21;619.12
318.58;299.51;-19.08;618.09
321.06;298.68;-22.38;619.74
318.33;299.39;-18.94;617.72
316.74;297.97;-18.76;614.71
320.18;298.85;-21.32;619.03
319.24;302.12;-17.12;621.35
320.34;298.56;-21.78;618.91
318.56;299.32;-19.24;617.89
319.70;300.07;-19.63;619.77
316.21;298.50;-17.71;614.71
318.25;298.91;-19.35;617.16
321.42;297.91;-23.52;619.33
318.77;300.15;-18.62;618.92
318.18;297.39;-20.78;615.57
320.35;299.13;-21.22;619.48
320.11;297.85;-22.26;617.96
320.53;299.83;-20.70;620.36
318.29;299.92;-18.37;618.21
321.07;299.72;-21.35;620.79
316.72;297.98;-18.74;614.70
317.93;298.94;-18.99;616.86
319.75;298.11;-21.64;617.86
318.13;299.15;-18.98;617.28
319.64;299.37;-20.26;619.01
319.28;298.68;-20.60;617.95
320.78;299.00;-21.78;619.78
318.35;297.62;-20.73;615.98
318.23;300.21;-18.02;618.44
315.95;300.26;-15.69;616.21
318.81;300.97;-17.84;619.78
320.00;297.69;-22.31;617.69
316.81;296.14;-20.67;612.94
317.57;296.31;-21.26;613.88
319.33;298.49;-20.84;617.82
317.84;297.44;-20.40;615.27
316.84;297.90;-18.94;614.74
317.31;298.02;-19.29;615.33
319.42;299.85;-19.57;619.26
317.96;301.14;-16.83;619.10
317.47;297.84;-19.64;615.31
316.34;301.46;-14.88;617.80
317.40;297.56;-19.84;614.96
320.08;297.13;-22.95;617.21
318.08;298.26;-19.82;616.34
318.83;298.15;-20.68;616.98
317.69;298.28;-19.42;615.97
318.88;298.79;-20.08;617.67
316.89;299.30;-17.59;616.19
317.05;298.75;-18.30;615.81
319.46;298.69;-20.77;618.16
317.38;302.42;-14.96;619.81
318.76;297.31;-21.46;616.07
320.40;298.32;-22.08;618.72
319.75;300.16;-19.59;619.91
319.24;298.91;-20.34;618.15
319.45;298.46;-20.99;617.91
316.75;297.50;-19.25;614.25
317.85;298.52;-19.34;616.37
318.56;298.38;-20.18;616.95
319.83;301.21;-18.62;621.04
318.51;300.05;-18.46;618.56
318.11;299.42;-18.69;617.52
317.31;297.95;-19.35;615.26
320.42;300.06;-20.36;620.48
320.16;299.92;-20.24;620.09
321.35;299.20;-22.15;620.55
318.74;302.21;-16.53;620.94
318.99;298.84;-20.16;617.83
317.66;301.05;-16.62;618.71
319.86;298.47;-21.39;618.34
319.36;298.22;-21.15;617.58
321.74;299.49;-22.25;621.23
317.54;299.83;-17.71;617.36
317.67;302.13;-15.54;619.80
318.16;297.43;-20.74;615.59
318.82;297.76;-21.05;616.58
319.79;299.00;-20.79;618.79
318.70;299.49;-19.21;618.19
319.23;301.11;-18.12;620.34
319.77;299.04;-20.74;618.81
320.04;297.47;-22.56;617.51
317.67;299.16;-18.51;616.84
317.89;297.90;-19.99;615.79
318.80;296.90;-21.90;615.70
320.58;301.80;-18.78;622.38
317.13;298.94;-18.19;616.07
319.96;298.08;-21.89;618.04
319.97;298.59;-21.38;618.56
319.50;302.02;-17.48;621.52
319.64;297.81;-21.83;617.45
316.96;298.68;-18.28;615.64
319.88;302.25;-17.63;622.12
321.02;298.69;-22.33;619.71
320.32;297.97;-22.35;618.29
319.26;298.18;-21.08;617.44
320.63;298.71;-21.92;619.34
320.91;298.88;-22.02;619.79
318.78;301.47;-17.31;620.25
320.24;299.04;-21.20;619.28
316.71;298.36;-18.35;615.07
319.75;297.46;-22.28;617.21
319.88;298.43;-21.45;618.31
320.28;297.19;-23.09;617.47
321.09;300.02;-21.07;621.11
319.18;297.60;-21.58;616.78
319.83;300.54;-19.29;620.36
318.58;301.46;-17.12;620.05
315.95;298.21;-17.74;614.15
319.09;297.25;-21.84;616.34
318.25;299.44;-18.81;617.69
320.54;299.25;-21.28;619.79
317.46;297.09;-20.38;614.55
317.89;296.75;-21.14;614.64
320.35;297.80;-22.55;618.15
318.01;297.65;-20.35;615.66
318.90;298.54;-20.36;617.44
318.96;298.18;-20.79;617.14
320.82;297.42;-23.40;618.25
316.36;297.96;-18.41;614.32
320.02;299.13;-20.89;619.15
318.66;297.59;-21.08;616.25
320.58;298.31;-22.28;618.89
319.56;298.52;-21.05;618.08
320.55;299.45;-21.10;620.01
318.18;301.55;-16.63;619.74
319.95;298.44;-21.51;618.38
319.07;298.55;-20.52;617.62
319.55;298.39;-21.16;617.95
321.65;297.21;-24.45;618.86
320.13;298.25;-21.88;618.38
319.42;298.06;-21.36;617.49
317.93;298.36;-19.56;616.29
321.26;298.91;-22.35;620.17
320.29;299.41;-20.88;619.71
319.14;298.49;-20.65;617.63
317.24;297.44;-19.81;614.68
320.74;298.62;-22.12;619.36
319.69;300.49;-19.20;620.18
319.94;299.61;-20.34;619.55
318.59;298.17;-20.42;616.76
317.38;297.86;-19.52;615.24
319.59;298.44;-21.15;618.04
320.28;297.92;-22.36;618.21
321.91;299.51;-22.40;621.42
318.96;297.98;-20.98;616.94
321.45;301.38;-20.08;622.83
320.97;298.42;-22.55;619.39
319.92;296.70;-23.22;616.62
317.89;298.28;-19.61;616.16
320.21;301.58;-18.63;621.79
319.59;298.12;-21.46;617.71
316.80;298.91;-17.89;615.71
316.87;296.72;-20.15;613.59
320.54;298.49;-22.04;619.03
319.25;298.85;-20.39;618.10
320.95;298.19;-22.75;619.14
319.87;297.96;-21.91;617.84
318.56;297.99;-20.56;616.55
320.37;298.88;-21.49;619.25
316.11;300.27;-15.84;616.38
319.61;300.66;-18.95;620.27
318.72;298.74;-19.98;617.45
317.19;299.90;-17.29;617.09
317.77;297.68;-20.09;615.45
319.32;300.64;-18.68;619.95
320.11;301.16;-18.94;621.27
320.14;298.65;-21.49;618.78
321.14;300.19;-20.94;621.33
319.56;296.72;-22.84;616.28
321.35;302.34;-19.01;623.69
320.46;300.84;-19.62;621.30
321.34;298.24;-23.10;619.58
318.01;297.68;-20.33;615.69
319.51;298.19;-21.32;617.69
320.45;298.30;-22.15;618.75
320.59;298.19;-22.40;618.79
317.86;297.85;-20.01;615.71
321.08;298.34;-22.74;619.41
320.81;298.04;-22.77;618.85
320.42;298.25;-22.17;618.66
318.82;301.60;-17.22;620.42
320.22;297.96;-22.25;618.18
318.42;298.19;-20.23;616.62
320.03;299.83;-20.20;619.86
317.91;298.75;-19.16;616.65
319.51;300.98;-18.54;620.49
320.39;299.96;-20.43;620.35
317.02;296.91;-20.11;613.94
318.62;298.09;-20.52;616.71
319.05;301.48;-17.57;620.54
318.01;297.52;-20.48;615.53
319.99;299.66;-20.32;619.65
319.41;297.45;-21.95;616.86
319.21;298.33;-20.88;617.54
319.52;300.74;-18.78;620.26
319.82;300.80;-19.02;620.62
318.09;299.05;-19.04;617.14
320.77;296.86;-23.91;617.64
318.76;300.93;-17.83;619.69
320.06;300.69;-19.37;620.75
317.08;298.09;-18.98;615.17
319.01;298.04;-20.98;617.05
320.45;300.12;-20.34;620.57
319.68;300.46;-19.22;620.14
317.00;301.86;-15.14;618.86
319.17;298.19;-20.98;617.36
319.32;299.32;-20.01;618.64
319.85;299.12;-20.73;618.98
318.44;298.16;-20.28;616.59
317.94;301.47;-16.46;619.41
317.85;299.01;-18.84;616.85
321.04;299.08;-21.96;620.12
316.02;300.11;-15.91;616.13
320.38;300.16;-20.21;620.54
318.42;298.31;-20.11;616.72
319.41;299.09;-20.32;618.50
319.79;298.42;-21.38;618.21
317.14;298.74;-18.41;615.88
320.60;297.28;-23.32;617.88
318.31;297.85;-20.45;616.16
320.92;301.67;-19.25;622.59
317.48;297.84;-19.64;615.32
318.55;299.64;-18.91;618.19
319.47;298.89;-20.58;618.36
321.66;298.14;-23.52;619.81
318.01;298.91;-19.10;616.91
317.66;298.66;-19.00;616.32
320.59;298.28;-22.31;618.86
320.33;299.84;-20.49;620.17
317.64;299.26;-18.38;616.90
319.10;298.64;-20.46;617.74
317.80;301.06;-16.74;618.86
319.65;302.19;-17.46;621.84
318.57;298.15;-20.42;616.72
317.60;297.61;-19.99;615.21
319.81;297.06;-22.75;616.88
321.19;300.94;-20.25;622.14
315.94;298.24;-17.71;614.18
316.26;300.85;-15.41;617.11
319.89;300.72;-19.16;620.61
317.19;299.32;-17.87;616.51
316.58;298.65;-17.93;615.22
318.07;298.91;-19.16;616.98
319.44;299.42;-20.01;618.86
318.78;299.77;-19.01;618.55
317.09;300.86;-16.23;617.95
317.20;297.29;-19.91;614.49
319.90;297.75;-22.15;617.65
320.11;298.01;-22.10;618.12
317.40;299.31;-18.09;616.71
320.91;298.54;-22.37;619.45
321.44;297.39;-24.05;618.83
317.43;299.14;-18.29;616.56
318.83;298.58;-20.25;617.41
321.54;298.61;-22.92;620.15
319.22;297.68;-21.54;616.91
319.88;298.85;-21.03;618.74
319.62;297.63;-21.99;617.25
319.86;299.12;-20.74;618.98
319.82;298.08;-21.74;617.90
319.56;299.39;-20.17;618.95
316.74;297.93;-18.81;614.66
319.14;301.35;-17.78;620.49
319.32;297.76;-21.55;617.08
321.18;297.64;-23.54;618.81
318.44;298.04;-20.40;616.47
320.53;298.24;-22.29;618.76
320.38;298.77;-21.61;619.15
319.66;300.14;-19.52;619.79
319.82;299.11;-20.71;618.94
318.56;301.33;-17.24;619.89
318.45;298.93;-19.52;617.38
319.18;300.52;-18.66;619.70
318.09;298.62;-19.48;616.71
317.16;300.60;-16.56;617.76
319.32;301.88;-17.44;621.20
317.44;299.04;-18.40;616.47
318.37;298.08;-20.29;616.45
317.85;299.63;-18.22;617.48
320.88;300.56;-20.32;621.44
317.92;298.89;-19.04;616.81
317.00;300.86;-16.14;617.86
316.66;299.72;-16.94;616.38
317.74;298.86;-18.87;616.60
318.24;297.71;-20.53;615.94
317.33;299.55;-17.78;616.88
316.86;298.83;-18.03;615.69
316.48;300.11;-16.37;616.58
317.47;300.31;-17.16;617.78
316.41;297.82;-18.59;614.24
319.39;298.31;-21.09;617.70
318.49;299.62;-18.87;618.11
316.26;298.50;-17.76;614.76
318.20;298.78;-19.42;616.98
320.17;297.68;-22.49;617.85
320.26;298.78;-21.48;619.04
322.07;301.37;-20.70;623.44
316.14;299.01;-17.14;615.15
317.27;301.43;-15.84;618.70
319.20;300.54;-18.66;619.74
318.62;298.11;-20.51;616.73
317.25;298.95;-18.31;616.20
316.73;302.11;-14.62;618.84
319.98;297.44;-22.54;617.42
318.94;299.50;-19.44;618.44
319.22;298.45;-20.78;617.67
318.59;300.70;-17.89;619.29
317.86;301.50;-16.36;619.36
318.24;300.95;-17.29;619.19
317.22;299.77;-17.45;616.99
320.06;298.92;-21.14;618.98
317.86;301.68;-16.19;619.54
318.21;300.11;-18.09;618.32
318.48;298.72;-19.76;617.20
320.26;298.27;-21.99;618.54
318.74;297.36;-21.38;616.09
319.14;299.10;-20.04;618.24
317.51;298.03;-19.48;615.54
320.34;298.16;-22.18;618.51
320.31;301.21;-19.10;621.51
317.18;299.45;-17.72;616.63
317.88;298.41;-19.48;616.29
320.15;299.01;-21.15;619.16
320.55;299.99;-20.56;620.54
315.76;299.18;-16.58;614.94
320.15;297.47;-22.68;617.62
317.40;298.61;-18.79;616.01
320.55;300.10;-20.45;620.65
319.28;299.31;-19.97;618.58
318.34;299.84;-18.49;618.18
317.46;299.01;-18.45;616.48
319.18;299.11;-20.07;618.28
319.91;297.60;-22.31;617.51
320.11;302.84;-17.27;622.95
320.45;298.92;-21.53;619.38
320.69;300.82;-19.86;621.51
320.14;298.89;-21.25;619.04
319.53;298.65;-20.88;618.18
316.85;299.11;-17.74;615.96
318.98;299.84;-19.15;618.82
316.91;298.62;-18.29;615.53
319.60;298.95;-20.65;618.55
321.37;299.45;-21.92;620.82
318.54;298.47;-20.07;617.01
319.01;298.19;-20.82;617.19
319.08;299.51;-19.57;618.58
319.97;299.14;-20.84;619.11
318.07;299.49;-18.58;617.56
319.57;297.82;-21.75;617.39
320.46;299.52;-20.94;619.98
318.22;296.41;-21.81;614.64
318.65;299.73;-18.92;618.38
321.09;298.68;-22.41;619.78
319.67;301.98;-17.69;621.65
319.96;298.11;-21.85;618.06
317.14;297.68;-19.46;614.81
317.55;298.44;-19.11;615.99
320.39;299.04;-21.35;619.44
321.52;298.81;-22.72;620.33
320.29;298.79;-21.50;619.09
320.59;298.31;-22.28;618.89
318.07;298.81;-19.26;616.88
319.65;298.85;-20.81;618.50
318.29;299.21;-19.08;617.51
320.00;299.37;-20.63;619.37
319.52;298.75;-20.78;618.27
319.66;298.06;-21.60;617.73
319.86;302.52;-17.35;622.38
316.90;299.65;-17.25;616.55
318.78;298.44;-20.35;617.22
319.54;298.33;-21.21;617.86
319.15;297.99;-21.16;617.14
320.61;301.73;-18.88;622.34
319.99;301.80;-18.19;621.79
316.69;297.94;-18.76;614.63
318.55;298.61;-19.95;617.16
322.03;301.23;-20.80;623.26
318.23;298.40;-19.83;616.63
319.56;299.24;-20.32;618.80
319.94;298.08;-21.86;618.02
318.98;299.46;-19.51;618.44
318.21;298.92;-19.29;617.13
318.78;298.29;-20.48;617.07
319.62;297.64;-21.98;617.26
318.92;298.69;-20.23;617.61
319.76;301.27;-18.49;621.03
319.42;298.35;-21.08;617.77
316.10;298.86;-17.24;614.96
322.09;301.83;-20.26;623.92
320.18;302.11;-18.08;622.29
317.97;298.37;-19.60;616.34
315.74;299.18;-16.56;614.91
320.06;299.52;-20.54;619.58
319.10;298.49;-20.61;617.59
319.18;297.45;-21.73;616.64
316.92;297.94;-18.98;614.86
318.47;298.06;-20.41;616.54
318.12;298.71;-19.41;616.82
317.82;297.01;-20.81;614.83
321.35;299.01;-22.35;620.36
319.95;299.84;-20.11;619.78
319.14;298.11;-21.03;617.25
319.49;298.74;-20.76;618.23
321.17;298.75;-22.42;619.92
318.29;298.40;-19.89;616.69
319.86;301.32;-18.54;621.19
319.51;298.84;-20.67;618.34
314.94;302.31;-12.64;617.25
317.74;300.84;-16.89;618.58
318.58;297.78;-20.80;616.35
319.61;299.56;-20.05;619.17
319.93;298.82;-21.11;618.75
318.45;299.58;-18.87;618.04
320.26;299.14;-21.12;619.41
317.28;300.29;-16.98;617.57
317.46;298.80;-18.66;616.26
321.39;300.53;-20.86;621.92
320.04;297.85;-22.19;617.89
318.22;298.31;-19.91;616.54
321.51;299.35;-22.16;620.86
319.01;299.13;-19.88;618.14
318.45;299.64;-18.81;618.09
320.92;298.67;-22.25;619.59
320.32;299.04;-21.29;619.36
318.58;298.56;-20.02;617.15
318.76;300.41;-18.36;619.17
319.29;300.75;-18.54;620.04
319.94;298.96;-20.98;618.89
319.85;302.57;-17.28;622.42
316.74;299.46;-17.28;616.20
318.79;300.16;-18.62;618.95
316.69;302.76;-13.94;619.45
318.61;297.98;-20.63;616.58
318.21;301.34;-16.87;619.55
319.14;300.20;-18.94;619.34
318.00;301.74;-16.26;619.74
318.16;298.10;-20.06;616.26
319.00;297.07;-21.93;616.07
317.29;298.71;-18.58;615.99
317.93;300.05;-17.88;617.98
318.18;301.37;-16.81;619.55
315.36;300.97;-14.39;616.34
319.21;299.70;-19.51;618.91
318.16;298.79;-19.37;616.95
319.29;298.82;-20.48;618.11
318.09;299.22;-18.88;617.31
317.03;297.31;-19.72;614.34
317.26;298.41;-18.85;615.67
318.39;299.28;-19.11;617.67
319.99;299.21;-20.79;619.20
318.61;298.28;-20.32;616.89
317.63;299.34;-18.29;616.97
318.45;300.00;-18.45;618.45
319.61;300.17;-19.44;619.78
317.34;298.28;-19.06;615.61
319.35;298.67;-20.68;618.02
319.48;297.96;-21.52;617.44
318.33;298.34;-19.99;616.66
318.76;299.84;-18.92;618.59
320.26;300.06;-20.19;620.32
317.74;299.37;-18.37;617.11
319.12;299.03;-20.09;618.15
321.61;299.03;-22.58;620.64
318.48;299.18;-19.31;617.66
319.32;299.04;-20.29;618.36
318.12;298.16;-19.96;616.28
318.58;298.18;-20.39;616.76
319.24;301.51;-17.74;620.75
320.35;300.07;-20.28;620.42
319.39;297.43;-21.96;616.82
317.69;299.72;-17.96;617.41
316.07;297.38;-18.69;613.45
316.68;298.34;-18.34;615.02
319.17;299.82;-19.35;618.99
319.29;300.18;-19.12;619.47
318.38;298.28;-20.10;616.65
318.76;298.61;-20.15;617.37
318.59;300.08;-18.51;618.66
317.29;298.80;-18.49;616.09
320.98;297.69;-23.29;618.67
319.77;300.64;-19.14;620.41
316.62;297.92;-18.70;614.55
320.94;298.80;-22.14;619.74
319.86;301.11;-18.75;620.97
319.75;298.21;-21.54;617.95
320.36;297.74;-22.62;618.09
320.66;298.02;-22.64;618.68
316.18;297.24;-18.94;613.41
320.28;298.71;-21.57;618.98
316.12;299.16;-16.96;615.29
319.16;298.45;-20.72;617.61
317.65;298.66;-18.99;616.31
317.98;298.92;-19.05;616.90
318.64;297.92;-20.72;616.56
317.90;299.88;-18.02;617.78
318.86;298.74;-20.12;617.59
320.41;297.15;-23.25;617.56
319.32;297.41;-21.91;616.73
318.88;299.19;-19.69;618.06
320.31;299.42;-20.89;619.73
317.14;301.74;-15.40;618.87
317.46;300.61;-16.85;618.07
317.32;300.56;-16.76;617.88
318.08;297.40;-20.68;615.48
317.14;298.08;-19.06;615.21
316.89;298.36;-18.53;615.26
319.97;300.65;-19.32;620.62
318.49;302.02;-16.46;620.51
319.01;298.72;-20.29;617.74
320.65;298.01;-22.64;618.65
319.64;297.89;-21.75;617.52
320.49;297.72;-22.77;618.22
320.80;301.95;-18.85;622.75
319.38;300.10;-19.28;619.48
319.30;301.98;-17.32;621.28
320.34;298.04;-22.30;618.38
318.50;298.71;-19.79;617.21
319.26;299.91;-19.36;619.17
319.64;299.08;-20.56;618.72
319.01;299.67;-19.34;618.68
315.51;300.00;-15.51;615.51
318.85;297.15;-21.70;615.99
318.12;301.52;-16.61;619.64
319.84;301.09;-18.75;620.92
317.11;298.68;-18.43;615.78
318.03;301.84;-16.19;619.87
317.95;299.22;-18.73;617.18
317.81;299.28;-18.52;617.09
319.10;299.88;-19.22;618.98
319.19;300.52;-18.67;619.72
316.41;301.86;-14.55;618.26
319.75;298.18;-21.57;617.92
320.02;301.82;-18.21;621.84
317.57;302.11;-15.46;619.68
319.84;298.41;-21.43;618.24
320.33;298.03;-22.30;618.36
318.64;299.76;-18.87;618.40
316.69;300.97;-15.72;617.66
319.65;301.29;-18.36;620.94
319.26;298.35;-20.91;617.61
317.53;299.83;-17.70;617.36
316.95;300.04;-16.91;616.98
318.65;298.88;-19.78;617.53
319.52;301.35;-18.17;620.88
319.24;297.23;-22.01;616.47
319.57;297.83;-21.74;617.40
318.25;298.11;-20.14;616.35
318.92;298.02;-20.91;616.94
319.36;299.09;-20.27;618.45
318.26;297.49;-20.78;615.75
316.92;298.72;-18.19;615.64
318.51;300.41;-18.09;618.92
318.74;298.55;-20.19;617.29
318.26;297.39;-20.87;615.66
317.18;297.70;-19.48;614.88
317.12;298.08;-19.05;615.20
321.65;298.60;-23.05;620.25
318.87;297.54;-21.34;616.41
319.81;297.98;-21.83;617.79
319.46;299.51;-19.95;618.98
318.61;298.55;-20.05;617.16
319.07;297.59;-21.48;616.66
318.95;300.06;-18.89;619.02
319.02;298.09;-20.93;617.11
317.55;298.89;-18.66;616.44
317.46;299.15;-18.31;616.61
320.16;299.31;-20.85;619.46
318.97;298.27;-20.70;617.24
320.55;298.26;-22.29;618.81
316.41;299.04;-17.37;615.45
321.43;298.49;-22.94;619.92
319.06;299.78;-19.28;618.84
318.88;298.75;-20.12;617.63
317.16;297.73;-19.44;614.89
317.85;299.64;-18.21;617.49
319.08;297.64;-21.44;616.72
319.48;298.51;-20.98;617.99
321.29;297.61;-23.68;618.91
319.52;298.81;-20.71;618.33
322.90;297.75;-25.15;620.65
318.75;296.96;-21.79;615.71
320.15;297.47;-22.68;617.62
318.31;297.66;-20.65;615.96
318.76;297.92;-20.84;616.69
319.09;298.28;-20.81;617.38
319.45;299.45;-20.01;618.90
318.29;300.94;-17.36;619.23
319.92;297.82;-22.10;617.75
318.81;298.38;-20.43;617.18
319.00;298.02;-20.98;617.02
318.99;302.18;-16.82;621.17
318.11;297.25;-20.86;615.36
318.44;297.81;-20.62;616.25
315.95;297.89;-18.06;613.85
320.66;299.25;-21.41;619.91
319.61;299.65;-19.96;619.26
320.14;298.83;-21.31;618.96
320.34;300.91;-19.43;621.24
316.52;300.18;-16.34;616.71
319.65;301.80;-17.85;621.45
318.91;297.88;-21.03;616.79
319.96;298.58;-21.39;618.54
318.75;298.93;-19.82;617.68
318.39;297.31;-21.08;615.69
317.52;299.52;-17.99;617.04
318.00;298.12;-19.88;616.12
319.05;300.35;-18.70;619.41
317.21;298.61;-18.59;615.82
320.87;301.06;-19.81;621.93
320.09;300.91;-19.18;621.00
320.05;298.39;-21.66;618.45
319.24;298.48;-20.76;617.71
319.71;299.38;-20.32;619.09
316.86;299.67;-17.19;616.53
316.75;298.02;-18.73;614.76
317.81;299.59;-18.21;617.40
317.46;298.44;-19.02;615.91
319.22;300.48;-18.74;619.70
318.86;299.23;-19.64;618.09
320.38;299.39;-20.99;619.77
320.56;300.32;-20.24;620.88
318.85;298.69;-20.16;617.54
318.16;299.78;-18.39;617.94
319.46;298.35;-21.11;617.81
318.95;299.44;-19.52;618.39
319.52;303.14;-16.38;622.66
316.15;298.79;-17.36;614.94
317.49;298.89;-18.60;616.38
320.48;298.69;-21.78;619.17
317.35;298.15;-19.19;615.50
318.63;300.60;-18.03;619.23
318.96;301.10;-17.86;620.06
320.16;298.24;-21.92;618.39
316.61;298.21;-18.40;614.82
317.72;296.74;-20.98;614.46
319.44;299.28;-20.16;618.72
318.25;298.43;-19.82;616.68
318.25;298.04;-20.21;616.29
321.01;298.56;-22.44;619.57
317.92;298.59;-19.34;616.51
315.71;299.09;-16.62;614.81
317.02;299.58;-17.44;616.60
320.74;298.75;-21.99;619.48
317.86;298.88;-18.98;616.75
321.21;297.54;-23.67;618.74
320.21;299.36;-20.84;619.57
320.22;301.69;-18.53;621.92
319.28;298.23;-21.05;617.51
317.81;298.85;-18.96;616.66
317.46;299.13;-18.33;616.59
319.45;298.29;-21.16;617.74
319.49;302.04;-17.45;621.53
316.12;297.15;-18.96;613.27
318.44;299.41;-19.04;617.85
318.87;298.71;-20.16;617.58
319.95;299.31;-20.64;619.25
319.32;298.71;-20.61;618.02
317.00;299.25;-17.75;616.25
318.38;298.25;-20.12;616.63
317.47;301.89;-15.58;619.36
315.58;298.51;-17.08;614.09
320.59;298.01;-22.58;618.61
318.36;299.18;-19.18;617.54
318.14;297.77;-20.36;615.91
318.64;301.51;-17.14;620.15
315.99;298.77;-17.22;614.76
319.24;298.99;-20.24;618.23
318.74;299.25;-19.48;617.99
319.45;298.49;-20.95;617.94
319.64;299.24;-20.40;618.87
320.71;300.23;-20.48;620.94
316.95;299.26;-17.69;616.21
320.66;298.75;-21.91;619.41
319.07;298.33;-20.74;617.40
318.29;298.17;-20.12;616.46
318.65;299.16;-19.49;617.82
320.62;301.26;-19.36;621.88
317.98;298.84;-19.15;616.82
319.65;297.95;-21.70;617.61
318.38;299.27;-19.11;617.65
317.38;297.98;-19.39;615.36
318.67;300.67;-18.00;619.34
319.39;298.94;-20.45;618.33
316.92;299.11;-17.81;616.03
318.31;299.19;-19.12;617.49
320.81;299.59;-21.22;620.39
320.81;298.78;-22.04;619.59
318.50;299.18;-19.32;617.68
320.28;301.17;-19.11;621.45
318.68;298.08;-20.59;616.76
319.14;300.42;-18.71;619.56
317.91;297.99;-19.92;615.91
319.18;297.34;-21.84;616.52
320.45;298.88;-21.57;619.34
320.72;297.34;-23.38;618.05
319.59;301.58;-18.01;621.16
318.29;298.08;-20.21;616.37
317.76;301.04;-16.73;618.80
318.79;299.25;-19.55;618.04
319.05;300.14;-18.91;619.19
318.81;300.67;-18.14;619.48
320.23;297.34;-22.89;617.57
319.50;298.79;-20.71;618.29
318.65;299.51;-19.14;618.15
320.89;299.87;-21.02;620.76
320.28;298.72;-21.56;619.00
318.56;297.43;-21.14;615.99
317.86;298.75;-19.11;616.62
318.94;298.35;-20.59;617.29
316.30;298.14;-18.16;614.44
316.41;300.00;-16.41;616.41
317.63;299.13;-18.50;616.76
320.41;297.27;-23.14;617.68
319.68;298.96;-20.72;618.65
318.25;299.98;-18.28;618.23
320.18;297.88;-22.29;618.06
318.90;298.12;-20.78;617.02
321.48;298.58;-22.90;620.05
318.39;301.04;-17.35;619.42
318.81;299.24;-19.57;618.04
316.74;298.67;-18.07;615.41
317.79;298.66;-19.14;616.45
320.88;299.27;-21.61;620.15
318.65;297.01;-21.64;615.66
318.48;299.82;-18.66;618.31
319.39;300.28;-19.11;619.67
318.78;298.92;-19.86;617.70
319.95;300.61;-19.34;620.55
319.78;299.27;-20.51;619.05
318.85;299.50;-19.35;618.35
320.85;297.88;-22.96;618.73
319.94;297.32;-22.62;617.25
320.08;298.47;-21.61;618.55
319.24;301.03;-18.21;620.26
320.85;299.34;-21.51;620.19
321.15;300.57;-20.58;621.72
320.10;298.78;-21.32;618.88
318.78;298.61;-20.17;617.39
319.83;301.80;-18.03;621.63
320.70;301.41;-19.29;622.11
318.36;297.75;-20.61;616.11
317.29;299.59;-17.70;616.89
317.33;300.54;-16.79;617.86
318.94;300.12;-18.82;619.05
316.99;298.89;-18.11;615.88
316.59;298.78;-17.81;615.38
319.46;298.39;-21.06;617.85
318.44;298.26;-20.18;616.69
320.03;297.30;-22.73;617.33
319.35;296.61;-22.74;615.95
318.65;298.76;-19.89;617.41
318.19;299.01;-19.18;617.21
318.87;299.24;-19.63;618.11
320.07;300.82;-19.25;620.89
318.75;300.69;-18.06;619.45
317.11;298.49;-18.61;615.60
321.56;298.30;-23.26;619.86
319.49;298.02;-21.47;617.51
319.91;301.82;-18.09;621.73
321.78;297.63;-24.15;619.41
317.36;298.29;-19.07;615.66
322.41;298.82;-23.59;621.23
320.48;297.60;-22.88;618.08
318.18;299.11;-19.08;617.29
318.51;300.15;-18.36;618.66
319.39;298.16;-21.23;617.55
318.00;297.70;-20.30;615.70
318.06;296.67;-21.39;614.73
320.58;299.53;-21.05;620.11
319.68;299.53;-20.15;619.21
317.34;297.00;-20.34;614.34
318.29;301.04;-17.25;619.34
318.11;300.73;-17.38;618.84
319.80;298.21;-21.59;618.01
320.26;297.77;-22.49;618.03
321.38;299.29;-22.09;620.68
320.64;298.32;-22.32;618.95
320.29;299.89;-20.40;620.18
317.81;299.15;-18.65;616.96
320.26;299.45;-20.81;619.72
320.55;298.86;-21.69;619.41
320.52;299.44;-21.08;619.95
317.90;300.98;-16.92;618.88
318.30;297.08;-21.22;615.38
320.81;298.59;-22.21;619.40
319.01;298.73;-20.28;617.74
320.16;297.75;-22.41;617.91
319.98;298.28;-21.69;618.26
318.52;299.50;-19.02;618.02
317.46;300.78;-16.69;618.24
318.69;300.74;-17.95;619.42
319.58;299.92;-19.65;619.50
320.43;299.85;-20.58;620.28
316.98;299.81;-17.16;616.79
321.01;298.54;-22.47;619.54
321.16;299.32;-21.85;620.48
316.83;300.06;-16.77;616.89
318.95;298.43;-20.52;617.38
319.71;298.77;-20.94;618.48
320.00;297.94;-22.06;617.94
319.03;299.36;-19.66;618.39
317.04;298.29;-18.75;615.34
319.20;298.82;-20.38;618.02
316.50;297.75;-18.75;614.25
319.60;299.12;-20.48;618.72
317.94;299.86;-18.08;617.79
319.07;297.40;-21.67;616.47
317.74;299.05;-18.69;616.78
319.36;300.24;-19.12;619.61
316.81;299.56;-17.25;616.37
318.89;303.38;-15.51;622.28
318.07;299.00;-19.07;617.07
320.10;299.06;-21.04;619.16
320.24;299.25;-20.99;619.49
319.04;300.45;-18.59;619.49
319.24;298.03;-21.21;617.26
320.03;300.39;-19.64;620.42
319.94;297.99;-21.95;617.93
319.73;297.95;-21.78;617.68
316.84;298.43;-18.41;615.27
318.90;298.35;-20.55;617.25
319.35;299.35;-20.01;618.70
319.66;299.36;-20.30;619.02
320.15;296.68;-23.46;616.83
319.30;299.16;-20.14;618.46
319.11;297.72;-21.39;616.82
317.94;298.75;-19.19;616.68
319.75;298.61;-21.15;618.36
316.99;297.98;-19.01;614.97
319.19;297.98;-21.21;617.17
318.91;301.72;-17.19;620.62
319.79;300.35;-19.44;620.15
320.05;298.37;-21.68;618.42
320.35;297.82;-22.52;618.17
320.82;298.24;-22.58;619.05
321.27;297.65;-23.62;618.92
322.59;298.43;-24.16;621.02
318.16;299.74;-18.43;617.90
317.12;298.02;-19.10;615.14
317.89;298.48;-19.42;616.37
318.12;297.49;-20.63;615.61
318.45;298.05;-20.41;616.50
319.37;299.31;-20.06;618.68
319.46;300.52;-18.94;619.99
320.14;297.51;-22.63;617.65
317.28;298.25;-19.03;615.54
319.06;296.71;-22.35;615.76
319.25;299.84;-19.41;619.08
319.99;299.19;-20.81;619.18
319.87;301.43;-18.44;621.30
320.84;298.23;-22.61;619.06
317.82;298.12;-19.70;615.95
318.92;298.88;-20.04;617.79
316.95;299.96;-16.98;616.91
320.59;297.12;-23.47;617.71
319.08;300.65;-18.43;619.72
319.38;298.82;-20.56;618.21
319.48;299.89;-19.59;619.38
321.06;297.77;-23.29;618.84
318.31;297.19;-21.11;615.50
320.97;299.11;-21.86;620.08
321.80;297.30;-24.50;619.10
319.91;298.88;-21.04;618.79
316.92;296.91;-20.02;613.83
319.95;301.46;-18.49;621.41
318.76;300.08;-18.68;618.84
318.19;297.74;-20.46;615.93
318.99;301.07;-17.92;620.06
320.09;299.76;-20.32;619.85
320.52;298.19;-22.33;618.71
320.83;300.59;-20.24;621.42
316.96;297.79;-19.16;614.75
320.52;297.78;-22.74;618.31
316.86;297.36;-19.50;614.23
317.69;299.10;-18.59;616.79
318.33;298.26;-20.07;616.59
318.02;298.42;-19.59;616.44
319.72;298.32;-21.40;618.05
319.50;298.39;-21.11;617.89
320.08;298.94;-21.14;619.02
319.77;298.29;-21.48;618.06
318.55;297.54;-21.01;616.09
320.81;300.91;-19.89;621.72
318.09;297.88;-20.22;615.97
322.11;299.98;-22.13;622.09
322.47;300.79;-21.68;623.26
321.16;299.09;-22.08;620.25
317.19;299.18;-18.01;616.38
320.86;297.55;-23.32;618.41
317.35;300.69;-16.66;618.05
317.70;299.06;-18.64;616.76
317.25;299.14;-18.11;616.38
316.85;298.59;-18.26;615.45
318.69;298.56;-20.13;617.26
321.41;297.55;-23.86;618.95
319.31;297.89;-21.42;617.21
318.90;298.08;-20.82;616.98
318.49;301.55;-16.94;620.05
317.63;297.35;-20.28;614.98
319.61;297.28;-22.32;616.89
318.30;298.41;-19.89;616.71
318.68;299.44;-19.24;618.12
318.67;299.33;-19.34;618.00
321.25;298.49;-22.76;619.74
318.30;297.75;-20.55;616.05
319.95;298.04;-21.91;617.99
318.61;299.69;-18.91;618.30
320.86;297.84;-23.02;618.71
316.25;300.64;-15.61;616.89
321.25;299.68;-21.56;620.93
318.90;299.55;-19.35;618.45
317.69;299.92;-17.78;617.61
318.75;298.68;-20.08;617.43
319.03;297.92;-21.11;616.95
320.79;298.32;-22.48;619.11
318.81;299.51;-19.30;618.31
321.27;301.98;-19.29;623.25
318.46;299.46;-19.00;617.93
319.88;299.76;-20.12;619.65
320.71;298.94;-21.76;619.65
318.85;299.32;-19.52;618.17
318.24;298.92;-19.31;617.16
320.09;298.09;-21.99;618.18
320.55;301.87;-18.68;622.42
319.01;297.32;-21.69;616.34
317.09;297.76;-19.33;614.86
318.26;299.72;-18.54;617.98
318.48;297.72;-20.76;616.19
318.76;301.82;-16.94;620.58
320.60;301.64;-18.96;622.24
318.99;300.82;-18.17;619.81
318.88;298.67;-20.21;617.55
318.88;299.58;-19.30;618.46
318.85;296.89;-21.96;615.74
320.02;297.94;-22.08;617.96
317.72;298.16;-19.56;615.89
319.09;301.18;-17.91;620.26
317.02;299.08;-17.94;616.09
319.12;297.55;-21.56;616.67
319.35;298.88;-20.47;618.24
318.92;299.26;-19.65;618.18
320.28;300.69;-19.59;620.98
319.56;300.16;-19.41;619.72
319.79;298.56;-21.23;618.36
319.16;299.95;-19.21;619.11
319.36;297.62;-21.74;616.98
318.26;298.46;-19.79;616.72
317.22;299.65;-17.58;616.87
317.41;297.65;-19.76;615.05
318.27;299.97;-18.30;618.24
319.78;298.56;-21.21;618.34
318.93;299.88;-19.05;618.81
317.28;298.45;-18.83;615.74
317.82;298.65;-19.17;616.48
319.79;299.39;-20.39;619.18
320.34;300.98;-19.36;621.31
318.92;298.53;-20.39;617.45
320.40;297.35;-23.05;617.75
318.27;300.11;-18.16;618.38
320.00;302.79;-17.21;622.79
317.38;298.37;-19.01;615.75
319.01;298.62;-20.39;617.62
321.02;298.78;-22.24;619.79
318.01;300.89;-17.12;618.89
318.38;298.08;-20.30;616.46
317.56;298.22;-19.35;615.78
319.12;297.72;-21.40;616.84
319.66;302.18;-17.48;621.84
321.24;300.36;-20.88;621.61
316.92;298.62;-18.30;615.55
319.01;299.60;-19.41;618.61
318.90;298.69;-20.21;617.59
318.36;301.75;-16.61;620.11
317.17;299.26;-17.91;616.44
317.39;297.28;-20.12;614.67
317.62;298.26;-19.35;615.88
318.36;299.42;-18.94;617.78
319.58;299.59;-19.99;619.18
320.20;299.96;-20.24;620.16
318.89;299.17;-19.72;618.06
318.41;298.68;-19.74;617.09
319.76;298.31;-21.45;618.07
318.27;302.25;-16.02;620.52
316.48;299.16;-17.31;615.64
319.98;298.41;-21.57;618.38
318.88;298.89;-19.99;617.76
319.47;300.57;-18.90;620.04
319.52;298.93;-20.59;618.45
316.69;299.79;-16.90;616.48
319.19;297.90;-21.29;617.09
318.98;299.34;-19.64;618.31
316.26;298.92;-17.34;615.19
319.67;298.13;-21.54;617.80
320.29;298.94;-21.36;619.23
317.45;299.06;-18.38;616.51
316.19;298.88;-17.31;615.06
317.89;299.29;-18.60;617.18
320.56;299.56;-20.99;620.12
317.69;300.02;-17.66;617.71
319.82;301.97;-17.85;621.79
318.08;299.30;-18.78;617.38
317.39;298.18;-19.22;615.57
318.97;300.95;-18.02;619.92
317.69;297.08;-20.61;614.76
316.34;298.76;-17.58;615.10
318.47;298.54;-19.93;617.01
318.24;299.87;-18.37;618.11
318.08;299.05;-19.03;617.14
318.84;298.96;-19.88;617.81
317.08;302.05;-15.04;619.13
316.26;299.99;-16.27;616.26
317.41;301.72;-15.68;619.13
316.98;298.51;-18.47;615.49
317.04;299.02;-18.02;616.06
318.21;300.11;-18.09;618.32
318.35;299.40;-18.95;617.75
318.01;298.93;-19.08;616.94
318.84;298.96;-19.88;617.79
319.52;298.61;-20.91;618.14
319.10;297.89;-21.21;616.99
317.06;298.12;-18.95;615.18
316.24;298.61;-17.64;614.85
321.00;299.82;-21.18;620.82
316.89;297.49;-19.39;614.38
318.68;299.50;-19.18;618.18
319.24;301.11;-18.12;620.35
318.89;298.46;-20.43;617.36
319.23;299.15;-20.08;618.38
320.30;299.89;-20.41;620.19
318.89;297.54;-21.36;616.43
319.56;302.51;-17.05;622.07
317.66;298.94;-18.72;616.60
318.71;299.05;-19.66;617.76
318.96;298.05;-20.92;617.01
320.71;298.32;-22.39;619.03
316.76;299.18;-17.59;615.94
319.68;299.35;-20.33;619.04
317.49;299.18;-18.32;616.67
319.41;299.41;-19.99;618.82
319.31;297.36;-21.95;616.67
321.40;298.48;-22.92;619.88
319.58;300.68;-18.90;620.25
317.99;298.95;-19.04;616.94
319.99;300.22;-19.76;620.21
318.99;301.39;-17.60;620.39
319.10;299.26;-19.84;618.36
319.46;300.27;-19.19;619.74
319.69;298.58;-21.11;618.27
318.45;301.14;-17.31;619.59
318.98;299.91;-19.07;618.88
319.54;300.42;-19.11;619.96
322.44;298.84;-23.60;621.27
320.21;296.41;-23.80;616.62
316.45;299.94;-16.51;616.39
318.98;300.02;-18.96;618.99
319.26;300.18;-19.08;619.44
319.14;301.98;-17.16;621.12
319.89;299.08;-20.81;618.98
318.28;298.26;-20.02;616.55
318.76;298.80;-19.96;617.56
321.14;302.08;-19.05;623.22
317.94;298.13;-19.81;616.06
319.80;298.51;-21.29;618.31
318.65;297.81;-20.84;616.45
318.03;298.31;-19.72;616.34
317.43;298.56;-18.86;615.99
319.50;298.30;-21.20;617.80
319.80;298.95;-20.85;618.75
318.01;297.53;-20.48;615.54
316.12;298.23;-17.89;614.35
320.56;298.59;-21.97;619.16
318.91;300.69;-18.21;619.60
320.39;298.85;-21.54;619.24
318.41;297.30;-21.11;615.71
318.77;299.58;-19.19;618.35
318.69;299.32;-19.37;618.02
320.26;302.12;-18.14;622.38
316.25;300.09;-16.15;616.34
317.78;299.72;-18.05;617.50
321.28;298.81;-22.47;620.09
320.57;298.11;-22.46;618.68
317.39;301.83;-15.56;619.22
319.83;302.03;-17.80;621.86
319.66;302.21;-17.45;621.87
321.42;298.11;-23.32;619.53
317.92;298.70;-19.22;616.62
318.68;297.88;-20.81;616.56
319.14;299.97;-19.16;619.11
316.85;298.78;-18.08;615.63
318.01;298.67;-19.34;616.68
319.16;299.00;-20.16;618.16
318.86;299.91;-18.95;618.78
317.68;299.48;-18.20;617.16
320.72;299.28;-21.44;620.00
321.01;298.28;-22.73;619.28
320.32;300.47;-19.85;620.79
318.56;297.89;-20.67;616.46
318.57;299.21;-19.36;617.78
321.97;298.31;-23.66;620.28
316.77;299.85;-16.92;616.62
318.67;301.46;-17.21;620.13
315.99;300.48;-15.51;616.48
319.31;298.98;-20.33;618.28
318.18;298.15;-20.04;616.33
319.91;303.67;-16.24;623.58
319.01;298.50;-20.51;617.51
318.81;299.69;-19.12;618.50
318.65;298.46;-20.19;617.12
320.21;298.38;-21.82;618.59
321.30;302.06;-19.24;623.36
316.65;297.98;-18.67;614.64
319.79;298.13;-21.66;617.92
317.70;302.46;-15.24;620.16
319.09;298.81;-20.29;617.90
317.55;299.12;-18.43;616.66
320.33;297.98;-22.35;618.31
318.84;302.50;-16.34;621.34
316.25;299.28;-16.98;615.53
319.35;300.50;-18.85;619.85
319.79;301.45;-18.34;621.25
316.93;302.39;-14.54;619.32
317.56;297.45;-20.11;615.01
318.31;300.39;-17.92;618.69
319.32;302.09;-17.22;621.41
318.26;301.50;-16.76;619.76
319.86;298.69;-21.18;618.55
320.32;298.04;-22.28;618.36
319.16;298.09;-21.06;617.25
317.71;298.32;-19.38;616.03
319.45;297.55;-21.90;617.01
320.35;301.64;-18.71;621.98
317.27;298.75;-18.52;616.02
319.94;300.41;-19.52;620.35
319.66;300.39;-19.26;620.05
318.55;299.73;-18.82;618.28
319.82;299.19;-20.63;619.01
317.88;298.43;-19.45;616.31
318.11;299.65;-18.46;617.76
319.17;299.05;-20.12;618.22
317.09;298.36;-18.74;615.45
319.01;298.44;-20.57;617.44
317.19;299.58;-17.62;616.77
318.11;299.22;-18.89;617.33
319.76;297.56;-22.20;617.33
319.04;298.35;-20.69;617.38
317.55;301.71;-15.84;619.25
320.58;298.64;-21.95;619.22
317.62;300.15;-17.48;617.77
318.48;297.85;-20.63;616.34
318.08;300.07;-18.01;618.15
319.04;300.96;-18.08;619.99
319.26;300.09;-19.17;619.36
318.76;302.45;-16.31;621.21
318.46;301.09;-17.38;619.55
319.15;298.93;-20.22;618.08
319.04;298.46;-20.57;617.50
319.01;298.86;-20.15;617.88
316.92;299.18;-17.75;616.10
318.46;300.58;-17.89;619.04
317.22;300.34;-16.88;617.56
317.94;299.06;-18.87;617.00
319.51;299.96;-19.55;619.47
318.44;300.81;-17.63;619.24
319.74;299.09;-20.65;618.84
319.36;300.18;-19.18;619.54
318.04;300.30;-17.74;618.34
318.21;298.96;-19.24;617.17
317.11;299.52;-17.59;616.64
319.70;298.35;-21.35;618.05
318.68;298.39;-20.29;617.06
318.30;298.90;-19.40;617.20
319.51;302.30;-17.21;621.81
318.58;300.55;-18.02;619.13
316.25;299.26;-16.99;615.51
316.78;302.15;-14.62;618.93
317.37;300.03;-17.34;617.40
318.87;298.39;-20.48;617.26
318.37;298.19;-20.18;616.56
320.54;299.72;-20.82;620.25
319.56;300.14;-19.42;619.71
317.76;301.08;-16.68;618.84
319.01;299.41;-19.60;618.42
318.76;298.82;-19.94;617.58
320.77;300.91;-19.86;621.68
319.16;299.58;-19.58;618.74
317.55;298.71;-18.84;616.25
318.28;297.92;-20.36;616.20
317.28;299.21;-18.08;616.49
318.74;298.41;-20.32;617.15
317.30;298.48;-18.82;615.78
318.69;302.52;-16.18;621.21
316.29;299.46;-16.82;615.75
318.64;298.09;-20.55;616.72
319.62;298.72;-20.90;618.35
319.76;299.58;-20.18;619.35
320.15;298.59;-21.56;618.75
319.05;299.14;-19.91;618.18
320.09;298.26;-21.83;618.35
318.82;299.01;-19.81;617.83
317.78;299.26;-18.51;617.04
318.18;299.58;-18.59;617.76
321.40;298.59;-22.81;619.99
317.30;298.79;-18.51;616.09
317.27;298.49;-18.78;615.76
319.81;300.33;-19.48;620.14
318.41;298.93;-19.48;617.34
320.14;299.19;-20.95;619.33
318.93;299.22;-19.71;618.15
319.62;298.90;-20.72;618.52
317.85;301.25;-16.61;619.10
318.49;299.45;-19.04;617.94
318.31;299.74;-18.56;618.05
319.32;300.35;-18.98;619.67
319.42;300.74;-18.68;620.15
319.65;298.96;-20.69;618.61
316.98;299.49;-17.49;616.48
318.75;299.69;-19.06;618.44
317.96;300.34;-17.62;618.29
318.15;299.21;-18.94;617.36
318.61;298.36;-20.25;616.96
320.01;299.71;-20.31;619.72
319.13;301.63;-17.50;620.76
316.22;299.75;-16.47;615.96
318.51;299.30;-19.21;617.81
319.51;299.54;-19.96;619.05
320.81;300.25;-20.56;621.06
317.25;299.23;-18.02;616.48
320.56;299.19;-21.37;619.75
320.10;300.11;-19.99;620.21
318.46;302.74;-15.72;621.19
319.08;297.32;-21.76;616.41
318.19;298.75;-19.45;616.94
316.83;299.52;-17.31;616.35
318.38;298.23;-20.15;616.61
319.35;300.30;-19.05;619.65
319.95;298.22;-21.73;618.18
318.70;298.56;-20.14;617.26
318.64;298.79;-19.85;617.43
318.72;300.41;-18.31;619.12
319.15;299.53;-19.62;618.68
318.52;297.59;-20.94;616.11
319.15;296.88;-22.27;616.04
319.32;300.15;-19.17;619.48
317.62;299.52;-18.11;617.14
319.41;298.32;-21.08;617.73
320.72;298.57;-22.15;619.29
320.96;301.14;-19.82;622.11
316.64;298.27;-18.36;614.91
317.22;299.03;-18.19;616.25
317.89;301.39;-16.50;619.29
316.38;300.81;-15.56;617.19
318.76;297.65;-21.12;616.41
319.42;299.64;-19.78;619.06
319.22;298.86;-20.36;618.08
317.29;298.92;-18.36;616.21
319.10;299.98;-19.12;619.08
319.04;298.57;-20.46;617.61
319.74;297.51;-22.23;617.25
320.00;298.31;-21.69;618.31
320.64;301.51;-19.13;622.15
318.02;298.22;-19.81;616.24
319.87;299.19;-20.68;619.06
318.75;298.08;-20.67;616.82
317.45;298.54;-18.91;615.99
318.76;299.85;-18.91;618.61
319.48;297.40;-22.08;616.88
320.55;299.78;-20.77;620.32
319.07;298.40;-20.67;617.47
319.39;299.81;-19.59;619.20
320.08;299.12;-20.96;619.20
318.88;299.68;-19.20;618.56
317.13;302.19;-14.94;619.32
321.10;299.25;-21.85;620.35
320.01;299.31;-20.69;619.32
317.92;302.26;-15.66;620.18
318.35;297.02;-21.33;615.36
318.82;299.49;-19.33;618.32
318.68;299.91;-18.77;618.58
319.87;300.44;-19.43;620.31
317.81;300.04;-17.77;617.84
318.74;300.17;-18.57;618.91
318.06;303.09;-14.97;621.16
320.18;298.92;-21.26;619.11
318.56;300.16;-18.40;618.73
316.55;298.88;-17.67;615.42
316.68;300.74;-15.95;617.42
316.96;299.98;-16.98;616.94
317.18;298.88;-18.30;616.06
318.06;298.89;-19.17;616.95
319.59;299.36;-20.23;618.95
320.22;297.82;-22.40;618.04
318.31;302.21;-16.10;620.51
320.49;301.72;-18.76;622.21
316.25;298.36;-17.89;614.61
320.01;299.06;-20.95;619.06
317.21;300.42;-16.78;617.63
319.92;302.03;-17.89;621.95
319.66;297.08;-22.58;616.74
317.22;298.32;-18.90;615.55
315.46;297.96;-17.50;613.43
320.29;301.42;-18.87;621.71
318.49;298.74;-19.75;617.23
320.33;300.65;-19.68;620.98
319.71;299.26;-20.45;618.96
320.48;300.04;-20.45;620.52
321.00;298.78;-22.22;619.78
321.25;299.37;-21.88;620.62
319.82;301.25;-18.56;621.07
318.16;298.16;-19.99;616.32
317.24;297.74;-19.50;614.97
319.59;299.42;-20.18;619.01
319.76;299.00;-20.76;618.76
317.46;299.35;-18.11;616.81
318.95;299.02;-19.92;617.97
316.43;302.24;-14.19;618.67
315.58;299.33;-16.25;614.91
316.74;301.30;-15.44;618.04
317.32;298.24;-19.08;615.56
319.14;298.72;-20.41;617.86
316.75;299.28;-17.48;616.03
319.30;299.02;-20.28;618.32
320.04;298.68;-21.36;618.72
317.22;300.18;-17.05;617.40
319.56;301.35;-18.21;620.92
317.80;301.18;-16.62;618.98
316.82;298.25;-18.56;615.07
319.06;300.14;-18.92;619.21
318.42;302.08;-16.34;620.51
318.55;298.50;-20.05;617.05
317.71;298.39;-19.32;616.11
320.17;300.95;-19.22;621.12
319.82;299.74;-20.09;619.56
320.14;298.86;-21.28;618.99
319.05;298.26;-20.79;617.31
320.65;299.58;-21.07;620.22
318.65;299.10;-19.55;617.75
319.32;299.89;-19.43;619.21
319.77;297.19;-22.58;616.96
316.59;298.17;-18.42;614.76
317.08;299.38;-17.70;616.45
315.27;298.20;-17.07;613.47
317.39;299.10;-18.29;616.49
317.91;297.96;-19.95;615.88
318.38;301.05;-17.33;619.44
317.39;298.34;-19.06;615.73
319.48;298.65;-20.82;618.13
319.32;298.89;-20.42;618.21
318.09;298.21;-19.88;616.31
320.31;302.98;-17.34;623.29
318.93;299.91;-19.02;618.84
320.35;298.71;-21.64;619.06
320.95;298.58;-22.38;619.53
318.45;299.05;-19.41;617.50
318.34;297.86;-20.48;616.19
319.72;299.11;-20.61;618.84
320.81;297.01;-23.80;617.82
321.19;300.85;-20.35;622.04
316.84;298.08;-18.75;614.92
320.16;297.65;-22.51;617.81
316.11;298.04;-18.07;614.14
315.80;298.10;-17.70;613.90
319.29;301.19;-18.10;620.49
317.71;297.88;-19.83;615.59
318.45;299.12;-19.34;617.57
319.60;298.38;-21.22;617.98
319.01;297.91;-21.10;616.92
321.13;301.70;-19.43;622.83
320.62;299.83;-20.79;620.45
317.51;298.76;-18.74;616.27
319.81;299.76;-20.05;619.57
318.22;298.28;-19.94;616.49
317.09;298.15;-18.94;615.24
316.40;300.64;-15.76;617.04
319.49;298.58;-20.91;618.07
316.16;298.09;-18.07;614.26
318.70;301.82;-16.88;620.52
317.25;299.14;-18.12;616.39
318.05;298.64;-19.41;616.68
318.08;300.16;-17.92;618.24
318.80;299.18;-19.62;617.98
317.74;299.28;-18.46;617.02
319.27;298.14;-21.14;617.41
319.59;298.31;-21.28;617.90
321.04;299.01;-22.03;620.05
318.30;302.54;-15.76;620.84
320.00;298.97;-21.03;618.97
317.35;300.72;-16.63;618.06
317.98;298.77;-19.21;616.75
318.19;301.88;-16.31;620.08
320.13;298.58;-21.55;618.71
320.16;297.73;-22.43;617.89
318.20;302.16;-16.04;620.36
319.93;301.36;-18.56;621.29
320.08;298.21;-21.86;618.29
318.45;297.29;-21.16;615.75
319.71;298.44;-21.28;618.15
320.62;298.79;-21.83;619.42
319.49;298.13;-21.36;617.62
319.12;302.51;-16.61;621.63
316.48;298.76;-17.72;615.25
320.78;299.09;-21.68;619.87
318.78;299.54;-19.24;618.32
318.49;299.65;-18.85;618.14
318.81;297.35;-21.46;616.15
319.44;298.70;-20.74;618.14
320.18;298.48;-21.70;618.65
321.11;298.75;-22.36;619.85
320.88;301.15;-19.74;622.03
316.33;298.28;-18.05;614.61
319.28;297.31;-21.98;616.59
316.53;301.36;-15.16;617.89
316.47;298.17;-18.30;614.64
319.14;301.04;-18.10;620.17
319.87;301.04;-18.84;620.91
318.91;299.90;-19.01;618.81
320.91;298.25;-22.66;619.15
320.12;297.91;-22.21;618.04
319.86;297.10;-22.76;616.96
319.35;298.81;-20.54;618.15
318.49;297.68;-20.81;616.17
319.08;300.33;-18.75;619.41
321.90;297.64;-24.26;619.54
319.69;299.01;-20.68;618.70
319.80;298.26;-21.54;618.06
317.19;298.78;-18.42;615.97
318.07;297.86;-20.21;615.93
320.22;298.14;-22.09;618.36
319.91;300.68;-19.24;620.59
317.86;298.56;-19.29;616.42
317.62;300.51;-17.11;618.14
317.63;297.56;-20.07;615.19
320.66;298.21;-22.46;618.87
319.16;298.26;-20.90;617.43
319.40;297.90;-21.50;617.30
316.76;300.06;-16.70;616.82
318.62;298.21;-20.42;616.83
319.51;298.69;-20.82;618.19
321.52;299.07;-22.45;620.59
319.99;298.47;-21.52;618.46
319.46;298.21;-21.25;617.68
320.40;297.71;-22.69;618.11
319.23;298.12;-21.11;617.35
320.20;300.25;-19.95;620.45
319.38;298.67;-20.71;618.05
317.01;298.57;-18.44;615.58
318.82;298.11;-20.71;616.92
320.92;301.92;-19.01;622.84
319.38;300.51;-18.88;619.89
318.64;298.56;-20.08;617.20
320.91;300.65;-20.26;621.55
317.44;299.66;-17.78;617.10
320.17;301.15;-19.02;621.32
316.15;300.15;-16.01;616.30
320.05;301.22;-18.82;621.27
319.68;299.71;-19.97;619.38
319.66;297.76;-21.89;617.42
320.22;296.61;-23.61;616.82
320.55;298.66;-21.89;619.21
319.99;298.27;-21.72;618.26
320.55;298.39;-22.16;618.94
319.21;298.61;-20.59;617.82
320.55;297.66;-22.89;618.21
321.16;299.38;-21.78;620.54
320.58;298.93;-21.65;619.51
319.24;298.56;-20.67;617.80
319.68;300.38;-19.29;620.06
316.74;298.32;-18.42;615.05
320.01;297.10;-22.91;617.11
318.14;298.73;-19.41;616.86
319.71;297.54;-22.17;617.25
318.56;297.73;-20.84;616.29
318.05;297.89;-20.16;615.94
320.61;298.58;-22.02;619.19
321.36;297.54;-23.82;618.90
318.14;297.62;-20.52;615.76
320.45;297.99;-22.46;618.44
320.82;297.54;-23.28;618.35
319.50;299.09;-20.41;618.59
321.06;299.37;-21.69;620.44
317.98;297.52;-20.46;615.50
319.09;301.59;-17.50;620.69
318.18;298.52;-19.65;616.70
317.68;298.61;-19.07;616.29
319.46;298.02;-21.44;617.48
320.39;298.42;-21.98;618.81
319.23;300.95;-18.28;620.18
319.35;301.83;-17.52;621.18
318.05;298.06;-19.99;616.11
320.38;298.84;-21.54;619.22
319.45;301.67;-17.78;621.12
318.49;298.49;-20.01;616.98
317.62;298.32;-19.30;615.94
317.82;301.01;-16.81;618.82
318.34;298.19;-20.14;616.53
318.98;299.81;-19.17;618.78
317.72;297.56;-20.16;615.28
319.99;300.88;-19.12;620.87
319.79;299.05;-20.74;618.84
320.91;298.58;-22.32;619.49
320.83;297.91;-22.92;618.74
319.41;301.13;-18.28;620.54
318.45;298.05;-20.39;616.50
319.12;298.27;-20.85;617.39
319.00;301.62;-17.38;620.62
317.75;298.41;-19.34;616.16
318.34;300.77;-17.56;619.11
321.51;299.49;-22.02;620.99
318.47;298.29;-20.18;616.76
318.25;298.09;-20.16;616.34
319.17;300.49;-18.68;619.66
317.26;301.26;-16.01;618.52
317.44;299.85;-17.59;617.29
319.09;298.25;-20.84;617.34
319.26;298.95;-20.32;618.21
318.12;301.09;-17.04;619.21
321.39;301.15;-20.24;622.55
318.09;298.48;-19.61;616.58
318.95;297.65;-21.30;616.61
320.21;299.25;-20.96;619.46
320.26;299.38;-20.89;619.64
319.45;298.66;-20.79;618.11
317.59;298.75;-18.84;616.34
318.45;296.78;-21.67;615.22
318.62;297.91;-20.72;616.53
317.47;298.81;-18.66;616.28
319.54;297.91;-21.62;617.45
319.26;299.40;-19.86;618.66
316.58;298.93;-17.65;615.51
317.24;297.82;-19.41;615.06
318.89;296.87;-22.02;615.76
318.59;299.13;-19.46;617.72
320.28;298.45;-21.82;618.73
321.45;299.54;-21.91;620.99
318.55;299.23;-19.32;617.78
319.36;300.06;-19.30;619.43
316.79;299.15;-17.65;615.94
317.17;298.38;-18.79;615.55
318.15;298.62;-19.52;616.77
320.54;299.12;-21.42;619.65
320.12;299.75;-20.37;619.86
320.35;298.08;-22.26;618.43
320.47;299.29;-21.18;619.76
321.05;299.13;-21.92;620.18
319.99;299.93;-20.06;619.92
318.85;301.22;-17.64;620.07
317.68;298.71;-18.97;616.39
318.12;298.59;-19.52;616.71
317.97;299.33;-18.64;617.30
319.80;298.62;-21.18;618.42
318.78;298.05;-20.72;616.83
318.04;298.62;-19.42;616.66
319.89;296.15;-23.74;616.04
318.64;298.40;-20.24;617.04
319.03;298.99;-20.04;618.02
317.49;297.34;-20.15;614.84
319.96;297.75;-22.21;617.71
319.94;298.59;-21.35;618.54
317.10;298.43;-18.67;615.53
318.85;298.47;-20.38;617.32
319.14;297.82;-21.32;616.96
319.49;299.71;-19.78;619.20
319.93;300.45;-19.48;620.38
318.39;298.69;-19.70;617.08
318.19;296.98;-21.21;615.17
320.05;298.82;-21.23;618.88
320.91;297.53;-23.38;618.44
318.96;297.97;-20.99;616.94
318.31;301.97;-16.34;620.28
316.08;298.36;-17.72;614.45
315.88;297.18;-18.71;613.06
320.35;298.78;-21.57;619.12
318.65;300.52;-18.13;619.18
318.12;298.32;-19.81;616.44
319.88;299.38;-20.51;619.26
320.26;297.99;-22.27;618.25
317.86;300.47;-17.39;618.34
318.75;299.03;-19.72;617.78
319.91;298.91;-20.99;618.82
319.45;300.45;-18.99;619.90
319.47;301.63;-17.84;621.10
317.18;299.05;-18.13;616.22
319.48;297.08;-22.40;616.55
319.64;297.04;-22.59;616.68
318.12;299.15;-18.96;617.27
318.79;297.91;-20.88;616.71
319.19;297.96;-21.24;617.15
320.19;298.72;-21.47;618.91
320.76;301.92;-18.84;622.69
316.27;301.71;-14.56;617.98
320.13;297.97;-22.16;618.10
320.37;299.16;-21.21;619.54
316.56;298.39;-18.18;614.95
318.29;300.30;-17.99;618.59
320.24;299.08;-21.16;619.32
321.50;297.34;-24.16;618.84
318.04;297.85;-20.19;615.88
320.27;298.56;-21.71;618.84
319.18;298.75;-20.44;617.93
321.10;301.05;-20.05;622.15
316.19;298.02;-18.17;614.22
317.58;300.60;-16.98;618.18
317.66;298.82;-18.84;616.48
317.51;297.38;-20.13;614.89
318.81;299.25;-19.56;618.06
320.81;298.39;-22.41;619.20
320.75;298.07;-22.68;618.82
319.09;298.64;-20.45;617.74
318.52;298.01;-20.51;616.52
320.14;301.30;-18.84;621.44
317.31;299.81;-17.49;617.12
319.52;298.38;-21.14;617.91
321.16;298.99;-22.17;620.15
318.45;298.09;-20.36;616.54
321.07;300.49;-20.58;621.56
320.29;301.41;-18.89;621.70
317.09;298.17;-18.92;615.26
319.51;299.00;-20.51;618.51
317.29;297.68;-19.61;614.97
318.33;298.89;-19.44;617.22
320.58;297.91;-22.67;618.48
320.64;298.19;-22.45;618.82
320.72;298.92;-21.79;619.64
319.57;297.52;-22.05;617.09
318.28;300.89;-17.39;619.16
319.22;301.21;-18.01;620.44
319.35;300.17;-19.18;619.52
322.29;297.46;-24.83;619.76
319.96;301.61;-18.35;621.58
320.03;298.61;-21.42;618.64
319.06;301.62;-17.45;620.68
320.55;297.24;-23.32;617.79
317.81;299.11;-18.70;616.92
320.70;299.18;-21.52;619.88
320.18;297.52;-22.65;617.70
319.24;298.56;-20.67;617.80
319.29;299.03;-20.26;618.32
317.65;297.68;-19.97;615.34
319.03;298.64;-20.39;617.66
319.01;298.14;-20.86;617.15
318.79;298.80;-19.99;617.59
317.91;298.29;-19.61;616.20
321.06;299.20;-21.86;620.26
319.67;297.34;-22.34;617.01
320.15;301.20;-18.95;621.35
320.46;297.01;-23.45;617.47
318.48;298.65;-19.83;617.14
319.62;301.57;-18.05;621.19
318.16;299.01;-19.15;617.17
317.19;298.04;-19.15;615.24
320.10;298.59;-21.51;618.69
320.21;300.36;-19.85;620.56
318.26;298.11;-20.15;616.36
319.03;299.51;-19.52;618.54
319.61;298.76;-20.85;618.37
320.81;297.42;-23.39;618.23
319.27;300.88;-18.39;620.15
319.91;301.17;-18.74;621.08
316.42;298.01;-18.41;614.42
320.43;300.98;-19.45;621.41
317.54;297.62;-19.92;615.16
319.14;298.92;-20.22;618.06
320.03;298.54;-21.49;618.56
319.81;297.99;-21.82;617.79
320.30;298.18;-22.12;618.48
320.68;297.30;-23.38;617.98
322.29;298.86;-23.43;621.16
319.77;298.15;-21.62;617.92
316.96;297.84;-19.12;614.79
319.01;297.00;-22.01;616.01
319.21;298.08;-21.13;617.28
319.82;301.18;-18.65;621.00
319.97;297.91;-22.06;617.88
317.75;299.82;-17.93;617.58
318.84;297.34;-21.49;616.18
319.10;297.75;-21.35;616.85
321.02;299.38;-21.64;620.41
319.82;299.86;-19.95;619.68
319.58;297.69;-21.89;617.26
318.48;297.86;-20.62;616.34
316.32;298.55;-17.77;614.88
318.98;298.63;-20.35;617.61
320.11;298.79;-21.32;618.90
318.86;297.91;-20.95;616.77
318.21;302.86;-15.34;621.07
317.42;298.53;-18.89;615.95
317.88;298.42;-19.45;616.30
319.41;299.02;-20.39;618.42
321.14;299.80;-21.34;620.94
320.29;299.89;-20.39;620.18
318.69;298.64;-20.05;617.34
319.73;301.91;-17.82;621.64
318.14;297.15;-20.99;615.29
317.81;302.34;-15.47;620.14
319.85;298.77;-21.08;618.62
318.58;300.82;-17.75;619.40
318.92;299.36;-19.55;618.28
321.78;297.52;-24.25;619.30
319.10;298.72;-20.38;617.82
319.97;299.38;-20.59;619.35
318.52;298.12;-20.39;616.64
320.29;299.89;-20.39;620.18
319.56;298.56;-20.99;618.12
319.94;298.20;-21.74;618.14
318.66;299.56;-19.11;618.22
319.20;298.22;-20.98;617.42
318.85;298.63;-20.22;617.48
319.72;297.39;-22.34;617.11
319.71;298.43;-21.28;618.14
317.71;298.82;-18.89;616.53
319.67;298.34;-21.34;618.01
318.39;300.82;-17.56;619.21
319.91;299.42;-20.49;619.33
318.95;300.20;-18.75;619.15
319.49;298.46;-21.03;617.95
319.15;299.16;-19.99;618.31
316.55;301.24;-15.32;617.79
320.49;298.24;-22.25;618.74
319.84;297.83;-22.01;617.67
316.99;301.86;-15.14;618.85
317.12;298.81;-18.32;615.93
320.35;302.04;-18.31;622.38
318.61;301.52;-17.08;620.13
319.05;297.52;-21.53;616.58
321.23;299.73;-21.50;620.96
318.86;298.13;-20.73;616.99
320.04;299.09;-20.95;619.14
317.29;298.68;-18.61;615.96
317.65;298.67;-18.98;616.32
319.86;298.79;-21.07;618.65
319.12;298.06;-21.05;617.18
317.84;299.84;-18.00;617.68
318.84;297.96;-20.88;616.80
319.43;298.64;-20.79;618.07
319.48;298.47;-21.01;617.95
317.00;297.88;-19.12;614.88
319.86;298.42;-21.44;618.29
320.84;298.78;-22.06;619.62
320.55;298.71;-21.84;619.26
319.45;299.64;-19.81;619.08
318.78;298.04;-20.74;616.82
319.71;298.05;-21.66;617.75
318.84;297.70;-21.14;616.54
319.88;297.79;-22.08;617.67
319.78;298.08;-21.70;617.85
317.05;300.79;-16.25;617.84
320.37;298.89;-21.48;619.26
319.71;298.07;-21.64;617.78
318.61;299.03;-19.58;617.64
320.09;298.15;-21.94;618.25
320.72;299.19;-21.52;619.91
321.49;299.38;-22.12;620.87
319.98;298.91;-21.07;618.89
319.56;299.28;-20.29;618.84
318.55;298.18;-20.37;616.74
320.15;297.67;-22.48;617.82
320.86;299.19;-21.68;620.05
319.59;302.42;-17.17;622.01
318.67;301.22;-17.45;619.89
317.74;297.16;-20.58;614.91
320.15;298.62;-21.53;618.78
321.03;299.12;-21.91;620.15
318.98;299.12;-19.86;618.09
317.54;298.59;-18.94;616.13
321.22;299.35;-21.86;620.57
320.45;299.44;-21.01;619.89
316.93;298.24;-18.69;615.16
317.51;297.38;-20.13;614.88
320.74;297.60;-23.14;618.34
320.15;299.37;-20.78;619.52
319.65;298.26;-21.39;617.91
319.34;299.99;-19.34;619.33
317.54;299.99;-17.55;617.52
318.69;301.22;-17.48;619.91
320.34;297.09;-23.25;617.43
318.01;298.54;-19.47;616.55
317.94;300.96;-16.97;618.90
318.32;298.12;-20.21;616.44
321.12;299.89;-21.24;621.01
317.78;300.28;-17.51;618.06
315.62;299.10;-16.52;614.72
319.96;299.24;-20.73;619.20
320.24;297.12;-23.12;617.36
318.76;300.76;-18.00;619.52
319.66;300.96;-18.69;620.62
319.49;299.52;-19.97;619.01
319.64;298.39;-21.25;618.02
318.51;297.35;-21.16;615.86
319.99;300.13;-19.86;620.12
316.92;298.42;-18.50;615.35
320.33;298.36;-21.97;618.69
320.52;297.18;-23.34;617.71
319.01;297.90;-21.11;616.91
319.11;298.68;-20.44;617.79
318.72;298.05;-20.67;616.76
319.84;297.90;-21.94;617.74
319.73;297.69;-22.04;617.42
319.68;299.19;-20.49;618.88
319.84;298.14;-21.70;617.97
320.19;298.00;-22.19;618.19
318.36;298.24;-20.12;616.59
319.24;298.55;-20.69;617.79
319.52;301.06;-18.46;620.59
320.15;299.71;-20.45;619.86
317.08;298.05;-19.02;615.13
318.80;298.84;-19.96;617.64
317.34;301.24;-16.10;618.57
318.27;299.32;-18.95;617.59
316.71;299.99;-16.72;616.69
318.12;298.47;-19.65;616.59
318.91;298.17;-20.74;617.08
319.77;300.59;-19.18;620.36
