298.89;282.06;-16.83;580.95
300.75;282.54;-18.21;583.28
300.41;282.87;-17.54;583.28
300.69;283.12;-17.57;583.82
300.01;281.78;-18.24;581.79
300.52;282.06;-18.46;582.58
300.07;281.49;-18.58;581.56
300.81;282.15;-18.66;582.96
300.50;281.36;-19.14;581.86
300.41;283.36;-17.05;583.76
301.05;281.88;-19.16;582.93
301.82;279.34;-22.48;581.16
299.07;283.39;-15.68;582.46
301.80;281.74;-20.06;583.54
299.48;282.20;-17.28;581.68
300.05;282.50;-17.55;582.55
300.64;283.67;-16.96;584.31
301.18;280.50;-20.68;581.68
299.92;281.91;-18.02;581.83
300.96;282.00;-18.96;582.96
300.16;281.46;-18.70;581.63
299.16;282.17;-16.99;581.33
300.58;282.97;-17.61;583.55
299.22;281.30;-17.92;580.52
300.02;282.56;-17.46;582.58
301.92;281.63;-20.29;583.55
301.11;282.39;-18.72;583.50
300.52;282.94;-17.58;583.46
300.79;282.39;-18.40;583.18
301.45;282.92;-18.54;584.37
300.59;283.12;-17.48;583.71
299.56;279.05;-20.52;578.61
301.25;284.42;-16.83;585.66
299.57;281.05;-18.52;580.62
301.78;281.39;-20.39;583.16
298.87;280.85;-18.02;579.72
300.64;279.51;-21.13;580.14
300.54;282.36;-18.18;582.91
301.05;282.29;-18.76;583.34
298.69;283.34;-15.36;582.03
301.03;280.84;-20.19;581.86
298.76;281.85;-16.92;580.61
300.65;281.76;-18.89;582.41
300.04;280.25;-19.79;580.29
300.86;280.98;-19.89;581.84
299.59;282.42;-17.17;582.01
299.85;281.06;-18.79;580.92
302.77;282.77;-20.00;585.54
300.28;283.24;-17.04;583.51
299.94;283.25;-16.69;583.19
301.71;281.28;-20.44;582.99
300.51;282.15;-18.35;582.66
300.01;282.50;-17.51;582.51
300.50;283.11;-17.39;583.61
302.62;281.25;-21.38;583.87
301.94;281.88;-20.06;583.82
299.76;282.36;-17.41;582.12
301.62;280.43;-21.19;582.05
302.85;282.25;-20.60;585.11
300.01;279.88;-20.14;579.89
300.62;281.65;-18.97;582.26
300.12;280.35;-19.76;580.47
302.18;283.28;-18.90;585.46
301.61;281.35;-20.26;582.96
300.35;282.51;-17.84;582.86
300.12;282.61;-17.52;582.73
301.73;281.56;-20.17;583.29
299.31;283.45;-15.86;582.75
301.71;281.94;-19.78;583.65
299.35;280.71;-18.64;580.06
300.31;283.28;-17.04;583.59
300.74;283.01;-17.73;583.74
298.42;282.85;-15.58;581.27
300.35;282.22;-18.13;582.56
299.87;282.66;-17.21;582.53
298.62;283.86;-14.76;582.48
301.01;281.05;-19.96;582.05
301.81;283.16;-18.65;584.96
299.74;282.52;-17.22;582.25
300.49;283.29;-17.20;583.78
300.94;281.98;-18.96;582.92
299.94;281.08;-18.86;581.02
299.38;282.35;-17.04;581.73
299.69;281.24;-18.45;580.92
300.57;282.74;-17.84;583.31
299.38;282.49;-16.89;581.87
301.09;283.27;-17.82;584.36
302.68;284.03;-18.65;586.71
300.41;283.75;-16.65;584.16
300.25;283.79;-16.46;584.04
300.11;281.99;-18.12;582.10
299.53;282.82;-16.71;582.35
300.34;282.78;-17.56;583.12
299.38;282.61;-16.77;581.98
301.84;284.38;-17.46;586.22
299.46;283.99;-15.47;583.45
300.25;282.65;-17.60;582.89
301.24;284.36;-16.88;585.59
300.03;281.89;-18.14;581.92
299.46;282.34;-17.12;581.79
298.04;283.13;-14.91;581.16
302.21;281.88;-20.32;584.09
299.80;284.01;-15.79;583.81
299.16;281.85;-17.31;581.02
300.12;281.71;-18.41;581.84
300.78;281.85;-18.93;582.64
299.82;281.58;-18.24;581.39
300.68;282.45;-18.23;583.12
300.21;281.19;-19.02;581.39
302.15;280.83;-21.32;582.98
299.53;282.94;-16.59;582.46
302.04;281.51;-20.54;583.55
299.88;284.25;-15.63;584.14
298.95;283.14;-15.81;582.09
301.45;281.22;-20.23;582.66
299.33;282.25;-17.08;581.58
300.07;280.94;-19.13;581.01
299.73;279.77;-19.96;579.50
299.36;281.30;-18.06;580.66
301.08;283.28;-17.81;584.36
299.52;280.66;-18.86;580.18
300.35;283.31;-17.04;583.66
300.89;282.75;-18.15;583.64
300.94;281.14;-19.80;582.08
300.69;282.04;-18.65;582.72
300.12;281.45;-18.66;581.57
299.04;283.29;-15.75;582.32
298.69;282.88;-15.81;581.56
299.43;282.42;-17.01;581.85
298.91;281.14;-17.78;580.05
300.85;281.99;-18.86;582.84
298.68;281.63;-17.05;580.31
300.54;281.49;-19.05;582.03
301.29;281.18;-20.11;582.48
299.74;281.81;-17.93;581.54
301.41;281.06;-20.35;582.48
300.54;281.64;-18.91;582.18
298.15;280.98;-17.17;579.12
300.63;283.71;-16.92;584.34
299.64;282.65;-16.99;582.28
299.23;281.97;-17.26;581.20
299.74;283.42;-16.32;583.16
300.34;281.62;-18.72;581.96
299.72;281.28;-18.44;581.00
298.94;282.07;-16.87;581.01
299.84;284.19;-15.65;584.02
301.87;283.81;-18.06;585.68
300.38;284.26;-16.12;584.65
300.20;285.13;-15.07;585.33
299.75;282.83;-16.92;582.58
300.34;283.90;-16.44;584.24
299.52;282.60;-16.92;582.12
300.45;281.61;-18.84;582.05
299.84;282.49;-17.35;582.33
300.37;283.63;-16.74;584.00
299.34;282.09;-17.25;581.43
301.87;283.04;-18.83;584.91
297.68;282.68;-15.00;580.35
299.97;283.62;-16.35;583.59
299.14;281.94;-17.21;581.08
300.55;281.28;-19.27;581.82
299.19;282.39;-16.79;581.58
301.44;281.14;-20.29;582.58
300.05;283.13;-16.92;583.18
300.11;283.14;-16.97;583.25
299.49;282.74;-16.76;582.23
300.15;282.76;-17.38;582.91
298.03;280.15;-17.88;578.18
300.07;281.63;-18.44;581.70
300.84;283.01;-17.83;583.85
301.38;281.33;-20.05;582.71
300.92;282.06;-18.85;582.98
299.69;283.88;-15.82;583.57
299.23;282.26;-16.97;581.49
299.85;279.58;-20.26;579.43
300.42;283.84;-16.58;584.26
299.61;282.54;-17.06;582.15
300.37;284.01;-16.36;584.38
299.97;284.40;-15.57;584.37
300.73;283.36;-17.36;584.09
301.62;283.03;-18.59;584.65
299.25;283.63;-15.62;582.88
300.44;281.18;-19.26;581.61
299.11;281.99;-17.12;581.11
299.92;282.86;-17.06;582.78
302.38;283.69;-18.69;586.06
299.17;283.19;-15.98;582.36
301.08;283.62;-17.45;584.70
298.79;283.07;-15.72;581.86
299.54;282.61;-16.92;582.15
300.28;282.04;-18.24;582.31
297.99;283.50;-14.49;581.49
298.81;283.05;-15.76;581.86
299.50;282.51;-16.99;582.01
300.15;281.59;-18.56;581.74
299.14;282.04;-17.10;581.18
299.71;282.74;-16.96;582.45
300.29;282.16;-18.12;582.45
298.82;282.78;-16.04;581.61
300.75;282.50;-18.25;583.25
299.46;282.50;-16.96;581.96
300.10;279.86;-20.24;579.96
299.56;280.35;-19.21;579.91
300.21;281.27;-18.94;581.48
299.34;283.65;-15.69;582.98
300.14;281.31;-18.84;581.45
300.58;282.49;-18.09;583.06
299.99;283.08;-16.91;583.08
300.76;282.42;-18.34;583.19
299.66;281.26;-18.40;580.93
301.14;283.29;-17.85;584.44
300.04;282.56;-17.47;582.60
301.79;283.28;-18.51;585.08
299.71;281.32;-18.39;581.03
300.08;283.45;-16.64;583.53
299.55;280.68;-18.87;580.24
298.51;282.81;-15.70;581.31
300.85;283.42;-17.44;584.27
298.72;284.30;-14.42;583.02
300.76;283.73;-17.04;584.49
301.42;284.69;-16.74;586.11
299.94;283.33;-16.61;583.27
299.87;284.18;-15.69;584.05
299.15;283.31;-15.85;582.46
301.09;282.49;-18.61;583.58
301.75;281.87;-19.88;583.62
300.08;282.87;-17.21;582.95
299.86;281.66;-18.21;581.52
300.48;282.45;-18.03;582.94
299.86;283.05;-16.81;582.91
299.65;283.79;-15.85;583.44
299.81;282.34;-17.47;582.14
300.21;281.98;-18.23;582.19
299.64;280.72;-18.91;580.36
300.22;283.13;-17.09;583.35
298.94;279.94;-18.99;578.88
299.64;282.92;-16.72;582.55
300.43;282.12;-18.31;582.55
299.90;282.58;-17.32;582.48
298.60;281.94;-16.66;580.54
300.92;280.79;-20.14;581.71
300.62;283.21;-17.42;583.83
299.40;283.89;-15.51;583.29
300.24;280.98;-19.25;581.22
300.92;281.75;-19.16;582.67
298.19;284.35;-13.84;582.54
300.37;283.14;-17.23;583.51
299.51;280.88;-18.63;580.38
300.22;280.25;-19.96;580.47
300.99;281.34;-19.65;582.33
300.18;283.36;-16.81;583.54
300.56;281.62;-18.95;582.18
300.25;283.23;-17.02;583.48
298.96;283.33;-15.63;582.29
298.57;281.70;-16.87;580.27
299.18;281.48;-17.70;580.66
301.09;283.10;-17.99;584.19
300.42;283.80;-16.62;584.22
299.58;281.14;-18.44;580.71
300.35;280.34;-20.01;580.69
299.56;282.91;-16.65;582.47
300.44;283.53;-16.91;583.96
299.39;284.11;-15.29;583.50
298.97;281.86;-17.11;580.84
299.34;282.59;-16.74;581.93
299.97;284.53;-15.44;584.50
297.86;282.16;-15.70;580.03
300.15;283.11;-17.04;583.26
298.24;282.17;-16.07;580.41
300.01;282.29;-17.71;582.30
301.78;280.62;-21.15;582.40
299.61;283.65;-15.96;583.26
300.44;283.25;-17.19;583.69
299.69;284.11;-15.58;583.80
300.28;283.42;-16.86;583.70
299.09;283.78;-15.31;582.86
301.69;283.85;-17.84;585.54
300.72;282.40;-18.32;583.12
300.23;282.68;-17.55;582.91
299.72;285.08;-14.65;584.80
299.68;282.73;-16.95;582.41
300.35;281.78;-18.58;582.13
300.04;282.75;-17.29;582.79
300.25;281.45;-18.81;581.70
301.02;283.39;-17.63;584.42
299.84;283.61;-16.23;583.45
300.48;282.10;-18.38;582.58
299.89;283.11;-16.79;583.00
299.59;281.73;-17.86;581.32
300.31;282.46;-17.84;582.77
298.92;283.24;-15.69;582.16
299.82;282.89;-16.93;582.72
300.28;282.74;-17.54;583.02
299.54;280.89;-18.64;580.43
300.82;281.76;-19.05;582.58
301.04;283.86;-17.18;584.90
300.42;282.64;-17.78;583.06
299.23;282.06;-17.17;581.29
299.78;284.21;-15.57;583.98
299.41;281.76;-17.65;581.16
301.34;281.49;-19.85;582.84
300.63;281.72;-18.91;582.35
298.52;281.69;-16.83;580.21
299.06;282.28;-16.79;581.34
298.08;282.02;-16.06;580.09
299.52;283.30;-16.22;582.82
301.22;282.67;-18.55;583.89
302.16;283.20;-18.96;585.36
299.45;283.95;-15.50;583.39
300.50;283.24;-17.26;583.74
299.05;283.92;-15.13;582.98
299.82;281.60;-18.22;581.42
299.52;282.77;-16.75;582.29
300.16;283.44;-16.72;583.61
299.68;282.12;-17.55;581.80
300.37;283.72;-16.65;584.09
300.01;283.36;-16.65;583.36
299.55;282.81;-16.74;582.36
300.37;283.44;-16.93;583.81
301.11;283.89;-17.21;585.00
300.20;281.22;-18.98;581.42
301.01;282.74;-18.26;583.75
300.23;281.44;-18.79;581.67
300.99;282.54;-18.45;583.54
301.69;283.16;-18.52;584.85
299.80;283.84;-15.96;583.64
301.39;281.36;-20.04;582.75
299.22;281.29;-17.93;580.51
298.78;284.66;-14.12;583.44
299.54;282.69;-16.85;582.24
300.36;283.49;-16.87;583.85
299.08;283.75;-15.32;582.83
300.07;285.02;-15.05;585.09
299.82;282.76;-17.05;582.58
300.42;281.95;-18.47;582.36
300.19;284.31;-15.89;584.50
298.82;284.56;-14.26;583.38
299.69;284.25;-15.44;583.94
301.44;282.61;-18.82;584.05
299.10;284.01;-15.09;583.11
298.75;283.01;-15.75;581.76
299.44;283.74;-15.70;583.18
299.95;281.56;-18.38;581.51
298.97;283.88;-15.09;582.85
300.71;282.95;-17.75;583.66
300.66;282.17;-18.49;582.83
299.86;281.35;-18.51;581.21
300.99;283.62;-17.36;584.61
299.46;282.79;-16.66;582.25
299.08;283.32;-15.76;582.40
299.82;284.21;-15.61;584.04
298.82;284.90;-13.92;583.72
300.25;282.61;-17.65;582.86
300.21;283.41;-16.79;583.62
297.92;284.52;-13.39;582.44
299.86;283.44;-16.42;583.31
300.12;284.72;-15.40;584.84
299.56;282.95;-16.61;582.51
300.71;283.95;-16.76;584.65
299.55;283.06;-16.49;582.61
299.54;283.81;-15.73;583.35
299.26;281.34;-17.92;580.60
300.16;280.82;-19.34;580.99
298.91;283.35;-15.56;582.25
299.92;282.29;-17.62;582.21
299.68;283.51;-16.18;583.19
299.64;281.78;-17.86;581.41
299.54;281.83;-17.71;581.37
300.41;282.15;-18.26;582.56
298.40;281.49;-16.91;579.89
299.41;281.81;-17.60;581.21
300.26;281.43;-18.83;581.69
299.86;282.29;-17.56;582.15
298.71;282.99;-15.72;581.71
299.65;282.94;-16.71;582.58
299.32;283.03;-16.29;582.35
300.11;280.43;-19.68;580.54
299.11;282.12;-16.99;581.22
300.08;284.34;-15.75;584.42
300.66;281.97;-18.69;582.63
298.43;284.38;-14.05;582.81
299.35;282.88;-16.48;582.23
300.17;280.20;-19.97;580.37
299.30;282.71;-16.59;582.01
300.15;282.23;-17.92;582.38
299.61;281.50;-18.11;581.11
298.78;282.16;-16.62;580.94
299.96;284.68;-15.28;584.65
299.55;283.84;-15.71;583.39
298.31;282.65;-15.66;580.96
298.06;283.57;-14.49;581.63
298.76;281.95;-16.81;580.71
299.68;282.62;-17.06;582.30
298.99;283.91;-15.08;582.90
298.43;282.72;-15.71;581.15
299.36;285.16;-14.19;584.52
298.49;285.20;-13.29;583.69
298.21;284.02;-14.19;582.24
298.12;282.24;-15.89;580.36
300.05;283.43;-16.62;583.48
300.05;283.79;-16.26;583.84
298.77;284.76;-14.01;583.53
299.69;282.15;-17.54;581.84
300.39;282.99;-17.41;583.38
298.22;283.86;-14.35;582.08
298.79;282.42;-16.37;581.22
299.94;283.15;-16.79;583.09
299.90;283.49;-16.41;583.39
298.74;281.65;-17.08;580.39
299.53;285.02;-14.51;584.55
300.27;283.21;-17.06;583.48
297.95;282.89;-15.05;580.84
298.88;281.36;-17.52;580.24
299.78;282.28;-17.49;582.06
300.55;282.03;-18.52;582.58
299.66;284.71;-14.95;584.38
300.29;283.46;-16.84;583.75
299.81;284.98;-14.82;584.79
300.89;282.14;-18.75;583.04
299.78;283.14;-16.64;582.92
299.28;285.17;-14.11;584.45
300.13;283.50;-16.63;583.63
301.25;282.84;-18.41;584.08
298.97;283.27;-15.70;582.24
297.90;283.14;-14.76;581.04
299.17;284.13;-15.04;583.30
298.62;283.52;-15.11;582.14
299.51;284.31;-15.21;583.82
299.58;277.19;-22.39;576.76
301.35;281.45;-19.91;582.80
300.09;283.41;-16.68;583.50
298.21;283.38;-14.83;581.59
300.66;283.26;-17.39;583.92
301.64;282.98;-18.66;584.62
299.49;282.51;-16.98;582.00
298.71;281.65;-17.06;580.36
300.13;284.77;-15.36;584.90
300.48;282.39;-18.08;582.87
299.75;283.44;-16.31;583.19
299.70;283.38;-16.32;583.08
301.49;284.78;-16.71;586.27
298.40;282.48;-15.92;580.88
300.26;286.11;-14.15;586.37
301.24;283.95;-17.29;585.19
299.27;282.17;-17.10;581.44
298.88;282.39;-16.49;581.27
298.87;284.01;-14.86;582.88
298.75;281.98;-16.77;580.74
300.74;282.34;-18.39;583.08
300.63;283.04;-17.59;583.66
301.05;281.24;-19.81;582.28
300.28;283.52;-16.76;583.80
301.22;282.35;-18.87;583.56
300.80;282.38;-18.42;583.18
298.64;281.68;-16.96;580.32
299.45;283.96;-15.49;583.41
300.11;281.94;-18.17;582.04
299.91;281.67;-18.24;581.58
300.48;282.25;-18.23;582.72
299.94;283.89;-16.05;583.83
298.81;283.35;-15.46;582.16
298.70;282.95;-15.75;581.65
299.65;282.09;-17.56;581.75
300.45;284.91;-15.54;585.35
299.64;281.68;-17.96;581.32
300.20;282.51;-17.69;582.71
299.62;281.39;-18.24;581.01
299.05;282.05;-17.01;581.10
298.79;283.06;-15.73;581.86
300.58;281.89;-18.68;582.47
300.64;282.95;-17.69;583.59
299.55;281.12;-18.43;580.68
300.93;281.77;-19.16;582.70
299.95;284.58;-15.37;584.54
300.90;282.22;-18.68;583.12
298.90;283.32;-15.58;582.22
300.88;283.05;-17.83;583.92
300.32;282.90;-17.42;583.22
299.56;282.46;-17.09;582.02
299.24;283.61;-15.62;582.85
300.09;283.38;-16.71;583.46
300.22;282.45;-17.78;582.67
298.71;281.30;-17.41;580.01
300.01;282.95;-17.06;582.95
299.11;282.44;-16.66;581.55
299.95;283.12;-16.83;583.08
299.71;281.16;-18.54;580.87
298.91;282.25;-16.66;581.15
298.84;281.99;-16.85;580.84
299.98;282.85;-17.12;582.83
300.79;280.88;-19.91;581.68
300.14;284.16;-15.98;584.30
300.94;281.06;-19.88;582.00
300.58;282.95;-17.63;583.52
299.41;282.56;-16.84;581.97
299.04;280.68;-18.36;579.72
297.93;283.25;-14.68;581.18
299.94;280.21;-19.73;580.14
299.91;280.99;-18.92;580.89
299.42;283.84;-15.58;583.26
300.52;282.79;-17.73;583.32
299.45;283.98;-15.47;583.44
298.78;283.19;-15.59;581.96
299.67;280.99;-18.68;580.66
300.52;282.91;-17.62;583.43
299.54;283.02;-16.52;582.56
299.15;283.62;-15.52;582.77
300.10;282.61;-17.49;582.71
299.14;283.86;-15.28;582.99
300.01;281.99;-18.02;581.99
299.72;282.94;-16.79;582.66
298.62;282.82;-15.81;581.44
299.72;282.73;-16.99;582.45
301.44;283.75;-17.68;585.19
300.05;281.48;-18.58;581.53
301.16;282.82;-18.35;583.98
298.91;283.40;-15.51;582.31
298.06;283.02;-15.04;581.08
299.01;283.22;-15.78;582.23
299.68;282.88;-16.80;582.55
299.60;283.93;-15.67;583.53
298.45;284.70;-13.75;583.15
300.02;282.64;-17.38;582.65
300.34;283.74;-16.61;584.08
298.16;284.41;-13.75;582.56
297.82;282.42;-15.39;580.24
299.98;281.73;-18.25;581.71
299.74;282.96;-16.78;582.69
298.80;285.20;-13.60;584.00
301.65;283.02;-18.63;584.66
299.16;281.66;-17.50;580.83
300.34;284.77;-15.57;585.11
299.29;282.64;-16.66;581.93
298.89;283.58;-15.31;582.47
299.81;284.33;-15.48;584.14
299.06;283.77;-15.29;582.84
298.82;281.44;-17.39;580.26
299.31;283.79;-15.52;583.09
300.32;284.77;-15.55;585.09
299.05;281.31;-17.74;580.35
298.71;283.14;-15.57;581.84
298.74;283.04;-15.71;581.78
299.45;283.64;-15.81;583.09
298.31;284.11;-14.20;582.42
298.95;281.82;-17.12;580.77
301.23;283.49;-17.74;584.72
300.78;280.75;-20.03;581.52
299.76;282.77;-16.99;582.54
299.41;282.54;-16.88;581.95
299.32;282.80;-16.52;582.12
298.10;283.91;-14.19;582.01
298.82;283.33;-15.49;582.15
300.10;284.14;-15.96;584.24
298.71;283.41;-15.30;582.12
299.65;284.37;-15.28;584.02
299.29;285.61;-13.68;584.91
300.14;283.09;-17.05;583.23
299.28;283.86;-15.42;583.14
297.91;284.92;-12.99;582.82
298.93;284.48;-14.45;583.41
297.76;281.23;-16.53;578.99
298.77;280.99;-17.78;579.76
299.38;283.95;-15.43;583.34
297.22;283.48;-13.74;580.69
298.00;284.46;-13.54;582.46
300.11;281.92;-18.19;582.04
299.70;284.31;-15.39;584.01
299.62;282.05;-17.58;581.67
299.48;280.85;-18.63;580.32
300.46;283.61;-16.86;584.07
299.86;283.66;-16.21;583.52
297.92;280.36;-17.55;578.28
298.98;283.09;-15.88;582.07
298.73;282.92;-15.81;581.65
298.74;285.28;-13.46;584.01
298.41;282.01;-16.40;580.41
299.18;282.81;-16.36;581.99
298.15;283.35;-14.80;581.51
299.12;283.53;-15.59;582.65
299.90;283.36;-16.54;583.26
298.86;282.58;-16.29;581.44
298.60;282.98;-15.62;581.58
298.44;281.79;-16.65;580.24
299.06;285.61;-13.45;584.67
301.52;283.42;-18.10;584.95
299.21;282.36;-16.84;581.57
298.80;282.02;-16.78;580.82
299.59;283.28;-16.31;582.88
298.84;284.01;-14.84;582.85
298.50;281.65;-16.85;580.15
299.39;281.86;-17.52;581.25
299.22;281.62;-17.61;580.84
299.12;282.48;-16.65;581.60
299.00;281.89;-17.11;580.89
299.01;283.08;-15.93;582.08
299.16;282.34;-16.82;581.49
298.71;279.88;-18.83;578.59
299.80;282.97;-16.83;582.77
300.42;283.19;-17.24;583.61
298.29;284.52;-13.76;582.81
298.94;282.00;-16.94;580.94
299.75;282.99;-16.75;582.74
300.88;283.45;-17.42;584.33
300.89;282.07;-18.82;582.96
299.59;280.87;-18.72;580.46
300.71;282.99;-17.71;583.70
299.77;284.02;-15.75;583.79
299.47;282.35;-17.12;581.82
298.31;283.63;-14.68;581.94
300.25;283.67;-16.58;583.92
300.25;283.41;-16.84;583.66
299.97;281.29;-18.68;581.26
299.02;285.20;-13.82;584.22
298.75;281.73;-17.02;580.48
299.48;283.01;-16.46;582.49
299.21;282.92;-16.29;582.14
301.21;283.82;-17.39;585.03
300.32;281.99;-18.32;582.31
300.01;283.09;-16.92;583.10
299.72;283.93;-15.79;583.65
301.86;285.01;-16.85;586.86
298.55;282.23;-16.32;580.78
297.54;283.08;-14.46;580.62
300.49;284.07;-16.42;584.56
299.31;284.11;-15.19;583.42
298.16;283.49;-14.66;581.65
299.21;281.18;-18.03;580.39
298.92;283.08;-15.84;582.01
300.90;282.02;-18.88;582.92
300.69;280.56;-20.13;581.25
299.66;281.75;-17.92;581.41
299.36;279.32;-20.04;578.68
300.34;281.70;-18.64;582.04
299.48;283.46;-16.01;582.94
300.09;284.70;-15.39;584.79
298.54;282.65;-15.89;581.19
298.69;283.15;-15.55;581.84
299.68;284.61;-15.06;584.29
299.29;284.95;-14.34;584.25
300.22;282.35;-17.86;582.57
298.85;283.98;-14.87;582.82
299.80;281.56;-18.24;581.36
299.52;282.71;-16.81;582.24
300.11;283.32;-16.79;583.43
299.22;282.55;-16.66;581.77
299.06;283.95;-15.11;583.01
299.75;282.94;-16.81;582.69
298.78;282.29;-16.49;581.06
298.58;285.11;-13.47;583.69
299.57;282.49;-17.08;582.06
298.70;283.34;-15.36;582.04
299.46;284.46;-14.99;583.92
299.14;283.42;-15.72;582.56
299.76;282.18;-17.58;581.94
298.87;280.95;-17.92;579.82
299.83;281.67;-18.16;581.50
297.75;282.21;-15.54;579.96
298.65;283.54;-15.12;582.19
299.48;284.05;-15.43;583.52
298.93;282.49;-16.44;581.42
300.13;283.52;-16.61;583.65
300.76;282.17;-18.59;582.93
298.60;281.64;-16.96;580.24
300.76;282.38;-18.38;583.14
298.36;281.72;-16.64;580.08
300.02;283.72;-16.29;583.74
298.65;284.59;-14.06;583.24
297.83;282.30;-15.53;580.13
298.83;283.05;-15.78;581.88
300.34;282.62;-17.72;582.95
300.28;284.75;-15.54;585.03
298.96;279.43;-19.54;578.39
298.78;283.76;-15.01;582.54
299.66;284.09;-15.56;583.75
299.34;283.84;-15.50;583.17
298.26;280.01;-18.26;578.27
300.35;284.40;-15.95;584.75
298.76;283.44;-15.32;582.20
299.62;281.14;-18.48;580.76
298.79;283.30;-15.49;582.09
299.62;284.48;-15.14;584.09
299.26;281.74;-17.52;581.00
297.93;283.14;-14.79;581.06
300.78;283.28;-17.51;584.06
298.59;284.65;-13.95;583.24
299.72;285.01;-14.71;584.73
300.51;280.36;-20.14;580.87
299.56;283.85;-15.71;583.42
299.29;282.08;-17.21;581.37
299.83;283.12;-16.71;582.95
299.23;282.49;-16.74;581.72
300.60;281.79;-18.81;582.39
299.48;284.14;-15.35;583.62
300.26;281.68;-18.59;581.94
299.28;282.89;-16.39;582.17
298.90;283.76;-15.14;582.66
300.96;282.92;-18.04;583.88
300.21;284.78;-15.43;584.98
299.35;283.75;-15.60;583.11
298.89;283.45;-15.44;582.34
298.89;282.49;-16.41;581.38
300.86;281.91;-18.95;582.78
298.59;282.91;-15.68;581.49
299.41;280.89;-18.52;580.29
298.94;282.95;-15.99;581.89
301.46;281.44;-20.02;582.91
299.25;283.82;-15.43;583.06
300.35;283.12;-17.22;583.47
301.26;282.51;-18.75;583.76
300.18;282.42;-17.75;582.60
300.01;283.14;-16.88;583.15
297.59;283.13;-14.46;580.72
299.65;283.05;-16.61;582.70
299.31;282.76;-16.55;582.06
299.32;281.71;-17.61;581.04
299.46;280.96;-18.50;580.42
299.15;281.99;-17.15;581.14
298.35;281.54;-16.82;579.89
297.93;282.47;-15.46;580.40
298.79;283.24;-15.55;582.04
299.67;284.05;-15.62;583.72
298.53;283.88;-14.65;582.41
299.34;281.66;-17.68;581.00
299.21;283.48;-15.73;582.69
299.96;282.55;-17.41;582.52
297.66;282.15;-15.51;579.81
298.62;282.90;-15.72;581.52
299.51;282.98;-16.54;582.49
300.54;285.08;-15.46;585.61
299.74;281.86;-17.87;581.60
299.32;282.38;-16.94;581.69
299.06;283.61;-15.45;582.68
297.78;284.46;-13.32;582.25
299.01;284.25;-14.76;583.25
299.58;280.99;-18.59;580.57
298.72;281.89;-16.82;580.61
298.35;283.88;-14.47;582.24
299.05;282.49;-16.56;581.54
301.35;283.49;-17.85;584.84
299.38;283.78;-15.61;583.16
300.16;282.45;-17.72;582.61
298.03;282.99;-15.04;581.02
299.87;281.84;-18.03;581.71
298.69;283.22;-15.47;581.92
300.68;281.96;-18.72;582.64
300.19;282.91;-17.28;583.09
299.50;280.25;-19.25;579.75
298.96;281.90;-17.06;580.86
298.83;284.48;-14.35;583.31
300.82;283.92;-16.89;584.74
299.83;281.65;-18.18;581.48
299.46;283.05;-16.42;582.51
298.43;285.06;-13.37;583.49
299.23;282.53;-16.70;581.76
298.98;283.42;-15.56;582.40
299.74;282.83;-16.91;582.57
299.72;281.03;-18.69;580.75
298.68;283.40;-15.28;582.08
299.55;283.82;-15.73;583.36
300.11;283.48;-16.62;583.59
299.49;284.42;-15.08;583.91
297.60;282.20;-15.40;579.80
300.26;283.33;-16.93;583.59
298.02;281.24;-16.78;579.26
300.41;283.07;-17.34;583.48
299.69;284.46;-15.24;584.15
298.92;283.82;-15.10;582.75
298.49;282.79;-15.70;581.28
300.76;281.72;-19.04;582.48
300.26;283.06;-17.20;583.33
299.16;283.67;-15.49;582.83
300.15;283.56;-16.59;583.71
298.71;282.96;-15.75;581.66
300.52;283.12;-17.41;583.64
299.56;281.72;-17.84;581.29
299.32;282.64;-16.68;581.96
298.71;282.69;-16.01;581.40
298.25;281.35;-16.90;579.61
299.09;280.32;-18.78;579.41
296.88;284.63;-12.25;581.51
301.36;286.01;-15.35;587.36
298.50;283.28;-15.22;581.78
300.01;284.26;-15.74;584.27
298.64;281.96;-16.68;580.60
298.21;284.42;-13.79;582.63
299.46;282.24;-17.23;581.70
300.05;283.21;-16.84;583.26
299.36;283.29;-16.07;582.66
300.03;282.31;-17.72;582.34
299.75;282.97;-16.78;582.72
298.65;283.15;-15.50;581.79
298.61;281.59;-17.01;580.20
301.56;282.23;-19.33;583.79
300.00;283.66;-16.34;583.66
300.88;282.77;-18.11;583.65
298.76;281.75;-17.01;580.52
299.85;283.26;-16.59;583.12
300.83;283.94;-16.89;584.76
298.88;284.81;-14.06;583.69
299.68;280.68;-19.00;580.36
300.49;283.74;-16.75;584.22
298.38;283.94;-14.45;582.32
300.38;282.04;-18.34;582.41
300.16;283.35;-16.81;583.52
297.88;283.79;-14.09;581.68
300.18;284.61;-15.56;584.79
299.79;282.76;-17.03;582.55
300.28;281.93;-18.35;582.21
299.82;282.89;-16.92;582.71
299.52;284.01;-15.51;583.53
300.35;284.83;-15.52;585.18
301.19;282.70;-18.49;583.89
300.24;282.45;-17.79;582.69
296.97;280.04;-16.94;577.01
297.99;282.65;-15.34;580.64
300.14;281.25;-18.88;581.39
299.88;282.27;-17.61;582.15
299.52;280.88;-18.64;580.41
298.69;282.15;-16.54;580.84
300.76;281.44;-19.32;582.20
297.62;282.56;-15.06;580.18
298.57;281.93;-16.64;580.50
301.01;283.10;-17.91;584.11
298.59;280.82;-17.77;579.41
299.74;284.32;-15.42;584.06
299.25;282.87;-16.38;582.12
300.49;285.19;-15.30;585.68
298.41;281.70;-16.71;580.11
300.68;282.50;-18.18;583.18
298.42;281.59;-16.83;580.01
298.16;281.08;-17.08;579.24
301.15;282.15;-18.99;583.30
296.72;284.29;-12.44;581.01
298.81;284.24;-14.58;583.05
299.75;281.77;-17.98;581.52
299.38;282.77;-16.61;582.15
300.10;284.69;-15.41;584.79
297.96;283.85;-14.11;581.81
298.98;280.04;-18.94;579.02
299.82;281.36;-18.46;581.19
300.92;281.98;-18.94;582.90
298.68;283.11;-15.57;581.78
299.65;282.86;-16.79;582.51
298.52;282.84;-15.68;581.36
299.52;283.97;-15.55;583.49
299.01;280.11;-18.89;579.12
299.02;283.03;-15.99;582.05
299.12;282.12;-17.00;581.24
298.82;281.88;-16.94;580.69
299.41;283.92;-15.49;583.32
300.09;283.50;-16.59;583.59
299.38;284.02;-15.36;583.41
299.04;283.29;-15.74;582.33
299.82;282.83;-16.99;582.65
299.59;284.09;-15.50;583.69
299.79;282.86;-16.93;582.66
299.39;283.81;-15.58;583.21
300.32;281.34;-18.99;581.66
299.42;282.46;-16.95;581.88
301.15;281.26;-19.89;582.42
299.97;282.11;-17.86;582.08
300.71;284.32;-16.39;585.02
298.59;285.17;-13.42;583.76
299.29;281.49;-17.79;580.78
298.96;283.30;-15.66;582.26
301.19;283.66;-17.53;584.86
301.01;281.43;-19.58;582.44
299.74;284.11;-15.63;583.84
300.49;280.77;-19.72;581.26
299.91;281.82;-18.09;581.74
299.65;283.96;-15.68;583.61
299.42;285.31;-14.11;584.72
299.46;284.06;-15.41;583.52
299.42;282.75;-16.66;582.17
297.12;282.84;-14.28;579.95
298.96;283.81;-15.15;582.78
298.93;283.33;-15.60;582.26
299.66;282.91;-16.76;582.57
297.55;282.77;-14.78;580.32
301.42;282.52;-18.89;583.94
299.36;281.73;-17.63;581.09
298.12;282.98;-15.14;581.09
299.16;282.15;-17.02;581.31
300.01;283.07;-16.94;583.08
299.50;282.65;-16.85;582.15
300.20;281.55;-18.65;581.75
299.51;281.15;-18.36;580.65
299.02;283.65;-15.37;582.66
299.69;282.74;-16.95;582.43
299.72;285.07;-14.65;584.79
298.42;287.32;-11.10;585.74
300.76;283.92;-16.85;584.68
299.29;281.67;-17.62;580.96
299.26;282.58;-16.68;581.85
299.15;284.74;-14.41;583.88
298.71;282.92;-15.79;581.62
298.81;281.91;-16.91;580.72
298.40;281.57;-16.83;579.97
300.39;281.86;-18.53;582.25
300.04;283.30;-16.74;583.34
299.95;283.36;-16.58;583.31
299.94;280.84;-19.11;580.78
300.72;284.91;-15.81;585.63
298.75;281.78;-16.98;580.53
300.37;284.70;-15.67;585.07
301.38;282.63;-18.75;584.01
299.95;281.77;-18.18;581.72
300.84;279.51;-21.33;580.34
300.22;283.60;-16.62;583.82
301.06;282.24;-18.82;583.30
298.04;282.74;-15.29;580.78
299.00;282.16;-16.84;581.16
299.69;283.11;-16.58;582.81
298.75;282.01;-16.74;580.75
298.80;283.28;-15.52;582.08
299.59;285.48;-14.12;585.07
298.35;283.54;-14.82;581.89
299.53;282.38;-17.15;581.91
300.15;280.38;-19.77;580.54
298.26;283.47;-14.79;581.74
299.14;281.14;-18.00;580.27
298.75;281.89;-16.85;580.64
300.76;283.84;-16.92;584.60
300.40;283.69;-16.71;584.09
301.09;281.34;-19.75;582.43
299.38;282.15;-17.24;581.53
300.11;283.18;-16.93;583.28
299.01;280.91;-18.10;579.91
298.82;281.72;-17.10;580.54
299.56;282.28;-17.29;581.84
299.95;285.40;-14.55;585.35
299.80;281.65;-18.15;581.45
299.41;284.15;-15.26;583.56
298.41;281.74;-16.67;580.15
299.74;283.60;-16.14;583.34
298.95;281.78;-17.18;580.73
299.72;283.24;-16.48;582.96
299.01;283.27;-15.74;582.28
297.55;281.28;-16.27;578.82
297.85;284.02;-13.82;581.87
299.44;283.72;-15.71;583.16
298.04;281.26;-16.78;579.31
299.00;283.51;-15.49;582.51
297.99;285.63;-12.36;583.62
297.74;282.28;-15.46;580.02
298.69;284.52;-14.17;583.21
299.46;282.04;-17.42;581.50
298.56;283.86;-14.71;582.42
299.49;283.95;-15.54;583.45
300.53;282.66;-17.86;583.19
300.03;282.51;-17.52;582.54
299.27;282.45;-16.82;581.72
299.01;283.19;-15.81;582.20
298.72;284.23;-14.49;582.95
299.71;282.17;-17.54;581.88
299.72;284.24;-15.48;583.95
299.64;283.59;-16.04;583.23
298.30;282.89;-15.41;581.19
297.96;282.56;-15.39;580.52
298.77;283.68;-15.09;582.45
299.68;281.12;-18.55;580.80
300.66;283.31;-17.35;583.96
298.44;281.54;-16.90;579.98
300.62;285.02;-15.59;585.64
300.10;283.68;-16.42;583.78
301.11;283.65;-17.45;584.76
299.15;282.11;-17.04;581.25
299.66;282.99;-16.67;582.66
300.72;283.98;-16.75;584.70
299.82;282.86;-16.96;582.68
299.34;285.88;-13.46;585.21
300.21;283.32;-16.89;583.52
300.08;284.25;-15.84;584.33
300.24;284.46;-15.78;584.71
297.94;284.29;-13.65;582.24
300.65;283.32;-17.34;583.97
298.72;283.40;-15.32;582.12
299.45;281.65;-17.81;581.10
298.51;283.62;-14.88;582.13
299.66;281.41;-18.25;581.07
299.32;284.01;-15.31;583.33
298.11;281.47;-16.64;579.58
298.92;281.46;-17.46;580.38
298.92;281.94;-16.98;580.86
299.91;284.35;-15.56;584.26
299.08;283.86;-15.21;582.94
298.61;281.64;-16.97;580.24
299.13;282.49;-16.64;581.62
298.24;282.68;-15.56;580.91
300.36;283.66;-16.70;584.02
300.42;282.12;-18.31;582.54
299.89;284.49;-15.40;584.39
299.05;283.32;-15.73;582.36
299.88;281.81;-18.06;581.69
299.41;283.01;-16.41;582.42
300.61;283.09;-17.52;583.70
299.48;284.38;-15.10;583.86
300.31;282.05;-18.26;582.36
300.04;282.81;-17.23;582.85
299.25;283.38;-15.86;582.63
300.60;281.46;-19.14;582.06
299.75;283.23;-16.52;582.98
300.75;283.94;-16.82;584.69
301.86;282.98;-18.88;584.84
302.68;284.04;-18.65;586.72
300.50;281.98;-18.52;582.48
298.45;283.00;-15.45;581.45
300.31;283.91;-16.40;584.21
300.18;283.08;-17.11;583.26
300.02;281.19;-18.83;581.21
299.92;282.43;-17.49;582.35
299.58;282.12;-17.46;581.69
300.61;282.10;-18.51;582.71
301.13;282.89;-18.24;584.02
299.55;283.65;-15.90;583.19
299.98;284.49;-15.49;584.46
299.49;280.80;-18.69;580.29
298.86;281.86;-17.00;580.73
300.70;282.44;-18.26;583.14
300.68;282.92;-17.76;583.60
300.30;283.75;-16.55;584.05
299.02;283.67;-15.35;582.69
300.22;283.56;-16.66;583.79
300.92;283.45;-17.46;584.37
298.84;282.05;-16.79;580.89
299.59;281.95;-17.64;581.54
300.44;283.86;-16.58;584.29
301.82;281.59;-20.24;583.41
298.94;280.30;-18.64;579.24
299.98;281.31;-18.67;581.28
299.05;284.02;-15.04;583.07
299.84;283.20;-16.64;583.04
302.65;281.89;-20.76;584.55
299.33;281.81;-17.52;581.14
299.40;283.65;-15.75;583.05
299.08;284.49;-14.58;583.57
300.91;284.18;-16.72;585.09
300.58;282.05;-18.54;582.63
299.65;282.82;-16.84;582.47
300.43;281.52;-18.91;581.95
300.14;283.31;-16.84;583.45
299.88;282.42;-17.46;582.29
299.86;281.92;-17.94;581.78
299.44;281.69;-17.74;581.13
300.22;284.85;-15.38;585.07
298.08;284.15;-13.92;582.23
298.89;283.85;-15.05;582.74
299.81;284.41;-15.41;584.22
300.67;282.13;-18.54;582.80
300.66;283.37;-17.29;584.03
299.44;284.06;-15.37;583.50
300.37;282.62;-17.75;582.99
299.04;284.08;-14.96;583.12
298.77;281.91;-16.86;580.68
299.72;282.64;-17.08;582.36
298.64;282.00;-16.64;580.64
300.18;284.61;-15.57;584.79
299.14;283.60;-15.54;582.74
298.85;283.18;-15.67;582.04
298.95;280.87;-18.08;579.82
297.52;281.82;-15.70;579.34
300.78;283.92;-16.86;584.71
298.49;281.84;-16.65;580.32
301.49;281.52;-19.97;583.01
299.36;283.89;-15.47;583.25
299.98;281.71;-18.26;581.69
301.04;282.69;-18.35;583.73
301.56;283.35;-18.21;584.92
298.41;285.36;-13.04;583.77
299.28;283.15;-16.13;582.44
299.51;281.40;-18.11;580.91
300.44;282.22;-18.22;582.66
301.36;283.28;-18.08;584.65
298.95;282.16;-16.79;581.12
300.31;282.28;-18.03;582.59
298.75;281.96;-16.79;580.72
299.56;281.90;-17.66;581.46
301.13;282.81;-18.32;583.94
299.36;282.43;-16.93;581.79
299.86;284.88;-14.99;584.74
300.75;281.98;-18.78;582.73
298.74;281.81;-16.93;580.55
299.22;284.02;-15.21;583.24
300.42;283.59;-16.84;584.01
299.22;280.05;-19.17;579.28
298.86;281.78;-17.08;580.65
299.65;285.44;-14.21;585.09
300.66;280.69;-19.97;581.35
299.60;283.77;-15.83;583.37
302.47;282.45;-20.02;584.92
298.88;284.07;-14.81;582.95
298.76;280.52;-18.24;579.28
299.30;282.52;-16.78;581.82
298.76;281.72;-17.04;580.48
299.58;281.76;-17.81;581.34
300.34;282.46;-17.88;582.79
297.94;283.60;-14.34;581.54
300.72;281.65;-19.06;582.37
299.28;282.42;-16.86;581.69
300.00;282.36;-17.64;582.36
299.61;282.92;-16.69;582.52
302.71;283.82;-18.89;586.52
300.02;281.84;-18.18;581.85
299.45;281.99;-17.46;581.45
300.05;280.29;-19.76;580.34
300.92;282.21;-18.71;583.13
301.60;281.59;-20.01;583.19
300.67;283.46;-17.21;584.13
299.76;282.19;-17.56;581.95
298.72;283.50;-15.22;582.22
299.88;284.42;-15.46;584.29
300.25;283.66;-16.59;583.92
299.75;282.11;-17.64;581.85
298.79;280.54;-18.26;579.33
299.22;282.49;-16.72;581.71
300.19;283.29;-16.90;583.49
299.68;284.08;-15.61;583.76
298.58;284.78;-13.79;583.36
301.05;284.15;-16.89;585.20
298.75;281.72;-17.02;580.47
299.48;281.81;-17.67;581.28
298.36;281.96;-16.41;580.32
300.78;283.34;-17.44;584.11
300.31;282.67;-17.64;582.98
299.12;280.24;-18.88;579.35
301.40;282.60;-18.80;584.00
301.70;282.10;-19.60;583.80
300.73;283.19;-17.54;583.92
300.61;280.84;-19.77;581.45
300.31;282.62;-17.68;582.93
301.91;283.52;-18.39;585.43
298.56;284.12;-14.44;582.68
300.28;282.38;-17.91;582.66
298.91;281.23;-17.68;580.14
299.68;281.79;-17.89;581.48
301.12;282.98;-18.14;584.10
298.99;283.23;-15.76;582.22
299.87;282.77;-17.10;582.64
299.24;280.57;-18.66;579.81
299.21;283.57;-15.64;582.78
300.09;283.28;-16.82;583.37
301.06;281.98;-19.08;583.04
298.23;283.01;-15.22;581.24
299.15;277.72;-21.42;576.87
299.73;280.82;-18.91;580.55
300.65;282.61;-18.04;583.26
299.76;282.96;-16.80;582.72
299.60;283.78;-15.82;583.38
299.62;284.38;-15.24;584.01
300.15;283.31;-16.84;583.46
299.61;281.16;-18.45;580.78
300.32;283.04;-17.28;583.36
299.44;284.18;-15.26;583.62
298.85;283.09;-15.76;581.94
298.31;279.05;-19.26;577.36
298.15;282.86;-15.29;581.01
299.75;283.19;-16.55;582.94
300.47;282.69;-17.78;583.16
300.26;284.08;-16.18;584.35
297.77;284.09;-13.68;581.86
298.67;285.16;-13.51;583.84
299.47;282.93;-16.54;582.40
301.08;284.97;-16.11;586.05
300.92;282.79;-18.13;583.71
300.55;283.71;-16.84;584.26
299.94;280.96;-18.98;580.90
300.07;284.22;-15.85;584.29
299.52;281.71;-17.81;581.22
300.25;282.44;-17.81;582.68
299.95;280.84;-19.11;580.79
299.68;284.19;-15.49;583.87
300.23;282.54;-17.69;582.76
301.30;281.17;-20.13;582.47
300.61;283.77;-16.84;584.38
299.39;284.45;-14.95;583.84
299.25;281.81;-17.45;581.06
299.59;282.15;-17.44;581.74
298.41;282.56;-15.85;580.96
297.91;283.62;-14.29;581.52
299.92;282.94;-16.98;582.86
299.38;283.74;-15.64;583.11
298.24;283.47;-14.77;581.71
300.65;281.19;-19.46;581.84
298.67;280.99;-17.68;579.66
299.34;283.82;-15.52;583.16
300.12;281.18;-18.95;581.30
297.84;283.94;-13.91;581.78
299.72;283.95;-15.77;583.68
299.34;282.49;-16.84;581.83
301.41;284.44;-16.96;585.85
300.57;282.24;-18.33;582.81
299.74;281.65;-18.09;581.38
299.29;283.73;-15.56;583.02
298.23;281.54;-16.69;579.76
300.90;282.03;-18.87;582.93
299.78;284.83;-14.95;584.61
299.16;284.82;-14.34;583.99
300.05;284.69;-15.36;584.74
300.46;282.24;-18.22;582.69
299.63;281.10;-18.53;580.73
301.18;281.56;-19.62;582.75
300.07;282.79;-17.28;582.86
298.79;283.59;-15.20;582.39
299.72;282.57;-17.15;582.29
300.11;283.25;-16.85;583.36
299.79;282.73;-17.06;582.52
300.06;283.42;-16.64;583.48
299.37;282.00;-17.37;581.37
298.71;279.83;-18.88;578.54
299.21;282.02;-17.19;581.23
301.15;282.85;-18.31;584.00
298.76;281.60;-17.16;580.36
299.39;283.85;-15.54;583.24
300.06;284.78;-15.28;584.84
301.02;284.13;-16.89;585.15
300.59;283.63;-16.96;584.22
300.05;281.26;-18.79;581.32
300.95;281.97;-18.98;582.92
299.38;282.36;-17.02;581.75
299.96;283.23;-16.74;583.19
300.53;282.38;-18.15;582.91
298.42;283.05;-15.37;581.46
299.26;282.16;-17.09;581.42
299.96;283.49;-16.48;583.45
299.96;280.99;-18.97;580.95
301.53;283.95;-17.58;585.48
300.42;281.61;-18.81;582.02
300.45;282.64;-17.81;583.08
299.76;283.29;-16.46;583.05
298.76;281.89;-16.87;580.66
301.68;283.88;-17.80;585.56
300.18;282.44;-17.74;582.61
297.88;282.36;-15.51;580.24
301.42;284.86;-16.56;586.28
299.36;283.38;-15.98;582.74
299.93;283.00;-16.93;582.93
297.48;283.91;-13.58;581.39
301.49;284.06;-17.44;585.55
300.19;283.70;-16.49;583.89
298.08;284.26;-13.82;582.34
299.91;283.23;-16.68;583.14
299.68;281.39;-18.28;581.07
301.42;280.57;-20.85;581.99
298.08;281.30;-16.78;579.38
300.63;283.79;-16.84;584.42
299.45;281.14;-18.31;580.59
301.99;281.73;-20.26;583.72
299.32;282.62;-16.70;581.95
300.37;283.44;-16.94;583.81
301.31;284.06;-17.24;585.37
301.62;281.62;-20.00;583.24
299.61;281.06;-18.54;580.67
301.49;282.85;-18.65;584.34
300.22;281.34;-18.88;581.56
298.78;282.04;-16.74;580.82
300.56;282.21;-18.35;582.76
301.59;281.66;-19.94;583.25
299.05;282.09;-16.96;581.14
300.79;281.42;-19.38;582.21
299.38;284.78;-14.60;584.16
300.05;282.52;-17.54;582.57
300.86;285.03;-15.84;585.89
301.39;280.99;-20.39;582.38
300.32;284.61;-15.72;584.93
299.66;283.00;-16.66;582.66
298.65;281.91;-16.75;580.56
300.13;282.59;-17.54;582.72
300.37;281.94;-18.44;582.31
299.68;282.81;-16.86;582.49
299.33;281.69;-17.64;581.02
298.10;282.37;-15.73;580.47
298.95;283.12;-15.83;582.06
299.52;281.98;-17.55;581.50
301.44;281.78;-19.66;583.21
300.06;283.51;-16.55;583.56
299.77;283.28;-16.49;583.05
300.56;284.83;-15.74;585.39
299.03;282.42;-16.61;581.45
299.02;282.01;-17.01;581.03
299.91;279.52;-20.39;579.42
300.48;283.41;-17.06;583.89
299.59;284.45;-15.14;584.05
300.84;283.95;-16.89;584.79
299.63;283.76;-15.87;583.39
298.94;284.56;-14.38;583.50
299.82;283.21;-16.61;583.02
300.58;282.99;-17.59;583.58
299.31;284.44;-14.87;583.74
300.20;281.34;-18.86;581.54
299.72;282.68;-17.04;582.40
300.79;283.12;-17.68;583.91
300.28;281.29;-18.98;581.57
298.81;283.41;-15.40;582.21
300.60;282.32;-18.28;582.92
300.12;283.01;-17.11;583.12
298.94;281.94;-17.00;580.88
301.58;284.10;-17.48;585.68
300.44;280.20;-20.24;580.64
299.01;281.45;-17.56;580.46
300.90;281.95;-18.95;582.85
298.66;284.48;-14.18;583.14
298.22;283.42;-14.80;581.65
301.19;283.15;-18.05;584.34
297.46;280.42;-17.05;577.88
301.56;282.94;-18.62;584.50
300.27;283.49;-16.78;583.76
299.76;282.12;-17.64;581.88
299.51;282.15;-17.36;581.66
299.41;279.18;-20.24;578.59
300.24;284.34;-15.89;584.58
300.94;282.89;-18.05;583.82
300.24;283.42;-16.81;583.66
299.22;283.88;-15.34;583.10
300.21;281.85;-18.36;582.06
299.52;282.41;-17.11;581.92
299.41;283.48;-15.93;582.89
300.99;281.22;-19.77;582.21
298.99;282.25;-16.75;581.24
299.56;281.88;-17.68;581.44
300.31;283.41;-16.91;583.72
301.18;284.22;-16.95;585.40
298.82;281.74;-17.08;580.56
300.91;285.21;-15.70;586.11
300.08;281.51;-18.57;581.58
299.08;282.31;-16.76;581.39
299.81;283.09;-16.72;582.91
300.48;282.28;-18.20;582.76
300.06;284.39;-15.67;584.46
300.68;283.13;-17.55;583.81
298.28;281.49;-16.79;579.78
299.19;281.59;-17.59;580.78
299.68;279.52;-20.15;579.20
300.38;283.54;-16.85;583.92
299.18;282.51;-16.67;581.68
298.66;281.95;-16.71;580.61
301.62;284.06;-17.56;585.69
300.25;282.70;-17.55;582.95
300.91;282.21;-18.70;583.11
299.81;283.99;-15.82;583.81
299.48;282.79;-16.68;582.27
301.55;284.74;-16.81;586.29
300.88;283.24;-17.64;584.12
299.81;282.95;-16.85;582.76
299.22;283.72;-15.49;582.94
298.02;282.35;-15.67;580.36
300.56;283.04;-17.52;583.61
301.27;282.61;-18.66;583.88
298.92;282.44;-16.48;581.35
300.92;282.99;-17.92;583.91
301.99;283.15;-18.84;585.15
299.24;282.56;-16.68;581.79
301.22;278.81;-22.41;580.03
298.83;282.95;-15.88;581.78
300.75;280.68;-20.07;581.44
299.54;283.99;-15.55;583.52
300.26;284.72;-15.55;584.98
301.91;282.69;-19.21;584.60
300.21;282.82;-17.39;583.04
299.19;280.88;-18.31;580.07
298.48;282.93;-15.55;581.41
300.88;282.42;-18.46;583.30
300.24;283.05;-17.19;583.29
298.95;283.18;-15.76;582.13
299.82;284.41;-15.42;584.23
299.14;283.35;-15.79;582.48
302.22;282.98;-19.24;585.21
300.55;281.96;-18.59;582.51
299.98;282.80;-17.18;582.78
300.18;283.37;-16.81;583.55
299.76;283.94;-15.82;583.71
300.15;284.77;-15.38;584.92
298.94;282.01;-16.94;580.95
298.81;282.89;-15.92;581.69
300.55;281.64;-18.91;582.19
299.82;283.56;-16.25;583.38
300.65;281.95;-18.71;582.60
299.50;283.06;-16.44;582.56
299.05;283.66;-15.39;582.72
301.34;283.02;-18.32;584.36
300.41;282.98;-17.43;583.38
299.36;284.19;-15.16;583.55
298.98;281.31;-17.67;580.29
299.60;280.98;-18.62;580.58
300.62;282.99;-17.64;583.61
300.29;281.24;-19.05;581.53
300.92;284.51;-16.41;585.44
299.71;282.55;-17.16;582.26
300.26;283.45;-16.82;583.71
299.18;283.59;-15.59;582.77
298.59;283.20;-15.39;581.79
299.22;282.21;-17.02;581.43
299.82;284.25;-15.57;584.06
300.50;283.57;-16.93;584.07
299.25;282.39;-16.85;581.64
300.14;281.66;-18.47;581.80
299.85;282.88;-16.97;582.74
300.32;282.02;-18.31;582.34
299.99;282.53;-17.46;582.52
298.49;283.15;-15.34;581.64
300.41;282.09;-18.32;582.51
300.05;284.54;-15.52;584.59
301.02;283.28;-17.75;584.30
300.57;281.54;-19.04;582.11
300.20;282.22;-17.98;582.42
299.41;284.12;-15.29;583.52
301.68;283.19;-18.48;584.87
299.35;280.28;-19.07;579.62
298.73;284.39;-14.34;583.12
301.11;281.68;-19.42;582.79
300.05;283.30;-16.75;583.35
299.92;283.61;-16.31;583.53
299.69;284.57;-15.12;584.26
300.33;283.62;-16.71;583.95
301.19;282.75;-18.44;583.95
300.34;281.57;-18.76;581.91
299.29;282.28;-17.01;581.57
298.80;283.22;-15.58;582.02
299.30;282.42;-16.88;581.72
299.23;282.68;-16.55;581.91
300.61;283.11;-17.50;583.72
299.46;284.56;-14.89;584.02
298.03;283.40;-14.63;581.43
301.86;284.01;-17.85;585.86
300.44;282.69;-17.75;583.12
301.09;282.38;-18.72;583.47
299.86;283.15;-16.71;583.01
299.38;281.62;-17.75;581.00
299.96;281.08;-18.88;581.04
300.57;283.90;-16.67;584.47
298.39;283.79;-14.60;582.18
300.39;282.03;-18.36;582.42
299.68;280.69;-18.98;580.37
300.26;282.72;-17.54;582.98
300.02;282.29;-17.74;582.31
299.96;281.81;-18.15;581.76
300.58;283.86;-16.72;584.44
300.09;281.28;-18.82;581.37
299.80;282.23;-17.57;582.03
301.59;284.28;-17.31;585.86
300.36;282.58;-17.78;582.95
301.13;282.85;-18.28;583.98
300.49;281.95;-18.55;582.44
300.25;283.68;-16.58;583.93
299.05;284.69;-14.36;583.74
299.48;282.84;-16.64;582.32
298.37;283.58;-14.79;581.95
297.97;282.32;-15.65;580.29
300.23;283.27;-16.96;583.50
299.34;283.81;-15.54;583.15
300.02;283.31;-16.71;583.34
298.96;283.98;-14.98;582.95
299.65;281.51;-18.15;581.16
299.59;282.36;-17.23;581.95
300.05;285.64;-14.41;585.69
299.09;282.15;-16.94;581.24
299.44;283.10;-16.34;582.54
298.82;282.11;-16.72;580.93
299.49;282.85;-16.64;582.35
298.50;281.84;-16.66;580.34
299.32;283.75;-15.56;583.07
299.78;283.48;-16.31;583.26
299.35;281.64;-17.72;580.99
300.06;282.92;-17.14;582.99
299.91;283.96;-15.95;583.88
299.66;283.48;-16.18;583.15
298.86;284.31;-14.56;583.17
299.68;284.95;-14.73;584.64
299.98;283.26;-16.71;583.24
299.12;281.96;-17.16;581.08
299.81;283.95;-15.86;583.76
299.12;283.65;-15.46;582.77
301.20;284.59;-16.61;585.79
299.05;283.87;-15.18;582.92
299.72;282.54;-17.18;582.25
299.05;283.53;-15.52;582.58
299.61;282.77;-16.84;582.38
300.37;283.33;-17.04;583.70
299.15;284.54;-14.61;583.69
299.95;282.75;-17.20;582.69
299.13;280.29;-18.84;579.42
299.81;283.22;-16.59;583.02
299.49;283.54;-15.96;583.03
298.06;284.40;-13.66;582.46
299.80;281.74;-18.06;581.54
299.53;283.62;-15.91;583.15
300.04;282.30;-17.74;582.34
298.96;286.48;-12.48;585.44
299.83;280.42;-19.41;580.25
300.16;281.95;-18.21;582.12
299.76;284.52;-15.25;584.28
300.41;281.95;-18.46;582.35
300.91;282.22;-18.69;583.13
298.69;283.48;-15.21;582.17
298.25;283.92;-14.34;582.17
300.15;283.15;-16.99;583.30
300.71;282.19;-18.52;582.89
299.61;282.55;-17.05;582.16
299.13;282.38;-16.75;581.51
299.92;282.96;-16.96;582.88
298.78;281.86;-16.92;580.64
299.72;284.54;-15.18;584.26
300.25;282.17;-18.08;582.42
299.75;281.29;-18.46;581.04
300.46;282.09;-18.36;582.55
300.77;281.58;-19.19;582.35
299.35;284.71;-14.64;584.05
298.76;284.18;-14.58;582.95
300.78;282.25;-18.54;583.03
299.66;282.66;-17.00;582.33
300.11;283.25;-16.86;583.36
300.90;282.15;-18.75;583.05
300.69;282.65;-18.04;583.34
299.32;283.78;-15.55;583.10
298.69;283.34;-15.35;582.04
299.10;281.63;-17.47;580.73
299.22;284.74;-14.49;583.96
300.66;282.28;-18.39;582.94
299.76;283.94;-15.82;583.71
299.36;283.75;-15.62;583.11
297.78;282.58;-15.20;580.35
298.33;283.54;-14.79;581.86
297.75;281.99;-15.76;579.74
299.68;282.82;-16.86;582.50
299.10;279.98;-19.12;579.08
299.71;282.46;-17.24;582.17
300.38;281.83;-18.55;582.21
299.36;283.54;-15.83;582.90
299.86;284.37;-15.49;584.24
301.29;284.66;-16.64;585.95
299.82;282.72;-17.11;582.54
300.24;283.16;-17.08;583.39
299.01;283.84;-15.16;582.85
299.66;283.09;-16.57;582.76
299.31;282.24;-17.07;581.54
297.04;283.11;-13.93;580.14
301.03;283.16;-17.86;584.19
299.75;281.32;-18.44;581.07
299.44;284.91;-14.52;584.35
300.04;278.92;-21.12;578.96
300.62;283.74;-16.88;584.35
301.46;283.69;-17.78;585.15
299.06;284.71;-14.35;583.78
298.51;282.61;-15.91;581.12
298.96;283.44;-15.52;582.41
299.52;283.57;-15.95;583.09
298.94;282.98;-15.96;581.92
299.54;282.76;-16.78;582.30
300.34;283.12;-17.22;583.46
298.93;282.45;-16.48;581.38
299.80;284.01;-15.79;583.81
299.41;283.73;-15.68;583.14
300.26;283.06;-17.21;583.32
300.85;283.06;-17.78;583.91
298.56;282.63;-15.94;581.19
299.31;281.48;-17.84;580.79
299.75;282.79;-16.96;582.55
299.58;279.88;-19.70;579.46
301.51;282.61;-18.91;584.12
301.29;281.99;-19.31;583.28
299.72;282.87;-16.85;582.59
300.39;282.08;-18.31;582.47
298.24;282.57;-15.66;580.81
299.88;283.02;-16.86;582.90
301.01;282.24;-18.77;583.25
300.31;282.69;-17.61;583.00
298.22;282.74;-15.48;580.96
298.59;282.05;-16.54;580.64
299.56;282.85;-16.71;582.41
299.47;281.61;-17.86;581.08
301.16;282.36;-18.80;583.52
298.88;282.15;-16.72;581.03
299.59;284.08;-15.52;583.67
300.15;283.06;-17.09;583.21
299.88;282.33;-17.55;582.21
298.54;283.91;-14.64;582.45
300.34;283.82;-16.52;584.15
297.68;279.45;-18.24;577.13
298.62;283.33;-15.29;581.95
298.19;282.83;-15.36;581.02
298.96;283.09;-15.86;582.05
299.79;283.02;-16.77;582.82
297.15;283.19;-13.95;580.34
300.01;284.41;-15.60;584.41
298.78;281.99;-16.79;580.78
299.84;282.49;-17.35;582.32
298.38;281.65;-16.72;580.03
299.19;284.01;-15.19;583.20
299.81;282.90;-16.91;582.71
300.48;284.05;-16.43;584.54
299.83;283.24;-16.59;583.06
297.73;281.88;-15.85;579.61
298.49;282.90;-15.59;581.39
299.34;284.16;-15.18;583.50
300.31;282.76;-17.55;583.06
299.90;283.64;-16.26;583.54
299.82;283.25;-16.57;583.08
300.56;281.96;-18.59;582.52
301.38;279.44;-21.95;580.82
302.14;283.13;-19.01;585.26
299.68;284.78;-14.90;584.45
297.71;280.48;-17.23;578.19
299.72;282.63;-17.09;582.35
298.71;282.11;-16.61;580.82
299.68;285.88;-13.79;585.56
299.00;282.00;-17.00;581.00
298.09;284.24;-13.85;582.33
300.60;281.88;-18.72;582.48
299.33;282.49;-16.84;581.82
301.79;282.11;-19.68;583.91
299.75;284.17;-15.58;583.92
297.36;284.75;-12.62;582.11
300.31;282.52;-17.79;582.83
299.97;284.36;-15.61;584.33
299.32;282.37;-16.95;581.69
299.22;283.31;-15.91;582.53
301.04;283.91;-17.13;584.95
299.87;281.51;-18.36;581.38
300.76;282.31;-18.45;583.08
299.85;282.39;-17.45;582.24
299.65;281.94;-17.71;581.59
299.71;284.31;-15.41;584.02
299.07;282.21;-16.86;581.28
298.20;283.12;-15.08;581.32
299.06;283.58;-15.48;582.64
299.43;284.13;-15.30;583.56
299.01;281.56;-17.45;580.56
299.70;281.22;-18.48;580.92
298.60;283.69;-14.91;582.29
299.36;285.58;-13.78;584.94
298.87;279.85;-19.02;578.72
300.77;281.68;-19.09;582.45
300.15;280.05;-20.10;580.19
298.78;281.72;-17.06;580.50
300.46;284.61;-15.85;585.06
298.89;285.31;-13.59;584.20
299.61;284.24;-15.38;583.85
297.22;283.52;-13.69;580.74
299.12;282.49;-16.63;581.62
298.61;282.94;-15.68;581.55
300.52;282.79;-17.72;583.31
300.23;282.51;-17.72;582.74
297.78;282.36;-15.42;580.14
299.56;282.63;-16.93;582.19
299.12;282.22;-16.90;581.34
298.08;280.97;-17.11;579.05
300.61;283.41;-17.20;584.02
299.71;282.93;-16.78;582.64
298.92;282.08;-16.84;581.01
299.91;282.32;-17.59;582.22
298.91;283.15;-15.75;582.06
299.30;284.04;-15.26;583.34
299.23;282.33;-16.90;581.56
301.09;282.79;-18.31;583.88
299.56;281.89;-17.66;581.45
299.72;281.52;-18.19;581.24
299.19;282.07;-17.12;581.26
299.94;284.12;-15.82;584.06
298.85;280.68;-18.18;579.53
299.45;283.88;-15.58;583.33
299.33;283.44;-15.89;582.76
299.76;283.99;-15.77;583.76
300.42;281.62;-18.80;582.05
299.50;280.85;-18.65;580.35
298.85;282.01;-16.84;580.86
299.71;285.19;-14.52;584.91
299.51;283.06;-16.45;582.56
300.04;284.12;-15.92;584.15
299.96;283.26;-16.71;583.22
299.69;284.11;-15.58;583.79
299.66;282.26;-17.41;581.92
298.27;282.44;-15.84;580.71
298.85;283.58;-15.28;582.43
301.05;282.81;-18.24;583.86
301.75;284.95;-16.81;586.70
301.21;282.43;-18.78;583.64
300.05;283.13;-16.92;583.18
298.36;284.30;-14.06;582.66
300.76;284.07;-16.69;584.84
299.64;284.82;-14.81;584.46
299.34;283.62;-15.72;582.96
301.24;281.73;-19.51;582.96
299.84;281.95;-17.89;581.79
299.98;284.81;-15.17;584.79
299.41;285.03;-14.38;584.44
299.81;282.38;-17.42;582.19
298.95;281.12;-17.83;580.08
300.18;283.08;-17.10;583.26
299.27;283.80;-15.47;583.07
299.68;283.60;-16.08;583.28
298.85;282.02;-16.82;580.87
299.50;283.25;-16.25;582.75
301.24;283.44;-17.80;584.67
299.75;282.56;-17.18;582.31
299.51;282.88;-16.62;582.39
298.17;283.99;-14.18;582.16
298.94;282.10;-16.84;581.04
299.42;282.81;-16.61;582.22
300.07;281.21;-18.86;581.28
298.90;283.88;-15.02;582.78
301.52;284.27;-17.25;585.79
300.56;281.93;-18.63;582.49
298.06;281.55;-16.51;579.61
299.63;282.10;-17.53;581.73
298.38;282.46;-15.92;580.84
300.77;284.68;-16.09;585.45
299.62;282.96;-16.66;582.58
300.73;283.76;-16.96;584.49
299.54;281.60;-17.94;581.14
299.16;281.65;-17.51;580.81
300.01;283.03;-16.98;583.04
300.59;282.24;-18.35;582.83
298.49;284.27;-14.22;582.76
299.21;282.29;-16.91;581.50
298.04;283.08;-14.96;581.12
299.07;283.01;-16.06;582.08
298.55;282.85;-15.69;581.40
299.02;282.58;-16.44;581.61
301.29;283.12;-18.17;584.41
300.61;285.26;-15.35;585.87
299.42;281.34;-18.08;580.76
298.96;282.20;-16.76;581.16
297.75;282.77;-14.98;580.52
300.33;281.68;-18.65;582.01
298.04;282.18;-15.86;580.22
301.91;283.58;-18.33;585.49
299.73;282.71;-17.02;582.44
300.25;282.58;-17.67;582.84
299.81;282.43;-17.38;582.24
299.98;283.40;-16.58;583.38
299.68;284.20;-15.48;583.88
299.14;283.29;-15.85;582.42
297.66;283.08;-14.58;580.75
298.43;281.55;-16.88;579.98
299.13;284.66;-14.47;583.79
299.76;282.53;-17.23;582.29
298.85;283.56;-15.29;582.41
299.31;281.20;-18.11;580.51
300.23;283.03;-17.20;583.26
299.39;283.92;-15.47;583.31
298.14;281.71;-16.43;579.85
300.85;281.92;-18.94;582.77
299.54;283.95;-15.58;583.49
299.11;282.35;-16.75;581.46
298.79;284.04;-14.75;582.83
298.62;283.34;-15.28;581.95
299.38;283.81;-15.57;583.19
299.04;280.10;-18.94;579.14
297.92;283.25;-14.67;581.16
299.56;285.61;-13.96;585.17
298.32;283.97;-14.35;582.29
299.02;284.66;-14.36;583.68
299.86;282.86;-16.99;582.72
298.80;282.39;-16.41;581.19
298.39;283.81;-14.58;582.21
301.99;282.35;-19.64;584.35
299.36;282.85;-16.51;582.21
298.56;284.77;-13.79;583.34
297.95;280.14;-17.81;578.09
298.57;282.82;-15.75;581.39
299.60;284.96;-14.64;584.56
300.32;282.98;-17.34;583.29
298.80;283.90;-14.90;582.70
298.45;284.25;-14.19;582.70
299.13;282.15;-16.98;581.28
299.72;284.36;-15.35;584.08
299.46;282.95;-16.51;582.42
300.31;282.28;-18.02;582.59
299.98;281.95;-18.03;581.92
299.58;282.27;-17.31;581.85
300.29;284.69;-15.60;584.99
298.83;281.95;-16.88;580.78
299.84;282.77;-17.06;582.61
299.35;281.78;-17.58;581.13
300.01;284.30;-15.71;584.31
302.05;283.90;-18.15;585.95
299.47;284.27;-15.20;583.74
299.14;283.55;-15.59;582.69
298.03;281.34;-16.69;579.37
298.91;282.04;-16.86;580.95
298.53;282.63;-15.90;581.16
299.44;281.91;-17.53;581.34
298.20;282.41;-15.79;580.61
298.94;282.33;-16.61;581.26
299.81;284.00;-15.81;583.81
299.39;282.36;-17.03;581.75
298.49;283.10;-15.39;581.59
300.83;283.36;-17.46;584.19
299.34;283.82;-15.51;583.16
298.95;282.09;-16.86;581.04
299.66;283.34;-16.32;583.01
298.70;283.36;-15.34;582.06
300.16;282.52;-17.64;582.68
297.58;283.24;-14.35;580.82
298.19;282.44;-15.75;580.63
300.04;283.23;-16.81;583.27
299.15;283.71;-15.44;582.86
298.24;283.90;-14.34;582.14
300.32;283.77;-16.55;584.09
299.95;282.44;-17.51;582.39
299.56;282.11;-17.45;581.66
298.45;281.32;-17.13;579.76
299.02;285.11;-13.91;584.14
298.78;283.39;-15.39;582.17
297.84;283.56;-14.28;581.41
298.42;283.78;-14.64;582.20
299.00;281.72;-17.28;580.72
299.57;282.14;-17.44;581.71
298.66;283.12;-15.55;581.78
301.31;281.31;-20.01;582.62
300.10;284.52;-15.58;584.62
299.49;283.94;-15.55;583.44
300.32;283.45;-16.88;583.77
300.18;282.44;-17.75;582.62
299.93;281.19;-18.74;581.12
299.44;282.55;-16.89;581.99
298.51;282.49;-16.01;581.00
299.09;283.95;-15.14;583.04
299.64;280.78;-18.86;580.42
299.25;283.57;-15.68;582.82
299.64;282.42;-17.21;582.06
298.69;284.39;-14.29;583.08
299.65;283.96;-15.69;583.61
299.05;282.21;-16.85;581.26
300.01;282.36;-17.64;582.37
299.78;283.56;-16.22;583.34
300.52;282.99;-17.52;583.51
299.29;283.65;-15.64;582.94
300.04;282.92;-17.12;582.96
300.70;283.84;-16.86;584.54
298.38;284.73;-13.65;583.11
298.94;285.79;-13.15;584.72
299.79;282.71;-17.08;582.49
298.55;284.01;-14.55;582.56
299.52;282.93;-16.59;582.45
299.21;283.41;-15.79;582.62
299.76;282.11;-17.65;581.88
300.68;285.01;-15.67;585.69
298.42;282.84;-15.58;581.25
298.92;282.03;-16.89;580.95
299.98;283.16;-16.82;583.14
300.89;282.19;-18.71;583.08
299.69;283.05;-16.65;582.74
299.09;282.03;-17.06;581.12
300.01;284.34;-15.66;584.35
300.96;283.75;-17.21;584.72
300.11;284.63;-15.48;584.74
301.01;282.51;-18.49;583.52
300.11;282.94;-17.17;583.04
301.12;283.75;-17.37;584.86
299.81;281.76;-18.05;581.58
299.38;282.56;-16.82;581.94
300.38;281.37;-19.01;581.75
299.44;282.76;-16.68;582.19
300.18;283.06;-17.11;583.24
299.52;283.90;-15.62;583.42
298.63;281.38;-17.25;580.01
299.25;283.41;-15.84;582.66
299.98;283.43;-16.55;583.41
298.28;282.52;-15.76;580.80
300.32;284.82;-15.49;585.14
299.73;283.62;-16.11;583.35
299.02;283.36;-15.66;582.39
299.68;282.81;-16.86;582.49
300.21;281.40;-18.81;581.61
299.20;282.33;-16.87;581.53
298.82;283.17;-15.65;581.99
300.60;281.95;-18.65;582.55
298.47;283.75;-14.72;582.22
299.12;283.49;-15.63;582.61
298.79;281.82;-16.98;580.61
299.61;281.89;-17.71;581.50
300.00;280.15;-19.85;580.15
299.35;281.14;-18.22;580.49
298.68;283.01;-15.66;581.69
299.19;282.18;-17.01;581.37
298.71;282.92;-15.79;581.64
301.54;283.24;-18.31;584.78
297.90;281.98;-15.92;579.88
298.32;285.62;-12.70;583.94
300.86;282.95;-17.91;583.81
299.31;283.50;-15.81;582.81
299.72;282.98;-16.74;582.71
300.36;282.94;-17.43;583.30
301.15;284.29;-16.86;585.44
298.74;281.75;-16.99;580.48
300.36;282.25;-18.11;582.62
300.03;283.21;-16.82;583.24
300.67;283.16;-17.51;583.83
299.52;282.78;-16.75;582.30
300.34;281.42;-18.92;581.76
299.13;283.01;-16.12;582.14
300.22;281.82;-18.41;582.04
300.40;283.76;-16.64;584.16
302.03;283.54;-18.49;585.56
298.65;282.65;-16.00;581.31
299.30;282.06;-17.24;581.36
299.54;282.25;-17.29;581.79
300.14;284.48;-15.66;584.62
301.14;282.15;-18.99;583.28
299.66;281.95;-17.72;581.61
299.56;281.56;-18.00;581.13
300.41;282.17;-18.24;582.58
299.94;283.24;-16.69;583.18
298.85;283.56;-15.29;582.41
298.19;282.85;-15.34;581.05
298.87;283.30;-15.57;582.17
299.63;285.28;-14.35;584.91
298.74;283.59;-15.15;582.33
299.58;283.45;-16.13;583.04
299.98;283.17;-16.81;583.15
299.50;280.86;-18.64;580.36
300.21;283.01;-17.21;583.22
300.08;283.92;-16.16;584.00
299.92;283.14;-16.78;583.05
299.57;282.68;-16.89;582.25
300.56;283.64;-16.92;584.20
299.58;283.75;-15.84;583.33
300.16;282.19;-17.97;582.36
300.13;282.33;-17.80;582.46
301.98;283.23;-18.75;585.21
299.94;280.69;-19.25;580.63
300.42;282.82;-17.60;583.25
300.17;284.54;-15.63;584.71
301.01;284.29;-16.71;585.30
299.91;283.49;-16.42;583.39
299.34;282.66;-16.68;582.00
300.19;282.38;-17.82;582.57
300.96;282.40;-18.56;583.36
300.01;281.98;-18.02;581.99
299.60;282.74;-16.86;582.34
300.13;284.66;-15.46;584.79
300.14;283.44;-16.70;583.58
298.94;283.35;-15.58;582.29
300.99;282.22;-18.77;583.21
300.63;280.29;-20.34;580.92
299.66;281.41;-18.25;581.08
299.29;281.76;-17.53;581.06
301.28;284.17;-17.11;585.45
300.58;282.98;-17.59;583.56
299.39;282.66;-16.73;582.06
299.12;281.45;-17.68;580.57
298.85;282.97;-15.88;581.82
300.69;283.87;-16.82;584.56
300.58;282.91;-17.68;583.49
300.50;282.48;-18.02;582.98
300.09;281.28;-18.82;581.37
301.12;283.85;-17.28;584.97
299.65;282.79;-16.86;582.45
300.53;283.79;-16.74;584.32
299.98;283.26;-16.71;583.24
301.06;283.75;-17.31;584.81
299.64;282.62;-17.02;582.25
299.37;282.08;-17.29;581.45
301.24;282.23;-19.01;583.47
300.33;283.55;-16.78;583.88
299.60;283.85;-15.75;583.45
299.16;281.78;-17.38;580.94
300.11;283.15;-16.96;583.25
299.87;282.25;-17.62;582.12
299.55;284.56;-14.99;584.11
300.41;283.78;-16.63;584.18
300.00;280.99;-19.01;580.99
300.88;283.02;-17.86;583.91
301.59;282.76;-18.83;584.35
299.34;281.58;-17.76;580.92
300.16;282.12;-18.04;582.28
300.95;279.67;-21.28;580.62
299.72;284.46;-15.25;584.18
299.62;281.67;-17.95;581.29
300.22;282.55;-17.67;582.76
300.85;282.44;-18.42;583.29
298.50;281.94;-16.56;580.44
299.36;282.58;-16.79;581.94
300.18;283.15;-17.02;583.33
300.61;283.26;-17.35;583.87
298.49;282.77;-15.72;581.26
301.22;282.04;-19.19;583.26
299.87;284.55;-15.32;584.42
298.67;283.06;-15.61;581.73
301.40;282.79;-18.61;584.19
300.33;284.64;-15.69;584.97
299.65;282.52;-17.13;582.16
300.53;283.48;-17.05;584.01
299.47;284.39;-15.08;583.86
302.06;281.86;-20.20;583.93
299.45;282.91;-16.55;582.36
298.65;281.65;-17.00;580.31
300.15;284.34;-15.81;584.48
299.01;278.74;-20.26;577.75
299.04;281.86;-17.18;580.91
300.23;283.01;-17.22;583.24
299.19;284.05;-15.14;583.24
298.36;284.09;-14.28;582.45
299.49;282.36;-17.13;581.86
298.13;281.65;-16.48;579.78
302.16;283.60;-18.56;585.76
299.76;284.06;-15.69;583.82
299.33;283.91;-15.42;583.24
299.90;282.97;-16.93;582.87
298.93;284.02;-14.91;582.95
