317.63;301.51;-16.12;619.14
317.69;301.48;-16.21;619.16
317.68;300.95;-16.73;618.64
316.74;301.38;-15.35;618.12
317.18;301.42;-15.75;618.60
317.64;301.95;-15.68;619.59
317.41;300.16;-17.25;617.57
318.19;301.76;-16.42;619.95
318.52;300.05;-18.47;618.58
317.39;300.31;-17.08;617.70
318.69;301.03;-17.66;619.72
318.21;301.34;-16.86;619.55
317.04;299.89;-17.15;616.93
316.94;300.82;-16.12;617.76
318.24;301.32;-16.92;619.56
318.34;300.89;-17.45;619.23
318.24;301.51;-16.73;619.74
318.58;300.43;-18.15;619.01
317.55;300.72;-16.83;618.26
317.97;300.99;-16.98;618.96
317.22;301.38;-15.84;618.61
317.36;300.60;-16.76;617.96
317.71;300.71;-17.01;618.42
317.83;300.39;-17.44;618.22
317.92;301.49;-16.43;619.41
317.70;300.95;-16.75;618.65
318.41;302.18;-16.24;620.59
317.55;300.49;-17.06;618.04
318.14;300.91;-17.24;619.05
318.32;301.18;-17.15;619.50
317.89;301.64;-16.25;619.53
317.74;302.02;-15.72;619.76
317.63;300.73;-16.90;618.36
318.43;301.15;-17.28;619.58
318.26;301.41;-16.85;619.67
317.51;301.63;-15.88;619.14
317.65;301.00;-16.65;618.65
318.50;301.14;-17.36;619.64
318.17;301.52;-16.65;619.69
318.72;301.79;-16.93;620.52
317.75;300.26;-17.49;618.01
317.49;301.35;-16.14;618.84
317.72;300.88;-16.84;618.59
318.47;301.54;-16.94;620.01
317.62;301.85;-15.77;619.46
317.06;302.14;-14.92;619.20
316.94;301.28;-15.66;618.22
318.48;301.69;-16.79;620.18
317.55;301.70;-15.85;619.25
317.94;300.36;-17.57;618.30
317.98;301.49;-16.49;619.48
318.64;301.34;-17.29;619.98
317.49;301.59;-15.90;619.08
318.07;302.09;-15.98;620.16
316.64;302.05;-14.59;618.68
318.36;301.69;-16.67;620.05
317.36;301.78;-15.59;619.14
317.49;302.20;-15.29;619.69
316.85;300.84;-16.01;617.69
316.88;301.41;-15.47;618.28
317.24;300.28;-16.96;617.52
318.67;301.58;-17.09;620.25
316.60;300.70;-15.90;617.30
316.81;301.05;-15.75;617.86
318.29;301.29;-17.00;619.59
317.37;301.82;-15.55;619.19
317.45;301.61;-15.84;619.05
317.39;301.17;-16.22;618.56
317.67;300.66;-17.01;618.33
317.92;300.96;-16.95;618.88
317.53;301.59;-15.94;619.12
318.57;300.66;-17.91;619.24
319.64;300.89;-18.75;620.54
318.30;301.29;-17.01;619.59
317.25;301.29;-15.96;618.54
317.38;300.12;-17.25;617.50
317.54;301.93;-15.61;619.47
317.64;301.50;-16.14;619.14
317.81;301.30;-16.51;619.11
318.46;300.25;-18.22;618.71
318.68;301.81;-16.87;620.49
318.10;302.14;-15.96;620.24
319.29;301.10;-18.19;620.39
317.64;301.62;-16.02;619.26
317.98;300.14;-17.84;618.11
317.98;300.30;-17.68;618.28
317.91;300.62;-17.29;618.53
317.75;301.01;-16.74;618.75
318.25;299.98;-18.26;618.23
319.01;301.52;-17.49;620.54
317.51;301.86;-15.65;619.38
317.17;304.19;-12.98;621.36
318.41;300.05;-18.36;618.45
318.58;301.44;-17.14;620.02
317.63;301.94;-15.69;619.56
317.61;301.00;-16.61;618.61
317.38;302.09;-15.29;619.46
317.70;300.70;-17.00;618.40
318.36;299.86;-18.51;618.22
318.33;301.78;-16.55;620.11
317.94;301.89;-16.04;619.83
317.75;302.13;-15.62;619.88
318.29;300.99;-17.30;619.28
318.58;301.24;-17.34;619.82
317.74;300.18;-17.56;617.92
319.24;300.42;-18.81;619.66
318.35;300.84;-17.51;619.18
318.65;301.16;-17.49;619.82
317.82;300.51;-17.31;618.34
318.89;300.78;-18.11;619.68
318.18;299.96;-18.21;618.14
317.59;301.38;-16.22;618.97
318.94;301.69;-17.24;620.63
317.94;300.52;-17.42;618.45
316.78;300.17;-16.61;616.95
318.00;300.39;-17.61;618.39
318.20;300.34;-17.86;618.54
318.72;300.72;-18.00;619.44
318.58;300.88;-17.70;619.45
316.97;301.58;-15.39;618.55
317.49;300.04;-17.45;617.52
317.56;301.18;-16.38;618.74
318.12;302.36;-15.75;620.48
318.24;301.20;-17.04;619.44
317.66;300.20;-17.46;617.86
317.52;300.58;-16.94;618.10
317.91;300.88;-17.02;618.79
316.89;301.43;-15.46;618.32
317.32;301.59;-15.74;618.91
317.56;302.17;-15.39;619.74
318.04;300.66;-17.37;618.70
318.42;301.72;-16.70;620.14
317.14;301.42;-15.72;618.55
318.54;301.65;-16.89;620.19
317.61;301.86;-15.75;619.47
316.89;301.34;-15.55;618.23
317.31;301.39;-15.92;618.69
316.95;301.21;-15.74;618.16
317.61;301.98;-15.63;619.58
317.60;300.61;-16.99;618.21
317.72;302.89;-14.84;620.61
318.12;301.34;-16.78;619.46
316.59;301.69;-14.91;618.28
317.54;300.78;-16.76;618.32
318.19;302.29;-15.90;620.48
316.94;302.49;-14.45;619.42
317.08;301.87;-15.21;618.95
317.44;301.01;-16.43;618.45
317.80;301.38;-16.42;619.18
317.61;302.76;-14.85;620.38
317.92;301.06;-16.86;618.98
318.36;301.63;-16.73;619.99
317.44;301.96;-15.48;619.40
317.85;303.06;-14.79;620.92
316.96;301.37;-15.59;618.34
317.44;301.83;-15.61;619.27
317.11;300.22;-16.89;617.33
317.84;301.44;-16.41;619.28
317.74;302.98;-14.76;620.72
317.09;301.23;-15.86;618.32
317.49;300.54;-16.95;618.02
317.56;301.91;-15.65;619.47
317.82;301.24;-16.58;619.06
317.16;301.58;-15.58;618.74
317.27;301.89;-15.38;619.16
317.17;302.44;-14.74;619.61
317.54;301.71;-15.84;619.25
318.35;300.91;-17.44;619.25
318.28;303.46;-14.82;621.74
317.91;300.99;-16.92;618.91
318.02;301.38;-16.65;619.40
317.01;300.18;-16.83;617.18
317.34;301.60;-15.74;618.94
317.63;300.55;-17.08;618.18
317.91;302.56;-15.35;620.46
318.36;302.29;-16.06;620.65
317.41;300.09;-17.32;617.51
316.05;301.31;-14.75;617.36
318.90;301.96;-16.94;620.86
317.82;300.84;-16.99;618.66
317.09;300.18;-16.91;617.26
317.39;300.71;-16.68;618.11
317.77;302.15;-15.62;619.92
317.69;300.03;-17.66;617.72
317.92;300.02;-17.89;617.94
317.39;301.61;-15.78;618.99
317.45;300.85;-16.60;618.29
318.02;300.97;-17.05;618.99
317.31;301.48;-15.82;618.79
317.84;301.35;-16.49;619.19
317.74;301.86;-15.88;619.61
317.58;301.44;-16.14;619.02
318.11;300.99;-17.12;619.10
318.60;301.20;-17.40;619.80
318.41;302.33;-16.08;620.74
317.64;300.67;-16.97;618.31
317.82;301.14;-16.69;618.96
318.34;301.25;-17.09;619.59
318.76;301.65;-17.12;620.41
317.61;301.85;-15.75;619.46
317.82;301.88;-15.95;619.70
318.08;301.35;-16.74;619.43
317.68;299.83;-17.85;617.51
318.78;302.91;-15.86;621.69
318.26;301.55;-16.71;619.81
317.55;301.90;-15.65;619.45
317.86;301.74;-16.12;619.61
318.72;301.39;-17.32;620.11
317.49;299.62;-17.87;617.11
317.86;302.11;-15.75;619.98
317.68;300.86;-16.82;618.54
317.84;299.89;-17.95;617.73
318.24;301.17;-17.06;619.41
318.62;300.70;-17.92;619.32
317.78;300.96;-16.82;618.74
318.02;301.29;-16.72;619.31
317.16;301.65;-15.51;618.81
318.84;301.92;-16.92;620.76
317.80;300.71;-17.09;618.51
317.93;300.86;-17.07;618.79
317.88;301.32;-16.56;619.19
318.88;301.58;-17.29;620.46
317.51;300.58;-16.94;618.09
317.98;300.95;-17.03;618.94
318.44;300.28;-18.15;618.72
320.02;301.70;-18.32;621.72
317.45;302.04;-15.41;619.49
317.97;302.28;-15.69;620.25
317.65;300.53;-17.12;618.18
318.11;301.86;-16.25;619.97
318.35;301.44;-16.92;619.79
317.66;300.37;-17.29;618.04
317.76;302.00;-15.76;619.76
318.18;300.66;-17.52;618.84
319.69;301.45;-18.24;621.14
317.55;301.99;-15.56;619.54
317.98;301.25;-16.73;619.24
318.33;302.62;-15.71;620.95
318.14;303.06;-15.07;621.20
317.18;301.61;-15.58;618.79
318.01;301.40;-16.61;619.41
318.36;301.16;-17.20;619.52
317.06;301.58;-15.49;618.64
316.88;300.19;-16.69;617.08
318.12;301.24;-16.89;619.36
316.85;302.03;-14.82;618.88
317.36;300.46;-16.91;617.82
317.90;302.28;-15.62;620.18
317.00;301.26;-15.74;618.26
317.29;300.57;-16.72;617.86
317.91;302.45;-15.46;620.35
317.42;300.71;-16.71;618.14
316.99;301.97;-15.02;618.96
318.04;301.11;-16.94;619.15
316.66;301.75;-14.92;618.41
318.06;301.67;-16.39;619.73
317.38;301.27;-16.11;618.65
316.96;301.18;-15.78;618.14
317.37;300.78;-16.59;618.15
317.72;301.16;-16.56;618.89
317.51;300.78;-16.74;618.29
318.05;301.14;-16.91;619.18
317.21;301.66;-15.55;618.86
317.66;300.72;-16.95;618.38
316.59;300.81;-15.78;617.39
317.38;301.42;-15.96;618.79
317.51;301.65;-15.86;619.16
317.66;300.40;-17.26;618.06
318.03;300.48;-17.55;618.51
318.00;301.70;-16.30;619.70
318.37;301.45;-16.92;619.82
317.74;301.89;-15.85;619.64
317.75;302.04;-15.71;619.78
316.57;301.09;-15.48;617.66
317.52;301.48;-16.04;618.99
317.46;301.75;-15.71;619.22
317.51;300.38;-17.14;617.89
318.00;300.66;-17.34;618.66
318.76;301.33;-17.44;620.09
317.21;301.68;-15.54;618.89
317.53;301.61;-15.92;619.14
318.19;301.31;-16.88;619.49
318.34;301.63;-16.71;619.97
317.30;301.72;-15.58;619.02
317.14;302.12;-15.02;619.26
318.01;300.56;-17.44;618.57
316.99;299.91;-17.09;616.90
318.22;301.36;-16.86;619.58
318.59;301.71;-16.89;620.30
317.84;300.86;-16.98;618.69
317.94;301.10;-16.84;619.04
317.26;299.45;-17.81;616.72
317.39;300.57;-16.82;617.96
317.68;301.55;-16.13;619.24
317.53;301.41;-16.12;618.94
316.97;300.85;-16.12;617.82
318.24;301.18;-17.06;619.42
318.21;301.33;-16.88;619.54
317.69;301.50;-16.19;619.19
317.75;302.01;-15.75;619.76
316.66;301.04;-15.63;617.70
318.33;301.61;-16.72;619.94
317.02;299.79;-17.23;616.81
317.15;302.10;-15.05;619.25
317.22;300.70;-16.52;617.92
317.65;300.98;-16.68;618.63
317.30;301.44;-15.86;618.74
318.77;300.53;-18.24;619.30
318.88;300.78;-18.09;619.66
318.32;301.34;-16.98;619.66
317.46;301.50;-15.96;618.96
317.64;301.87;-15.76;619.51
318.29;300.35;-17.94;618.64
317.79;300.84;-16.96;618.63
318.70;299.99;-18.71;618.69
317.49;300.32;-17.17;617.81
317.88;300.54;-17.34;618.42
318.19;301.26;-16.92;619.45
317.28;301.64;-15.65;618.92
317.67;300.82;-16.85;618.49
319.55;301.31;-18.24;620.86
318.31;302.60;-15.71;620.91
317.15;301.14;-16.01;618.29
318.44;301.52;-16.92;619.95
318.06;301.96;-16.09;620.02
317.92;301.43;-16.49;619.35
317.39;300.98;-16.41;618.36
317.09;300.45;-16.64;617.55
317.12;302.00;-15.12;619.12
317.49;302.36;-15.12;619.85
316.88;300.89;-15.99;617.76
317.11;300.13;-16.98;617.24
317.46;301.64;-15.82;619.09
318.09;301.91;-16.18;620.01
317.97;301.22;-16.75;619.19
318.29;301.36;-16.92;619.65
317.46;300.02;-17.45;617.48
317.71;300.83;-16.88;618.54
318.09;302.40;-15.69;620.49
317.58;302.48;-15.10;620.06
317.31;302.09;-15.22;619.39
317.28;301.21;-16.08;618.49
316.85;301.10;-15.75;617.95
316.98;301.38;-15.59;618.36
318.63;301.86;-16.77;620.49
317.92;301.68;-16.24;619.61
317.23;302.20;-15.03;619.43
317.18;302.45;-14.74;619.63
318.18;301.38;-16.79;619.56
317.25;301.56;-15.68;618.81
318.27;301.81;-16.46;620.08
316.96;300.22;-16.74;617.19
317.35;301.85;-15.50;619.19
317.04;301.67;-15.36;618.71
317.92;302.00;-15.92;619.92
317.84;301.66;-16.17;619.50
316.95;301.93;-15.02;618.88
317.80;302.22;-15.58;620.02
317.42;300.73;-16.69;618.15
318.12;301.24;-16.88;619.36
317.24;301.50;-15.74;618.74
317.17;301.92;-15.25;619.09
317.69;302.38;-15.31;620.07
317.80;302.54;-15.26;620.34
317.86;300.91;-16.96;618.77
317.48;302.23;-15.25;619.71
318.04;300.59;-17.44;618.63
317.71;300.93;-16.78;618.64
316.75;301.34;-15.41;618.09
317.36;301.68;-15.68;619.05
316.84;302.05;-14.79;618.89
316.42;301.99;-14.43;618.42
318.52;301.81;-16.71;620.34
317.97;301.27;-16.70;619.24
317.45;300.34;-17.12;617.79
317.90;301.78;-16.12;619.68
317.14;302.61;-14.52;619.75
318.35;301.48;-16.86;619.83
317.32;302.09;-15.24;619.41
317.35;300.94;-16.41;618.28
317.55;302.45;-15.10;620.01
317.60;302.53;-15.07;620.13
317.82;301.12;-16.69;618.94
317.17;302.31;-14.86;619.48
316.36;301.78;-14.59;618.14
317.67;302.00;-15.67;619.67
316.62;301.19;-15.43;617.81
316.41;301.16;-15.25;617.57
316.38;301.67;-14.71;618.05
317.42;301.64;-15.78;619.05
318.32;301.92;-16.41;620.24
317.47;301.19;-16.28;618.66
316.92;301.48;-15.45;618.40
318.06;301.33;-16.73;619.39
315.88;301.49;-14.39;617.38
318.75;301.69;-17.05;620.44
316.74;302.23;-14.51;618.96
318.31;300.99;-17.32;619.29
317.71;301.88;-15.84;619.59
319.08;300.74;-18.35;619.82
316.06;302.14;-13.92;618.20
317.86;301.72;-16.14;619.58
317.00;300.86;-16.14;617.86
317.75;301.99;-15.76;619.75
317.96;300.89;-17.08;618.85
316.75;301.43;-15.32;618.18
317.14;301.69;-15.45;618.83
317.04;302.09;-14.95;619.12
317.46;302.31;-15.15;619.77
317.99;301.64;-16.36;619.63
317.87;301.12;-16.75;618.99
319.05;301.29;-17.76;620.35
317.59;301.91;-15.68;619.49
317.78;302.00;-15.78;619.78
318.18;302.48;-15.70;620.66
316.70;301.67;-15.03;618.37
317.42;300.61;-16.81;618.04
317.54;301.86;-15.67;619.40
317.22;302.11;-15.11;619.32
316.84;302.84;-14.00;619.68
317.58;302.01;-15.58;619.59
317.61;301.56;-16.04;619.17
317.44;301.86;-15.58;619.30
317.86;301.18;-16.68;619.04
316.76;301.46;-15.31;618.22
317.25;300.75;-16.51;618.00
316.97;301.88;-15.09;618.85
317.36;302.41;-14.95;619.76
317.65;301.62;-16.03;619.28
317.17;301.25;-15.92;618.42
317.83;301.34;-16.49;619.17
318.03;300.88;-17.15;618.91
317.00;301.01;-15.99;618.01
316.87;300.79;-16.08;617.66
317.21;302.28;-14.93;619.48
318.18;300.78;-17.40;618.95
317.92;301.37;-16.55;619.29
317.38;300.44;-16.94;617.82
318.27;300.91;-17.36;619.18
319.61;301.46;-18.15;621.07
317.45;301.66;-15.79;619.11
317.79;300.12;-17.68;617.91
317.91;301.42;-16.49;619.32
318.34;300.83;-17.51;619.16
318.38;301.62;-16.75;620.00
317.99;300.46;-17.52;618.45
317.79;302.12;-15.68;619.91
318.19;301.44;-16.75;619.63
317.06;301.87;-15.19;618.93
317.51;302.19;-15.31;619.70
317.62;302.45;-15.17;620.06
317.11;301.08;-16.02;618.19
317.64;300.32;-17.31;617.96
317.74;300.46;-17.28;618.20
317.86;301.08;-16.78;618.94
318.62;301.38;-17.24;620.00
317.23;300.49;-16.74;617.72
317.66;302.08;-15.58;619.75
317.67;302.29;-15.38;619.96
316.69;300.78;-15.92;617.47
318.09;301.96;-16.13;620.05
318.59;301.56;-17.03;620.16
317.38;301.78;-15.60;619.15
317.78;301.14;-16.64;618.92
318.10;302.35;-15.75;620.45
318.35;301.38;-16.97;619.74
317.49;300.00;-17.49;617.49
316.33;300.61;-15.72;616.94
317.88;300.81;-17.07;618.68
318.09;300.13;-17.96;618.22
317.33;303.61;-13.72;620.94
317.69;302.21;-15.49;619.90
316.78;301.29;-15.49;618.06
317.42;299.89;-17.53;617.31
317.79;301.24;-16.55;619.03
318.11;299.61;-18.51;617.72
317.85;301.62;-16.22;619.47
317.58;301.75;-15.83;619.32
317.74;301.92;-15.82;619.66
317.94;301.25;-16.69;619.19
318.84;301.28;-17.56;620.11
317.51;302.09;-15.42;619.59
317.79;300.44;-17.35;618.24
317.47;302.72;-14.75;620.19
317.96;301.84;-16.12;619.79
317.15;301.81;-15.35;618.96
319.50;300.89;-18.61;620.39
316.72;302.06;-14.65;618.78
317.67;301.23;-16.44;618.90
318.85;300.14;-18.71;618.99
317.12;301.09;-16.04;618.21
318.18;300.59;-17.59;618.77
318.44;301.56;-16.88;620.01
318.14;301.46;-16.68;619.60
317.44;300.49;-16.95;617.93
316.26;301.80;-14.46;618.06
317.98;300.98;-17.00;618.96
317.07;301.39;-15.68;618.46
317.41;301.72;-15.69;619.12
317.43;301.95;-15.48;619.38
317.35;302.46;-14.89;619.81
318.20;300.78;-17.42;618.98
317.88;302.79;-15.09;620.68
316.91;301.36;-15.55;618.28
317.86;301.91;-15.95;619.77
317.86;302.20;-15.66;620.06
316.94;301.29;-15.64;618.23
317.09;301.43;-15.66;618.52
317.56;301.85;-15.71;619.41
317.80;301.97;-15.83;619.77
317.52;302.32;-15.19;619.84
316.64;302.20;-14.44;618.84
318.13;300.99;-17.14;619.12
317.33;300.48;-16.85;617.81
317.71;301.89;-15.81;619.60
317.14;302.31;-14.83;619.44
318.02;301.50;-16.52;619.52
317.19;301.66;-15.53;618.86
317.60;301.85;-15.75;619.45
317.21;301.72;-15.49;618.92
317.96;302.53;-15.43;620.49
316.89;301.08;-15.82;617.97
316.86;300.90;-15.96;617.76
317.43;301.32;-16.11;618.75
318.49;302.25;-16.24;620.75
317.83;301.82;-16.01;619.65
318.31;302.15;-16.15;620.46
317.02;302.08;-14.94;619.11
317.08;302.54;-14.55;619.62
317.38;302.01;-15.38;619.39
317.51;301.08;-16.42;618.59
317.15;301.71;-15.44;618.86
317.06;301.23;-15.83;618.29
317.20;302.05;-15.15;619.25
316.48;302.09;-14.39;618.57
317.00;301.15;-15.85;618.15
317.11;301.60;-15.51;618.71
317.42;301.71;-15.71;619.13
317.52;302.47;-15.05;619.99
317.47;302.22;-15.25;619.69
316.95;302.77;-14.18;619.72
317.16;301.71;-15.45;618.86
317.74;301.95;-15.79;619.68
318.09;301.21;-16.89;619.30
316.82;301.59;-15.23;618.41
317.11;301.79;-15.32;618.89
317.02;302.42;-14.59;619.44
317.57;300.82;-16.75;618.39
317.85;302.61;-15.25;620.46
316.91;301.98;-14.94;618.89
317.56;302.07;-15.49;619.64
317.83;301.92;-15.91;619.75
317.84;301.86;-15.98;619.70
317.11;301.81;-15.29;618.92
316.75;301.98;-14.76;618.73
317.54;301.80;-15.74;619.34
316.41;300.78;-15.63;617.19
317.80;301.74;-16.06;619.54
317.14;302.37;-14.77;619.51
317.49;302.02;-15.46;619.51
317.84;302.21;-15.62;620.05
317.16;301.44;-15.72;618.60
316.88;302.03;-14.85;618.91
317.49;302.36;-15.14;619.85
318.31;302.81;-15.50;621.11
317.82;302.76;-15.05;620.58
316.11;301.55;-14.56;617.66
317.55;302.08;-15.47;619.62
316.44;302.58;-13.85;619.02
317.16;302.80;-14.36;619.96
316.01;301.98;-14.02;617.99
317.19;302.42;-14.77;619.62
316.62;302.73;-13.89;619.35
317.00;300.29;-16.71;617.29
317.38;301.99;-15.39;619.36
317.64;302.22;-15.42;619.86
316.73;301.40;-15.33;618.13
317.16;301.71;-15.45;618.86
316.83;302.06;-14.76;618.89
316.28;301.19;-15.09;617.46
317.52;302.75;-14.77;620.26
315.95;302.12;-13.82;618.07
315.84;303.50;-12.34;619.34
316.61;302.69;-13.92;619.30
316.56;302.28;-14.28;618.84
316.88;302.06;-14.82;618.94
317.43;301.76;-15.67;619.19
317.51;302.09;-15.42;619.60
317.04;302.23;-14.81;619.26
317.65;300.77;-16.88;618.42
317.09;301.10;-15.99;618.19
317.59;301.85;-15.74;619.44
316.42;301.83;-14.59;618.25
316.75;300.92;-15.82;617.67
316.71;302.60;-14.11;619.31
317.12;301.23;-15.89;618.35
316.10;301.59;-14.51;617.69
316.91;302.09;-14.82;618.99
317.36;302.28;-15.08;619.65
317.26;301.02;-16.25;618.28
316.12;302.86;-13.25;618.98
317.22;303.18;-14.05;620.40
316.40;301.99;-14.41;618.39
316.61;302.55;-14.06;619.15
316.85;302.94;-13.91;619.79
317.03;302.19;-14.84;619.22
317.69;301.26;-16.42;618.95
317.58;303.06;-14.51;620.64
317.05;303.09;-13.96;620.14
317.69;300.75;-16.94;618.45
316.82;302.27;-14.55;619.09
316.65;301.34;-15.31;617.99
316.98;301.50;-15.48;618.48
316.64;301.94;-14.70;618.57
319.06;302.21;-16.86;621.27
317.55;302.51;-15.04;620.06
318.48;302.78;-15.70;621.25
317.49;303.15;-14.34;620.65
317.66;303.49;-14.17;621.16
318.86;301.91;-16.95;620.77
316.53;300.96;-15.57;617.49
316.85;301.46;-15.39;618.31
316.88;301.72;-15.15;618.60
316.13;302.11;-14.02;618.24
316.61;301.51;-15.11;618.12
317.06;301.74;-15.32;618.80
317.17;301.75;-15.42;618.92
316.07;302.11;-13.96;618.18
317.78;301.19;-16.59;618.97
316.85;301.50;-15.35;618.35
317.66;302.10;-15.56;619.76
317.65;301.36;-16.29;619.02
317.68;300.94;-16.75;618.62
317.99;301.39;-16.61;619.38
316.07;301.88;-14.19;617.95
316.45;300.66;-15.79;617.12
316.90;301.34;-15.56;618.24
316.72;301.47;-15.25;618.19
316.97;302.06;-14.91;619.03
317.72;302.48;-15.24;620.20
316.42;302.76;-13.66;619.18
317.10;301.07;-16.03;618.17
317.26;301.42;-15.84;618.69
317.51;301.91;-15.59;619.42
316.55;303.66;-12.88;620.21
316.71;302.34;-14.36;619.05
316.70;301.66;-15.04;618.36
317.49;301.93;-15.56;619.42
317.30;302.18;-15.12;619.48
317.45;300.93;-16.52;618.38
316.70;302.88;-13.82;619.58
317.18;301.77;-15.41;618.95
317.58;302.26;-15.32;619.84
317.95;301.34;-16.61;619.29
317.35;302.81;-14.55;620.16
316.94;302.06;-14.88;619.01
317.72;302.34;-15.39;620.06
316.67;301.79;-14.88;618.46
317.03;303.41;-13.62;620.44
315.92;303.79;-12.14;619.71
317.81;302.95;-14.85;620.76
316.75;302.61;-14.15;619.36
317.16;302.61;-14.56;619.77
317.37;302.31;-15.06;619.68
317.35;302.42;-14.93;619.78
317.10;301.81;-15.29;618.91
317.14;300.99;-16.15;618.13
316.16;301.65;-14.51;617.82
316.97;302.55;-14.42;619.52
316.91;302.48;-14.43;619.38
316.69;301.80;-14.89;618.49
317.61;302.59;-15.02;620.19
317.66;301.21;-16.45;618.86
317.55;302.76;-14.79;620.32
316.91;302.38;-14.53;619.29
317.54;301.60;-15.94;619.14
317.49;303.48;-14.01;620.97
317.81;300.73;-17.08;618.54
316.86;302.84;-14.02;619.69
316.62;302.99;-13.62;619.61
317.29;301.84;-15.45;619.14
316.66;302.67;-13.99;619.34
316.84;302.84;-14.00;619.67
317.35;303.05;-14.29;620.40
318.65;301.62;-17.04;620.27
316.66;302.11;-14.56;618.77
316.77;301.28;-15.49;618.05
317.21;301.71;-15.50;618.91
316.91;301.88;-15.02;618.79
317.56;302.08;-15.48;619.64
317.46;301.40;-16.06;618.86
318.42;302.71;-15.72;621.13
318.11;302.16;-15.94;620.27
317.72;300.46;-17.25;618.18
317.71;301.96;-15.75;619.67
318.01;302.52;-15.48;620.53
316.98;301.82;-15.16;618.80
317.00;303.08;-13.92;620.08
317.80;301.85;-15.95;619.65
316.46;302.74;-13.72;619.20
317.03;302.78;-14.25;619.81
316.52;302.62;-13.90;619.14
316.64;301.05;-15.59;617.69
316.82;301.49;-15.32;618.31
316.98;301.90;-15.08;618.88
317.75;302.37;-15.38;620.12
317.47;301.52;-15.95;618.99
316.87;301.15;-15.72;618.02
317.16;301.66;-15.49;618.82
317.45;302.06;-15.38;619.51
316.45;300.95;-15.49;617.40
318.39;300.38;-18.01;618.76
317.38;301.86;-15.52;619.24
316.28;302.46;-13.82;618.74
317.99;301.05;-16.94;619.05
318.17;301.30;-16.87;619.47
317.39;301.68;-15.72;619.07
317.69;301.79;-15.90;619.49
317.92;302.36;-15.55;620.28
316.89;301.53;-15.36;618.42
317.34;301.75;-15.58;619.09
318.17;300.22;-17.95;618.39
316.41;301.02;-15.39;617.43
316.89;302.37;-14.52;619.26
318.09;301.09;-16.99;619.18
317.18;301.49;-15.68;618.67
316.49;302.08;-14.41;618.56
317.95;302.21;-15.74;620.16
316.89;301.34;-15.55;618.24
316.80;300.63;-16.17;617.43
317.24;302.21;-15.02;619.45
317.67;301.56;-16.11;619.24
318.06;303.02;-15.04;621.08
318.41;300.28;-18.12;618.69
317.56;301.59;-15.97;619.15
316.85;302.01;-14.85;618.86
317.28;302.27;-15.01;619.55
318.21;301.56;-16.65;619.78
317.19;301.78;-15.41;618.98
317.87;302.23;-15.64;620.10
318.10;300.49;-17.61;618.59
318.04;301.00;-17.04;619.04
317.22;301.55;-15.67;618.78
317.56;301.95;-15.61;619.51
318.01;303.01;-15.00;621.01
316.73;301.22;-15.51;617.95
318.44;301.58;-16.85;620.02
316.68;302.11;-14.57;618.78
317.59;301.16;-16.42;618.75
316.75;302.25;-14.50;618.99
317.19;302.06;-15.14;619.25
316.89;301.45;-15.44;618.34
317.36;301.68;-15.68;619.04
316.32;300.74;-15.58;617.05
316.68;301.09;-15.59;617.76
317.01;302.46;-14.54;619.47
318.39;301.70;-16.69;620.09
317.10;302.90;-14.20;620.00
317.26;302.22;-15.04;619.48
317.36;302.45;-14.92;619.81
316.79;302.85;-13.94;619.64
316.94;300.96;-15.97;617.90
316.78;303.12;-13.66;619.89
316.99;302.12;-14.86;619.11
317.35;303.21;-14.14;620.56
316.35;301.99;-14.36;618.35
316.82;302.22;-14.60;619.04
317.14;302.32;-14.82;619.46
316.76;301.73;-15.04;618.49
317.60;302.06;-15.54;619.66
316.76;302.40;-14.36;619.16
317.58;302.77;-14.81;620.35
318.95;302.09;-16.86;621.04
317.19;301.79;-15.39;618.98
317.67;300.74;-16.94;618.41
316.71;301.03;-15.68;617.74
318.17;302.29;-15.88;620.46
317.07;301.68;-15.39;618.75
317.10;302.90;-14.20;620.00
317.80;302.21;-15.59;620.01
316.92;300.87;-16.05;617.79
317.89;301.24;-16.65;619.13
318.27;301.46;-16.81;619.74
317.89;301.86;-16.04;619.75
317.81;302.74;-15.07;620.54
316.24;301.49;-14.75;617.72
316.65;301.94;-14.71;618.59
317.64;301.85;-15.78;619.49
318.14;302.28;-15.86;620.41
316.90;300.92;-15.98;617.82
318.14;301.50;-16.64;619.64
317.45;301.71;-15.74;619.16
316.54;301.02;-15.52;617.56
316.86;301.36;-15.51;618.22
317.55;301.85;-15.70;619.39
317.82;302.48;-15.34;620.30
318.01;302.51;-15.49;620.52
317.21;301.28;-15.92;618.49
317.04;302.26;-14.78;619.31
317.39;302.65;-14.75;620.04
317.85;300.84;-17.02;618.69
319.46;302.04;-17.42;621.51
315.73;301.67;-14.06;617.40
316.92;301.90;-15.02;618.82
316.53;302.51;-14.02;619.04
317.41;301.64;-15.78;619.05
316.61;302.13;-14.48;618.74
317.61;301.59;-16.01;619.20
317.60;300.86;-16.74;618.46
316.46;302.51;-13.96;618.97
316.91;302.46;-14.44;619.37
317.21;301.88;-15.34;619.09
317.85;301.14;-16.71;618.98
318.25;301.77;-16.48;620.02
317.16;302.08;-15.08;619.24
317.60;302.55;-15.05;620.15
317.75;302.12;-15.63;619.88
317.92;302.15;-15.77;620.08
317.19;301.73;-15.46;618.92
317.32;301.95;-15.37;619.28
316.55;300.86;-15.69;617.42
317.86;302.72;-15.14;620.58
315.86;301.48;-14.38;617.34
317.44;303.58;-13.86;621.01
316.44;302.14;-14.29;618.58
316.30;301.53;-14.77;617.83
317.24;303.16;-14.08;620.39
317.70;302.50;-15.20;620.20
317.35;301.11;-16.24;618.46
316.49;302.75;-13.74;619.25
317.04;302.00;-15.04;619.04
317.62;301.55;-16.06;619.17
316.45;301.84;-14.61;618.29
316.61;300.89;-15.72;617.51
317.34;301.02;-16.31;618.36
317.38;300.59;-16.78;617.97
317.60;302.05;-15.55;619.65
317.27;302.28;-14.99;619.55
317.22;302.85;-14.38;620.07
317.08;301.74;-15.34;618.82
317.49;302.14;-15.35;619.62
317.85;301.26;-16.59;619.11
316.64;301.21;-15.42;617.85
317.52;301.86;-15.66;619.39
317.15;302.11;-15.04;619.26
317.56;302.46;-15.10;620.02
317.77;302.79;-14.98;620.56
317.32;301.32;-15.99;618.64
317.48;301.86;-15.62;619.34
317.95;301.20;-16.75;619.15
316.59;301.79;-14.81;618.38
316.86;301.74;-15.13;618.60
317.40;302.33;-15.07;619.73
318.21;302.71;-15.50;620.92
317.23;302.16;-15.07;619.39
316.41;301.58;-14.82;617.99
317.51;302.85;-14.66;620.36
316.54;302.31;-14.23;618.84
316.77;301.54;-15.24;618.31
317.40;301.77;-15.63;619.17
317.24;301.95;-15.29;619.18
316.33;302.56;-13.77;618.89
317.05;302.94;-14.11;619.99
316.09;301.45;-14.64;617.55
317.38;300.55;-16.84;617.93
316.42;302.28;-14.15;618.70
316.80;301.46;-15.34;618.26
317.28;302.84;-14.44;620.12
317.55;301.98;-15.57;619.52
316.51;300.59;-15.91;617.10
317.79;302.56;-15.23;620.36
318.03;301.88;-16.15;619.91
316.32;301.69;-14.63;618.01
316.89;302.05;-14.84;618.94
316.57;301.15;-15.42;617.72
318.32;301.72;-16.59;620.04
317.52;301.76;-15.76;619.28
317.07;302.34;-14.74;619.41
317.38;300.86;-16.52;618.24
318.52;303.03;-15.49;621.55
318.64;301.65;-16.98;620.29
316.51;301.02;-15.49;617.54
316.56;302.28;-14.28;618.84
317.25;302.59;-14.66;619.84
317.23;303.19;-14.04;620.42
317.48;301.05;-16.42;618.53
317.60;301.47;-16.13;619.07
318.25;302.76;-15.49;621.01
318.22;301.56;-16.65;619.78
317.47;301.69;-15.78;619.16
317.01;302.06;-14.94;619.07
316.99;301.29;-15.71;618.28
316.64;301.57;-15.06;618.21
317.02;301.36;-15.66;618.38
317.84;301.91;-15.93;619.75
316.74;302.54;-14.20;619.27
318.36;301.93;-16.43;620.29
317.19;301.29;-15.89;618.48
317.40;301.58;-15.82;618.98
317.55;300.74;-16.82;618.29
317.82;301.07;-16.75;618.89
318.12;301.41;-16.71;619.52
316.86;301.72;-15.15;618.58
317.12;302.09;-15.02;619.21
317.13;301.38;-15.75;618.51
316.74;302.76;-13.98;619.49
318.35;301.36;-16.99;619.71
316.54;302.02;-14.52;618.56
317.86;302.34;-15.52;620.19
317.02;302.52;-14.51;619.54
317.34;301.91;-15.42;619.25
317.86;301.82;-16.04;619.69
317.38;300.63;-16.75;618.01
317.71;301.91;-15.80;619.61
318.31;300.89;-17.42;619.21
317.41;301.69;-15.72;619.11
318.12;300.98;-17.14;619.09
316.93;301.40;-15.53;618.33
317.05;300.51;-16.55;617.56
317.59;301.56;-16.04;619.15
316.52;302.21;-14.31;618.73
316.64;301.48;-15.15;618.12
318.34;301.21;-17.13;619.55
317.15;301.78;-15.37;618.92
317.54;301.75;-15.78;619.29
317.08;300.89;-16.19;617.98
316.62;302.51;-14.11;619.12
316.92;301.59;-15.34;618.51
317.76;301.74;-16.02;619.50
317.24;301.00;-16.24;618.24
317.76;302.65;-15.11;620.41
317.92;300.79;-17.14;618.71
318.19;302.22;-15.98;620.41
317.83;301.79;-16.04;619.62
317.69;302.14;-15.55;619.84
316.25;302.49;-13.75;618.74
317.18;301.99;-15.18;619.17
317.12;301.98;-15.15;619.10
316.82;300.76;-16.06;617.58
316.85;303.11;-13.74;619.96
317.20;301.53;-15.67;618.73
317.59;301.02;-16.57;618.61
316.80;301.21;-15.59;618.01
317.25;301.82;-15.43;619.08
316.88;302.18;-14.69;619.06
317.11;302.25;-14.85;619.36
316.65;302.69;-13.95;619.34
317.94;301.27;-16.67;619.21
318.09;303.04;-15.05;621.14
316.33;301.91;-14.42;618.24
316.68;301.99;-14.69;618.68
316.84;302.61;-14.23;619.45
317.27;301.59;-15.68;618.86
317.04;302.11;-14.94;619.15
316.61;300.64;-15.96;617.25
317.51;301.71;-15.80;619.22
317.04;301.99;-15.04;619.03
317.45;302.26;-15.19;619.72
318.70;300.81;-17.89;619.51
316.62;302.06;-14.56;618.68
317.31;301.24;-16.06;618.55
317.64;301.86;-15.78;619.49
317.46;302.66;-14.80;620.12
317.76;301.08;-16.68;618.85
317.69;301.14;-16.55;618.83
317.51;301.82;-15.68;619.33
316.47;302.16;-14.31;618.64
316.94;301.23;-15.71;618.17
316.75;301.88;-14.87;618.64
317.31;302.11;-15.19;619.42
317.26;302.01;-15.26;619.27
317.85;300.68;-17.17;618.52
318.01;301.62;-16.39;619.62
317.33;300.40;-16.93;617.73
318.45;300.59;-17.86;619.04
317.96;301.95;-16.01;619.92
318.25;301.04;-17.21;619.29
318.39;301.40;-16.99;619.79
316.69;301.32;-15.37;618.02
317.22;302.23;-14.99;619.45
317.35;300.68;-16.68;618.03
318.14;300.98;-17.16;619.11
317.37;301.32;-16.05;618.69
317.35;301.60;-15.75;618.95
317.69;302.24;-15.45;619.94
319.44;302.86;-16.57;622.30
317.29;300.16;-17.14;617.45
317.18;300.19;-16.99;617.37
317.30;302.60;-14.70;619.90
317.08;301.41;-15.67;618.49
317.40;301.91;-15.49;619.31
317.53;300.64;-16.89;618.16
317.18;301.23;-15.95;618.41
317.09;302.28;-14.82;619.37
317.31;301.65;-15.66;618.96
316.12;301.69;-14.43;617.81
317.46;302.32;-15.15;619.78
317.86;301.78;-16.08;619.65
316.96;302.29;-14.67;619.26
317.78;300.69;-17.09;618.46
317.33;302.46;-14.87;619.79
317.26;300.44;-16.82;617.71
316.66;301.77;-14.89;618.44
317.45;302.34;-15.11;619.79
317.73;301.58;-16.15;619.31
317.13;301.96;-15.16;619.09
317.88;301.84;-16.04;619.72
316.86;302.12;-14.74;618.98
316.62;302.35;-14.26;618.97
317.07;302.71;-14.36;619.78
316.90;302.19;-14.71;619.09
317.52;301.28;-16.24;618.80
317.94;302.05;-15.89;619.98
317.32;301.74;-15.58;619.05
318.94;302.02;-16.92;620.96
318.00;301.24;-16.76;619.24
316.92;301.62;-15.31;618.54
319.32;300.94;-18.38;620.25
317.25;302.29;-14.95;619.54
317.51;301.62;-15.89;619.12
317.86;301.73;-16.14;619.59
317.72;303.09;-14.62;620.81
317.39;301.59;-15.80;618.98
318.02;300.92;-17.11;618.94
318.48;301.44;-17.04;619.92
317.04;301.66;-15.38;618.71
317.41;300.28;-17.13;617.68
317.84;301.50;-16.34;619.34
317.12;301.14;-15.98;618.26
318.17;301.42;-16.75;619.59
317.79;300.44;-17.36;618.23
316.49;302.20;-14.29;618.69
316.78;302.38;-14.39;619.16
317.32;301.55;-15.77;618.88
317.38;300.44;-16.94;617.81
317.63;301.31;-16.32;618.94
318.34;300.77;-17.57;619.11
316.99;300.18;-16.81;617.16
317.44;300.58;-16.85;618.02
317.71;302.08;-15.63;619.78
316.96;301.48;-15.48;618.44
317.76;301.56;-16.20;619.32
318.28;301.68;-16.60;619.96
318.13;302.05;-16.08;620.18
317.82;301.81;-16.01;619.62
318.15;302.96;-15.18;621.11
316.07;302.32;-13.75;618.39
319.26;302.29;-16.98;621.55
316.76;301.30;-15.46;618.06
318.46;301.74;-16.72;620.19
317.11;300.07;-17.04;617.18
317.26;302.28;-14.99;619.54
318.31;300.94;-17.38;619.25
318.25;301.34;-16.92;619.59
318.52;301.75;-16.77;620.26
317.90;302.08;-15.82;619.98
316.92;301.52;-15.39;618.44
318.85;301.83;-17.02;620.68
316.85;302.41;-14.45;619.26
317.56;302.24;-15.32;619.79
317.11;301.86;-15.25;618.97
317.08;302.12;-14.96;619.20
317.75;301.88;-15.87;619.62
316.48;301.12;-15.35;617.60
318.62;301.16;-17.46;619.78
318.33;300.49;-17.84;618.82
317.05;302.08;-14.96;619.13
317.58;302.29;-15.29;619.87
318.20;302.81;-15.39;621.01
317.89;301.92;-15.97;619.82
317.14;301.56;-15.57;618.70
317.78;302.82;-14.96;620.60
317.97;302.19;-15.78;620.16
316.75;301.38;-15.36;618.13
316.84;300.51;-16.33;617.35
317.67;300.78;-16.89;618.45
317.65;302.11;-15.54;619.76
317.48;302.50;-14.98;619.98
316.99;301.27;-15.72;618.26
316.94;301.37;-15.56;618.31
317.40;300.75;-16.65;618.15
316.45;302.02;-14.44;618.47
317.03;300.14;-16.89;617.16
317.26;302.02;-15.24;619.28
317.78;301.04;-16.74;618.82
317.58;301.59;-15.98;619.17
317.25;300.84;-16.41;618.09
318.35;301.48;-16.87;619.82
316.66;301.89;-14.78;618.55
316.69;301.21;-15.48;617.91
317.02;301.55;-15.46;618.57
317.13;300.89;-16.24;618.02
317.87;302.36;-15.51;620.24
316.76;301.24;-15.52;618.00
317.36;301.67;-15.69;619.03
317.55;301.89;-15.66;619.44
317.85;302.46;-15.39;620.31
317.02;301.64;-15.39;618.66
317.46;300.78;-16.68;618.24
317.51;301.89;-15.61;619.40
318.02;300.74;-17.28;618.76
318.12;300.74;-17.38;618.86
317.89;302.22;-15.66;620.11
317.85;301.72;-16.13;619.58
316.81;301.00;-15.81;617.81
316.75;302.47;-14.28;619.22
317.01;301.48;-15.52;618.49
317.24;301.35;-15.89;618.59
317.72;302.16;-15.56;619.88
317.84;300.76;-17.08;618.61
317.06;301.32;-15.74;618.38
317.61;301.47;-16.14;619.08
317.58;300.75;-16.83;618.32
318.12;299.78;-18.34;617.89
318.29;301.52;-16.77;619.82
316.78;301.64;-15.14;618.42
317.46;303.10;-14.36;620.56
318.01;302.32;-15.69;620.34
319.64;300.42;-19.21;620.06
318.45;303.05;-15.40;621.49
318.25;302.25;-16.00;620.51
317.44;301.88;-15.56;619.32
316.92;302.41;-14.51;619.32
318.55;301.51;-17.05;620.06
317.23;302.06;-15.16;619.29
317.71;300.63;-17.08;618.34
317.92;301.36;-16.56;619.28
317.26;301.26;-16.00;618.53
315.94;300.35;-15.59;616.29
317.81;300.77;-17.04;618.58
317.92;301.21;-16.71;619.13
316.95;301.54;-15.41;618.49
316.81;301.45;-15.36;618.26
317.47;302.32;-15.15;619.79
318.29;302.81;-15.48;621.10
317.17;301.27;-15.90;618.44
317.45;301.78;-15.67;619.22
316.45;302.09;-14.36;618.55
316.69;301.14;-15.56;617.83
316.87;301.64;-15.23;618.51
317.60;301.78;-15.82;619.38
317.92;302.25;-15.67;620.18
317.65;301.46;-16.19;619.12
317.41;301.98;-15.43;619.38
317.06;301.74;-15.32;618.79
317.82;301.91;-15.91;619.72
317.85;302.21;-15.64;620.06
316.68;301.35;-15.34;618.03
317.07;301.80;-15.27;618.87
317.55;302.16;-15.39;619.71
316.51;302.72;-13.79;619.23
316.55;301.81;-14.74;618.36
317.22;300.35;-16.88;617.57
316.69;301.80;-14.89;618.49
316.52;301.99;-14.53;618.52
316.96;301.44;-15.52;618.41
316.88;301.62;-15.26;618.50
317.85;302.06;-15.79;619.91
317.79;302.34;-15.45;620.13
317.01;301.74;-15.28;618.75
317.20;302.41;-14.79;619.61
317.52;301.86;-15.65;619.38
317.84;302.48;-15.36;620.32
316.99;301.52;-15.48;618.51
316.85;301.89;-14.96;618.74
317.67;300.66;-17.01;618.34
317.55;302.64;-14.92;620.19
316.75;302.88;-13.87;619.62
316.11;301.81;-14.29;617.92
316.38;301.05;-15.33;617.44
316.94;301.35;-15.59;618.28
316.71;301.90;-14.81;618.61
317.52;301.96;-15.56;619.49
317.91;302.52;-15.39;620.43
317.43;300.97;-16.46;618.40
316.76;301.48;-15.29;618.24
317.14;301.68;-15.46;618.82
316.20;301.96;-14.24;618.16
317.81;301.09;-16.72;618.90
318.29;301.42;-16.88;619.71
317.26;301.86;-15.40;619.13
317.72;301.19;-16.52;618.91
316.51;300.88;-15.63;617.39
316.97;302.92;-14.05;619.89
317.19;301.31;-15.89;618.50
316.36;300.68;-15.68;617.05
316.52;301.90;-14.62;618.42
317.11;302.66;-14.45;619.77
317.38;301.91;-15.46;619.29
317.02;302.29;-14.73;619.32
317.86;302.51;-15.36;620.37
317.66;302.69;-14.96;620.35
317.04;301.05;-15.99;618.09
319.05;301.51;-17.54;620.56
317.57;301.49;-16.08;619.06
316.64;301.94;-14.69;618.58
318.19;301.63;-16.56;619.82
316.57;301.93;-14.64;618.50
317.48;302.28;-15.19;619.76
318.12;301.41;-16.71;619.53
317.82;301.12;-16.70;618.95
318.23;301.55;-16.68;619.78
317.29;301.66;-15.62;618.95
317.70;302.01;-15.69;619.71
316.91;301.52;-15.38;618.43
317.31;302.24;-15.08;619.55
317.07;302.12;-14.95;619.19
317.99;301.36;-16.64;619.35
317.79;302.81;-14.99;620.60
317.05;301.27;-15.78;618.32
315.88;301.71;-14.17;617.59
316.35;302.05;-14.29;618.40
318.02;302.52;-15.50;620.55
317.20;301.75;-15.45;618.95
317.42;302.94;-14.49;620.36
317.18;303.33;-13.85;620.51
317.99;302.29;-15.70;620.29
317.88;301.33;-16.55;619.21
317.51;301.89;-15.61;619.40
316.71;300.76;-15.94;617.47
316.50;301.02;-15.48;617.52
318.22;301.66;-16.56;619.88
316.68;300.08;-16.59;616.76
317.84;301.91;-15.92;619.75
317.46;300.71;-16.75;618.16
317.98;301.16;-16.82;619.14
318.30;301.78;-16.52;620.08
317.49;301.96;-15.52;619.45
317.94;301.28;-16.66;619.21
317.09;301.54;-15.55;618.62
317.18;301.67;-15.51;618.85
316.95;302.09;-14.85;619.04
317.30;301.39;-15.91;618.69
316.77;301.61;-15.16;618.38
317.97;301.47;-16.50;619.44
318.25;301.67;-16.58;619.92
316.11;300.41;-15.70;616.52
317.81;303.52;-14.28;621.33
316.69;303.05;-13.64;619.74
316.87;301.21;-15.66;618.08
317.04;301.63;-15.41;618.66
316.71;301.75;-14.95;618.46
317.25;302.18;-15.08;619.43
317.40;303.51;-13.89;620.91
317.65;300.76;-16.89;618.42
317.72;300.95;-16.77;618.68
317.06;302.87;-14.19;619.93
317.12;301.47;-15.65;618.59
316.79;302.48;-14.31;619.28
316.49;302.37;-14.12;618.86
317.00;302.47;-14.53;619.47
317.05;301.68;-15.37;618.72
316.11;302.22;-13.89;618.33
317.29;302.51;-14.78;619.79
317.62;301.83;-15.79;619.45
318.08;301.32;-16.76;619.40
317.42;301.87;-15.55;619.29
316.40;302.16;-14.24;618.56
317.50;302.62;-14.88;620.12
318.71;302.82;-15.89;621.52
316.23;302.01;-14.22;618.24
317.87;302.62;-15.25;620.49
316.75;302.86;-13.88;619.61
317.15;303.29;-13.86;620.44
317.26;302.55;-14.71;619.81
316.40;301.89;-14.51;618.29
316.78;302.36;-14.41;619.14
317.07;301.45;-15.62;618.52
317.28;302.08;-15.21;619.36
317.02;301.96;-15.06;618.99
317.38;302.57;-14.81;619.95
317.82;301.13;-16.69;618.95
317.15;301.38;-15.76;618.53
317.88;302.12;-15.76;620.01
316.36;301.92;-14.45;618.28
316.61;301.28;-15.34;617.89
317.06;301.56;-15.49;618.62
318.80;301.98;-16.82;620.78
316.91;302.42;-14.49;619.33
317.73;302.39;-15.34;620.12
317.52;302.70;-14.82;620.22
315.98;301.08;-14.91;617.06
317.02;301.41;-15.61;618.43
316.10;301.84;-14.26;617.94
317.74;301.99;-15.75;619.73
316.49;302.21;-14.28;618.70
317.04;301.48;-15.56;618.51
316.54;302.86;-13.68;619.41
317.49;302.16;-15.33;619.65
317.15;302.21;-14.95;619.36
316.67;300.64;-16.04;617.31
317.85;301.56;-16.28;619.41
317.26;301.42;-15.84;618.68
317.66;301.69;-15.96;619.35
316.39;302.19;-14.20;618.59
316.35;302.35;-14.00;618.71
316.81;302.52;-14.29;619.32
317.44;301.99;-15.45;619.44
316.82;300.74;-16.08;617.56
316.35;302.41;-13.94;618.75
316.57;301.79;-14.78;618.36
315.95;302.10;-13.85;618.05
317.16;302.26;-14.90;619.43
317.40;301.88;-15.52;619.28
316.69;301.19;-15.50;617.88
318.38;301.47;-16.91;619.85
317.08;302.35;-14.74;619.43
317.33;300.86;-16.46;618.19
317.85;302.96;-14.89;620.82
317.31;303.26;-14.04;620.57
317.38;303.58;-13.80;620.96
317.72;300.57;-17.15;618.29
316.85;302.44;-14.41;619.29
316.68;301.89;-14.79;618.56
317.73;300.42;-17.31;618.15
317.60;302.26;-15.34;619.86
318.14;301.82;-16.32;619.95
317.64;301.81;-15.83;619.45
316.31;301.97;-14.34;618.28
317.82;301.19;-16.64;619.01
316.81;302.81;-14.00;619.62
317.38;301.94;-15.44;619.32
317.78;302.48;-15.30;620.25
317.02;302.82;-14.20;619.85
317.58;301.51;-16.08;619.09
316.34;302.09;-14.24;618.43
316.62;302.12;-14.49;618.74
317.05;301.75;-15.31;618.80
317.68;302.19;-15.49;619.87
317.48;302.71;-14.77;620.18
317.02;301.80;-15.22;618.82
318.16;301.25;-16.91;619.41
317.62;301.74;-15.89;619.36
317.62;302.24;-15.38;619.85
316.22;301.54;-14.68;617.75
316.97;301.95;-15.02;618.92
317.85;302.11;-15.74;619.95
318.06;302.30;-15.76;620.36
317.90;301.19;-16.71;619.09
317.35;301.69;-15.66;619.04
317.49;303.49;-13.99;620.98
317.86;300.92;-16.94;618.78
318.23;301.28;-16.95;619.51
316.79;301.73;-15.06;618.52
317.62;302.01;-15.61;619.63
317.22;302.53;-14.69;619.75
316.88;302.92;-13.96;619.81
317.16;301.96;-15.20;619.13
317.29;300.68;-16.61;617.97
316.45;302.19;-14.25;618.64
318.08;301.28;-16.80;619.36
317.04;302.80;-14.24;619.84
317.64;301.54;-16.10;619.17
317.29;302.18;-15.11;619.48
317.53;300.63;-16.90;618.16
317.76;302.70;-15.06;620.46
317.05;301.86;-15.18;618.91
317.94;301.74;-16.20;619.68
316.49;301.12;-15.37;617.62
316.78;301.29;-15.49;618.06
316.75;301.55;-15.21;618.30
316.75;301.91;-14.85;618.66
316.49;302.14;-14.35;618.62
317.89;301.17;-16.72;619.06
316.81;301.89;-14.92;618.70
317.06;301.84;-15.22;618.90
317.52;301.79;-15.74;619.31
317.55;301.86;-15.68;619.41
316.66;301.05;-15.61;617.71
316.94;301.51;-15.42;618.45
316.59;301.82;-14.77;618.42
317.34;301.99;-15.35;619.32
317.46;301.40;-16.06;618.86
316.54;302.69;-13.85;619.23
317.14;301.82;-15.32;618.96
316.82;300.71;-16.12;617.53
317.89;301.18;-16.71;619.06
317.08;301.74;-15.35;618.82
316.12;301.92;-14.19;618.04
317.40;302.38;-15.02;619.78
317.46;302.76;-14.70;620.22
317.18;300.09;-17.08;617.27
317.78;301.65;-16.13;619.42
319.67;302.16;-17.51;621.84
318.28;300.16;-18.12;618.44
316.99;301.68;-15.31;618.67
316.84;303.32;-13.52;620.15
316.96;302.32;-14.64;619.28
317.64;301.59;-16.04;619.23
318.18;302.01;-16.17;620.19
317.67;300.58;-17.09;618.25
316.57;301.59;-14.98;618.16
318.10;301.16;-16.94;619.26
317.22;300.48;-16.74;617.71
318.85;302.08;-16.77;620.92
317.94;300.55;-17.39;618.49
318.26;300.54;-17.72;618.81
318.05;300.50;-17.55;618.55
317.35;301.47;-15.88;618.82
318.01;301.69;-16.31;619.70
317.64;302.18;-15.45;619.82
317.95;301.12;-16.82;619.07
318.41;301.46;-16.94;619.87
317.36;299.86;-17.49;617.22
318.25;302.12;-16.13;620.38
317.65;300.69;-16.96;618.34
318.40;300.93;-17.47;619.33
318.27;300.22;-18.05;618.49
318.90;301.56;-17.34;620.46
316.95;301.92;-15.03;618.88
316.93;301.11;-15.82;618.04
317.22;300.40;-16.82;617.62
317.32;301.84;-15.48;619.16
317.58;302.26;-15.31;619.84
318.12;301.72;-16.40;619.84
317.89;301.22;-16.67;619.11
318.41;300.36;-18.05;618.77
317.75;301.75;-16.01;619.50
316.69;301.10;-15.59;617.79
317.04;301.62;-15.41;618.66
316.96;301.70;-15.26;618.66
317.18;302.04;-15.14;619.22
318.22;301.61;-16.61;619.82
316.82;301.45;-15.38;618.27
317.24;300.54;-16.70;617.78
316.98;302.25;-14.73;619.24
316.85;301.82;-15.02;618.67
316.95;301.83;-15.12;618.78
317.46;300.67;-16.79;618.14
317.03;302.04;-14.99;619.06
316.72;301.38;-15.34;618.09
316.88;302.05;-14.84;618.93
317.03;301.45;-15.58;618.48
317.52;300.64;-16.88;618.15
316.65;301.20;-15.45;617.85
317.06;302.73;-14.34;619.79
317.33;300.77;-16.56;618.10
316.30;302.24;-14.06;618.54
317.41;302.24;-15.16;619.65
318.37;302.60;-15.77;620.97
317.16;301.52;-15.64;618.69
317.31;301.55;-15.76;618.86
316.59;302.22;-14.37;618.81
317.88;301.28;-16.60;619.15
318.26;301.61;-16.65;619.86
317.39;301.81;-15.58;619.21
317.67;302.16;-15.51;619.83
317.39;300.65;-16.74;618.05
317.94;301.76;-16.18;619.71
317.52;300.06;-17.46;617.58
317.26;300.76;-16.51;618.02
318.15;302.44;-15.71;620.59
317.02;301.45;-15.58;618.47
317.26;302.97;-14.29;620.24
317.71;302.09;-15.61;619.80
317.55;302.32;-15.23;619.88
317.81;301.06;-16.75;618.87
316.92;301.89;-15.02;618.81
317.63;301.82;-15.81;619.45
317.64;300.62;-17.02;618.26
316.58;301.12;-15.45;617.70
318.27;301.32;-16.95;619.59
317.19;302.01;-15.18;619.21
316.24;300.44;-15.81;616.68
317.89;302.25;-15.65;620.14
318.02;301.98;-16.04;620.01
317.75;300.43;-17.32;618.18
317.68;300.81;-16.86;618.49
316.40;302.30;-14.10;618.70
318.35;304.37;-13.98;622.72
317.44;301.65;-15.79;619.09
317.41;301.10;-16.31;618.51
318.03;300.51;-17.52;618.54
318.42;302.96;-15.46;621.38
317.43;301.86;-15.56;619.29
317.48;301.64;-15.84;619.12
317.63;302.18;-15.45;619.81
318.05;301.07;-16.98;619.12
317.24;301.61;-15.63;618.85
317.21;300.50;-16.71;617.71
317.60;302.00;-15.60;619.60
317.55;302.14;-15.42;619.69
317.76;300.66;-17.10;618.42
317.84;301.79;-16.05;619.62
317.62;301.48;-16.14;619.11
317.45;301.75;-15.70;619.19
317.78;300.85;-16.92;618.63
317.32;302.57;-14.75;619.89
317.18;301.76;-15.42;618.95
316.95;301.88;-15.06;618.83
317.70;302.06;-15.64;619.76
317.76;302.22;-15.55;619.98
317.68;301.22;-16.46;618.90
317.39;301.28;-16.12;618.67
318.29;301.49;-16.79;619.78
317.85;302.02;-15.83;619.86
318.05;300.87;-17.18;618.92
316.36;301.24;-15.12;617.59
317.18;301.72;-15.45;618.90
316.92;302.11;-14.81;619.02
317.22;302.05;-15.17;619.28
316.84;300.74;-16.09;617.58
318.49;301.23;-17.26;619.72
317.31;302.15;-15.16;619.46
316.17;301.84;-14.34;618.01
316.62;301.15;-15.46;617.77
317.35;301.32;-16.03;618.68
316.65;301.63;-15.02;618.28
317.69;302.04;-15.65;619.73
317.20;302.33;-14.87;619.53
317.61;300.89;-16.72;618.51
318.02;302.02;-16.00;620.04
317.48;301.69;-15.78;619.17
317.54;301.99;-15.55;619.54
318.01;301.29;-16.72;619.30
317.17;301.52;-15.65;618.69
317.18;301.75;-15.43;618.92
316.95;301.23;-15.72;618.18
316.79;302.52;-14.28;619.31
316.71;301.89;-14.82;618.61
317.02;301.52;-15.51;618.54
318.36;301.66;-16.70;620.02
317.56;301.89;-15.66;619.45
316.65;302.21;-14.45;618.86
316.85;301.24;-15.61;618.09
317.22;301.71;-15.52;618.93
317.41;302.15;-15.26;619.55
316.59;302.28;-14.31;618.87
316.80;300.60;-16.20;617.40
316.85;301.14;-15.71;617.99
317.31;301.68;-15.63;618.99
317.48;302.06;-15.41;619.54
317.25;301.06;-16.19;618.32
317.04;302.57;-14.46;619.61
317.09;301.79;-15.29;618.88
317.54;302.04;-15.50;619.57
317.31;302.59;-14.72;619.89
317.64;300.96;-16.68;618.60
317.06;301.44;-15.62;618.49
317.49;300.68;-16.82;618.17
317.78;302.31;-15.48;620.09
317.06;302.62;-14.44;619.68
316.51;302.04;-14.48;618.55
316.84;302.26;-14.58;619.11
317.42;302.36;-15.06;619.79
317.10;301.58;-15.52;618.68
317.31;301.61;-15.71;618.92
317.31;301.55;-15.76;618.86
316.39;301.77;-14.62;618.16
317.24;302.43;-14.81;619.67
317.19;302.88;-14.32;620.07
317.08;302.01;-15.07;619.08
317.92;302.15;-15.77;620.08
317.75;301.18;-16.57;618.94
318.21;301.22;-16.98;619.43
317.32;301.59;-15.74;618.91
317.84;303.36;-14.48;621.19
317.18;302.32;-14.86;619.50
316.81;300.15;-16.66;616.96
317.22;301.72;-15.50;618.95
317.55;302.08;-15.47;619.64
317.42;302.37;-15.05;619.79
317.02;302.75;-14.26;619.77
317.94;301.69;-16.24;619.63
317.42;301.55;-15.86;618.97
316.22;301.48;-14.74;617.69
316.49;302.24;-14.25;618.72
317.00;302.59;-14.41;619.59
317.27;301.99;-15.28;619.26
317.71;303.56;-14.15;621.27
316.42;302.30;-14.12;618.72
317.84;302.49;-15.35;620.34
317.18;303.23;-13.95;620.41
317.68;301.79;-15.89;619.48
317.84;302.96;-14.88;620.81
316.77;301.40;-15.37;618.17
317.08;301.81;-15.27;618.88
317.60;302.22;-15.38;619.82
317.47;302.59;-14.88;620.06
316.61;303.01;-13.59;619.62
317.54;303.44;-14.09;620.98
316.65;301.96;-14.69;618.62
317.92;301.22;-16.69;619.14
316.82;302.12;-14.69;618.94
317.32;302.06;-15.26;619.38
319.05;302.24;-16.82;621.29
316.52;300.72;-15.79;617.24
316.66;301.25;-15.42;617.91
317.46;303.11;-14.36;620.57
316.04;301.83;-14.21;617.86
317.64;301.77;-15.86;619.41
316.10;301.29;-14.81;617.39
316.53;301.81;-14.72;618.34
317.02;302.02;-15.00;619.04
317.38;302.15;-15.22;619.53
317.71;302.69;-15.02;620.40
317.05;301.03;-16.02;618.08
317.33;302.98;-14.35;620.31
317.16;301.72;-15.44;618.89
315.68;302.04;-13.64;617.72
316.81;302.59;-14.21;619.40
316.57;301.53;-15.04;618.10
316.64;301.66;-14.97;618.30
317.45;301.64;-15.81;619.09
317.38;302.38;-15.00;619.76
316.67;301.48;-15.19;618.15
317.75;302.58;-15.17;620.34
316.14;301.43;-14.71;617.56
317.49;303.65;-13.84;621.14
317.59;300.88;-16.71;618.47
316.51;301.18;-15.33;617.68
316.52;301.52;-15.00;618.05
317.29;301.85;-15.45;619.14
317.03;302.18;-14.85;619.21
317.19;302.44;-14.75;619.62
316.91;301.09;-15.82;618.01
316.79;300.94;-15.85;617.73
317.08;300.26;-16.82;617.35
317.85;302.43;-15.42;620.28
316.42;302.10;-14.32;618.52
316.78;302.37;-14.41;619.15
316.82;301.25;-15.56;618.07
317.09;301.74;-15.35;618.84
317.16;301.74;-15.42;618.89
317.38;302.14;-15.24;619.52
317.68;302.32;-15.35;620.00
317.79;302.62;-15.18;620.41
316.99;302.85;-14.14;619.84
317.31;301.31;-16.00;618.61
317.31;301.59;-15.72;618.89
316.43;300.90;-15.53;617.33
316.45;301.10;-15.35;617.55
318.37;302.61;-15.76;620.98
317.39;301.92;-15.47;619.31
317.48;302.19;-15.28;619.67
316.46;302.42;-14.04;618.88
318.00;302.59;-15.41;620.59
317.41;301.49;-15.91;618.90
316.65;301.72;-14.92;618.37
317.51;300.85;-16.66;618.36
317.82;301.36;-16.46;619.18
317.28;301.64;-15.64;618.92
316.51;301.74;-14.77;618.24
317.62;301.82;-15.79;619.44
316.69;302.03;-14.66;618.72
316.85;302.92;-13.94;619.77
316.90;301.01;-15.89;617.91
315.84;301.52;-14.32;617.36
317.99;301.94;-16.05;619.92
317.76;302.31;-15.46;620.07
317.03;301.61;-15.42;618.64
317.13;301.93;-15.20;619.06
317.10;301.14;-15.96;618.24
317.57;300.79;-16.78;618.36
316.61;301.07;-15.54;617.68
318.32;301.92;-16.39;620.24
318.45;301.54;-16.91;619.99
317.44;301.84;-15.61;619.28
318.37;301.90;-16.47;620.27
316.89;300.94;-15.95;617.84
316.92;301.88;-15.04;618.80
317.90;302.11;-15.79;620.01
317.34;302.52;-14.81;619.86
318.39;301.72;-16.68;620.11
317.98;302.96;-15.01;620.94
317.67;301.53;-16.14;619.20
318.01;301.94;-16.07;619.94
318.21;301.20;-17.01;619.41
317.21;300.14;-17.08;617.35
317.38;301.58;-15.80;618.95
317.51;300.95;-16.56;618.46
317.68;302.29;-15.39;619.97
316.61;300.69;-15.92;617.31
317.64;301.06;-16.58;618.71
318.29;300.11;-18.19;618.40
317.08;301.51;-15.57;618.59
317.41;301.85;-15.55;619.26
317.01;301.25;-15.75;618.26
318.25;301.22;-17.03;619.48
318.50;301.29;-17.21;619.79
317.36;301.94;-15.43;619.30
317.98;302.39;-15.59;620.38
317.58;300.79;-16.79;618.38
317.46;301.26;-16.21;618.72
317.44;301.60;-15.84;619.04
318.97;301.15;-17.82;620.12
318.01;300.99;-17.02;619.01
318.39;301.52;-16.87;619.92
317.24;301.65;-15.59;618.89
317.14;302.15;-14.99;619.29
317.29;302.42;-14.87;619.72
317.72;301.06;-16.66;618.78
318.23;300.35;-17.88;618.58
318.66;300.70;-17.96;619.36
317.99;301.02;-16.98;619.01
317.96;301.20;-16.76;619.16
317.20;300.44;-16.76;617.64
317.19;302.01;-15.18;619.20
318.01;300.70;-17.31;618.71
316.70;301.61;-15.09;618.31
318.27;301.35;-16.92;619.62
317.46;301.66;-15.80;619.13
318.03;300.50;-17.53;618.53
317.84;300.94;-16.89;618.78
317.01;300.29;-16.72;617.29
317.45;301.67;-15.78;619.12
317.86;301.14;-16.73;619.00
319.49;301.54;-17.95;621.03
317.75;301.08;-16.67;618.84
317.29;301.38;-15.92;618.67
318.45;301.71;-16.74;620.16
317.82;300.64;-17.18;618.46
316.88;301.19;-15.68;618.07
317.22;301.48;-15.74;618.70
317.82;301.79;-16.02;619.61
317.29;302.10;-15.19;619.39
317.68;300.79;-16.88;618.47
318.22;301.24;-16.98;619.46
318.41;301.56;-16.85;619.96
317.68;301.99;-15.69;619.68
316.75;301.28;-15.48;618.03
317.71;299.78;-17.93;617.48
317.61;300.75;-16.86;618.35
317.51;302.19;-15.31;619.70
317.49;300.66;-16.83;618.16
317.71;301.05;-16.66;618.76
317.94;301.06;-16.88;618.99
317.22;301.53;-15.69;618.75
316.33;302.75;-13.58;619.08
316.71;301.84;-14.86;618.55
316.96;301.32;-15.64;618.28
317.27;301.66;-15.61;618.93
317.65;300.74;-16.92;618.39
317.88;301.95;-15.94;619.83
317.62;302.60;-15.02;620.22
316.75;300.76;-15.98;617.51
317.17;302.13;-15.04;619.30
317.49;301.74;-15.76;619.23
316.52;300.98;-15.54;617.50
318.05;301.19;-16.86;619.25
316.81;301.94;-14.88;618.75
317.07;300.88;-16.19;617.95
317.86;300.72;-17.14;618.59
318.14;301.36;-16.78;619.50
317.46;302.09;-15.37;619.55
316.64;302.29;-14.35;618.92
316.86;302.64;-14.23;619.50
317.38;301.72;-15.66;619.10
317.34;301.80;-15.54;619.14
317.67;301.68;-15.99;619.35
317.38;301.50;-15.88;618.88
317.47;301.88;-15.59;619.35
316.75;302.36;-14.39;619.12
318.54;301.20;-17.34;619.74
317.82;301.01;-16.82;618.83
317.49;300.95;-16.55;618.44
318.49;301.46;-17.04;619.95
317.11;300.34;-16.77;617.44
317.55;301.81;-15.74;619.35
316.81;301.36;-15.45;618.16
317.00;301.55;-15.45;618.55
317.45;302.01;-15.44;619.45
317.87;300.41;-17.46;618.28
318.12;301.41;-16.71;619.53
318.35;300.78;-17.56;619.13
318.14;302.31;-15.83;620.44
317.39;301.76;-15.62;619.15
317.86;300.85;-17.01;618.72
316.96;301.26;-15.70;618.22
317.78;301.57;-16.21;619.35
317.09;302.02;-15.06;619.11
319.19;302.22;-16.97;621.42
317.52;300.85;-16.67;618.36
316.82;301.53;-15.29;618.35
318.55;301.55;-17.00;620.09
317.75;300.76;-16.99;618.51
317.23;300.87;-16.36;618.10
317.59;302.58;-15.02;620.17
316.90;301.54;-15.36;618.44
317.49;301.99;-15.50;619.48
317.98;302.50;-15.48;620.48
317.65;302.69;-14.96;620.35
318.31;301.71;-16.60;620.02
317.98;301.83;-16.15;619.81
318.21;300.98;-17.23;619.18
316.84;301.47;-15.37;618.31
318.49;301.30;-17.19;619.79
317.20;301.96;-15.24;619.16
318.01;302.34;-15.67;620.34
317.95;300.42;-17.52;618.37
317.03;301.26;-15.77;618.29
317.41;301.54;-15.87;618.94
317.39;301.88;-15.51;619.28
317.62;300.99;-16.62;618.61
317.94;302.28;-15.66;620.21
316.98;301.40;-15.58;618.38
317.78;302.00;-15.78;619.78
317.86;302.06;-15.80;619.93
317.74;302.51;-15.22;620.25
317.46;302.82;-14.65;620.28
317.21;302.90;-14.31;620.11
317.68;301.72;-15.96;619.40
317.75;301.85;-15.90;619.59
318.08;302.49;-15.59;620.58
316.79;301.96;-14.84;618.75
317.84;301.97;-15.87;619.81
317.92;302.22;-15.71;620.14
318.03;300.80;-17.23;618.83
317.32;301.12;-16.20;618.45
318.29;301.21;-17.08;619.51
317.95;300.87;-17.08;618.82
317.80;302.50;-15.30;620.30
317.04;300.22;-16.82;617.26
317.40;301.92;-15.48;619.32
317.66;300.47;-17.19;618.13
317.63;302.72;-14.91;620.35
318.00;301.96;-16.04;619.96
318.24;302.96;-15.28;621.19
317.55;301.91;-15.64;619.46
317.82;301.25;-16.58;619.07
317.04;302.41;-14.63;619.45
316.73;301.84;-14.89;618.57
316.91;302.27;-14.64;619.18
317.35;301.15;-16.19;618.50
317.61;301.03;-16.58;618.64
317.49;302.77;-14.72;620.26
317.31;301.58;-15.74;618.89
317.68;301.97;-15.71;619.65
316.82;301.21;-15.61;618.03
317.11;301.55;-15.56;618.66
317.04;302.04;-15.01;619.08
317.21;302.15;-15.05;619.36
317.67;300.73;-16.94;618.40
316.69;301.79;-14.91;618.48
318.12;301.26;-16.86;619.38
317.38;301.69;-15.68;619.07
317.84;301.10;-16.74;618.94
316.97;302.48;-14.49;619.45
317.11;301.69;-15.42;618.79
317.53;301.83;-15.70;619.36
317.31;301.19;-16.12;618.50
318.14;302.58;-15.56;620.72
317.19;300.89;-16.30;618.08
316.62;301.55;-15.08;618.17
317.12;301.93;-15.19;619.05
317.44;302.59;-14.85;620.03
317.02;302.84;-14.18;619.85
316.75;301.96;-14.79;618.72
317.51;302.30;-15.21;619.81
317.52;302.51;-15.01;620.02
317.92;301.31;-16.62;619.23
317.22;301.51;-15.71;618.72
318.56;301.59;-16.98;620.15
317.81;302.11;-15.69;619.92
317.31;301.44;-15.87;618.75
317.02;301.92;-15.11;618.94
317.14;301.66;-15.48;618.79
316.73;300.36;-16.37;617.09
319.49;300.80;-18.69;620.29
316.49;300.92;-15.56;617.41
317.29;301.54;-15.75;618.82
317.92;301.58;-16.35;619.50
317.92;300.73;-17.19;618.65
316.58;300.94;-15.65;617.52
317.16;302.56;-14.59;619.72
317.19;302.70;-14.49;619.89
317.00;301.89;-15.11;618.89
317.36;302.09;-15.27;619.45
317.18;301.02;-16.16;618.19
316.82;302.24;-14.58;619.06
316.89;301.13;-15.76;618.02
317.04;301.38;-15.65;618.42
317.31;301.62;-15.68;618.93
317.79;302.11;-15.69;619.90
318.15;302.24;-15.92;620.39
316.95;301.53;-15.42;618.48
317.15;301.98;-15.16;619.13
317.18;302.18;-15.00;619.36
317.94;302.71;-15.22;620.65
317.17;302.73;-14.44;619.90
318.46;301.49;-16.97;619.96
317.45;301.92;-15.52;619.37
317.89;300.94;-16.95;618.84
317.01;301.42;-15.59;618.44
317.82;301.73;-16.09;619.55
316.99;300.85;-16.14;617.85
318.20;303.68;-14.52;621.88
317.90;302.44;-15.46;620.34
317.19;303.08;-14.11;620.28
318.70;301.71;-16.99;620.41
317.57;303.06;-14.51;620.63
317.89;302.31;-15.58;620.21
318.71;302.22;-16.49;620.94
318.45;301.59;-16.86;620.04
317.59;301.91;-15.68;619.51
316.47;300.45;-16.02;616.92
317.77;300.90;-16.87;618.67
317.55;301.62;-15.93;619.18
317.31;302.06;-15.25;619.38
317.25;301.80;-15.45;619.05
317.61;302.01;-15.59;619.62
316.58;300.94;-15.64;617.52
316.80;302.49;-14.31;619.29
317.23;301.93;-15.30;619.16
317.02;303.14;-13.89;620.16
317.68;302.05;-15.63;619.74
317.17;302.51;-14.66;619.68
317.75;302.51;-15.24;620.25
316.62;301.04;-15.58;617.66
317.02;302.18;-14.84;619.19
315.87;301.84;-14.04;617.71
316.00;302.01;-13.99;618.01
316.59;302.31;-14.29;618.90
317.07;301.35;-15.72;618.42
317.08;301.44;-15.64;618.52
317.56;301.86;-15.70;619.42
317.78;300.41;-17.37;618.18
317.52;300.32;-17.20;617.84
317.92;302.22;-15.70;620.14
317.69;300.88;-16.81;618.56
318.02;301.20;-16.82;619.22
317.51;301.51;-16.00;619.01
317.34;301.84;-15.49;619.18
317.98;302.12;-15.85;620.10
319.14;300.60;-18.54;619.74
317.18;301.46;-15.72;618.65
316.90;299.98;-16.92;616.88
317.79;300.28;-17.52;618.07
317.55;302.16;-15.39;619.72
318.09;302.32;-15.78;620.41
317.92;301.81;-16.11;619.72
318.08;302.16;-15.92;620.24
317.24;300.56;-16.67;617.80
317.69;300.78;-16.91;618.48
318.12;302.47;-15.65;620.59
318.22;301.38;-16.84;619.61
317.34;302.13;-15.21;619.46
317.54;300.26;-17.28;617.79
317.39;300.64;-16.75;618.03
317.80;300.82;-16.98;618.62
318.12;301.35;-16.78;619.47
317.23;302.29;-14.94;619.52
317.65;300.91;-16.74;618.56
317.92;301.19;-16.73;619.12
318.37;301.42;-16.95;619.79
318.58;301.89;-16.69;620.46
317.54;301.94;-15.60;619.47
317.42;301.74;-15.68;619.16
316.92;300.60;-16.32;617.52
318.01;301.25;-16.75;619.26
317.66;300.32;-17.34;617.99
318.76;301.98;-16.79;620.74
316.65;301.73;-14.92;618.38
317.99;302.18;-15.82;620.17
316.59;301.64;-14.95;618.23
317.22;301.86;-15.36;619.08
317.86;302.15;-15.72;620.01
317.28;302.12;-15.16;619.41
317.69;300.86;-16.84;618.55
318.34;301.40;-16.94;619.74
317.56;300.30;-17.26;617.86
317.61;301.90;-15.71;619.51
316.35;302.03;-14.32;618.38
316.64;302.61;-14.04;619.25
316.99;301.66;-15.33;618.65
317.64;302.05;-15.59;619.69
317.74;301.96;-15.78;619.71
317.87;302.55;-15.32;620.42
317.18;301.04;-16.14;618.22
318.41;301.36;-17.05;619.78
317.41;301.85;-15.55;619.26
316.67;301.06;-15.61;617.73
316.92;301.23;-15.69;618.15
317.18;301.66;-15.52;618.84
317.39;301.47;-15.92;618.86
317.66;302.00;-15.66;619.66
317.32;302.19;-15.12;619.51
317.74;300.97;-16.77;618.71
317.35;301.04;-16.31;618.39
318.44;301.42;-17.02;619.86
317.40;302.56;-14.84;619.96
317.84;301.82;-16.02;619.65
316.78;302.49;-14.29;619.26
317.42;301.95;-15.46;619.37
317.52;300.26;-17.26;617.78
317.44;301.97;-15.47;619.41
316.61;302.52;-14.09;619.12
317.79;300.78;-17.01;618.57
318.13;301.51;-16.62;619.64
316.16;301.76;-14.41;617.92
317.85;302.04;-15.81;619.89
316.78;301.21;-15.57;617.98
316.91;301.29;-15.62;618.20
317.24;301.36;-15.88;618.59
316.86;301.59;-15.26;618.45
317.14;302.38;-14.75;619.52
317.49;302.55;-14.95;620.04
317.14;302.57;-14.56;619.71
317.93;301.71;-16.22;619.64
317.22;301.66;-15.55;618.88
