303.69;288.31;-15.38;592.00
304.75;284.27;-20.48;589.02
302.74;284.95;-17.79;587.69
303.71;283.45;-20.25;587.16
303.84;284.65;-19.19;588.48
302.60;283.84;-18.76;586.44
303.73;285.02;-18.71;588.75
305.86;287.21;-18.65;593.08
301.32;283.94;-17.38;585.26
303.70;284.88;-18.82;588.58
302.78;284.60;-18.18;587.38
304.90;283.91;-20.99;588.81
304.03;284.91;-19.12;588.94
304.82;284.14;-20.68;588.96
305.54;283.79;-21.75;589.34
301.75;283.97;-17.78;585.72
302.82;284.59;-18.23;587.42
302.77;287.24;-15.53;590.01
305.01;283.81;-21.21;588.82
301.59;284.66;-16.94;586.25
306.02;284.24;-21.78;590.26
303.64;283.71;-19.93;587.34
304.76;283.79;-20.98;588.55
302.49;285.08;-17.42;587.57
304.75;283.28;-21.46;588.03
305.65;284.01;-21.65;589.66
304.68;284.84;-19.84;589.52
303.85;285.01;-18.85;588.86
303.66;283.60;-20.06;587.26
304.41;285.88;-18.53;590.28
304.36;283.33;-21.03;587.69
304.09;289.31;-14.78;593.39
303.73;283.88;-19.85;587.61
304.82;284.57;-20.25;589.39
305.22;284.87;-20.35;590.09
303.36;289.85;-13.51;593.22
305.42;283.86;-21.55;589.28
305.19;283.27;-21.92;588.46
303.94;285.05;-18.89;588.99
305.09;284.88;-20.21;589.96
302.56;284.48;-18.09;587.04
305.20;288.59;-16.61;593.79
304.44;284.44;-20.00;588.88
305.29;286.90;-18.39;592.19
303.94;284.25;-19.69;588.19
302.64;285.86;-16.77;588.50
303.79;284.72;-19.07;588.52
304.35;284.50;-19.85;588.85
305.29;289.89;-15.40;595.18
302.76;284.40;-18.36;587.16
302.74;283.17;-19.56;585.91
301.44;284.72;-16.72;586.15
302.78;285.46;-17.32;588.24
300.41;283.38;-17.03;583.78
304.48;285.88;-18.59;590.36
302.28;285.04;-17.24;587.32
303.05;284.45;-18.61;587.50
303.81;283.86;-19.94;587.67
301.66;284.64;-17.02;586.29
305.65;283.99;-21.66;589.65
300.46;284.78;-15.68;585.24
304.44;284.23;-20.21;588.66
302.22;285.12;-17.10;587.35
303.20;284.11;-19.09;587.31
303.64;284.16;-19.48;587.79
302.88;289.38;-13.50;592.25
302.65;286.19;-16.46;588.85
306.46;284.84;-21.63;591.30
302.55;285.98;-16.56;588.53
302.47;285.41;-17.06;587.88
305.63;288.26;-17.36;593.89
304.19;285.62;-18.56;589.81
304.00;283.59;-20.41;587.59
304.42;284.03;-20.39;588.45
304.02;286.36;-17.65;590.38
301.44;284.76;-16.68;586.19
303.73;283.84;-19.89;587.56
301.38;284.41;-16.97;585.78
302.23;284.08;-18.15;586.31
303.04;284.72;-18.32;587.75
306.08;285.19;-20.89;591.28
306.83;283.72;-23.11;590.55
305.84;284.46;-21.37;590.30
305.89;284.77;-21.12;590.66
303.21;284.92;-18.29;588.14
304.25;285.54;-18.72;589.79
303.14;284.34;-18.80;587.47
301.12;285.34;-15.79;586.46
304.01;285.31;-18.70;589.31
303.65;284.59;-19.06;588.24
302.26;285.38;-16.89;587.64
304.59;283.39;-21.20;587.99
304.14;285.26;-18.88;589.39
303.20;284.24;-18.96;587.44
301.56;285.04;-16.52;586.60
303.84;284.82;-19.02;588.65
302.54;290.15;-12.38;592.69
303.52;283.40;-20.12;586.92
302.81;285.47;-17.34;588.28
303.99;289.44;-14.55;593.44
303.65;284.56;-19.09;588.21
304.71;283.64;-21.08;588.35
301.62;284.53;-17.09;586.15
303.98;285.41;-18.57;589.39
306.51;290.04;-16.48;596.55
304.30;284.23;-20.07;588.53
304.96;283.74;-21.23;588.70
302.89;283.95;-18.94;586.84
302.32;283.74;-18.58;586.06
303.48;284.65;-18.83;588.12
302.47;284.06;-18.41;586.54
303.24;284.49;-18.75;587.74
304.16;284.35;-19.81;588.51
303.56;285.34;-18.22;588.90
303.88;284.15;-19.73;588.02
304.61;290.51;-14.10;595.12
304.78;284.74;-20.05;589.52
304.07;283.94;-20.13;588.01
303.37;286.39;-16.98;589.76
300.95;286.13;-14.82;587.08
304.86;284.85;-20.02;589.71
304.51;287.01;-17.50;591.51
305.61;285.18;-20.44;590.79
303.34;284.25;-19.09;587.59
304.22;284.01;-20.21;588.22
305.04;284.32;-20.72;589.36
302.66;290.59;-12.07;593.26
301.89;286.51;-15.38;588.39
304.87;284.17;-20.70;589.04
300.75;283.98;-16.77;584.74
301.57;285.95;-15.62;587.52
304.25;284.32;-19.92;588.57
305.03;284.36;-20.66;589.39
302.82;284.30;-18.52;587.12
303.52;283.52;-19.99;587.04
303.43;284.24;-19.19;587.67
302.15;284.54;-17.61;586.69
305.02;286.20;-18.82;591.22
303.55;284.97;-18.58;588.52
302.51;284.40;-18.11;586.91
303.51;284.76;-18.74;588.27
304.39;284.29;-20.09;588.68
302.11;283.90;-18.21;586.01
301.96;284.05;-17.91;586.01
302.69;283.85;-18.84;586.54
303.71;285.22;-18.48;588.93
306.76;284.48;-22.28;591.24
305.45;283.84;-21.62;589.29
303.14;283.08;-20.06;586.21
301.99;285.06;-16.92;587.05
306.02;284.39;-21.64;590.41
302.51;283.62;-18.89;586.14
303.41;284.19;-19.22;587.59
305.03;284.09;-20.94;589.12
305.89;284.04;-21.85;589.93
302.55;283.62;-18.93;586.16
304.66;284.61;-20.05;589.26
304.14;284.22;-19.92;588.35
304.97;284.74;-20.23;589.71
306.06;284.99;-21.07;591.06
305.08;283.49;-21.59;588.57
304.62;284.16;-20.46;588.78
304.37;284.48;-19.89;588.85
304.34;284.35;-19.99;588.68
302.82;283.78;-19.04;586.59
304.76;282.61;-22.15;587.38
305.68;285.44;-20.24;591.12
303.41;284.74;-18.67;588.14
304.55;283.76;-20.79;588.31
302.05;285.16;-16.88;587.21
303.17;285.37;-17.80;588.54
303.85;289.60;-14.25;593.45
304.77;284.56;-20.21;589.34
304.53;283.92;-20.61;588.45
306.57;284.79;-21.78;591.36
303.51;283.64;-19.87;587.14
303.58;286.57;-17.01;590.15
301.98;284.28;-17.69;586.26
305.42;283.80;-21.62;589.22
304.62;283.88;-20.74;588.51
303.74;286.96;-16.78;590.70
304.89;284.55;-20.34;589.44
304.28;283.99;-20.28;588.27
305.55;283.35;-22.20;588.91
302.99;283.98;-19.02;586.97
303.89;283.94;-19.95;587.83
303.90;284.56;-19.34;588.46
302.46;285.00;-17.46;587.46
303.48;284.83;-18.65;588.31
304.76;285.74;-19.03;590.50
303.60;283.83;-19.77;587.43
304.39;284.38;-20.02;588.77
304.04;288.71;-15.34;592.75
304.92;284.58;-20.34;589.51
302.63;284.05;-18.58;586.68
304.82;285.81;-19.01;590.62
305.66;285.74;-19.92;591.40
304.49;283.58;-20.91;588.06
306.21;284.08;-22.13;590.28
305.36;285.06;-20.29;590.42
303.79;284.62;-19.18;588.41
304.69;284.92;-19.77;589.62
304.71;283.41;-21.29;588.12
302.32;284.32;-18.00;586.65
305.23;285.02;-20.21;590.25
305.14;285.71;-19.44;590.85
305.12;284.88;-20.24;590.00
301.41;284.44;-16.98;585.85
302.29;285.01;-17.28;587.30
301.05;284.49;-16.56;585.54
303.97;283.84;-20.13;587.81
306.42;284.58;-21.84;590.99
303.95;284.82;-19.13;588.76
304.70;286.68;-18.02;591.38
305.44;285.41;-20.02;590.85
302.38;283.62;-18.76;585.99
304.34;285.55;-18.79;589.89
303.75;283.75;-19.99;587.50
306.16;289.66;-16.50;595.82
301.46;284.98;-16.48;586.44
303.74;285.82;-17.92;589.56
304.51;285.90;-18.61;590.41
302.25;285.23;-17.02;587.48
303.20;288.98;-14.22;592.18
303.80;283.87;-19.93;587.67
302.99;283.06;-19.93;586.05
302.34;284.06;-18.28;586.41
301.45;287.75;-13.71;589.20
304.21;288.89;-15.31;593.10
301.98;284.42;-17.56;586.40
303.99;285.25;-18.75;589.24
303.65;283.74;-19.91;587.39
305.74;284.41;-21.32;590.15
305.50;284.58;-20.92;590.08
303.12;284.38;-18.75;587.50
303.88;284.96;-18.91;588.84
302.88;286.12;-16.75;589.00
306.95;288.82;-18.13;595.76
304.62;284.33;-20.29;588.95
301.80;284.11;-17.69;585.91
305.01;284.68;-20.32;589.69
302.26;283.65;-18.61;585.91
304.71;284.71;-20.01;589.42
304.15;284.17;-19.98;588.32
304.97;284.14;-20.83;589.11
302.36;290.60;-11.76;592.96
303.46;291.31;-12.15;594.76
304.09;284.04;-20.06;588.13
301.95;288.51;-13.44;590.45
302.92;283.90;-19.02;586.82
303.56;285.35;-18.21;588.91
304.52;284.41;-20.11;588.92
303.79;283.76;-20.03;587.56
303.45;285.44;-18.01;588.89
304.21;284.06;-20.14;588.27
305.89;284.66;-21.22;590.55
302.59;283.66;-18.93;586.25
303.26;284.65;-18.62;587.91
302.46;285.36;-17.10;587.82
303.07;284.26;-18.81;587.33
303.69;285.65;-18.04;589.35
303.34;285.68;-17.66;589.01
305.49;284.21;-21.28;589.70
303.22;284.15;-19.08;587.37
302.63;283.69;-18.94;586.32
303.39;283.44;-19.96;586.83
303.75;284.02;-19.73;587.76
303.06;284.95;-18.11;588.02
303.96;285.06;-18.90;589.02
301.34;283.17;-18.17;584.51
304.39;284.13;-20.26;588.52
304.98;284.32;-20.65;589.30
306.09;285.06;-21.03;591.15
303.69;286.18;-17.52;589.87
304.65;283.76;-20.89;588.41
302.24;284.68;-17.56;586.92
303.29;289.46;-13.83;592.75
303.98;285.23;-18.75;589.21
304.83;284.48;-20.35;589.31
304.59;287.19;-17.39;591.78
304.77;283.65;-21.12;588.42
301.21;283.91;-17.31;585.12
304.27;285.16;-19.11;589.43
304.12;285.94;-18.19;590.06
303.69;285.00;-18.69;588.69
305.76;284.46;-21.30;590.23
305.65;284.84;-20.81;590.48
303.14;283.15;-19.99;586.28
303.92;283.84;-20.08;587.76
306.12;284.05;-22.07;590.16
305.69;287.13;-18.56;592.82
305.61;284.80;-20.81;590.41
304.45;287.28;-17.17;591.72
301.95;284.99;-16.96;586.94
306.27;283.98;-22.29;590.25
303.85;283.89;-19.96;587.74
304.84;284.46;-20.38;589.29
302.46;283.80;-18.66;586.26
301.16;289.56;-11.61;590.72
300.97;287.05;-13.92;588.02
306.18;284.14;-22.04;590.32
305.98;285.30;-20.68;591.28
304.71;283.42;-21.29;588.14
304.33;285.39;-18.94;589.72
305.16;286.55;-18.61;591.72
304.21;284.92;-19.29;589.13
301.36;284.58;-16.78;585.94
303.52;287.49;-16.02;591.01
305.55;290.01;-15.54;595.56
304.08;284.14;-19.94;588.22
303.74;283.97;-19.77;587.71
304.71;284.48;-20.24;589.19
302.45;289.03;-13.42;591.48
303.21;286.58;-16.62;589.79
305.38;284.06;-21.31;589.44
303.25;286.28;-16.97;589.54
304.20;284.35;-19.85;588.55
304.93;283.59;-21.34;588.52
306.09;283.74;-22.36;589.83
305.38;284.52;-20.85;589.90
303.87;282.95;-20.92;586.82
303.94;284.03;-19.91;587.96
304.95;284.15;-20.80;589.09
303.77;284.78;-18.99;588.55
303.26;284.66;-18.60;587.93
304.19;284.08;-20.12;588.27
303.16;282.98;-20.18;586.14
302.95;283.88;-19.08;586.83
303.33;286.47;-16.86;589.80
304.25;284.12;-20.14;588.37
305.30;286.42;-18.88;591.72
304.99;286.05;-18.94;591.04
303.71;284.09;-19.62;587.81
304.50;284.71;-19.79;589.21
302.46;285.73;-16.73;588.19
302.36;284.79;-17.56;587.15
304.26;284.03;-20.23;588.29
305.08;284.81;-20.27;589.89
301.01;284.13;-16.88;585.14
301.80;285.02;-16.78;586.82
302.72;284.56;-18.16;587.28
302.36;284.85;-17.51;587.22
304.53;285.55;-18.98;590.08
304.22;284.25;-19.98;588.47
304.01;284.22;-19.79;588.23
302.76;285.07;-17.69;587.84
301.58;284.81;-16.77;586.38
301.28;287.14;-14.15;588.42
304.46;284.68;-19.78;589.14
303.31;284.22;-19.08;587.53
304.15;283.97;-20.18;588.12
301.62;284.65;-16.97;586.28
303.95;285.51;-18.44;589.46
303.69;284.59;-19.10;588.29
302.85;283.82;-19.03;586.68
305.46;284.56;-20.90;590.03
304.09;286.18;-17.91;590.27
305.02;283.65;-21.36;588.67
302.98;287.20;-15.78;590.18
305.64;284.72;-20.92;590.36
302.88;284.56;-18.32;587.45
305.34;285.26;-20.08;590.60
303.97;284.42;-19.55;588.39
303.82;284.96;-18.85;588.78
303.72;286.09;-17.62;589.81
304.53;284.20;-20.33;588.73
303.62;288.79;-14.82;592.41
302.99;284.68;-18.32;587.67
302.10;286.84;-15.26;588.94
303.62;284.72;-18.90;588.34
303.68;285.72;-17.95;589.40
303.15;288.94;-14.21;592.08
304.18;285.43;-18.75;589.61
303.21;284.43;-18.78;587.64
305.94;285.46;-20.47;591.40
303.66;284.72;-18.94;588.39
304.62;289.01;-15.62;593.63
303.29;285.26;-18.04;588.55
305.12;284.44;-20.68;589.55
303.56;283.69;-19.86;587.25
302.92;284.49;-18.43;587.41
303.77;283.74;-20.03;587.51
303.72;283.48;-20.25;587.20
304.35;283.64;-20.71;587.99
303.70;284.70;-19.00;588.40
304.48;282.88;-21.60;587.35
303.75;285.13;-18.62;588.88
302.91;284.42;-18.48;587.33
305.54;285.44;-20.09;590.98
301.41;283.05;-18.35;584.46
305.38;283.73;-21.65;589.11
303.57;288.39;-15.18;591.96
302.48;282.24;-20.24;584.72
303.29;282.92;-20.37;586.22
305.62;283.64;-21.98;589.26
303.04;284.74;-18.31;587.78
303.88;285.04;-18.84;588.92
303.38;285.59;-17.79;588.96
304.05;284.20;-19.85;588.25
304.44;284.01;-20.44;588.45
302.61;285.46;-17.15;588.06
303.46;285.78;-17.68;589.24
303.37;283.68;-19.69;587.05
305.06;286.29;-18.76;591.35
304.08;285.09;-18.99;589.17
304.89;283.46;-21.43;588.35
304.44;284.22;-20.21;588.66
302.77;288.65;-14.12;591.42
304.04;284.22;-19.81;588.26
304.73;283.39;-21.34;588.12
302.52;285.66;-16.86;588.18
302.06;284.93;-17.14;586.99
304.22;284.01;-20.22;588.23
302.63;283.45;-19.18;586.08
304.94;284.54;-20.39;589.48
304.11;285.49;-18.62;589.60
305.35;284.60;-20.75;589.95
305.44;283.99;-21.45;589.43
306.20;284.34;-21.86;590.54
304.11;287.18;-16.93;591.29
303.65;283.58;-20.08;587.23
302.93;284.45;-18.48;587.38
305.56;283.36;-22.20;588.93
303.10;284.22;-18.88;587.32
301.90;285.01;-16.89;586.91
304.85;284.44;-20.41;589.29
305.46;283.72;-21.74;589.18
303.38;288.99;-14.39;592.37
302.34;284.11;-18.22;586.45
304.91;284.64;-20.26;589.55
304.42;287.29;-17.13;591.71
305.62;284.52;-21.09;590.14
305.37;285.56;-19.81;590.93
303.14;284.25;-18.89;587.39
304.05;283.72;-20.32;587.77
303.33;284.72;-18.61;588.05
304.54;283.96;-20.58;588.49
301.94;284.86;-17.08;586.79
304.09;284.15;-19.95;588.24
303.56;283.47;-20.09;587.03
303.66;284.82;-18.84;588.48
303.49;285.01;-18.48;588.51
303.04;284.25;-18.79;587.29
302.75;283.52;-19.23;586.26
305.94;284.35;-21.59;590.28
305.24;284.69;-20.55;589.94
306.44;284.42;-22.01;590.86
302.84;283.21;-19.64;586.05
306.06;284.14;-21.92;590.21
303.68;285.61;-18.07;589.28
305.33;284.46;-20.87;589.79
303.82;284.09;-19.74;587.91
305.13;282.77;-22.36;587.90
305.86;283.78;-22.08;589.65
304.88;283.44;-21.44;588.32
304.34;285.65;-18.69;589.98
306.71;283.36;-23.35;590.08
303.11;284.06;-19.05;587.17
308.11;284.88;-23.22;592.99
304.67;286.95;-17.72;591.62
303.84;284.71;-19.12;588.55
302.91;284.24;-18.66;587.15
304.04;284.12;-19.92;588.16
301.72;284.14;-17.59;585.86
302.56;285.67;-16.89;588.23
303.38;284.74;-18.64;588.12
302.39;284.20;-18.19;586.59
302.11;284.23;-17.88;586.34
304.02;285.18;-18.85;589.20
302.78;284.84;-17.94;587.62
304.61;287.33;-17.28;591.94
303.61;284.78;-18.83;588.38
305.50;285.74;-19.76;591.24
304.04;283.93;-20.11;587.97
302.00;284.91;-17.09;586.91
303.59;285.04;-18.55;588.63
306.86;289.41;-17.45;596.28
303.43;284.26;-19.17;587.69
305.32;288.98;-16.34;594.30
304.22;284.19;-20.03;588.41
303.51;283.90;-19.61;587.41
302.98;284.44;-18.54;587.41
305.54;284.78;-20.76;590.31
305.34;284.41;-20.94;589.75
305.45;283.71;-21.74;589.16
305.08;284.66;-20.42;589.75
302.78;284.97;-17.81;587.75
301.43;286.37;-15.06;587.80
303.94;284.03;-19.91;587.97
301.85;283.98;-17.87;585.82
303.85;283.63;-20.22;587.48
303.41;284.42;-18.99;587.84
304.21;283.87;-20.34;588.08
305.02;283.25;-21.77;588.28
303.91;284.94;-18.96;588.85
303.57;283.38;-20.19;586.95
304.15;284.28;-19.87;588.44
303.21;284.81;-18.41;588.02
302.94;289.24;-13.71;592.18
303.44;289.62;-13.81;593.06
304.84;284.39;-20.45;589.22
305.76;285.55;-20.21;591.31
306.32;286.26;-20.05;592.58
304.05;285.09;-18.96;589.15
306.29;284.03;-22.26;590.32
305.85;285.06;-20.79;590.91
305.67;283.39;-22.28;589.06
305.41;283.82;-21.59;589.24
305.13;284.15;-20.98;589.28
303.77;287.25;-16.52;591.02
303.29;283.38;-19.92;586.67
302.62;284.19;-18.44;586.81
308.11;284.75;-23.36;592.86
302.95;284.12;-18.82;587.07
303.69;286.64;-17.05;590.33
304.71;284.41;-20.31;589.12
305.69;284.59;-21.10;590.29
304.59;284.59;-20.00;589.18
304.14;283.78;-20.36;587.92
304.86;283.91;-20.96;588.77
303.48;282.22;-21.26;585.69
302.95;283.24;-19.71;586.19
306.15;285.18;-20.98;591.33
301.60;284.24;-17.36;585.84
302.53;284.86;-17.67;587.39
303.56;286.43;-17.13;589.99
305.65;289.78;-15.86;595.43
305.10;284.89;-20.21;589.99
303.96;285.71;-18.25;589.68
304.96;284.81;-20.15;589.78
302.35;287.59;-14.76;589.94
302.25;284.53;-17.72;586.78
304.23;284.04;-20.19;588.27
305.01;284.62;-20.39;589.63
304.39;285.82;-18.58;590.21
305.44;284.57;-20.86;590.01
303.24;287.62;-15.62;590.86
303.86;283.96;-19.91;587.82
303.70;284.55;-19.15;588.25
302.43;283.72;-18.71;586.15
304.56;285.59;-18.97;590.16
301.82;283.39;-18.42;585.21
304.93;284.48;-20.45;589.41
303.66;284.83;-18.84;588.49
304.42;283.06;-21.36;587.48
305.32;287.03;-18.29;592.35
304.74;284.83;-19.91;589.56
302.31;285.46;-16.85;587.78
303.57;285.68;-17.89;589.25
304.48;284.26;-20.22;588.75
303.31;284.72;-18.59;588.04
304.02;285.44;-18.58;589.45
305.31;283.83;-21.48;589.14
304.56;284.39;-20.17;588.95
305.51;286.78;-18.73;592.28
305.28;289.54;-15.74;594.82
304.01;283.92;-20.09;587.93
305.02;287.49;-17.52;592.51
302.71;285.42;-17.29;588.14
303.37;283.62;-19.75;586.99
302.18;283.86;-18.32;586.04
303.39;285.28;-18.11;588.67
306.15;289.32;-16.84;595.47
305.16;285.29;-19.87;590.45
302.69;284.69;-18.01;587.38
305.74;288.12;-17.62;593.86
304.92;284.58;-20.35;589.50
302.49;284.16;-18.33;586.65
305.45;284.98;-20.47;590.44
305.78;285.43;-20.35;591.21
303.66;283.95;-19.71;587.61
302.96;284.42;-18.55;587.38
302.42;283.65;-18.78;586.07
303.28;283.11;-20.16;586.39
305.59;284.16;-21.44;589.75
307.03;284.25;-22.78;591.28
305.11;284.82;-20.29;589.93
304.75;283.30;-21.45;588.05
304.25;283.79;-20.46;588.04
304.74;284.18;-20.56;588.91
303.86;282.48;-21.39;586.34
304.56;284.59;-19.97;589.16
304.24;284.22;-20.02;588.46
303.26;284.72;-18.54;587.99
302.79;284.09;-18.70;586.89
304.78;284.74;-20.05;589.52
306.47;284.13;-22.34;590.60
305.12;283.57;-21.55;588.69
302.98;282.85;-20.14;585.83
305.26;283.76;-21.50;589.02
302.95;284.44;-18.51;587.39
305.64;284.85;-20.79;590.49
304.52;284.59;-19.93;589.11
305.44;284.04;-21.41;589.48
304.74;284.56;-20.17;589.30
300.71;284.01;-16.69;584.72
305.39;285.69;-19.71;591.08
305.48;284.06;-21.42;589.54
305.19;286.55;-18.65;591.74
305.72;285.80;-19.92;591.52
304.75;289.95;-14.80;594.71
302.61;284.42;-18.19;587.02
303.65;284.66;-18.99;588.31
302.96;285.24;-17.73;588.20
303.72;283.53;-20.19;587.25
304.48;284.47;-20.01;588.95
303.46;284.78;-18.68;588.25
303.10;285.94;-17.16;589.04
305.24;283.72;-21.52;588.96
304.62;288.03;-16.59;592.65
303.76;284.66;-19.10;588.43
304.38;284.15;-20.24;588.53
302.03;284.92;-17.11;586.95
302.94;285.89;-17.05;588.82
303.74;285.63;-18.11;589.37
304.61;284.31;-20.31;588.92
303.94;285.18;-18.76;589.12
304.85;289.07;-15.78;593.92
302.33;285.22;-17.11;587.55
306.29;285.58;-20.71;591.86
304.15;283.85;-20.29;588.00
305.11;287.29;-17.82;592.39
303.78;285.65;-18.12;589.43
304.83;283.46;-21.36;588.29
304.32;285.32;-19.01;589.64
304.94;286.41;-18.53;591.34
304.15;287.31;-16.84;591.46
303.58;284.65;-18.94;588.23
301.29;284.14;-17.15;585.42
305.18;284.35;-20.84;589.53
302.38;284.07;-18.31;586.45
301.86;284.92;-16.94;586.78
302.82;284.51;-18.31;587.34
305.60;285.05;-20.55;590.65
304.44;288.84;-15.60;593.27
304.28;285.40;-18.88;589.68
305.25;285.11;-20.14;590.36
300.74;284.26;-16.48;584.99
304.97;283.49;-21.48;588.46
301.39;284.59;-16.80;585.99
305.32;283.39;-21.93;588.72
305.55;283.34;-22.22;588.89
305.24;283.91;-21.34;589.15
302.84;284.65;-18.19;587.49
302.47;288.82;-13.65;591.29
304.62;284.54;-20.08;589.15
304.14;285.41;-18.73;589.55
303.69;284.28;-19.41;587.97
302.79;284.02;-18.77;586.82
303.55;284.77;-18.78;588.32
305.74;284.29;-21.45;590.04
302.19;285.04;-17.15;587.24
302.98;284.15;-18.84;587.13
301.76;283.83;-17.93;585.59
306.02;284.28;-21.74;590.30
303.71;283.65;-20.05;587.36
303.24;284.63;-18.61;587.87
304.01;283.80;-20.21;587.81
301.81;284.78;-17.03;586.58
305.90;284.04;-21.86;589.94
303.42;283.69;-19.73;587.12
304.23;285.78;-18.45;590.01
303.40;286.51;-16.89;589.91
304.35;283.87;-20.48;588.22
306.59;283.46;-23.13;590.05
304.28;284.13;-20.15;588.41
305.23;285.11;-20.12;590.34
302.71;287.42;-15.29;590.14
304.71;289.06;-15.65;593.77
304.25;284.12;-20.14;588.37
303.77;289.96;-13.81;593.74
305.83;283.61;-22.22;589.44
303.52;284.62;-18.89;588.14
302.55;286.62;-15.93;589.18
301.98;284.53;-17.45;586.51
305.72;283.78;-21.94;589.49
304.93;289.91;-15.02;594.84
304.18;284.33;-19.85;588.51
305.18;284.23;-20.95;589.41
305.61;284.86;-20.75;590.48
304.21;285.79;-18.42;590.00
304.00;283.78;-20.22;587.78
302.82;284.65;-18.17;587.48
305.73;285.62;-20.11;591.35
305.27;284.55;-20.72;589.82
305.45;283.98;-21.48;589.43
305.02;284.21;-20.81;589.22
305.99;283.48;-22.51;589.47
302.86;283.06;-19.81;585.92
305.43;283.90;-21.53;589.33
309.56;284.32;-25.24;593.88
305.71;285.02;-20.69;590.73
304.65;284.58;-20.08;589.23
303.15;283.92;-19.23;587.06
302.98;283.16;-19.82;586.14
303.79;284.91;-18.88;588.70
303.28;283.40;-19.88;586.68
304.36;283.94;-20.43;588.30
305.19;284.25;-20.94;589.44
305.91;288.79;-17.12;594.70
303.37;285.61;-17.76;588.98
302.05;283.65;-18.40;585.69
304.79;284.52;-20.28;589.31
305.76;284.79;-20.97;590.56
304.42;283.29;-21.14;587.71
302.18;283.76;-18.42;585.94
302.77;284.57;-18.20;587.34
305.68;284.79;-20.88;590.47
304.51;286.11;-18.41;590.62
305.15;283.82;-21.33;588.98
306.15;286.13;-20.02;592.28
302.46;284.82;-17.64;587.28
304.57;284.46;-20.11;589.03
305.75;283.90;-21.85;589.65
306.21;284.71;-21.50;590.92
302.70;283.91;-18.79;586.61
304.85;283.50;-21.35;588.35
304.25;284.35;-19.91;588.60
304.36;283.35;-21.02;587.71
305.17;289.32;-15.85;594.49
303.77;283.79;-19.98;587.56
302.70;283.64;-19.06;586.34
305.42;285.02;-20.40;590.44
304.35;284.46;-19.89;588.82
306.88;285.01;-21.86;591.89
304.58;284.52;-20.06;589.09
304.65;285.84;-18.81;590.49
304.05;283.07;-20.98;587.12
303.08;283.84;-19.25;586.92
306.19;286.22;-19.96;592.41
305.76;285.63;-20.14;591.39
303.44;283.26;-20.17;586.70
307.28;284.36;-22.92;591.64
303.79;284.13;-19.66;587.92
304.74;287.37;-17.37;592.11
303.27;284.75;-18.52;588.02
307.27;289.91;-17.36;597.18
304.90;285.03;-19.87;589.93
305.09;285.61;-19.48;590.71
304.74;289.26;-15.47;594.00
304.22;284.38;-19.84;588.59
302.92;284.99;-17.92;587.91
305.85;285.16;-20.68;591.01
302.59;284.71;-17.88;587.31
305.96;284.16;-21.79;590.12
302.28;285.26;-17.02;587.55
306.23;284.32;-21.91;590.55
304.09;283.97;-20.12;588.06
303.82;284.86;-18.95;588.68
302.49;283.77;-18.72;586.26
303.42;284.44;-18.99;587.86
304.20;284.08;-20.12;588.28
304.92;284.61;-20.32;589.53
302.66;285.14;-17.53;587.80
303.23;285.81;-17.42;589.04
303.10;285.36;-17.74;588.46
305.00;286.04;-18.96;591.04
303.98;284.04;-19.95;588.02
300.24;283.65;-16.58;583.89
304.55;284.14;-20.41;588.69
303.36;285.11;-18.25;588.46
302.93;284.07;-18.86;587.00
302.73;285.19;-17.54;587.92
304.65;284.21;-20.44;588.86
302.41;284.69;-17.72;587.10
304.49;282.92;-21.57;587.41
304.86;284.78;-20.08;589.64
306.79;284.35;-22.44;591.14
302.46;284.79;-17.67;587.25
303.10;284.65;-18.45;587.75
305.38;284.05;-21.32;589.43
301.95;284.33;-17.62;586.28
302.72;284.06;-18.66;586.79
303.66;283.79;-19.87;587.45
304.56;284.32;-20.24;588.88
303.58;288.85;-14.73;592.44
302.88;285.25;-17.63;588.12
303.82;283.84;-19.99;587.66
307.06;284.07;-22.99;591.14
302.18;287.78;-14.40;589.95
303.14;285.44;-17.71;588.58
303.95;284.85;-19.09;588.80
302.60;284.14;-18.46;586.74
305.42;284.88;-20.54;590.30
305.02;284.31;-20.71;589.34
305.00;287.95;-17.05;592.95
301.25;284.21;-17.04;585.46
303.39;286.63;-16.76;590.02
304.32;284.22;-20.10;588.54
303.56;284.86;-18.70;588.42
301.09;284.37;-16.72;585.46
301.95;286.38;-15.57;588.34
304.33;289.22;-15.11;593.55
303.82;289.41;-14.41;593.23
304.36;284.33;-20.03;588.69
305.55;284.92;-20.63;590.46
303.69;285.40;-18.29;589.09
303.62;283.59;-20.03;587.21
304.38;284.31;-20.06;588.69
302.02;285.13;-16.89;587.15
301.72;284.31;-17.42;586.03
303.61;290.02;-13.58;593.63
304.62;284.08;-20.54;588.71
302.20;284.41;-17.79;586.61
304.26;285.64;-18.62;589.89
303.81;283.60;-20.21;587.41
304.68;284.20;-20.48;588.88
302.18;285.06;-17.11;587.24
304.50;289.29;-15.21;593.79
302.61;284.79;-17.82;587.41
303.35;283.81;-19.55;587.16
303.29;285.19;-18.09;588.48
302.94;284.01;-18.93;586.95
305.03;286.08;-18.95;591.11
304.29;284.42;-19.88;588.71
302.14;284.99;-17.14;587.13
304.17;285.37;-18.80;589.54
300.45;285.97;-14.48;586.42
303.48;284.35;-19.13;587.82
305.10;284.42;-20.68;589.52
302.86;286.06;-16.80;588.92
304.84;286.94;-17.90;591.77
301.23;284.48;-16.75;585.71
304.15;284.93;-19.22;589.08
304.18;284.07;-20.11;588.25
305.71;284.82;-20.89;590.52
302.46;284.33;-18.13;586.79
302.02;284.48;-17.54;586.50
304.45;285.30;-19.15;589.75
304.49;284.92;-19.57;589.41
305.85;286.10;-19.75;591.95
301.99;285.14;-16.85;587.12
304.42;284.17;-20.25;588.59
306.25;283.65;-22.59;589.90
303.59;284.11;-19.48;587.70
305.62;285.22;-20.40;590.84
303.12;289.75;-13.37;592.88
301.98;283.92;-18.06;585.89
304.70;284.57;-20.13;589.27
302.45;285.56;-16.89;588.01
304.57;285.48;-19.09;590.05
304.41;285.45;-18.96;589.86
303.04;286.42;-16.62;589.46
304.05;285.16;-18.89;589.21
305.04;289.42;-15.61;594.46
304.75;284.31;-20.44;589.06
303.42;284.48;-18.95;587.90
302.74;285.18;-17.56;587.91
303.55;283.66;-19.89;587.22
304.50;284.27;-20.23;588.77
301.05;285.31;-15.75;586.36
304.45;284.16;-20.29;588.61
302.88;286.08;-16.81;588.96
304.65;283.92;-20.73;588.56
302.23;283.72;-18.51;585.95
301.95;284.87;-17.08;586.82
302.18;283.86;-18.32;586.04
303.72;284.86;-18.86;588.59
305.62;284.10;-21.52;589.72
303.49;283.36;-20.12;586.85
304.44;284.19;-20.24;588.63
303.33;284.31;-19.02;587.64
302.85;285.51;-17.34;588.36
301.75;289.86;-11.89;591.61
301.26;285.57;-15.69;586.83
303.66;284.34;-19.32;588.00
304.97;285.08;-19.89;590.05
304.91;283.34;-21.56;588.25
304.45;284.30;-20.15;588.75
305.47;285.20;-20.27;590.67
304.47;285.64;-18.83;590.11
305.04;285.11;-19.92;590.15
302.70;284.30;-18.40;587.00
305.21;284.55;-20.66;589.76
304.25;284.47;-19.78;588.72
303.75;283.88;-19.87;587.64
304.37;284.41;-19.96;588.78
305.54;285.46;-20.08;591.01
303.25;285.25;-17.99;588.50
303.96;285.12;-18.84;589.09
303.66;284.65;-19.01;588.31
305.48;284.85;-20.64;590.33
305.48;285.45;-20.03;590.94
303.88;286.39;-17.49;590.28
304.05;284.24;-19.81;588.29
303.86;285.18;-18.68;589.04
304.78;285.10;-19.68;589.88
304.28;285.36;-18.91;589.64
305.20;284.08;-21.12;589.28
304.79;288.31;-16.49;593.10
304.91;286.70;-18.21;591.61
304.57;284.26;-20.31;588.84
305.60;284.51;-21.09;590.11
301.30;287.75;-13.55;589.05
302.84;284.37;-18.46;587.21
302.94;284.42;-18.51;587.36
303.75;289.08;-14.68;592.83
303.47;283.51;-19.96;586.98
302.57;284.29;-18.28;586.86
302.29;284.84;-17.45;587.13
303.06;284.48;-18.58;587.54
303.84;286.36;-17.48;590.19
304.59;284.31;-20.28;588.90
300.41;284.73;-15.68;585.14
306.21;284.60;-21.61;590.81
302.08;283.60;-18.48;585.68
303.81;284.05;-19.75;587.86
303.84;288.79;-15.05;592.63
303.46;284.45;-19.01;587.91
302.26;285.37;-16.89;587.64
304.96;284.48;-20.48;589.44
304.67;284.74;-19.93;589.41
304.72;284.58;-20.14;589.30
303.82;285.06;-18.75;588.88
304.79;284.66;-20.14;589.45
305.59;283.54;-22.06;589.13
303.23;284.38;-18.85;587.61
305.32;283.71;-21.62;589.03
305.73;287.54;-18.19;593.26
305.42;284.42;-21.01;589.84
304.24;287.28;-16.96;591.52
303.77;284.02;-19.75;587.79
301.46;284.28;-17.18;585.74
302.16;284.96;-17.21;587.12
304.04;286.04;-17.99;590.08
302.19;283.78;-18.41;585.97
303.55;284.34;-19.21;587.89
303.61;290.32;-13.29;593.92
303.29;283.21;-20.08;586.51
303.98;284.39;-19.59;588.38
301.86;286.14;-15.72;587.99
305.94;288.23;-17.71;594.16
303.58;284.71;-18.87;588.28
303.18;286.50;-16.68;589.68
300.48;284.45;-16.03;584.94
302.84;288.45;-14.38;591.29
304.78;284.74;-20.04;589.52
304.89;284.49;-20.41;589.38
305.35;283.72;-21.63;589.08
301.56;285.68;-15.89;587.24
304.41;284.28;-20.14;588.69
305.19;285.19;-19.99;590.38
304.65;288.99;-15.65;593.64
302.41;284.51;-17.91;586.92
302.15;285.12;-17.04;587.27
303.20;284.65;-18.55;587.85
303.98;283.52;-20.46;587.49
305.33;284.45;-20.88;589.78
302.94;289.37;-13.57;592.31
302.05;285.19;-16.85;587.24
302.78;284.55;-18.22;587.33
305.68;284.99;-20.69;590.68
301.76;284.88;-16.89;586.64
303.69;284.32;-19.37;588.01
305.38;285.34;-20.05;590.72
303.38;284.48;-18.90;587.85
302.18;284.17;-18.01;586.35
305.09;285.22;-19.88;590.31
303.35;284.41;-18.94;587.75
303.05;284.22;-18.83;587.26
303.32;286.46;-16.86;589.79
303.14;285.75;-17.39;588.88
303.96;284.05;-19.91;588.02
306.60;284.99;-21.61;591.59
302.92;285.53;-17.39;588.45
302.03;284.13;-17.90;586.16
304.78;284.72;-20.05;589.50
301.69;288.26;-13.44;589.95
304.99;285.06;-19.92;590.05
301.64;284.52;-17.12;586.16
302.48;288.74;-13.75;591.22
303.43;289.36;-14.06;592.79
302.35;287.63;-14.72;589.98
303.43;284.80;-18.63;588.23
301.46;289.49;-11.97;590.96
303.23;284.41;-18.82;587.64
302.32;285.06;-17.26;587.38
303.15;289.95;-13.20;593.11
303.95;284.21;-19.74;588.16
303.02;286.45;-16.57;589.48
303.94;284.19;-19.75;588.13
303.58;283.95;-19.62;587.53
302.71;284.67;-18.04;587.38
304.08;285.86;-18.22;589.94
303.74;283.76;-19.98;587.51
301.11;284.29;-16.82;585.41
304.11;285.91;-18.19;590.02
303.48;286.78;-16.71;590.26
302.65;284.63;-18.02;587.28
303.56;287.24;-16.32;590.79
304.74;289.31;-15.43;594.05
302.62;285.84;-16.78;588.46
302.44;285.10;-17.34;587.54
303.49;285.98;-17.51;589.46
304.46;284.37;-20.09;588.83
303.62;285.12;-18.50;588.74
304.71;284.57;-20.14;589.28
302.15;285.44;-16.72;587.59
303.27;285.14;-18.13;588.41
303.04;284.28;-18.76;587.32
304.05;283.93;-20.12;587.98
301.93;283.16;-18.77;585.09
306.15;282.82;-23.32;588.97
303.77;285.29;-18.48;589.06
302.91;284.45;-18.46;587.36
303.14;284.65;-18.49;587.78
305.41;285.40;-20.01;590.81
303.44;283.54;-19.90;586.97
306.34;283.13;-23.21;589.47
302.31;284.34;-17.98;586.65
302.55;284.77;-17.78;587.32
306.73;283.36;-23.36;590.09
302.69;284.24;-18.45;586.92
302.35;285.08;-17.27;587.44
304.56;284.86;-19.71;589.42
304.61;284.75;-19.86;589.35
304.51;285.34;-19.17;589.85
303.83;284.82;-19.01;588.65
302.77;284.34;-18.44;587.11
302.46;284.83;-17.63;587.29
304.86;284.88;-19.98;589.75
305.75;284.51;-21.25;590.26
303.91;285.43;-18.48;589.34
303.56;284.80;-18.76;588.36
304.36;284.43;-19.94;588.79
302.25;286.69;-15.55;588.94
306.26;286.15;-20.11;592.41
302.92;289.69;-13.23;592.62
303.26;283.23;-20.03;586.49
304.07;287.32;-16.75;591.39
305.05;283.63;-21.42;588.68
303.00;284.05;-18.95;587.05
302.66;285.85;-16.82;588.51
303.38;283.60;-19.78;586.98
304.64;284.40;-20.24;589.04
305.42;284.94;-20.49;590.36
304.69;283.50;-21.19;588.19
303.35;284.38;-18.97;587.72
302.25;283.57;-18.68;585.82
303.46;289.32;-14.14;592.78
301.29;285.59;-15.71;586.88
303.34;285.28;-18.06;588.62
303.24;290.92;-12.32;594.15
303.92;285.48;-18.44;589.40
305.17;285.16;-20.01;590.33
305.26;284.25;-21.01;589.51
302.79;283.96;-18.83;586.75
303.14;284.45;-18.69;587.59
305.15;289.17;-15.98;594.32
305.20;286.53;-18.67;591.73
303.19;284.25;-18.95;587.44
302.66;283.90;-18.76;586.56
301.78;283.78;-17.99;585.56
302.85;283.85;-19.01;586.70
303.91;284.19;-19.71;588.10
301.69;284.71;-16.99;586.40
302.45;284.48;-17.97;586.94
302.64;285.62;-17.01;588.26
303.52;284.72;-18.81;588.24
303.58;284.68;-18.90;588.26
303.49;283.73;-19.76;587.22
302.43;284.75;-17.68;587.18
302.58;284.58;-18.00;587.16
305.67;285.46;-20.21;591.13
304.62;284.62;-20.01;589.24
305.95;284.43;-21.52;590.38
305.61;288.62;-16.98;594.23
304.75;284.66;-20.08;589.41
304.48;284.44;-20.04;588.92
302.32;285.97;-16.35;588.29
305.55;283.42;-22.12;588.97
304.77;282.72;-22.05;587.49
303.42;285.19;-18.23;588.61
304.71;284.56;-20.14;589.27
304.25;284.51;-19.74;588.76
304.99;283.71;-21.28;588.71
303.12;289.94;-13.18;593.05
304.16;284.14;-20.02;588.29
305.31;284.31;-21.01;589.62
304.20;284.37;-19.83;588.57
303.38;288.46;-14.91;591.84
302.84;284.32;-18.52;587.16
305.68;283.58;-22.11;589.26
306.79;283.22;-23.57;590.02
304.31;289.89;-14.42;594.19
306.42;284.75;-21.67;591.18
303.23;289.01;-14.22;592.24
305.44;284.16;-21.28;589.59
305.31;284.28;-21.03;589.59
305.86;284.32;-21.54;590.19
301.87;284.94;-16.93;586.81
304.34;284.38;-19.96;588.71
304.57;288.13;-16.44;592.70
304.66;284.58;-20.08;589.25
304.51;284.34;-20.18;588.85
301.98;285.16;-16.82;587.14
302.88;284.32;-18.56;587.21
305.26;283.71;-21.55;588.97
305.24;284.95;-20.28;590.19
304.88;284.02;-20.85;588.90
303.72;284.18;-19.54;587.90
302.80;284.00;-18.80;586.80
303.98;285.02;-18.96;589.00
303.59;289.94;-13.66;593.53
303.64;284.59;-19.05;588.24
303.76;284.79;-18.98;588.55
301.48;284.86;-16.62;586.34
305.74;287.82;-17.92;593.56
302.66;285.55;-17.11;588.22
302.56;283.58;-18.99;586.14
302.58;284.64;-17.94;587.21
302.65;285.19;-17.46;587.85
305.71;284.85;-20.85;590.56
301.48;284.54;-16.94;586.02
302.60;284.87;-17.73;587.47
305.15;285.08;-20.07;590.22
302.75;284.79;-17.96;587.55
304.06;286.01;-18.05;590.06
303.82;283.45;-20.38;587.27
304.86;286.15;-18.72;591.01
305.66;285.79;-19.88;591.45
301.60;284.79;-16.81;586.39
304.61;284.64;-19.97;589.25
303.89;288.98;-14.91;592.87
303.42;284.85;-18.56;588.27
304.34;284.26;-20.07;588.60
306.60;284.69;-21.91;591.29
304.47;284.35;-20.12;588.82
305.17;283.40;-21.77;588.57
302.94;283.89;-19.04;586.83
302.67;284.08;-18.59;586.75
303.33;284.42;-18.91;587.75
301.11;284.01;-17.10;585.11
303.27;284.32;-18.95;587.59
303.99;285.91;-18.08;589.91
305.18;283.57;-21.61;588.75
305.75;284.33;-21.42;590.08
305.39;283.68;-21.72;589.07
306.36;282.84;-23.52;589.21
302.81;284.84;-17.96;587.65
302.64;284.35;-18.29;586.99
305.85;283.89;-21.96;589.74
306.35;286.42;-19.94;592.77
302.22;284.42;-17.80;586.64
306.47;284.84;-21.64;591.31
303.78;285.12;-18.66;588.91
304.79;284.79;-20.01;589.58
301.44;284.39;-17.05;585.84
303.36;283.62;-19.74;586.99
303.17;286.08;-17.09;589.25
302.75;283.67;-19.08;586.42
303.62;282.92;-20.70;586.54
307.02;283.62;-23.39;590.64
303.58;284.69;-18.88;588.27
304.50;283.99;-20.51;588.49
303.33;286.64;-16.69;589.97
302.72;289.31;-13.42;592.03
303.68;285.06;-18.61;588.74
305.53;284.16;-21.36;589.69
303.06;284.42;-18.64;587.48
302.89;289.29;-13.59;592.18
303.52;284.79;-18.72;588.31
304.64;283.69;-20.94;588.33
304.99;284.48;-20.52;589.47
304.19;284.46;-19.73;588.66
303.82;289.58;-14.25;593.40
302.54;284.42;-18.11;586.96
303.47;284.60;-18.87;588.07
306.15;282.89;-23.26;589.05
303.49;283.63;-19.86;587.12
302.81;284.35;-18.46;587.15
303.56;289.18;-14.38;592.74
304.71;282.54;-22.16;587.25
303.81;286.51;-17.31;590.32
302.82;284.84;-17.98;587.66
305.65;285.01;-20.64;590.66
303.37;284.80;-18.57;588.17
304.24;283.43;-20.81;587.66
304.61;288.45;-16.16;593.06
305.61;285.61;-19.99;591.22
306.56;283.43;-23.14;589.99
305.72;284.00;-21.72;589.72
303.42;284.75;-18.67;588.16
302.89;283.94;-18.96;586.83
304.92;283.41;-21.51;588.34
303.20;284.47;-18.73;587.67
305.35;285.12;-20.23;590.46
306.04;288.65;-17.39;594.69
303.70;286.69;-17.01;590.39
303.53;284.09;-19.44;587.62
305.73;285.16;-20.56;590.89
304.34;284.30;-20.04;588.64
305.38;283.61;-21.77;588.98
304.60;284.45;-20.15;589.05
303.75;284.62;-19.14;588.37
301.15;284.26;-16.88;585.41
303.84;285.09;-18.75;588.92
302.89;284.66;-18.24;587.55
302.38;284.73;-17.65;587.11
303.29;283.29;-20.00;586.58
304.14;284.07;-20.07;588.21
303.00;284.99;-18.01;587.99
302.76;285.49;-17.26;588.25
303.34;283.26;-20.08;586.59
303.92;285.28;-18.64;589.21
304.81;284.20;-20.61;589.01
303.81;289.02;-14.79;592.84
301.29;284.52;-16.77;585.81
303.90;285.44;-18.46;589.34
305.06;288.00;-17.06;593.06
303.81;284.04;-19.77;587.84
303.55;284.64;-18.91;588.19
304.27;286.95;-17.32;591.22
303.26;284.34;-18.93;587.60
304.09;285.37;-18.72;589.46
303.45;283.26;-20.19;586.71
304.19;285.78;-18.41;589.98
301.79;284.35;-17.44;586.14
305.75;290.58;-15.17;596.32
303.55;283.45;-20.09;587.00
302.57;284.09;-18.48;586.66
305.26;284.94;-20.32;590.21
304.54;283.93;-20.61;588.46
304.73;286.61;-18.12;591.34
302.41;284.19;-18.22;586.60
304.88;286.35;-18.53;591.22
303.95;285.71;-18.24;589.65
305.01;289.77;-15.24;594.78
304.24;284.04;-20.19;588.28
305.05;283.29;-21.76;588.34
302.85;284.20;-18.65;587.05
301.69;283.57;-18.12;585.26
304.61;284.23;-20.38;588.84
302.04;283.21;-18.82;585.25
302.91;285.15;-17.76;588.05
303.64;283.59;-20.05;587.22
303.42;284.79;-18.64;588.21
306.70;283.65;-23.05;590.35
304.94;284.35;-20.59;589.28
302.26;285.07;-17.19;587.33
301.46;283.95;-17.52;585.41
304.13;289.12;-15.01;593.25
303.34;285.86;-17.48;589.21
304.30;286.52;-17.78;590.82
303.23;286.21;-17.02;589.44
306.06;283.92;-22.15;589.98
304.71;283.62;-21.09;588.33
302.62;284.38;-18.25;587.00
306.67;284.48;-22.19;591.15
302.82;284.44;-18.39;587.26
303.96;283.76;-20.20;587.73
304.75;283.90;-20.85;588.65
302.68;286.22;-16.46;588.90
304.97;283.40;-21.57;588.37
302.65;284.55;-18.10;587.19
305.39;285.22;-20.16;590.61
304.56;283.36;-21.19;587.92
302.29;283.97;-18.32;586.26
303.11;284.16;-18.95;587.28
302.66;283.82;-18.84;586.49
304.99;284.86;-20.12;589.85
304.20;284.56;-19.64;588.76
304.38;283.67;-20.71;588.05
303.25;283.22;-20.02;586.47
304.05;284.34;-19.71;588.39
305.36;284.95;-20.41;590.32
304.17;284.34;-19.83;588.51
303.74;285.08;-18.66;588.82
304.28;284.58;-19.70;588.85
303.74;285.77;-17.96;589.51
303.08;286.39;-16.69;589.46
305.42;284.43;-20.99;589.85
306.41;284.35;-22.06;590.76
302.79;285.22;-17.56;588.01
305.06;284.65;-20.41;589.71
302.59;283.98;-18.61;586.57
303.41;284.44;-18.97;587.84
303.94;284.16;-19.78;588.11
305.04;283.54;-21.50;588.58
302.96;284.33;-18.63;587.29
304.56;284.58;-19.98;589.14
304.37;288.79;-15.58;593.16
303.67;285.09;-18.58;588.76
304.86;283.99;-20.86;588.85
305.89;283.66;-22.23;589.56
303.33;283.16;-20.17;586.49
305.86;284.19;-21.67;590.05
303.42;284.42;-19.00;587.85
302.94;284.24;-18.70;587.17
301.78;283.57;-18.21;585.35
306.42;284.21;-22.21;590.62
306.68;282.19;-24.49;588.87
302.80;282.80;-20.00;585.60
305.44;284.93;-20.51;590.37
304.43;287.95;-16.48;592.38
305.69;283.69;-21.99;589.38
304.84;282.99;-21.85;587.83
304.34;287.32;-17.02;591.66
303.16;284.73;-18.43;587.89
302.69;285.60;-17.09;588.29
306.32;285.88;-20.44;592.20
304.34;288.90;-15.44;593.24
303.63;288.75;-14.88;592.38
302.89;282.89;-20.00;585.79
306.88;283.65;-23.23;590.52
304.44;284.47;-19.96;588.91
303.45;283.68;-19.76;587.13
303.21;284.54;-18.67;587.74
303.88;285.04;-18.84;588.92
301.65;284.79;-16.86;586.44
303.55;283.98;-19.56;587.53
304.34;287.85;-16.49;592.19
302.34;283.60;-18.74;585.94
303.29;284.92;-18.37;588.21
304.30;283.99;-20.31;588.29
303.65;283.96;-19.68;587.61
304.64;284.38;-20.25;589.02
304.19;284.96;-19.24;589.15
306.27;284.14;-22.13;590.41
304.72;284.88;-19.84;589.61
304.52;283.74;-20.79;588.26
304.57;284.76;-19.81;589.33
302.99;284.27;-18.72;587.26
303.86;284.93;-18.93;588.79
303.63;284.17;-19.46;587.80
305.54;284.63;-20.91;590.17
303.10;284.44;-18.66;587.54
304.25;284.10;-20.15;588.35
304.00;284.64;-19.36;588.64
303.74;283.97;-19.77;587.71
306.60;283.29;-23.31;589.89
303.02;284.07;-18.95;587.09
301.91;284.36;-17.55;586.26
309.19;290.35;-18.84;599.54
305.93;283.39;-22.54;589.32
304.51;284.25;-20.26;588.76
305.15;284.53;-20.62;589.68
304.45;285.97;-18.48;590.42
305.05;283.71;-21.34;588.75
301.38;286.11;-15.28;587.49
303.65;284.91;-18.75;588.56
304.41;289.56;-14.85;593.97
302.95;284.16;-18.79;587.11
304.99;284.60;-20.39;589.59
304.68;285.16;-19.52;589.84
303.71;284.52;-19.19;588.22
304.07;283.66;-20.41;587.73
301.75;284.81;-16.94;586.56
304.11;283.65;-20.46;587.75
303.39;284.59;-18.80;587.98
303.19;283.90;-19.29;587.09
303.21;284.44;-18.77;587.65
304.04;283.93;-20.11;587.97
305.20;284.52;-20.68;589.72
303.90;284.28;-19.62;588.18
303.26;284.36;-18.90;587.62
304.95;283.98;-20.98;588.93
304.89;284.62;-20.26;589.51
304.49;287.13;-17.36;591.62
304.45;284.58;-19.87;589.04
301.39;284.35;-17.04;585.74
302.93;283.94;-18.99;586.86
305.11;284.12;-20.99;589.23
302.82;283.85;-18.97;586.68
303.74;283.59;-20.15;587.32
304.43;286.86;-17.57;591.29
302.35;288.56;-13.79;590.91
304.42;283.14;-21.28;587.56
302.22;289.64;-12.58;591.85
303.79;282.90;-20.89;586.69
302.69;283.64;-19.05;586.32
305.21;283.10;-22.11;588.31
305.38;288.01;-17.37;593.38
306.37;284.38;-21.99;590.75
306.34;287.22;-19.12;593.56
301.71;283.52;-18.19;585.22
302.71;284.45;-18.26;587.16
305.65;283.53;-22.12;589.18
304.59;283.42;-21.17;588.02
303.91;283.98;-19.94;587.89
305.01;284.24;-20.77;589.24
304.03;285.21;-18.82;589.24
303.72;287.17;-16.55;590.89
306.03;284.44;-21.59;590.46
304.69;284.85;-19.84;589.54
303.15;283.02;-20.14;586.17
304.19;285.32;-18.87;589.51
305.13;284.75;-20.38;589.88
304.14;288.51;-15.63;592.64
305.81;283.74;-22.07;589.55
304.72;284.11;-20.61;588.83
306.72;286.39;-20.32;593.11
304.45;284.24;-20.22;588.69
303.62;283.61;-20.02;587.23
305.94;284.34;-21.61;590.28
303.65;283.56;-20.09;587.21
303.29;286.40;-16.89;589.69
305.51;283.96;-21.55;589.48
305.00;289.49;-15.51;594.49
302.72;284.15;-18.58;586.87
303.79;285.04;-18.75;588.83
304.38;284.18;-20.21;588.56
303.30;284.66;-18.64;587.96
301.06;284.18;-16.88;585.24
306.93;285.24;-21.69;592.17
304.63;284.01;-20.62;588.64
303.61;283.79;-19.82;587.40
303.63;284.34;-19.29;587.96
305.31;286.54;-18.76;591.85
306.41;284.79;-21.62;591.21
302.51;285.20;-17.31;587.71
303.61;290.04;-13.57;593.64
304.66;283.91;-20.75;588.57
303.35;285.02;-18.34;588.37
303.18;285.28;-17.90;588.46
303.85;283.88;-19.97;587.74
304.82;284.10;-20.72;588.92
302.54;285.80;-16.74;588.34
303.38;284.53;-18.85;587.91
302.37;284.64;-17.73;587.01
306.59;288.47;-18.12;595.06
304.89;284.50;-20.39;589.39
304.12;283.71;-20.41;587.83
306.06;284.34;-21.72;590.41
302.38;289.74;-12.64;592.12
303.11;283.03;-20.08;586.14
303.71;288.67;-15.04;592.38
304.97;284.16;-20.81;589.14
304.81;284.97;-19.84;589.78
305.11;285.02;-20.09;590.14
305.65;284.35;-21.30;590.01
306.59;285.16;-21.43;591.76
306.06;284.44;-21.63;590.50
305.12;286.75;-18.36;591.87
302.82;284.73;-18.09;587.55
305.86;285.31;-20.55;591.18
303.26;286.45;-16.81;589.71
303.85;283.89;-19.96;587.74
304.84;284.68;-20.16;589.51
302.66;288.84;-13.83;591.50
303.48;284.62;-18.86;588.10
302.40;284.00;-18.40;586.40
304.92;283.48;-21.44;588.41
305.92;283.92;-21.99;589.84
304.95;284.94;-20.01;589.89
304.38;284.23;-20.15;588.61
302.22;283.56;-18.65;585.78
304.35;286.38;-17.97;590.74
304.19;284.25;-19.95;588.44
302.96;284.37;-18.59;587.33
305.66;290.29;-15.38;595.95
304.74;283.28;-21.46;588.01
305.66;285.35;-20.31;591.01
302.96;284.63;-18.33;587.59
304.00;282.54;-21.46;586.54
303.62;283.33;-20.29;586.95
305.72;283.42;-22.31;589.14
301.94;284.32;-17.62;586.26
306.06;282.85;-23.21;588.92
303.54;283.25;-20.29;586.78
302.66;287.05;-15.61;589.71
302.19;283.49;-18.71;585.68
303.31;282.96;-20.35;586.27
302.17;284.95;-17.22;587.12
305.12;284.61;-20.51;589.74
302.70;285.60;-17.10;588.30
304.79;283.19;-21.61;587.98
304.41;285.48;-18.92;589.89
305.06;285.04;-20.03;590.10
305.11;283.89;-21.22;588.99
304.92;284.70;-20.22;589.62
301.35;283.66;-17.68;585.01
303.48;285.09;-18.39;588.56
304.19;284.17;-20.02;588.36
305.10;284.93;-20.17;590.03
302.59;284.31;-18.28;586.91
302.29;285.73;-16.56;588.02
304.39;283.14;-21.25;587.54
304.01;284.36;-19.65;588.38
302.05;285.36;-16.69;587.42
303.92;285.68;-18.24;589.59
303.87;286.22;-17.65;590.09
305.55;283.58;-21.97;589.12
302.12;284.85;-17.27;586.98
303.94;285.39;-18.55;589.33
303.78;284.79;-18.99;588.58
304.40;283.91;-20.49;588.31
303.08;289.74;-13.34;592.82
303.11;284.25;-18.86;587.35
303.82;283.79;-20.04;587.61
302.53;285.86;-16.66;588.39
303.69;288.87;-14.82;592.56
303.37;285.78;-17.59;589.15
307.56;284.45;-23.11;592.01
305.06;284.89;-20.18;589.95
304.45;285.42;-19.04;589.87
303.50;284.76;-18.74;588.26
301.29;285.52;-15.77;586.82
304.99;284.94;-20.06;589.93
306.22;285.92;-20.31;592.14
305.20;285.08;-20.12;590.28
303.79;284.40;-19.39;588.19
302.41;284.91;-17.51;587.32
304.59;284.64;-19.95;589.24
303.15;284.34;-18.81;587.49
302.08;284.52;-17.55;586.60
303.19;284.28;-18.91;587.46
309.52;283.82;-25.70;593.35
301.59;282.84;-18.76;584.43
302.24;284.74;-17.50;586.97
301.49;284.46;-17.03;585.95
304.16;283.62;-20.54;587.78
304.97;284.63;-20.34;589.60
304.27;287.05;-17.22;591.32
305.07;286.52;-18.55;591.59
305.65;284.38;-21.26;590.03
305.25;284.41;-20.84;589.66
302.98;289.50;-13.48;592.48
301.69;284.95;-16.74;586.64
304.81;284.37;-20.44;589.18
302.21;284.42;-17.79;586.62
301.12;287.44;-13.68;588.56
301.76;285.09;-16.68;586.85
304.99;284.87;-20.12;589.86
304.11;283.68;-20.43;587.78
303.42;283.51;-19.91;586.92
302.18;283.89;-18.28;586.07
305.21;285.01;-20.19;590.22
304.11;284.14;-19.96;588.25
304.95;283.66;-21.28;588.61
303.64;285.81;-17.82;589.45
301.78;285.34;-16.44;587.11
303.26;286.29;-16.97;589.55
301.94;285.18;-16.76;587.11
303.87;287.06;-16.81;590.93
303.70;284.86;-18.84;588.56
304.18;289.59;-14.59;593.77
302.85;285.17;-17.68;588.02
302.76;282.93;-19.83;585.69
303.68;285.29;-18.39;588.96
303.26;289.15;-14.11;592.41
303.94;288.50;-15.44;592.44
304.74;290.69;-14.05;595.42
300.75;284.13;-16.62;584.88
303.66;286.86;-16.79;590.52
304.29;283.84;-20.45;588.13
304.26;285.09;-19.17;589.35
302.96;285.68;-17.28;588.65
305.51;283.90;-21.61;589.41
305.07;284.85;-20.22;589.92
304.01;285.24;-18.76;589.25
303.59;283.59;-19.99;587.18
303.37;284.08;-19.29;587.45
305.56;285.71;-19.85;591.28
304.91;284.06;-20.85;588.97
301.80;286.11;-15.69;587.91
301.42;284.42;-16.99;585.84
303.41;284.89;-18.51;588.30
302.92;283.98;-18.94;586.91
302.11;283.79;-18.32;585.91
304.92;284.51;-20.41;589.44
303.75;290.06;-13.69;593.82
303.15;283.33;-19.82;586.48
304.36;285.19;-19.18;589.55
301.88;284.60;-17.28;586.48
302.78;289.26;-13.52;592.04
304.82;283.68;-21.15;588.50
301.43;285.85;-15.58;587.28
302.16;285.36;-16.81;587.52
303.33;285.65;-17.68;588.98
305.49;283.92;-21.57;589.42
303.00;284.58;-18.42;587.58
303.83;283.98;-19.85;587.81
303.16;283.39;-19.78;586.55
302.49;285.28;-17.21;587.77
302.21;285.15;-17.05;587.36
304.02;285.24;-18.78;589.25
303.72;289.56;-14.16;593.28
305.87;284.40;-21.47;590.27
304.26;285.35;-18.91;589.61
304.74;287.71;-17.04;592.45
304.21;284.05;-20.16;588.26
306.19;284.90;-21.29;591.09
303.98;285.11;-18.86;589.09
300.38;284.98;-15.40;585.36
304.24;285.82;-18.42;590.06
305.16;285.12;-20.04;590.28
305.00;285.23;-19.77;590.23
303.83;284.85;-18.98;588.68
303.51;284.39;-19.12;587.89
305.21;285.08;-20.14;590.29
304.38;285.26;-19.12;589.64
303.81;286.74;-17.08;590.55
301.51;284.61;-16.91;586.12
305.21;284.44;-20.77;589.64
302.81;284.05;-18.75;586.86
304.93;285.18;-19.75;590.11
305.99;283.80;-22.19;589.79
302.17;285.35;-16.82;587.52
306.41;284.19;-22.22;590.59
304.06;285.21;-18.85;589.28
304.57;284.77;-19.80;589.34
301.30;286.89;-14.41;588.19
302.27;286.13;-16.14;588.40
304.11;288.84;-15.28;592.95
304.81;284.74;-20.07;589.54
303.78;285.31;-18.46;589.09
304.66;285.77;-18.89;590.44
304.14;284.14;-20.00;588.28
304.77;286.32;-18.45;591.09
304.11;285.60;-18.51;589.71
304.86;284.82;-20.04;589.68
304.43;284.54;-19.89;588.96
303.28;285.01;-18.28;588.29
302.94;285.22;-17.72;588.16
301.94;284.78;-17.15;586.72
304.66;284.36;-20.31;589.02
301.08;284.65;-16.43;585.74
303.08;285.45;-17.62;588.53
305.25;283.70;-21.55;588.95
304.78;284.44;-20.35;589.22
307.55;285.27;-22.28;592.82
304.40;286.19;-18.21;590.59
305.45;285.01;-20.44;590.46
304.49;284.51;-19.98;589.01
302.09;285.34;-16.75;587.44
303.15;284.60;-18.55;587.75
305.11;284.14;-20.97;589.24
302.82;284.74;-18.08;587.56
303.93;284.86;-19.07;588.79
304.53;284.38;-20.15;588.91
303.97;283.86;-20.11;587.84
304.90;284.25;-20.65;589.15
303.82;284.02;-19.81;587.84
303.41;284.49;-18.92;587.89
304.21;284.05;-20.16;588.25
305.13;284.48;-20.65;589.61
304.95;287.22;-17.72;592.17
303.52;284.73;-18.79;588.25
304.29;284.24;-20.05;588.52
304.08;285.18;-18.90;589.26
305.10;285.08;-20.02;590.18
301.69;286.97;-14.72;588.66
304.58;284.62;-19.96;589.20
301.97;285.25;-16.72;587.22
304.58;284.28;-20.31;588.86
305.16;285.04;-20.13;590.20
302.76;283.92;-18.84;586.68
304.56;285.22;-19.34;589.78
302.97;285.50;-17.47;588.47
303.95;283.68;-20.27;587.64
301.54;284.63;-16.91;586.17
303.70;285.59;-18.11;589.29
303.35;284.31;-19.04;587.66
303.53;285.13;-18.40;588.66
301.68;284.53;-17.15;586.21
302.45;284.81;-17.64;587.26
305.29;285.44;-19.85;590.74
303.66;283.66;-19.99;587.32
304.78;285.95;-18.82;590.73
302.13;286.86;-15.27;588.99
304.26;283.00;-21.26;587.26
303.51;284.89;-18.62;588.40
304.70;284.49;-20.21;589.19
304.42;285.28;-19.14;589.69
306.02;289.69;-16.32;595.71
303.51;284.69;-18.82;588.20
304.42;286.82;-17.60;591.24
305.10;284.49;-20.61;589.59
303.72;288.55;-15.16;592.27
306.70;284.52;-22.18;591.22
302.37;283.89;-18.48;586.26
303.15;284.52;-18.63;587.66
302.71;283.94;-18.77;586.65
303.47;285.06;-18.41;588.54
304.39;284.41;-19.99;588.80
303.08;284.25;-18.83;587.32
304.17;287.15;-17.02;591.32
303.83;284.60;-19.23;588.43
304.18;284.28;-19.90;588.46
304.78;284.93;-19.85;589.71
304.72;286.01;-18.72;590.73
301.71;288.14;-13.56;589.85
304.37;285.48;-18.89;589.85
303.02;285.07;-17.95;588.09
304.86;285.11;-19.76;589.97
304.94;283.72;-21.22;588.66
305.91;284.48;-21.44;590.39
305.62;283.80;-21.82;589.42
303.02;284.26;-18.76;587.28
301.88;283.92;-17.96;585.79
304.52;284.48;-20.04;589.01
302.57;284.80;-17.77;587.37
302.25;285.73;-16.52;587.98
304.11;283.75;-20.36;587.85
301.91;284.62;-17.29;586.54
302.71;285.69;-17.01;588.40
303.55;284.90;-18.65;588.45
302.47;283.50;-18.97;585.97
303.35;284.48;-18.88;587.83
302.79;283.92;-18.87;586.72
304.85;284.92;-19.93;589.76
304.66;284.32;-20.35;588.98
302.46;285.02;-17.45;587.48
304.45;283.09;-21.36;587.54
305.49;284.04;-21.45;589.54
303.28;284.94;-18.34;588.22
304.03;285.02;-19.01;589.05
303.47;283.61;-19.86;587.08
304.54;284.61;-19.93;589.14
302.16;285.31;-16.85;587.46
304.47;285.18;-19.29;589.65
303.85;284.05;-19.80;587.89
304.52;284.45;-20.08;588.97
305.45;283.62;-21.84;589.07
303.14;285.41;-17.73;588.55
305.24;283.64;-21.60;588.88
302.74;284.68;-18.06;587.42
303.83;285.47;-18.36;589.30
306.72;284.30;-22.42;591.02
304.19;283.99;-20.21;588.18
301.66;284.32;-17.34;585.98
304.84;285.53;-19.31;590.37
306.65;285.76;-20.89;592.42
303.86;283.99;-19.86;587.85
303.14;289.49;-13.65;592.62
302.41;285.15;-17.26;587.56
303.71;283.44;-20.26;587.15
304.40;283.60;-20.80;588.00
303.58;285.14;-18.45;588.72
304.42;288.45;-15.97;592.86
304.89;284.63;-20.26;589.52
305.62;284.23;-21.39;589.85
305.18;285.02;-20.15;590.20
305.97;285.49;-20.48;591.46
302.76;283.92;-18.84;586.69
302.79;284.18;-18.61;586.97
304.49;285.59;-18.91;590.08
306.06;286.50;-19.56;592.56
304.11;285.42;-18.69;589.52
305.05;284.70;-20.35;589.75
302.82;284.96;-17.85;587.78
302.34;289.66;-12.68;591.99
303.30;284.06;-19.24;587.36
303.53;285.11;-18.42;588.64
303.02;284.27;-18.75;587.29
306.01;283.55;-22.46;589.56
304.29;284.38;-19.92;588.67
304.27;284.70;-19.57;588.97
302.75;284.21;-18.54;586.96
304.08;283.81;-20.26;587.89
304.78;283.92;-20.86;588.71
303.86;285.45;-18.42;589.31
303.07;283.22;-19.85;586.29
303.88;285.16;-18.72;589.05
304.89;284.03;-20.86;588.92
303.71;284.12;-19.59;587.83
303.70;284.68;-19.02;588.38
303.37;287.22;-16.15;590.59
301.91;284.34;-17.58;586.25
304.29;285.33;-18.96;589.62
305.22;284.85;-20.36;590.07
305.85;284.46;-21.39;590.32
305.34;284.68;-20.66;590.02
303.04;287.35;-15.69;590.39
302.14;283.68;-18.45;585.82
302.91;283.90;-19.01;586.81
303.61;285.35;-18.25;588.96
304.39;283.14;-21.25;587.53
303.85;285.58;-18.28;589.43
303.02;284.35;-18.67;587.38
303.76;286.80;-16.96;590.56
302.32;286.25;-16.06;588.57
304.12;284.22;-19.91;588.34
301.90;285.26;-16.64;587.16
307.38;282.58;-24.79;589.96
304.52;283.64;-20.88;588.16
305.58;284.15;-21.42;589.73
305.02;284.31;-20.71;589.34
302.65;285.81;-16.84;588.45
303.78;284.66;-19.12;588.44
302.36;284.34;-18.02;586.69
303.38;285.11;-18.27;588.49
302.69;285.26;-17.43;587.95
305.09;283.98;-21.11;589.07
304.21;284.47;-19.74;588.68
302.24;283.48;-18.76;585.72
306.09;285.55;-20.54;591.64
305.35;283.81;-21.54;589.16
306.24;284.64;-21.61;590.88
303.44;283.58;-19.85;587.02
302.97;283.08;-19.89;586.05
304.04;284.05;-19.98;588.09
301.76;284.48;-17.29;586.24
302.51;285.49;-17.02;588.00
306.38;286.25;-20.13;592.64
304.19;283.73;-20.46;587.92
302.89;284.58;-18.31;587.48
304.66;283.71;-20.95;588.38
303.50;284.64;-18.86;588.14
304.46;284.35;-20.11;588.82
303.37;284.52;-18.85;587.89
305.89;284.15;-21.74;590.05
302.15;283.73;-18.42;585.88
302.61;284.58;-18.03;587.18
302.29;285.43;-16.86;587.72
304.41;284.35;-20.05;588.76
303.96;283.80;-20.16;587.76
301.85;284.91;-16.94;586.76
303.66;285.68;-17.98;589.35
302.44;285.89;-16.55;588.33
302.36;285.56;-16.80;587.92
305.24;284.56;-20.68;589.81
304.44;285.91;-18.54;590.35
301.62;285.99;-15.64;587.61
302.66;284.30;-18.36;586.96
305.53;284.91;-20.62;590.44
302.06;287.95;-14.11;590.02
304.27;285.70;-18.57;589.97
301.68;284.40;-17.28;586.08
302.74;285.95;-16.79;588.69
303.67;285.05;-18.62;588.72
302.81;284.44;-18.36;587.25
303.41;284.86;-18.54;588.27
301.79;285.57;-16.22;587.36
303.74;285.06;-18.68;588.79
304.67;284.21;-20.46;588.88
302.15;285.31;-16.84;587.46
303.15;284.39;-18.76;587.54
301.97;283.90;-18.07;585.87
302.82;284.02;-18.80;586.84
302.42;283.94;-18.48;586.36
303.55;291.11;-12.44;594.65
304.46;284.49;-19.98;588.95
303.42;285.18;-18.24;588.61
304.26;284.15;-20.11;588.41
300.40;290.15;-10.25;590.55
302.57;284.04;-18.54;586.61
305.39;284.66;-20.72;590.05
303.28;286.34;-16.94;589.61
304.15;284.14;-20.02;588.29
301.77;284.72;-17.05;586.49
305.84;285.58;-20.26;591.42
303.11;284.72;-18.38;587.83
305.45;284.24;-21.21;589.68
304.99;285.02;-19.97;590.02
306.08;285.22;-20.86;591.31
303.92;284.91;-19.01;588.83
303.86;290.57;-13.29;594.43
302.08;285.06;-17.02;587.15
302.82;289.15;-13.67;591.96
303.68;284.92;-18.76;588.59
301.22;284.61;-16.62;585.83
302.31;284.66;-17.65;586.98
302.79;289.12;-13.67;591.91
303.71;283.69;-20.01;587.40
304.59;284.69;-19.90;589.28
303.58;285.18;-18.40;588.75
303.24;285.89;-17.35;589.14
300.97;286.31;-14.66;587.28
304.56;284.52;-20.04;589.08
305.68;289.02;-16.66;594.70
303.16;284.98;-18.18;588.14
305.53;285.44;-20.09;590.97
304.22;284.89;-19.34;589.11
302.96;284.15;-18.82;587.11
301.86;290.08;-11.78;591.94
302.78;284.40;-18.38;587.18
305.35;284.65;-20.71;590.00
305.06;285.42;-19.65;590.48
304.04;286.23;-17.81;590.26
301.48;286.08;-15.41;587.56
302.40;285.35;-17.05;587.75
301.14;284.27;-16.86;585.41
303.67;284.82;-18.85;588.49
301.29;288.75;-12.54;590.04
303.22;284.70;-18.52;587.92
304.81;285.35;-19.46;590.15
304.37;284.55;-19.82;588.92
301.85;285.04;-16.81;586.89
304.36;287.12;-17.24;591.48
305.01;284.54;-20.47;589.54
305.72;285.42;-20.30;591.14
303.21;284.13;-19.08;587.34
304.06;283.76;-20.30;587.83
302.84;284.55;-18.28;587.39
304.02;284.84;-19.18;588.86
306.41;283.32;-23.09;589.74
306.47;284.11;-22.36;590.58
304.96;289.39;-15.58;594.35
300.55;285.00;-15.55;585.55
304.76;284.63;-20.13;589.39
302.36;284.26;-18.11;586.62
301.92;284.79;-17.13;586.71
304.88;285.04;-19.84;589.91
301.91;283.70;-18.21;585.61
304.49;284.32;-20.17;588.82
304.38;285.64;-18.74;590.02
303.23;284.52;-18.71;587.75
304.14;285.45;-18.69;589.59
302.89;283.69;-19.20;586.59
303.68;283.65;-20.02;587.33
303.27;284.59;-18.68;587.86
302.76;285.08;-17.69;587.84
304.63;284.94;-19.69;589.56
304.38;285.18;-19.19;589.56
305.35;284.64;-20.72;589.99
303.99;284.92;-19.07;588.91
304.56;285.75;-18.82;590.31
302.34;288.66;-13.67;591.00
302.98;284.39;-18.59;587.36
303.47;283.79;-19.68;587.26
306.79;284.68;-22.11;591.46
304.32;283.54;-20.78;587.85
304.10;284.08;-20.02;588.18
303.82;284.86;-18.95;588.68
302.44;284.42;-18.02;586.85
302.23;285.35;-16.88;587.58
300.88;285.94;-14.94;586.81
301.84;284.92;-16.91;586.76
302.89;285.61;-17.29;588.50
307.06;285.49;-21.56;592.55
303.05;284.38;-18.66;587.43
304.25;283.69;-20.55;587.94
304.62;284.03;-20.59;588.65
305.48;283.76;-21.71;589.24
302.99;283.14;-19.85;586.14
302.15;283.71;-18.44;585.86
302.68;284.56;-18.12;587.25
305.25;283.38;-21.88;588.63
304.38;282.82;-21.56;587.19
303.86;283.61;-20.25;587.46
304.66;284.25;-20.41;588.91
304.39;284.47;-19.92;588.86
304.24;285.79;-18.45;590.03
305.15;283.57;-21.58;588.72
303.08;284.85;-18.23;587.94
303.95;288.94;-15.02;592.89
303.41;284.61;-18.80;588.02
302.21;290.02;-12.19;592.23
302.94;284.89;-18.05;587.82
304.84;285.12;-19.72;589.96
304.81;283.43;-21.38;588.24
303.22;283.92;-19.30;587.15
301.88;288.11;-13.76;589.99
303.90;283.85;-20.05;587.75
304.75;284.49;-20.26;589.24
305.43;284.23;-21.20;589.66
304.94;282.85;-22.09;587.78
302.40;283.62;-18.78;586.02
305.54;283.01;-22.53;588.55
301.08;283.31;-17.77;584.38
301.85;284.90;-16.95;586.75
305.84;282.59;-23.25;588.44
303.58;283.32;-20.26;586.89
304.39;282.20;-22.19;586.59
303.39;284.82;-18.58;588.21
302.86;283.86;-19.00;586.73
305.02;283.56;-21.46;588.58
302.40;283.59;-18.81;585.99
304.95;283.25;-21.71;588.20
303.19;282.64;-20.56;585.83
302.78;283.66;-19.12;586.45
302.99;284.09;-18.91;587.08
305.55;285.59;-19.96;591.14
304.70;284.76;-19.94;589.46
302.28;289.14;-13.14;591.41
301.79;285.46;-16.33;587.26
304.29;283.00;-21.29;587.29
307.16;283.81;-23.36;590.97
303.74;283.94;-19.81;587.68
303.79;284.12;-19.66;587.91
304.88;284.88;-20.00;589.76
303.06;284.01;-19.05;587.07
303.25;283.16;-20.09;586.41
302.80;285.83;-16.97;588.63
304.97;284.58;-20.39;589.55
304.42;283.47;-20.95;587.89
301.94;284.81;-17.14;586.75
302.69;285.42;-17.27;588.12
304.86;286.99;-17.86;591.85
305.76;285.48;-20.28;591.24
305.06;283.49;-21.58;588.55
304.99;289.29;-15.70;594.29
303.61;284.79;-18.82;588.39
302.74;284.55;-18.19;587.28
302.26;284.91;-17.36;587.17
305.11;284.46;-20.65;589.57
305.05;284.97;-20.08;590.02
304.67;284.41;-20.26;589.08
305.49;285.18;-20.31;590.67
304.36;284.28;-20.08;588.65
305.39;283.77;-21.62;589.16
304.82;284.69;-20.13;589.51
305.74;285.42;-20.32;591.15
302.25;284.75;-17.49;587.00
302.43;284.24;-18.19;586.66
305.35;284.71;-20.65;590.06
303.17;284.08;-19.09;587.25
304.78;283.71;-21.07;588.49
