300.41;283.48;-16.92;583.89
299.46;281.54;-17.92;581.00
299.34;280.19;-19.15;579.53
299.81;282.49;-17.32;582.30
300.97;282.24;-18.73;583.21
299.99;281.91;-18.08;581.90
299.62;283.09;-16.54;582.71
300.63;283.88;-16.75;584.51
299.83;283.16;-16.67;582.99
299.38;282.53;-16.85;581.91
299.38;285.35;-14.02;584.73
301.24;283.84;-17.40;585.08
302.12;284.95;-17.16;587.07
300.14;282.66;-17.48;582.79
300.94;284.01;-16.92;584.95
300.24;285.13;-15.11;585.36
300.02;282.78;-17.24;582.80
300.85;283.72;-17.14;584.57
300.02;284.48;-15.55;584.50
300.99;283.01;-17.99;584.00
300.80;280.06;-20.74;580.86
300.54;282.81;-17.73;583.34
299.38;283.81;-15.58;583.19
300.27;281.42;-18.85;581.69
299.52;282.38;-17.14;581.91
300.32;283.49;-16.83;583.81
299.94;282.98;-16.96;582.92
298.82;283.85;-14.97;582.68
301.40;284.22;-17.18;585.62
302.46;282.21;-20.26;584.67
300.25;283.63;-16.62;583.88
299.09;282.05;-17.05;581.14
300.06;281.16;-18.90;581.23
299.86;284.45;-15.41;584.32
300.77;283.43;-17.34;584.20
300.16;283.40;-16.76;583.56
301.16;284.12;-17.04;585.28
300.50;283.59;-16.91;584.09
301.57;284.04;-17.53;585.61
301.40;284.78;-16.62;586.18
300.34;282.66;-17.68;583.01
300.02;281.02;-19.00;581.04
300.12;283.32;-16.80;583.45
299.96;283.00;-16.96;582.96
300.71;283.35;-17.35;584.06
299.98;284.01;-15.97;583.98
299.48;280.93;-18.55;580.41
300.46;283.41;-17.06;583.87
301.45;282.51;-18.95;583.96
302.36;283.68;-18.68;586.04
300.20;283.19;-17.01;583.39
299.23;282.38;-16.85;581.61
301.46;284.11;-17.35;585.58
299.58;282.00;-17.58;581.58
300.44;281.82;-18.62;582.26
301.32;283.80;-17.52;585.12
302.24;282.17;-20.07;584.41
300.08;281.55;-18.52;581.63
300.99;285.30;-15.69;586.29
299.95;285.18;-14.77;585.12
299.87;279.56;-20.31;579.43
300.58;282.89;-17.68;583.47
301.54;283.72;-17.81;585.26
302.01;282.42;-19.59;584.44
300.16;279.72;-20.45;579.88
300.99;282.42;-18.57;583.42
300.01;283.10;-16.91;583.11
299.90;282.16;-17.74;582.06
300.53;283.38;-17.15;583.91
299.60;281.66;-17.94;581.26
300.61;279.48;-21.13;580.09
298.68;282.99;-15.69;581.66
301.32;282.81;-18.52;584.13
299.22;280.39;-18.82;579.61
300.25;284.68;-15.58;584.93
301.29;281.13;-20.16;582.42
301.35;282.01;-19.34;583.36
298.98;283.19;-15.78;582.17
300.97;282.53;-18.44;583.50
300.85;285.13;-15.72;585.98
299.78;282.25;-17.53;582.02
302.20;283.08;-19.12;585.28
301.51;282.82;-18.69;584.33
302.88;284.86;-18.01;587.74
300.21;283.21;-17.00;583.41
301.25;284.36;-16.89;585.62
300.12;285.18;-14.95;585.30
299.73;282.21;-17.52;581.94
301.79;283.46;-18.34;585.25
300.36;282.60;-17.76;582.96
301.26;283.83;-17.43;585.09
301.25;283.22;-18.03;584.46
300.72;283.99;-16.73;584.72
301.68;284.12;-17.56;585.81
299.51;283.86;-15.65;583.36
300.48;283.01;-17.47;583.49
300.28;282.56;-17.71;582.84
301.30;280.36;-20.94;581.66
299.95;282.38;-17.57;582.34
300.78;281.29;-19.49;582.08
299.92;283.08;-16.84;583.01
301.04;282.18;-18.86;583.21
300.76;283.10;-17.66;583.86
300.58;281.53;-19.05;582.11
300.54;283.89;-16.65;584.44
301.77;283.55;-18.22;585.32
300.36;281.19;-19.17;581.56
300.45;283.70;-16.75;584.15
301.20;284.28;-16.92;585.48
300.92;283.65;-17.27;584.58
301.02;282.89;-18.14;583.91
299.69;282.59;-17.11;582.28
300.87;284.93;-15.94;585.80
300.47;281.21;-19.26;581.68
300.49;282.18;-18.31;582.68
300.13;283.12;-17.01;583.25
299.94;283.69;-16.24;583.63
301.90;282.02;-19.88;583.92
302.81;282.51;-20.29;585.32
300.81;283.78;-17.04;584.59
301.35;281.55;-19.80;582.89
300.36;283.55;-16.81;583.92
300.06;283.04;-17.02;583.10
300.88;282.41;-18.48;583.29
298.91;284.19;-14.71;583.10
299.78;282.05;-17.73;581.84
300.81;282.84;-17.98;583.65
301.33;284.36;-16.97;585.69
302.25;283.53;-18.72;585.78
300.12;282.63;-17.49;582.75
300.75;283.32;-17.43;584.06
301.76;282.89;-18.87;584.66
301.69;281.03;-20.66;582.72
300.32;283.74;-16.58;584.05
299.36;284.14;-15.22;583.51
299.12;284.72;-14.40;583.84
299.92;283.05;-16.86;582.97
300.57;281.97;-18.60;582.54
299.95;281.39;-18.55;581.34
299.56;282.58;-16.99;582.14
301.49;282.56;-18.93;584.05
300.91;284.11;-16.81;585.02
300.16;281.98;-18.18;582.14
300.94;284.09;-16.85;585.03
300.55;283.75;-16.80;584.31
301.56;281.48;-20.08;583.04
301.33;281.61;-19.72;582.94
301.42;284.64;-16.78;586.06
301.22;280.42;-20.80;581.64
299.05;283.66;-15.39;582.71
299.78;283.13;-16.65;582.91
300.75;283.21;-17.55;583.96
299.89;282.82;-17.07;582.72
299.43;283.65;-15.78;583.08
300.19;285.05;-15.14;585.25
299.83;281.26;-18.56;581.09
300.22;283.36;-16.85;583.58
299.99;282.95;-17.05;582.94
300.78;280.85;-19.93;581.64
299.84;283.91;-15.92;583.75
299.52;282.78;-16.75;582.30
299.18;284.39;-14.79;583.57
302.49;282.81;-19.68;585.29
300.26;285.21;-15.05;585.48
300.97;282.13;-18.84;583.10
300.44;279.65;-20.79;580.09
299.61;282.04;-17.57;581.65
299.25;282.34;-16.91;581.59
300.23;283.42;-16.81;583.65
298.06;284.37;-13.69;582.44
300.90;284.62;-16.28;585.52
300.86;283.18;-17.68;584.04
300.64;283.28;-17.36;583.92
299.71;284.13;-15.58;583.84
299.47;285.25;-14.22;584.72
300.40;283.66;-16.74;584.06
299.50;284.53;-14.97;584.03
300.61;284.72;-15.88;585.33
301.22;284.39;-16.83;585.62
300.01;283.90;-16.11;583.91
299.82;283.07;-16.75;582.89
300.72;282.19;-18.54;582.91
300.41;283.14;-17.27;583.54
299.66;284.04;-15.63;583.70
300.76;281.65;-19.11;582.41
300.29;284.94;-15.35;585.22
301.06;281.31;-19.75;582.38
297.81;284.82;-12.99;582.63
300.01;284.44;-15.57;584.45
299.11;281.99;-17.12;581.10
300.02;281.67;-18.35;581.69
300.76;283.96;-16.80;584.73
300.43;282.85;-17.58;583.28
298.56;284.82;-13.74;583.38
299.38;285.18;-14.20;584.56
300.04;282.26;-17.78;582.29
299.14;281.22;-17.92;580.35
300.02;283.53;-16.49;583.55
299.76;285.51;-14.25;585.27
298.84;282.90;-15.94;581.74
299.82;282.69;-17.14;582.51
300.67;281.58;-19.09;582.25
299.99;283.43;-16.56;583.42
299.49;283.88;-15.61;583.38
300.12;282.14;-17.99;582.26
299.55;282.16;-17.39;581.71
300.46;281.89;-18.57;582.35
301.28;282.72;-18.55;584.00
300.28;282.08;-18.20;582.36
300.31;284.55;-15.75;584.86
298.90;283.48;-15.42;582.38
300.12;283.33;-16.79;583.45
299.65;282.87;-16.78;582.52
300.72;282.05;-18.66;582.77
301.52;284.05;-17.47;585.56
300.61;284.10;-16.51;584.71
300.51;283.72;-16.78;584.23
301.26;284.59;-16.67;585.85
300.38;283.42;-16.96;583.81
300.05;282.45;-17.61;582.50
301.08;282.36;-18.72;583.44
299.73;283.48;-16.25;583.21
301.84;284.17;-17.67;586.01
300.50;283.15;-17.35;583.65
299.58;281.20;-18.38;580.78
300.71;284.01;-16.69;584.72
300.39;283.52;-16.88;583.91
300.01;284.48;-15.52;584.49
300.29;283.51;-16.79;583.80
300.04;282.48;-17.56;582.52
298.98;280.23;-18.75;579.21
301.91;284.57;-17.34;586.48
299.70;281.98;-17.72;581.68
300.50;283.76;-16.74;584.26
299.82;281.48;-18.35;581.30
299.47;285.32;-14.15;584.79
300.24;284.94;-15.31;585.18
300.07;283.93;-16.14;584.00
299.98;283.01;-16.98;582.99
301.62;281.17;-20.45;582.79
299.32;283.58;-15.74;582.91
299.78;283.78;-16.00;583.56
300.44;281.54;-18.91;581.98
301.18;283.02;-18.15;584.20
300.39;283.85;-16.55;584.24
301.80;284.66;-17.14;586.46
301.61;282.51;-19.10;584.12
299.34;283.48;-15.86;582.82
300.05;282.61;-17.44;582.65
299.42;281.64;-17.79;581.06
300.24;281.54;-18.70;581.78
301.50;282.34;-19.16;583.84
299.10;282.35;-16.75;581.45
299.87;283.48;-16.39;583.35
300.81;282.12;-18.69;582.93
300.12;283.71;-16.41;583.82
300.99;282.15;-18.84;583.15
300.66;283.79;-16.87;584.46
299.92;283.31;-16.61;583.22
299.64;285.47;-14.16;585.11
300.50;283.27;-17.23;583.77
301.55;281.59;-19.95;583.14
299.19;283.94;-15.25;583.13
300.24;281.69;-18.54;581.93
299.06;284.12;-14.94;583.19
300.08;283.12;-16.96;583.19
301.05;284.04;-17.01;585.09
300.92;280.62;-20.30;581.55
298.48;282.77;-15.71;581.25
299.34;282.73;-16.61;582.07
301.29;282.59;-18.70;583.88
299.73;283.89;-15.84;583.62
300.23;281.88;-18.35;582.11
301.73;284.12;-17.61;585.85
300.67;283.22;-17.45;583.89
299.58;283.04;-16.54;582.62
299.40;284.91;-14.49;584.31
300.19;284.86;-15.33;585.05
301.02;284.07;-16.95;585.09
299.91;279.84;-20.08;579.75
299.64;282.63;-17.01;582.27
300.50;283.99;-16.51;584.49
301.51;284.86;-16.64;586.37
299.39;283.81;-15.59;583.20
300.42;282.70;-17.72;583.12
301.04;283.69;-17.35;584.74
300.31;283.75;-16.56;584.06
301.32;283.47;-17.85;584.79
301.18;284.73;-16.45;585.91
300.13;283.47;-16.66;583.60
300.12;283.00;-17.12;583.12
300.84;283.73;-17.11;584.57
300.16;281.30;-18.86;581.46
299.87;285.69;-14.18;585.56
300.75;281.95;-18.80;582.69
299.55;282.78;-16.76;582.33
300.82;285.25;-15.57;586.08
301.69;283.56;-18.13;585.25
300.23;283.84;-16.39;584.07
300.64;281.59;-19.05;582.22
300.18;283.41;-16.77;583.58
299.27;284.13;-15.14;583.40
299.79;281.32;-18.48;581.11
300.82;282.83;-17.99;583.65
300.21;283.59;-16.62;583.80
301.39;283.67;-17.72;585.06
300.76;283.95;-16.82;584.71
300.14;282.51;-17.64;582.65
300.99;282.73;-18.26;583.72
300.29;283.38;-16.91;583.67
300.96;282.69;-18.26;583.65
300.43;282.78;-17.65;583.21
301.37;282.59;-18.78;583.96
300.24;284.01;-16.22;584.25
300.29;284.52;-15.77;584.81
299.04;283.78;-15.26;582.82
300.03;283.02;-17.01;583.05
300.78;282.88;-17.90;583.66
300.61;283.68;-16.93;584.29
301.54;281.52;-20.02;583.06
299.71;285.22;-14.49;584.93
299.34;283.30;-16.04;582.64
299.62;283.92;-15.70;583.54
299.49;282.54;-16.96;582.03
300.57;282.10;-18.47;582.67
301.18;284.37;-16.81;585.55
300.75;285.05;-15.71;585.80
301.62;283.57;-18.05;585.19
301.32;284.84;-16.49;586.16
299.35;283.50;-15.85;582.85
300.14;283.14;-17.00;583.28
300.91;283.36;-17.54;584.27
300.30;283.36;-16.94;583.66
299.58;282.66;-16.92;582.24
300.51;283.72;-16.79;584.22
298.12;284.39;-13.72;582.51
300.21;283.31;-16.91;583.52
300.04;284.22;-15.81;584.26
300.82;281.89;-18.94;582.71
300.67;282.82;-17.85;583.49
300.56;282.44;-18.12;583.00
300.25;282.89;-17.36;583.14
300.87;284.42;-16.45;585.29
299.02;281.48;-17.54;580.49
299.93;284.59;-15.34;584.52
298.81;283.64;-15.16;582.45
299.71;284.61;-15.09;584.32
299.39;284.14;-15.25;583.54
300.22;284.57;-15.65;584.79
300.88;283.44;-17.44;584.32
300.14;283.14;-16.99;583.28
299.57;282.61;-16.96;582.18
300.75;282.79;-17.96;583.54
299.61;281.62;-17.98;581.23
300.53;282.57;-17.96;583.10
300.18;283.34;-16.84;583.52
299.53;284.29;-15.24;583.82
300.49;284.02;-16.46;584.51
300.31;282.39;-17.91;582.70
299.25;281.31;-17.95;580.56
300.29;284.59;-15.70;584.89
299.96;283.22;-16.74;583.18
300.66;283.35;-17.32;584.01
299.94;284.32;-15.62;584.25
299.52;282.39;-17.13;581.91
300.55;282.88;-17.67;583.44
301.15;284.35;-16.79;585.50
300.31;282.48;-17.82;582.79
300.06;283.42;-16.64;583.48
301.06;281.25;-19.81;582.31
300.18;283.24;-16.94;583.42
301.02;284.46;-16.56;585.48
298.92;285.34;-13.58;584.25
301.28;286.17;-15.11;587.45
300.34;282.73;-17.61;583.06
300.31;283.44;-16.86;583.75
300.68;282.64;-18.05;583.32
299.89;282.09;-17.80;581.99
299.49;282.09;-17.40;581.58
300.55;283.35;-17.20;583.89
299.42;284.27;-15.15;583.69
301.78;282.45;-19.33;584.22
299.87;282.38;-17.49;582.25
300.95;283.67;-17.28;584.62
299.82;283.19;-16.62;583.01
299.72;283.84;-15.88;583.55
300.28;281.68;-18.61;581.96
299.54;282.59;-16.95;582.13
300.31;284.09;-16.22;584.40
303.16;282.31;-20.85;585.46
300.86;284.00;-16.86;584.86
302.02;281.14;-20.88;583.15
300.97;283.01;-17.96;583.98
300.69;283.19;-17.51;583.88
298.64;281.43;-17.21;580.06
299.33;282.77;-16.56;582.10
300.46;282.69;-17.78;583.15
301.35;281.16;-20.19;582.51
300.73;284.50;-16.23;585.23
301.32;282.99;-18.32;584.31
300.88;282.08;-18.79;582.96
301.64;283.22;-18.42;584.86
299.66;282.08;-17.59;581.74
301.83;281.72;-20.11;583.55
299.77;284.59;-15.18;584.36
300.72;283.95;-16.78;584.67
300.42;283.62;-16.80;584.04
300.30;284.32;-15.98;584.62
300.35;283.92;-16.42;584.27
301.06;283.30;-17.76;584.36
300.89;283.46;-17.43;584.36
298.73;281.68;-17.05;580.41
299.40;282.57;-16.83;581.97
300.25;283.54;-16.71;583.79
300.98;283.39;-17.59;584.36
300.18;281.79;-18.38;581.97
299.73;283.98;-15.75;583.71
300.46;282.88;-17.58;583.35
299.76;283.84;-15.92;583.60
299.52;282.51;-17.01;582.02
300.34;283.74;-16.61;584.08
299.59;283.68;-15.92;583.27
299.00;281.92;-17.08;580.92
299.99;284.12;-15.87;584.12
299.79;283.86;-15.92;583.65
299.74;284.14;-15.61;583.88
300.63;282.29;-18.34;582.92
300.39;282.96;-17.42;583.35
302.82;284.45;-18.38;587.27
300.61;285.19;-15.42;585.81
300.52;282.74;-17.78;583.26
300.08;281.05;-19.03;581.14
299.92;283.47;-16.45;583.39
299.89;283.04;-16.85;582.92
300.56;283.24;-17.32;583.81
300.04;284.17;-15.86;584.21
299.36;283.90;-15.46;583.26
300.52;282.98;-17.54;583.50
301.32;284.00;-17.32;585.32
300.17;284.74;-15.43;584.91
300.09;283.22;-16.86;583.31
300.88;280.96;-19.91;581.84
299.82;284.05;-15.77;583.88
299.49;282.70;-16.79;582.19
299.46;284.79;-14.67;584.26
301.03;284.33;-16.70;585.36
299.14;281.52;-17.61;580.66
299.87;282.59;-17.28;582.46
299.11;283.22;-15.89;582.34
299.78;285.19;-14.59;584.97
300.60;282.05;-18.55;582.65
300.58;283.48;-17.10;584.05
299.34;282.44;-16.90;581.78
300.21;285.33;-14.88;585.54
299.84;283.24;-16.61;583.08
300.74;284.44;-16.31;585.18
300.70;281.65;-19.05;582.35
299.58;285.25;-14.32;584.83
300.58;283.68;-16.90;584.26
299.84;282.89;-16.95;582.72
302.46;282.32;-20.14;584.79
300.22;282.62;-17.60;582.84
300.21;282.74;-17.47;582.95
298.98;284.94;-14.04;583.92
299.73;285.92;-13.81;585.65
300.86;283.76;-17.10;584.62
299.86;284.45;-15.41;584.32
302.74;281.41;-21.33;584.15
302.04;283.41;-18.63;585.45
301.24;284.01;-17.22;585.25
299.27;282.21;-17.06;581.48
301.09;282.78;-18.31;583.87
300.92;282.67;-18.25;583.59
298.77;282.04;-16.73;580.81
299.85;284.39;-15.46;584.24
300.70;284.31;-16.39;585.01
300.67;284.48;-16.19;585.15
299.75;284.63;-15.12;584.38
300.42;280.72;-19.70;581.14
299.65;282.95;-16.71;582.60
300.47;284.05;-16.42;584.52
300.35;283.59;-16.76;583.94
302.44;281.54;-20.90;583.98
301.96;282.29;-19.67;584.26
301.14;282.96;-18.18;584.11
299.85;283.23;-16.62;583.08
299.88;284.05;-15.83;583.92
299.65;283.92;-15.73;583.56
300.34;282.87;-17.46;583.21
301.33;282.79;-18.54;584.12
302.37;283.84;-18.54;586.21
300.28;283.28;-17.00;583.56
300.01;284.61;-15.40;584.62
298.78;283.69;-15.09;582.47
301.04;282.96;-18.07;584.00
299.04;283.85;-15.19;582.89
300.54;284.15;-16.39;584.69
300.61;285.91;-14.70;586.52
300.36;281.83;-18.53;582.19
301.14;282.86;-18.28;583.99
300.14;281.56;-18.58;581.70
300.06;284.55;-15.52;584.61
300.98;283.39;-17.59;584.36
300.15;284.26;-15.88;584.41
301.11;283.95;-17.15;585.06
300.58;281.74;-18.84;582.31
302.78;282.86;-19.91;585.64
300.69;283.68;-17.02;584.37
299.22;282.52;-16.70;581.74
300.13;284.24;-15.89;584.36
300.22;283.42;-16.79;583.64
303.06;282.25;-20.81;585.31
300.55;282.08;-18.46;582.63
299.71;284.58;-15.12;584.29
299.58;284.16;-15.42;583.75
300.46;283.62;-16.84;584.08
300.41;282.69;-17.72;583.10
300.42;285.06;-15.36;585.48
300.24;286.38;-13.86;586.62
301.07;282.29;-18.78;583.36
301.62;284.52;-17.09;586.14
299.75;285.59;-14.16;585.35
300.63;281.81;-18.82;582.44
300.05;281.40;-18.65;581.45
300.60;283.91;-16.69;584.51
300.33;283.98;-16.35;584.31
299.41;283.88;-15.53;583.29
300.64;283.53;-17.11;584.17
300.09;283.27;-16.82;583.36
299.40;282.16;-17.24;581.56
300.23;284.56;-15.66;584.79
301.24;280.32;-20.92;581.56
300.63;283.98;-16.65;584.61
298.78;283.41;-15.36;582.19
299.96;283.02;-16.95;582.98
299.65;283.64;-16.01;583.29
299.79;282.68;-17.11;582.47
300.95;283.94;-17.01;584.88
300.53;285.11;-15.42;585.64
301.37;281.46;-19.91;582.83
299.36;282.03;-17.33;581.39
301.21;281.61;-19.60;582.82
299.07;282.44;-16.63;581.51
298.92;285.18;-13.75;584.10
299.80;283.38;-16.42;583.18
300.91;283.17;-17.74;584.08
299.60;282.72;-16.88;582.32
300.70;281.96;-18.74;582.66
301.67;283.57;-18.10;585.24
299.46;282.53;-16.94;581.99
300.37;282.55;-17.82;582.92
300.24;283.30;-16.94;583.54
300.81;283.84;-16.98;584.65
300.11;281.52;-18.58;581.63
301.11;284.65;-16.46;585.76
301.08;283.31;-17.76;584.39
301.48;284.24;-17.24;585.72
299.71;281.78;-17.92;581.49
300.75;283.19;-17.56;583.94
299.72;281.51;-18.21;581.23
300.56;282.29;-18.27;582.85
300.29;283.20;-17.09;583.49
301.36;282.84;-18.52;584.21
300.61;280.20;-20.41;580.81
300.01;282.56;-17.45;582.57
300.83;282.45;-18.38;583.28
300.39;281.87;-18.52;582.26
301.02;284.41;-16.61;585.42
300.69;283.85;-16.85;584.54
300.11;283.18;-16.94;583.29
299.42;284.24;-15.18;583.65
300.46;280.02;-20.45;580.48
300.42;283.77;-16.65;584.19
300.38;281.94;-18.45;582.32
301.31;283.08;-18.22;584.39
302.46;282.50;-19.96;584.96
300.21;283.21;-16.99;583.42
301.84;282.84;-19.01;584.68
300.54;283.15;-17.39;583.68
301.24;282.98;-18.26;584.22
300.59;281.90;-18.69;582.49
300.21;283.05;-17.15;583.26
300.82;282.48;-18.34;583.31
300.34;283.86;-16.48;584.19
301.30;284.26;-17.04;585.56
302.39;283.35;-19.04;585.74
303.16;282.93;-20.23;586.09
300.79;282.61;-18.18;583.39
300.62;283.14;-17.48;583.76
299.89;285.00;-14.89;584.89
299.41;284.11;-15.30;583.51
299.40;282.26;-17.14;581.66
299.74;284.05;-15.69;583.79
299.30;282.74;-16.56;582.04
300.29;281.76;-18.53;582.05
301.00;281.49;-19.51;582.49
302.21;285.06;-17.15;587.26
300.19;284.61;-15.59;584.80
301.30;282.84;-18.46;584.14
300.18;281.97;-18.21;582.15
299.85;282.56;-17.29;582.41
299.16;283.46;-15.69;582.62
299.97;283.10;-16.87;583.07
300.89;282.92;-17.98;583.81
300.59;281.94;-18.65;582.52
298.60;282.74;-15.86;581.34
300.50;281.70;-18.80;582.20
300.08;281.87;-18.21;581.95
299.15;282.39;-16.76;581.55
301.17;283.51;-17.66;584.68
300.04;283.08;-16.95;583.12
300.70;283.56;-17.14;584.26
298.63;285.15;-13.48;583.78
300.96;280.76;-20.19;581.72
300.21;283.03;-17.18;583.24
300.17;281.36;-18.81;581.54
300.46;285.05;-15.41;585.51
300.14;282.55;-17.58;582.69
301.33;284.29;-17.04;585.62
301.78;284.70;-17.08;586.48
299.91;284.44;-15.48;584.35
299.19;281.95;-17.24;581.14
299.80;281.74;-18.06;581.54
300.98;284.05;-16.93;585.04
300.49;282.96;-17.54;583.45
301.12;284.44;-16.68;585.56
300.63;282.26;-18.36;582.89
301.04;284.40;-16.64;585.44
300.79;283.75;-17.04;584.54
300.05;284.05;-16.01;584.10
302.36;280.68;-21.68;583.05
300.25;283.35;-16.91;583.60
300.17;284.21;-15.96;584.38
301.06;281.76;-19.30;582.83
299.83;282.83;-17.00;582.66
300.51;282.85;-17.66;583.35
300.36;281.39;-18.97;581.76
300.42;284.87;-15.55;585.29
300.05;282.59;-17.46;582.65
299.26;283.79;-15.47;583.05
301.24;285.64;-15.61;586.88
300.15;283.23;-16.92;583.38
299.93;282.49;-17.44;582.42
300.01;283.16;-16.84;583.17
300.98;285.42;-15.56;586.39
300.77;283.02;-17.75;583.79
301.92;282.95;-18.98;584.87
299.28;282.51;-16.76;581.79
300.25;282.54;-17.71;582.78
300.10;282.35;-17.75;582.45
300.16;282.45;-17.72;582.61
299.58;285.70;-13.88;585.28
299.41;282.68;-16.74;582.09
300.38;281.58;-18.79;581.96
302.55;282.32;-20.24;584.87
299.90;283.02;-16.88;582.92
299.88;281.84;-18.05;581.72
299.87;281.62;-18.25;581.49
299.43;284.09;-15.34;583.52
300.37;283.71;-16.66;584.08
301.01;283.40;-17.61;584.41
300.26;284.56;-15.70;584.82
300.06;282.84;-17.22;582.90
300.60;284.24;-16.36;584.84
299.66;281.41;-18.25;581.07
300.55;283.75;-16.80;584.29
300.53;283.41;-17.12;583.94
301.35;283.99;-17.35;585.34
300.28;282.42;-17.86;582.71
301.06;282.47;-18.59;583.54
300.72;284.14;-16.59;584.86
301.05;285.11;-15.94;586.16
300.90;282.64;-18.26;583.54
300.56;283.24;-17.32;583.81
299.59;282.98;-16.61;582.56
299.42;279.24;-20.18;578.66
300.10;283.44;-16.66;583.54
299.92;282.21;-17.71;582.12
301.15;281.80;-19.35;582.95
301.16;283.15;-18.01;584.31
300.87;284.03;-16.84;584.90
300.16;283.19;-16.96;583.35
300.84;282.91;-17.93;583.75
300.77;281.59;-19.18;582.36
299.45;282.88;-16.57;582.32
300.45;280.65;-19.80;581.09
300.41;286.55;-13.85;586.96
301.14;282.55;-18.58;583.69
300.13;283.79;-16.34;583.92
299.74;282.98;-16.75;582.72
298.96;283.92;-15.05;582.88
300.19;282.92;-17.28;583.11
300.70;285.14;-15.56;585.84
300.35;281.58;-18.77;581.92
299.54;282.98;-16.56;582.52
300.49;285.03;-15.46;585.52
300.14;284.56;-15.58;584.70
301.06;281.23;-19.83;582.29
300.14;283.58;-16.56;583.72
299.92;283.99;-15.94;583.91
298.85;283.00;-15.85;581.85
299.65;282.86;-16.79;582.52
302.32;283.84;-18.48;586.16
300.19;283.38;-16.82;583.57
299.09;282.19;-16.91;581.28
298.94;282.07;-16.86;581.01
299.99;284.11;-15.88;584.09
298.95;285.39;-13.56;584.34
299.92;284.03;-15.89;583.95
300.72;282.71;-18.02;583.43
298.39;286.07;-12.32;584.46
300.88;283.59;-17.28;584.47
300.41;283.59;-16.82;584.01
299.91;282.25;-17.65;582.16
300.80;283.25;-17.55;584.05
299.89;284.94;-14.96;584.83
300.77;282.44;-18.33;583.21
300.42;284.80;-15.62;585.22
300.16;284.33;-15.84;584.49
301.15;282.07;-19.08;583.22
300.90;285.37;-15.53;586.27
300.73;283.44;-17.29;584.17
299.86;283.39;-16.47;583.25
299.48;282.63;-16.85;582.11
300.37;281.85;-18.52;582.22
301.23;282.74;-18.49;583.96
300.36;282.19;-18.16;582.55
300.24;285.54;-14.70;585.78
300.01;284.15;-15.86;584.15
299.04;283.44;-15.59;582.48
299.88;282.28;-17.60;582.15
302.18;284.03;-18.15;586.21
301.72;283.35;-18.38;585.07
299.64;283.86;-15.77;583.50
300.51;281.76;-18.75;582.28
301.44;284.02;-17.41;585.46
300.44;282.43;-18.01;582.86
300.29;282.81;-17.48;583.09
301.04;283.81;-17.23;584.84
301.92;282.20;-19.72;584.12
299.87;283.35;-16.52;583.22
300.48;281.99;-18.49;582.48
299.58;282.68;-16.91;582.26
300.74;280.46;-20.28;581.20
300.11;284.88;-15.23;584.98
299.19;284.05;-15.14;583.25
300.25;283.32;-16.93;583.58
299.94;284.66;-15.28;584.60
300.79;283.44;-17.35;584.23
301.68;281.77;-19.91;583.45
300.44;285.08;-15.36;585.51
300.46;282.61;-17.85;583.07
300.21;284.33;-15.88;584.54
300.25;281.89;-18.36;582.14
299.97;283.35;-16.62;583.32
300.81;284.48;-16.33;585.29
298.82;283.24;-15.59;582.06
300.09;282.75;-17.35;582.84
299.15;282.51;-16.65;581.66
300.16;284.65;-15.51;584.82
299.51;282.05;-17.46;581.56
298.85;281.98;-16.87;580.82
301.68;283.43;-18.25;585.11
300.78;283.94;-16.84;584.71
300.51;283.77;-16.74;584.28
301.24;283.98;-17.25;585.22
300.31;282.22;-18.08;582.53
300.11;283.52;-16.59;583.62
299.30;283.91;-15.39;583.21
300.09;284.97;-15.12;585.06
299.82;283.25;-16.58;583.07
301.11;281.13;-19.98;582.24
299.94;280.87;-19.07;580.81
300.79;282.69;-18.10;583.48
300.38;285.19;-15.18;585.57
299.55;282.02;-17.53;581.56
300.81;282.41;-18.40;583.21
299.19;285.11;-14.08;584.30
299.53;283.99;-15.54;583.52
300.46;283.76;-16.70;584.22
299.83;281.75;-18.08;581.58
300.88;282.49;-18.38;583.37
299.21;282.16;-17.04;581.37
299.85;282.97;-16.88;582.82
299.67;280.24;-19.44;579.91
301.88;283.63;-18.25;585.51
299.82;284.05;-15.77;583.88
300.50;281.92;-18.58;582.42
299.73;283.13;-16.60;582.86
299.43;281.79;-17.64;581.22
302.42;283.48;-18.94;585.89
299.68;282.45;-17.22;582.13
300.31;283.54;-16.77;583.84
298.17;286.76;-11.41;584.93
301.15;282.21;-18.94;583.35
300.36;284.82;-15.55;585.18
299.82;282.95;-16.88;582.77
298.89;283.51;-15.38;582.39
301.89;284.34;-17.55;586.22
301.02;282.79;-18.22;583.81
300.76;281.91;-18.85;582.68
300.45;282.82;-17.64;583.27
299.45;283.71;-15.74;583.16
300.06;281.59;-18.47;581.65
300.45;283.11;-17.34;583.56
300.50;284.22;-16.28;584.72
300.07;281.57;-18.50;581.64
301.00;282.54;-18.46;583.54
300.18;285.40;-14.78;585.58
299.74;282.34;-17.40;582.08
298.81;283.62;-15.19;582.42
301.55;283.05;-18.50;584.61
300.90;283.18;-17.72;584.08
300.35;283.88;-16.47;584.22
299.56;279.67;-19.89;579.23
300.84;282.48;-18.36;583.31
300.31;285.08;-15.24;585.39
301.17;283.86;-17.31;585.03
300.26;282.12;-18.15;582.38
298.16;283.43;-14.74;581.59
299.29;283.56;-15.72;582.85
300.14;281.38;-18.75;581.52
299.63;283.23;-16.40;582.86
300.88;283.64;-17.25;584.52
301.69;283.26;-18.44;584.95
299.56;282.86;-16.69;582.42
298.69;282.08;-16.61;580.76
300.40;284.83;-15.57;585.23
299.62;283.99;-15.63;583.61
300.32;282.09;-18.22;582.41
299.51;282.98;-16.53;582.49
302.25;283.39;-18.86;585.65
300.25;284.67;-15.58;584.92
301.24;282.35;-18.89;583.59
300.35;282.49;-17.86;582.85
298.92;282.53;-16.39;581.45
301.12;284.12;-16.99;585.24
300.12;284.82;-15.30;584.95
299.78;283.11;-16.67;582.89
300.79;284.22;-16.57;585.01
298.61;284.40;-14.21;583.01
299.42;282.84;-16.58;582.25
300.55;283.42;-17.14;583.97
301.51;281.36;-20.15;582.88
299.46;283.74;-15.72;583.19
300.43;282.90;-17.53;583.33
300.98;285.94;-15.04;586.92
300.32;283.39;-16.93;583.71
300.05;283.14;-16.91;583.19
298.94;285.28;-13.66;584.21
300.55;282.93;-17.62;583.48
299.61;283.91;-15.70;583.51
300.33;283.47;-16.86;583.80
299.63;283.81;-15.82;583.44
300.65;281.92;-18.73;582.58
300.12;282.80;-17.32;582.92
299.95;281.05;-18.91;581.00
299.91;283.15;-16.76;583.06
299.72;281.96;-17.76;581.68
300.42;283.56;-16.85;583.98
301.15;281.58;-19.56;582.73
300.39;282.68;-17.72;583.07
300.20;281.32;-18.88;581.52
301.16;284.36;-16.80;585.52
300.26;280.29;-19.98;580.55
299.88;282.93;-16.95;582.81
301.08;282.38;-18.71;583.46
300.19;281.81;-18.38;581.99
300.00;283.28;-16.72;583.28
299.84;282.38;-17.46;582.22
300.09;283.22;-16.88;583.31
300.52;282.69;-17.84;583.21
302.00;283.25;-18.75;585.25
299.89;282.85;-17.05;582.74
299.62;286.01;-13.62;585.63
300.32;284.75;-15.58;585.07
301.37;281.15;-20.22;582.52
299.31;283.42;-15.88;582.73
299.94;282.44;-17.49;582.38
298.98;280.77;-18.21;579.75
298.91;281.92;-16.99;580.83
299.48;281.98;-17.49;581.46
299.39;282.96;-16.43;582.36
301.39;282.44;-18.96;583.83
300.51;283.54;-16.97;584.05
301.40;284.31;-17.09;585.71
299.74;281.01;-18.73;580.74
301.69;282.96;-18.73;584.66
299.46;283.82;-15.64;583.28
299.12;282.71;-16.41;581.82
300.16;284.39;-15.78;584.55
300.70;283.78;-16.92;584.48
300.89;283.06;-17.84;583.95
300.89;283.51;-17.38;584.41
301.79;284.32;-17.46;586.11
299.41;280.63;-18.78;580.04
300.25;283.62;-16.63;583.86
299.46;285.51;-13.95;584.97
299.05;283.59;-15.45;582.64
299.87;282.86;-17.01;582.74
298.51;282.94;-15.57;581.45
300.55;281.47;-19.08;582.02
299.35;285.39;-13.96;584.74
300.28;283.72;-16.55;584.00
299.28;284.35;-14.92;583.63
300.12;282.61;-17.51;582.74
299.04;283.42;-15.62;582.45
301.02;282.24;-18.78;583.25
300.14;283.44;-16.70;583.57
299.45;282.89;-16.56;582.34
299.46;281.90;-17.56;581.36
301.16;283.86;-17.30;585.02
299.28;282.16;-17.11;581.44
302.32;282.66;-19.65;584.98
300.72;283.34;-17.38;584.06
299.97;283.18;-16.79;583.15
300.86;279.94;-20.92;580.81
302.69;283.12;-19.57;585.82
299.61;283.86;-15.75;583.47
300.50;282.74;-17.76;583.24
301.20;281.34;-19.86;582.54
300.77;283.78;-16.99;584.55
300.26;283.11;-17.15;583.36
299.90;282.89;-17.01;582.79
298.72;282.20;-16.52;580.92
299.90;286.10;-13.80;586.00
299.39;282.69;-16.70;582.09
300.30;283.79;-16.51;584.09
299.40;283.94;-15.46;583.34
300.50;284.74;-15.76;585.24
300.11;283.32;-16.79;583.42
300.71;284.06;-16.65;584.78
301.92;284.66;-17.26;586.58
299.74;284.65;-15.09;584.39
298.99;283.29;-15.70;582.29
300.75;283.33;-17.42;584.08
299.61;285.65;-13.96;585.26
299.56;283.72;-15.84;583.28
301.52;282.72;-18.81;584.24
299.19;286.79;-12.41;585.98
299.85;283.22;-16.63;583.08
301.04;284.07;-16.96;585.11
300.02;284.53;-15.49;584.55
299.75;283.95;-15.80;583.69
300.57;283.08;-17.49;583.65
299.54;282.96;-16.58;582.50
300.30;285.56;-14.74;585.86
298.58;283.41;-15.16;581.99
299.16;282.32;-16.84;581.48
301.94;283.59;-18.35;585.54
299.78;282.74;-17.04;582.52
300.67;284.16;-16.51;584.84
301.72;283.16;-18.56;584.89
300.88;282.69;-18.19;583.56
300.73;283.13;-17.60;583.86
299.78;284.16;-15.62;583.95
299.60;282.36;-17.24;581.96
298.50;283.76;-14.74;582.26
299.62;282.68;-16.94;582.31
300.60;281.63;-18.97;582.23
300.19;283.67;-16.52;583.86
301.08;283.68;-17.41;584.76
300.11;282.01;-18.11;582.12
299.81;282.86;-16.95;582.66
300.69;283.12;-17.57;583.82
301.65;283.30;-18.35;584.95
300.65;285.26;-15.38;585.91
300.46;283.27;-17.19;583.74
300.38;284.57;-15.81;584.95
300.16;283.34;-16.82;583.50
301.00;284.27;-16.73;585.27
299.82;280.50;-19.32;580.32
301.99;281.55;-20.44;583.54
300.65;282.58;-18.08;583.23
300.11;283.41;-16.70;583.52
301.15;282.46;-18.69;583.61
301.37;282.01;-19.36;583.38
299.97;284.21;-15.76;584.18
300.66;282.39;-18.27;583.06
300.53;282.81;-17.72;583.34
299.49;282.14;-17.36;581.63
300.35;283.90;-16.45;584.25
301.19;283.98;-17.21;585.18
299.12;281.83;-17.29;580.95
301.15;285.82;-15.33;586.98
300.72;282.44;-18.28;583.15
301.59;283.11;-18.48;584.70
299.20;282.67;-16.53;581.87
299.30;279.83;-19.47;579.13
299.95;284.15;-15.81;584.10
300.76;278.82;-21.94;579.58
300.95;284.66;-16.28;585.61
300.59;281.00;-19.59;581.59
299.68;281.84;-17.85;581.52
300.61;282.60;-18.01;583.21
301.54;282.80;-18.74;584.34
299.53;284.16;-15.37;583.69
300.08;283.54;-16.54;583.62
301.06;282.96;-18.10;584.02
299.52;283.24;-16.28;582.76
300.56;284.64;-15.93;585.20
300.64;280.67;-19.97;581.31
300.36;281.86;-18.50;582.22
299.49;283.96;-15.53;583.45
299.99;285.51;-14.48;585.49
301.37;284.50;-16.87;585.87
300.46;283.85;-16.62;584.31
300.81;284.59;-16.21;585.40
300.79;282.99;-17.79;583.78
300.20;283.58;-16.62;583.78
301.15;283.78;-17.38;584.93
300.19;284.47;-15.72;584.66
301.00;283.09;-17.91;584.09
301.98;285.31;-16.66;587.29
301.60;281.42;-20.18;583.02
300.69;283.76;-16.93;584.46
300.32;281.98;-18.35;582.30
301.21;282.52;-18.69;583.73
300.35;283.41;-16.94;583.76
301.22;283.18;-18.04;584.41
300.78;282.11;-18.67;582.89
300.75;285.00;-15.75;585.75
300.82;283.96;-16.86;584.78
300.39;280.45;-19.94;580.84
301.31;280.84;-20.47;582.14
300.51;282.19;-18.32;582.69
301.11;282.84;-18.26;583.95
301.06;283.57;-17.49;584.63
301.85;284.34;-17.51;586.19
300.72;282.05;-18.67;582.78
300.62;281.66;-18.96;582.28
300.45;282.70;-17.75;583.15
300.11;283.31;-16.80;583.42
300.02;282.26;-17.75;582.28
300.58;283.84;-16.74;584.42
301.31;281.36;-19.95;582.67
300.58;282.19;-18.39;582.77
300.06;282.45;-17.62;582.51
300.85;283.01;-17.84;583.85
301.71;283.07;-18.64;584.78
299.61;281.51;-18.11;581.12
300.19;283.48;-16.72;583.67
301.12;283.92;-17.20;585.05
298.87;280.99;-17.88;579.86
299.75;282.75;-17.00;582.49
300.42;282.84;-17.58;583.26
300.31;283.52;-16.78;583.83
300.05;284.53;-15.52;584.58
299.62;283.97;-15.65;583.59
300.60;283.76;-16.84;584.36
301.68;281.55;-20.13;583.24
300.74;283.96;-16.78;584.70
301.42;283.14;-18.28;584.56
300.03;283.52;-16.51;583.55
298.72;284.63;-14.09;583.35
300.94;283.91;-17.02;584.85
300.35;282.73;-17.62;583.08
299.24;281.54;-17.71;580.78
298.99;282.05;-16.95;581.04
301.09;285.31;-15.78;586.39
300.77;283.22;-17.55;583.99
299.72;284.15;-15.58;583.87
299.47;281.61;-17.86;581.08
300.22;281.46;-18.76;581.68
301.35;283.62;-17.72;584.97
300.08;281.75;-18.32;581.83
299.82;280.99;-18.84;580.81
299.46;283.35;-16.12;582.81
299.66;279.39;-20.26;579.05
300.35;283.40;-16.95;583.75
299.92;282.45;-17.46;582.37
300.63;282.32;-18.31;582.95
298.82;284.61;-14.22;583.43
300.72;285.08;-15.64;585.79
300.32;283.21;-17.11;583.54
299.34;282.78;-16.56;582.12
300.35;283.63;-16.72;583.98
299.94;284.25;-15.69;584.19
300.64;282.39;-18.25;583.04
299.71;280.04;-19.66;579.75
300.82;281.95;-18.87;582.78
300.58;280.18;-20.40;580.76
299.56;282.54;-17.02;582.09
301.24;282.24;-19.00;583.47
299.98;281.24;-18.74;581.22
300.88;282.18;-18.70;583.06
299.76;284.95;-14.81;584.72
301.51;282.45;-19.06;583.96
300.19;282.75;-17.44;582.94
298.99;284.35;-14.64;583.34
300.20;281.91;-18.29;582.11
299.85;284.26;-15.58;584.11
300.54;282.09;-18.45;582.64
301.36;283.99;-17.38;585.35
300.26;282.59;-17.68;582.85
300.39;282.55;-17.84;582.94
300.05;281.21;-18.84;581.26
299.93;283.39;-16.54;583.32
299.66;282.92;-16.74;582.58
300.68;281.85;-18.83;582.52
301.46;284.09;-17.38;585.55
300.50;280.55;-19.95;581.05
301.58;283.73;-17.85;585.31
300.99;284.35;-16.64;585.34
300.07;283.14;-16.93;583.21
299.82;282.65;-17.16;582.47
300.55;283.39;-17.16;583.94
300.60;282.76;-17.84;583.36
300.36;283.66;-16.70;584.03
300.08;282.55;-17.53;582.62
300.17;280.78;-19.39;580.95
301.11;283.52;-17.58;584.63
299.68;284.32;-15.36;584.01
300.56;283.82;-16.74;584.39
299.56;282.89;-16.67;582.45
300.25;282.23;-18.02;582.48
299.06;282.91;-16.15;581.97
300.71;280.73;-19.98;581.44
301.61;281.82;-19.79;583.44
299.66;284.03;-15.64;583.69
300.39;283.56;-16.84;583.95
301.36;282.56;-18.80;583.92
300.24;282.22;-18.02;582.46
300.94;286.06;-14.87;587.00
300.76;286.42;-14.34;587.18
299.70;281.38;-18.32;581.08
300.21;283.82;-16.38;584.03
300.01;282.89;-17.11;582.90
300.76;283.96;-16.80;584.72
298.64;282.94;-15.71;581.58
299.34;285.18;-14.16;584.52
300.44;284.99;-15.45;585.43
298.15;283.71;-14.45;581.86
300.12;283.41;-16.71;583.54
300.08;284.43;-15.65;584.51
299.02;283.08;-15.94;582.11
299.68;284.19;-15.49;583.87
299.51;282.15;-17.36;581.66
302.06;283.95;-18.11;586.02
299.22;285.92;-13.29;585.14
300.39;282.10;-18.29;582.49
300.38;283.11;-17.28;583.49
299.32;284.17;-15.15;583.49
299.37;283.08;-16.29;582.45
300.91;282.91;-18.01;583.82
300.46;284.96;-15.50;585.42
301.28;284.61;-16.66;585.89
300.29;284.89;-15.39;585.18
302.33;282.65;-19.68;584.98
302.16;283.78;-18.39;585.94
299.66;284.21;-15.45;583.88
300.71;282.24;-18.47;582.94
301.63;281.48;-20.15;583.11
299.21;282.17;-17.04;581.38
300.22;283.49;-16.74;583.71
299.63;282.86;-16.77;582.49
300.43;283.38;-17.05;583.81
299.54;284.64;-14.91;584.18
300.30;283.48;-16.82;583.78
301.15;283.31;-17.84;584.46
300.79;281.80;-18.99;582.59
299.70;279.95;-19.75;579.65
299.46;282.52;-16.94;581.99
300.45;283.15;-17.31;583.60
299.21;284.20;-15.01;583.41
300.29;281.18;-19.11;581.47
299.85;281.98;-17.86;581.83
300.69;283.63;-17.06;584.32
301.22;281.51;-19.71;582.73
300.53;282.66;-17.87;583.19
300.14;283.06;-17.08;583.19
300.99;283.93;-17.06;584.92
300.09;283.34;-16.75;583.42
299.79;282.67;-17.12;582.46
300.39;283.97;-16.42;584.36
299.78;284.14;-15.64;583.92
299.54;283.88;-15.66;583.42
300.19;283.32;-16.87;583.52
301.17;284.38;-16.79;585.55
299.16;282.21;-16.95;581.36
299.87;283.59;-16.28;583.46
299.42;282.48;-16.94;581.89
298.98;283.62;-15.36;582.59
299.58;284.12;-15.46;583.70
300.65;283.82;-16.82;584.47
300.59;281.49;-19.10;582.08
299.48;281.57;-17.91;581.05
298.50;281.84;-16.66;580.34
299.56;284.51;-15.05;584.07
302.27;283.42;-18.85;585.69
300.11;285.75;-14.35;585.86
300.88;283.51;-17.37;584.39
298.71;284.88;-13.82;583.59
299.68;284.18;-15.49;583.86
300.52;283.59;-16.93;584.12
301.39;281.06;-20.34;582.45
300.52;285.03;-15.49;585.55
300.22;284.62;-15.59;584.84
299.27;281.26;-18.01;580.53
298.75;283.36;-15.39;582.11
299.61;283.05;-16.55;582.66
300.64;283.21;-17.43;583.84
299.58;281.43;-18.15;581.01
299.54;281.90;-17.64;581.44
301.13;283.31;-17.82;584.44
302.46;283.73;-18.73;586.19
300.26;282.18;-18.08;582.45
301.13;284.75;-16.38;585.88
300.84;286.46;-14.38;587.29
299.74;282.79;-16.95;582.54
300.65;285.39;-15.25;586.04
300.15;283.82;-16.33;583.96
301.24;284.24;-17.00;585.48
300.20;284.63;-15.57;584.83
300.10;284.33;-15.77;584.43
300.84;283.85;-16.98;584.69
300.81;284.38;-16.44;585.19
299.66;282.74;-16.92;582.41
300.66;283.97;-16.69;584.63
300.64;283.21;-17.43;583.85
299.38;282.05;-17.34;581.43
300.35;283.48;-16.87;583.84
301.42;282.56;-18.86;583.99
300.45;282.34;-18.11;582.79
300.11;283.25;-16.86;583.36
300.98;282.59;-18.38;583.57
299.82;284.36;-15.46;584.19
300.73;282.38;-18.35;583.11
300.52;283.58;-16.95;584.10
301.22;281.35;-19.87;582.58
302.48;283.28;-19.21;585.76
301.12;282.91;-18.21;584.03
300.84;283.91;-16.94;584.75
299.91;284.45;-15.46;584.36
300.57;283.77;-16.80;584.34
301.24;281.68;-19.56;582.92
301.13;282.18;-18.95;583.31
298.82;283.12;-15.70;581.95
299.71;282.80;-16.91;582.51
298.70;282.66;-16.04;581.36
300.41;282.63;-17.78;583.04
300.46;285.21;-15.25;585.67
299.92;284.45;-15.48;584.37
300.83;283.02;-17.81;583.85
300.16;283.21;-16.95;583.38
299.83;283.15;-16.68;582.98
300.66;283.91;-16.75;584.57
301.65;283.05;-18.60;584.71
299.57;282.74;-16.83;582.31
300.64;283.48;-17.15;584.12
299.75;281.30;-18.45;581.05
299.31;280.72;-18.59;580.03
300.05;282.52;-17.53;582.56
299.69;282.17;-17.52;581.86
301.89;283.27;-18.62;585.16
300.91;284.53;-16.38;585.44
301.95;283.84;-18.11;585.79
301.65;284.08;-17.57;585.72
299.52;282.33;-17.19;581.85
300.50;283.64;-16.86;584.14
300.31;284.52;-15.79;584.82
300.43;282.37;-18.06;582.80
300.10;282.56;-17.54;582.66
301.12;280.82;-20.30;581.94
300.85;279.98;-20.86;580.83
301.97;284.25;-17.72;586.22
300.69;283.95;-16.75;584.64
299.88;283.09;-16.79;582.97
300.72;285.22;-15.50;585.95
300.52;283.08;-17.44;583.59
300.52;282.74;-17.79;583.26
299.32;285.57;-13.75;584.89
302.01;281.60;-20.41;583.61
299.94;284.18;-15.76;584.11
300.07;283.23;-16.84;583.30
300.69;283.07;-17.62;583.76
299.22;282.72;-16.51;581.94
299.59;279.61;-19.98;579.19
300.28;281.43;-18.85;581.71
301.13;284.37;-16.76;585.50
300.70;283.94;-16.76;584.64
299.97;283.44;-16.54;583.41
299.59;284.01;-15.59;583.60
298.58;284.10;-14.48;582.68
299.58;283.78;-15.80;583.35
300.34;281.07;-19.27;581.41
301.16;285.76;-15.41;586.92
299.22;282.12;-17.10;581.34
299.87;281.87;-18.00;581.74
300.91;282.88;-18.04;583.79
300.09;283.08;-17.01;583.16
300.33;281.42;-18.91;581.75
299.28;281.96;-17.32;581.24
300.07;283.24;-16.84;583.31
299.32;283.46;-15.86;582.79
300.25;281.88;-18.38;582.13
301.01;284.49;-16.52;585.49
298.81;282.95;-15.85;581.76
300.59;284.62;-15.96;585.21
300.41;283.76;-16.65;584.18
300.09;285.82;-14.27;585.91
300.94;284.70;-16.24;585.64
299.94;284.34;-15.59;584.28
299.68;285.22;-14.46;584.89
300.52;283.06;-17.46;583.58
301.12;284.42;-16.69;585.54
300.18;285.04;-15.14;585.22
299.84;280.87;-18.96;580.71
298.78;282.19;-16.58;580.97
299.64;284.88;-14.76;584.52
302.41;283.75;-18.65;586.16
300.27;282.55;-17.72;582.82
300.84;282.31;-18.53;583.14
299.78;281.85;-17.94;581.63
298.31;282.65;-15.66;580.95
300.20;282.80;-17.40;583.00
299.47;283.06;-16.41;582.53
299.06;281.70;-17.36;580.76
299.81;282.90;-16.91;582.71
300.72;283.19;-17.53;583.91
299.41;284.02;-15.39;583.43
299.48;282.26;-17.22;581.74
298.41;285.09;-13.32;583.51
301.08;281.21;-19.87;582.29
298.88;284.18;-14.71;583.06
299.52;284.33;-15.19;583.85
299.62;286.19;-13.42;585.81
299.33;282.38;-16.95;581.71
302.08;282.17;-19.91;584.25
299.95;282.24;-17.71;582.18
299.69;285.68;-14.01;585.36
299.97;282.82;-17.15;582.79
299.29;285.24;-14.05;584.54
300.08;284.94;-15.15;585.02
300.84;282.63;-18.21;583.46
302.02;281.28;-20.74;583.31
299.92;283.12;-16.81;583.04
299.65;283.26;-16.39;582.92
298.43;282.71;-15.72;581.14
299.34;280.46;-18.88;579.81
300.04;283.29;-16.75;583.32
300.65;284.02;-16.63;584.66
299.99;284.84;-15.15;584.84
300.79;285.88;-14.91;586.68
298.63;283.55;-15.08;582.18
299.52;282.46;-17.05;581.98
300.31;283.65;-16.66;583.96
300.03;283.09;-16.94;583.12
301.38;283.40;-17.98;584.78
300.11;284.33;-15.78;584.44
299.76;282.78;-16.99;582.54
299.43;285.06;-14.36;584.49
299.26;284.61;-14.65;583.87
299.21;285.33;-13.88;584.54
299.96;281.17;-18.79;581.14
299.02;283.26;-15.76;582.28
300.71;282.86;-17.85;583.57
299.63;284.09;-15.54;583.72
299.36;279.59;-19.76;578.95
300.07;283.49;-16.58;583.56
301.11;279.96;-21.15;581.07
299.82;284.51;-15.32;584.33
300.61;283.24;-17.37;583.85
299.85;283.46;-16.38;583.31
299.34;282.36;-16.97;581.70
300.10;282.87;-17.23;582.97
301.10;283.61;-17.49;584.71
300.88;284.37;-16.51;585.25
300.89;284.08;-16.81;584.97
300.43;284.04;-16.39;584.47
302.96;286.06;-16.90;589.02
299.42;282.19;-17.23;581.61
300.18;281.67;-18.51;581.85
301.01;284.15;-16.85;585.16
300.08;283.31;-16.76;583.39
299.78;281.92;-17.86;581.71
299.69;283.85;-15.84;583.54
299.68;284.14;-15.54;583.82
299.29;284.14;-15.16;583.43
300.18;283.71;-16.47;583.89
299.52;282.31;-17.21;581.84
299.04;283.75;-15.28;582.79
299.98;283.01;-16.96;582.99
300.57;279.95;-20.62;580.52
300.02;280.94;-19.08;580.95
300.64;282.07;-18.57;582.71
302.79;282.78;-20.01;585.58
299.48;281.61;-17.87;581.08
301.30;281.69;-19.61;582.99
300.05;284.54;-15.52;584.59
301.32;282.31;-19.01;583.62
299.95;281.81;-18.14;581.76
299.58;282.25;-17.34;581.83
300.61;283.86;-16.75;584.48
298.53;284.16;-14.37;582.69
299.40;283.86;-15.54;583.26
298.26;283.30;-14.96;581.56
299.09;285.74;-13.35;584.82
300.71;282.07;-18.64;582.78
299.52;283.93;-15.59;583.45
300.50;283.68;-16.82;584.18
301.42;283.08;-18.35;584.50
300.31;283.66;-16.64;583.97
300.08;282.59;-17.49;582.68
300.48;280.70;-19.78;581.18
300.04;283.16;-16.88;583.21
300.85;283.96;-16.89;584.82
300.41;283.84;-16.57;584.25
299.79;281.14;-18.65;580.93
300.28;281.59;-18.69;581.87
300.26;283.31;-16.95;583.56
300.82;281.16;-19.66;581.99
300.93;283.16;-17.77;584.09
300.02;282.85;-17.16;582.87
300.64;281.97;-18.67;582.61
298.59;282.71;-15.88;581.31
300.60;283.87;-16.73;584.47
300.29;283.77;-16.52;584.06
300.05;283.67;-16.38;583.72
298.94;283.31;-15.64;582.25
299.81;284.43;-15.38;584.24
300.55;283.63;-16.92;584.18
301.48;281.95;-19.53;583.42
300.41;283.93;-16.48;584.34
301.23;285.86;-15.37;587.09
302.29;283.39;-18.89;585.68
302.07;283.09;-18.98;585.16
299.55;282.83;-16.72;582.38
300.45;283.82;-16.63;584.28
300.39;283.92;-16.47;584.31
302.31;282.11;-20.20;584.41
300.18;282.78;-17.41;582.96
301.04;283.54;-17.51;584.58
299.95;281.99;-17.96;581.95
299.72;282.94;-16.78;582.66
300.58;281.85;-18.73;582.42
299.81;284.42;-15.38;584.23
302.44;282.64;-19.79;585.08
300.16;282.37;-17.79;582.54
299.08;283.56;-15.52;582.64
301.08;283.57;-17.51;584.65
301.01;282.85;-18.16;583.86
301.79;280.95;-20.84;582.74
300.48;282.70;-17.78;583.18
299.88;285.31;-14.58;585.19
300.16;284.49;-15.66;584.65
300.04;282.33;-17.71;582.36
300.00;283.19;-16.81;583.19
299.76;282.08;-17.69;581.84
300.47;283.44;-17.03;583.91
299.45;283.04;-16.41;582.49
300.50;282.43;-18.07;582.93
299.97;282.28;-17.69;582.25
300.94;283.52;-17.41;584.46
302.08;283.64;-18.44;585.72
299.74;285.36;-14.38;585.10
300.59;280.69;-19.90;581.28
300.70;282.82;-17.88;583.52
299.45;283.85;-15.60;583.29
300.31;284.96;-15.35;585.28
301.31;283.65;-17.65;584.96
299.85;283.79;-16.06;583.64
299.96;283.33;-16.64;583.29
300.68;280.06;-20.62;580.74
299.89;281.85;-18.05;581.74
300.86;283.20;-17.66;584.06
299.51;281.99;-17.51;581.50
299.76;281.71;-18.05;581.48
302.44;282.32;-20.12;584.75
300.27;283.31;-16.96;583.58
299.14;282.07;-17.06;581.21
301.79;283.40;-18.39;585.19
300.95;283.84;-17.11;584.78
300.34;283.65;-16.68;583.99
300.23;281.55;-18.68;581.78
302.29;284.81;-17.48;587.09
299.91;284.49;-15.42;584.40
301.11;282.18;-18.94;583.29
300.69;284.25;-16.45;584.94
299.79;282.71;-17.08;582.49
300.41;283.88;-16.53;584.28
302.64;282.68;-19.96;585.32
301.89;283.85;-18.04;585.75
299.98;283.28;-16.70;583.26
302.27;283.33;-18.94;585.60
299.65;283.92;-15.73;583.58
300.64;283.93;-16.71;584.56
298.38;283.36;-15.02;581.74
301.34;283.71;-17.63;585.05
299.11;284.49;-14.61;583.60
299.85;284.58;-15.27;584.42
300.74;283.80;-16.94;584.54
299.69;281.74;-17.95;581.42
299.56;282.68;-16.88;582.24
300.12;283.65;-16.46;583.77
301.39;284.22;-17.17;585.62
299.89;283.49;-16.41;583.38
300.74;283.92;-16.82;584.66
300.05;282.74;-17.31;582.79
299.72;283.70;-16.02;583.42
299.21;284.55;-14.65;583.76
299.92;282.88;-17.04;582.81
300.75;283.51;-17.24;584.26
299.68;281.63;-18.05;581.31
300.63;283.73;-16.90;584.36
300.28;282.76;-17.51;583.04
299.24;283.65;-15.58;582.89
300.36;283.35;-17.01;583.72
299.95;282.01;-17.94;581.95
299.54;283.01;-16.54;582.55
299.75;284.38;-15.37;584.12
299.26;284.91;-14.35;584.18
301.41;281.42;-19.99;582.82
299.08;283.28;-15.81;582.36
299.78;283.05;-16.73;582.82
300.75;283.92;-16.83;584.68
298.72;283.94;-14.78;582.66
301.05;281.54;-19.51;582.59
300.39;283.86;-16.53;584.25
301.29;283.09;-18.20;584.38
300.72;280.95;-19.78;581.67
301.72;284.16;-17.55;585.88
300.85;282.92;-17.94;583.77
300.28;281.88;-18.41;582.16
300.39;282.55;-17.84;582.94
300.31;285.45;-14.86;585.75
302.92;283.30;-19.62;586.22
299.01;281.95;-17.06;580.96
301.54;284.88;-16.65;586.42
301.12;284.30;-16.82;585.42
300.64;283.51;-17.12;584.15
298.68;281.72;-16.96;580.41
299.57;282.64;-16.93;582.21
300.60;283.56;-17.04;584.16
299.29;283.26;-16.03;582.56
300.48;283.85;-16.63;584.34
301.05;283.25;-17.80;584.29
301.12;284.24;-16.88;585.35
299.91;284.24;-15.67;584.14
299.40;283.69;-15.71;583.09
300.35;282.82;-17.53;583.16
299.07;282.45;-16.62;581.52
300.14;285.06;-15.07;585.20
299.84;284.59;-15.25;584.44
300.74;283.24;-17.51;583.98
299.63;284.16;-15.46;583.79
302.14;283.95;-18.19;586.09
299.92;282.75;-17.16;582.67
299.52;282.31;-17.21;581.83
300.15;281.21;-18.95;581.36
299.81;283.02;-16.79;582.84
300.58;281.91;-18.66;582.49
299.79;283.16;-16.62;582.95
300.54;283.68;-16.86;584.22
300.15;283.51;-16.64;583.66
300.90;283.65;-17.25;584.55
301.72;283.56;-18.16;585.29
302.94;284.08;-18.85;587.02
300.44;282.92;-17.51;583.36
300.35;282.82;-17.53;583.18
298.99;282.49;-16.50;581.49
299.59;281.99;-17.61;581.58
300.72;283.56;-17.16;584.29
299.69;283.81;-15.88;583.50
300.44;283.43;-17.01;583.87
301.07;282.88;-18.19;583.95
300.50;283.44;-17.06;583.94
298.46;283.85;-14.62;582.31
300.39;283.61;-16.79;584.00
300.19;282.65;-17.54;582.84
300.94;283.49;-17.45;584.43
301.55;283.41;-18.14;584.95
302.08;284.32;-17.76;586.40
301.74;283.67;-18.07;585.41
299.70;284.44;-15.26;584.14
299.49;281.60;-17.89;581.09
300.09;284.67;-15.42;584.76
299.82;283.96;-15.85;583.78
300.03;281.00;-19.03;581.03
299.48;283.74;-15.74;583.22
298.32;284.76;-13.56;583.09
301.11;283.70;-17.41;584.81
300.94;284.12;-16.82;585.06
300.72;282.61;-18.11;583.32
298.94;285.02;-13.91;583.96
299.58;286.36;-13.22;585.94
300.72;285.05;-15.67;585.78
300.13;283.46;-16.66;583.59
300.71;284.12;-16.59;584.84
299.95;283.12;-16.83;583.06
302.75;283.96;-18.79;586.71
300.63;283.78;-16.85;584.41
301.71;284.00;-17.71;585.71
299.56;282.37;-17.19;581.93
299.46;281.93;-17.54;581.39
301.01;281.13;-19.88;582.14
300.22;281.95;-18.27;582.18
301.12;285.69;-15.44;586.81
298.84;282.27;-16.56;581.11
298.65;281.67;-16.98;580.32
299.28;284.24;-15.04;583.51
300.12;283.49;-16.64;583.61
299.43;283.60;-15.83;583.03
298.96;282.06;-16.90;581.02
299.85;284.39;-15.46;584.24
300.66;283.75;-16.91;584.41
299.43;284.66;-14.77;584.09
300.31;285.36;-14.95;585.68
300.21;284.61;-15.60;584.81
299.24;283.39;-15.84;582.63
300.31;283.45;-16.86;583.76
299.75;284.25;-15.50;583.99
300.47;280.43;-20.04;580.90
300.32;281.61;-18.72;581.93
300.50;283.80;-16.70;584.30
300.12;283.39;-16.73;583.52
301.01;283.25;-17.76;584.26
298.69;281.96;-16.74;580.65
299.72;282.79;-16.94;582.51
300.32;283.31;-17.01;583.62
299.56;283.97;-15.59;583.54
299.17;282.46;-16.71;581.63
299.85;282.89;-16.95;582.74
300.62;284.22;-16.40;584.84
300.52;282.80;-17.72;583.32
301.61;284.04;-17.56;585.65
299.22;283.28;-15.94;582.50
299.39;283.85;-15.54;583.24
298.90;285.16;-13.74;584.06
299.95;284.66;-15.28;584.61
300.79;281.05;-19.74;581.84
300.01;283.32;-16.69;583.34
299.93;282.31;-17.62;582.24
299.45;280.44;-19.02;579.89
298.52;282.76;-15.75;581.28
299.42;282.86;-16.56;582.28
300.08;282.41;-17.68;582.49
301.08;284.77;-16.31;585.85
299.03;285.16;-13.87;584.19
299.71;284.24;-15.46;583.95
298.77;283.10;-15.67;581.87
299.61;284.52;-15.09;584.14
300.56;286.93;-13.64;587.49
301.62;283.45;-18.18;585.07
300.92;282.21;-18.71;583.14
299.89;281.81;-18.08;581.70
299.60;282.65;-16.95;582.25
300.29;283.67;-16.62;583.96
299.36;281.51;-17.85;580.88
299.26;282.25;-17.01;581.51
299.95;284.22;-15.74;584.17
300.85;283.86;-16.99;584.71
301.71;284.26;-17.44;585.97
302.45;285.67;-16.78;588.12
300.31;281.55;-18.76;581.85
299.19;282.55;-16.64;581.74
298.80;283.13;-15.67;581.93
301.18;282.29;-18.89;583.46
300.46;283.49;-16.96;583.95
299.72;283.22;-16.49;582.94
300.54;283.81;-16.73;584.34
300.43;283.69;-16.74;584.12
299.38;283.77;-15.61;583.15
300.64;283.54;-17.11;584.18
300.04;282.52;-17.52;582.56
300.99;284.17;-16.82;585.16
300.08;284.51;-15.56;584.59
299.82;282.98;-16.84;582.80
302.06;283.95;-18.11;586.01
299.67;281.70;-17.97;581.37
300.59;283.86;-16.72;584.45
299.26;283.61;-15.65;582.88
301.39;283.89;-17.50;585.29
300.11;282.26;-17.85;582.38
299.64;282.25;-17.39;581.88
300.61;283.34;-17.28;583.95
299.78;284.22;-15.56;584.01
299.42;285.75;-13.67;585.18
300.10;282.33;-17.77;582.43
300.04;283.48;-16.56;583.52
298.77;281.71;-17.06;580.48
300.79;283.95;-16.84;584.74
298.70;283.36;-15.34;582.06
299.34;283.80;-15.54;583.14
299.01;282.06;-16.95;581.06
301.31;283.08;-18.24;584.39
300.22;283.09;-17.14;583.31
299.69;284.57;-15.12;584.26
300.24;283.54;-16.69;583.78
301.44;284.45;-16.99;585.89
301.20;283.76;-17.44;584.96
300.83;281.78;-19.05;582.61
300.63;283.11;-17.52;583.74
300.58;283.41;-17.16;583.99
299.22;281.13;-18.09;580.35
300.16;283.36;-16.80;583.52
299.85;284.08;-15.77;583.94
300.77;285.04;-15.73;585.81
301.35;283.98;-17.37;585.34
299.38;281.91;-17.48;581.29
300.24;282.47;-17.76;582.71
301.36;285.41;-15.95;586.78
301.91;282.08;-19.82;583.99
299.66;279.48;-20.18;579.15
300.67;283.77;-16.90;584.44
299.54;282.72;-16.81;582.26
300.42;281.80;-18.62;582.22
300.11;284.90;-15.21;585.01
299.12;282.56;-16.55;581.68
300.17;283.22;-16.95;583.39
299.78;282.78;-17.01;582.56
302.71;284.04;-18.68;586.75
301.43;282.78;-18.65;584.21
301.35;283.50;-17.85;584.85
298.43;283.59;-14.84;582.02
299.27;282.17;-17.10;581.44
301.91;283.72;-18.19;585.63
299.77;282.79;-16.98;582.56
299.48;284.12;-15.36;583.59
299.54;283.83;-15.71;583.36
300.39;282.45;-17.95;582.84
300.33;283.64;-16.69;583.97
301.06;283.56;-17.50;584.62
299.04;283.38;-15.66;582.42
299.83;282.52;-17.31;582.35
301.04;281.12;-19.91;582.16
300.19;284.38;-15.81;584.56
299.79;282.91;-16.88;582.71
298.76;283.28;-15.49;582.04
299.70;282.82;-16.88;582.52
299.35;282.59;-16.75;581.94
300.64;282.92;-17.71;583.56
299.33;282.64;-16.69;581.96
300.41;284.72;-15.69;585.12
299.93;285.73;-14.20;585.66
301.08;282.08;-19.01;583.16
300.40;284.83;-15.57;585.23
299.26;282.34;-16.92;581.60
300.27;282.71;-17.56;582.98
302.28;282.06;-20.22;584.34
301.69;283.07;-18.62;584.76
299.51;285.44;-14.07;584.95
300.15;283.79;-16.35;583.94
299.23;284.05;-15.18;583.28
301.01;282.28;-18.74;583.29
300.05;283.14;-16.91;583.18
300.65;280.90;-19.75;581.55
299.82;282.82;-17.00;582.65
300.64;284.95;-15.69;585.58
300.21;283.58;-16.63;583.79
301.28;282.49;-18.79;583.78
300.11;284.51;-15.60;584.61
300.67;284.26;-16.41;584.94
300.69;283.24;-17.46;583.93
301.48;281.72;-19.75;583.20
299.26;283.89;-15.38;583.15
300.14;283.06;-17.08;583.19
299.16;283.42;-15.74;582.58
300.08;283.24;-16.85;583.32
299.37;282.84;-16.53;582.21
299.21;283.50;-15.71;582.71
299.30;282.25;-17.05;581.55
298.90;283.44;-15.46;582.34
299.57;285.34;-14.23;584.91
300.59;282.18;-18.42;582.77
299.58;284.72;-14.86;584.31
299.23;283.72;-15.51;582.95
300.26;283.30;-16.96;583.56
299.76;282.31;-17.46;582.07
298.70;282.10;-16.60;580.80
299.61;283.95;-15.66;583.56
300.52;282.83;-17.69;583.35
300.35;282.64;-17.71;582.99
299.33;282.19;-17.14;581.52
301.24;285.69;-15.55;586.92
299.95;282.24;-17.72;582.19
299.79;281.89;-17.89;581.68
299.79;283.12;-16.66;582.91
302.69;282.01;-20.68;584.69
299.54;284.79;-14.75;584.32
299.17;281.58;-17.59;580.75
300.23;282.62;-17.61;582.85
300.97;282.46;-18.51;583.43
302.45;284.82;-17.63;587.28
299.96;283.35;-16.61;583.32
301.16;282.25;-18.91;583.41
300.25;287.01;-13.24;587.26
299.78;284.02;-15.76;583.81
300.51;283.69;-16.82;584.19
299.57;285.08;-14.49;584.65
300.40;284.04;-16.36;584.44
300.14;283.16;-16.97;583.30
301.04;283.55;-17.49;584.59
298.69;281.81;-16.88;580.49
299.39;284.01;-15.38;583.41
302.52;283.76;-18.76;586.28
301.29;283.74;-17.55;585.02
302.01;281.94;-20.06;583.95
299.96;283.01;-16.95;582.98
300.90;280.88;-20.02;581.78
299.85;281.66;-18.19;581.51
300.66;284.97;-15.69;585.63
300.46;283.29;-17.18;583.75
301.08;284.02;-17.06;585.11
300.29;282.36;-17.93;582.66
301.45;283.35;-18.10;584.81
301.14;280.96;-20.17;582.10
299.72;283.18;-16.54;582.91
299.59;282.22;-17.36;581.81
300.41;282.92;-17.49;583.33
300.38;281.35;-19.03;581.72
300.47;285.53;-14.94;586.00
300.11;283.42;-16.68;583.53
300.45;283.76;-16.69;584.22
299.76;284.82;-14.94;584.58
299.25;280.51;-18.74;579.76
300.19;284.70;-15.49;584.89
299.12;283.40;-15.72;582.52
298.74;284.64;-14.11;583.38
300.94;284.13;-16.81;585.06
300.33;281.96;-18.36;582.29
301.48;281.74;-19.74;583.22
300.48;281.71;-18.77;582.19
301.45;283.25;-18.20;584.71
299.12;283.91;-15.21;583.03
300.24;281.71;-18.52;581.95
299.96;281.00;-18.96;580.96
300.75;283.38;-17.38;584.13
301.56;284.76;-16.80;586.32
299.39;281.79;-17.59;581.18
300.00;284.76;-15.24;584.76
300.95;284.15;-16.81;585.10
301.95;284.49;-17.46;586.45
299.76;284.09;-15.67;583.85
299.54;281.84;-17.69;581.38
300.57;284.81;-15.76;585.38
300.38;284.89;-15.48;585.27
301.25;282.53;-18.72;583.78
299.05;282.22;-16.83;581.26
300.12;281.77;-18.35;581.89
299.34;282.34;-16.99;581.68
300.29;283.02;-17.27;583.32
299.31;282.55;-16.75;581.86
299.28;284.49;-14.79;583.77
300.02;282.35;-17.66;582.37
299.72;283.58;-16.14;583.29
299.78;285.87;-13.91;585.65
302.12;283.51;-18.61;585.64
300.06;284.55;-15.52;584.61
299.24;282.45;-16.79;581.68
300.76;278.58;-22.18;579.34
301.86;279.34;-22.52;581.19
300.18;283.18;-17.00;583.36
300.08;281.17;-18.91;581.25
299.11;283.82;-15.28;582.93
299.74;284.33;-15.41;584.07
302.32;280.73;-21.59;583.05
301.42;282.96;-18.46;584.38
300.75;283.64;-17.12;584.39
301.23;283.24;-17.99;584.46
300.94;284.15;-16.79;585.08
299.82;283.28;-16.55;583.10
299.58;285.25;-14.33;584.84
300.31;283.55;-16.76;583.86
300.55;284.75;-15.80;585.31
300.60;283.49;-17.11;584.09
300.08;283.25;-16.83;583.34
300.92;280.95;-19.96;581.87
300.67;285.12;-15.55;585.79
299.57;283.71;-15.86;583.28
301.47;284.61;-16.86;586.08
299.14;284.12;-15.02;583.26
298.92;281.91;-17.01;580.84
300.89;282.91;-17.98;583.80
301.82;282.02;-19.81;583.84
298.22;282.42;-15.80;580.65
302.02;285.39;-16.64;587.41
300.06;284.90;-15.16;584.96
300.45;283.66;-16.79;584.12
298.49;282.66;-15.83;581.15
299.23;283.61;-15.62;582.84
300.19;282.76;-17.43;582.95
300.81;282.32;-18.49;583.12
299.96;281.98;-17.98;581.94
299.75;284.59;-15.16;584.34
301.01;284.09;-16.92;585.09
299.61;282.75;-16.85;582.36
300.59;284.18;-16.41;584.78
299.24;283.71;-15.54;582.95
300.95;282.31;-18.64;583.26
300.05;285.28;-14.78;585.33
299.65;282.97;-16.68;582.62
300.98;283.15;-17.82;584.13
300.44;282.68;-17.76;583.12
300.68;282.43;-18.25;583.11
300.31;284.47;-15.84;584.78
300.07;284.24;-15.83;584.31
300.01;282.24;-17.77;582.24
299.62;283.12;-16.50;582.75
300.55;283.03;-17.52;583.58
299.54;284.40;-15.14;583.94
300.44;283.81;-16.62;584.25
299.85;284.52;-15.34;584.37
299.93;284.16;-15.76;584.09
300.68;283.44;-17.24;584.12
302.62;282.95;-19.66;585.57
300.42;282.85;-17.58;583.27
299.52;284.33;-15.19;583.85
299.47;281.66;-17.81;581.14
300.16;281.69;-18.48;581.85
299.22;282.44;-16.78;581.65
301.86;283.18;-18.68;585.05
300.99;282.78;-18.21;583.78
300.62;283.82;-16.80;584.44
300.46;282.83;-17.63;583.29
302.74;283.92;-18.81;586.66
299.91;281.46;-18.45;581.36
299.22;281.14;-18.08;580.36
300.25;284.58;-15.68;584.83
299.78;281.39;-18.38;581.17
299.67;283.91;-15.76;583.58
300.81;281.66;-19.14;582.47
300.70;284.34;-16.36;585.04
298.91;281.71;-17.19;580.62
301.52;281.71;-19.81;583.24
299.22;282.14;-17.08;581.35
301.06;283.24;-17.82;584.30
302.20;282.45;-19.75;584.65
302.01;283.41;-18.60;585.42
299.84;282.75;-17.08;582.59
300.52;283.71;-16.81;584.23
299.52;282.71;-16.81;582.24
300.22;282.28;-17.94;582.50
301.03;285.46;-15.57;586.49
300.61;283.88;-16.73;584.48
301.18;284.56;-16.61;585.74
300.50;282.61;-17.89;583.11
300.03;284.38;-15.65;584.41
300.95;284.21;-16.74;585.16
302.95;282.89;-20.06;585.85
300.59;281.99;-18.60;582.58
300.12;283.13;-16.99;583.25
301.39;284.59;-16.80;585.99
300.31;282.48;-17.84;582.79
301.23;283.26;-17.96;584.49
298.91;284.34;-14.57;583.25
300.32;283.46;-16.86;583.79
301.06;284.11;-16.95;585.16
300.39;283.05;-17.34;583.44
300.34;284.22;-16.12;584.55
302.29;282.30;-19.99;584.59
301.08;284.34;-16.75;585.42
301.19;283.65;-17.54;584.84
300.08;283.17;-16.91;583.25
301.11;283.89;-17.21;585.00
300.11;283.56;-16.55;583.66
302.69;281.36;-21.32;584.05
300.21;283.34;-16.86;583.55
299.92;284.26;-15.66;584.18
300.57;282.25;-18.32;582.82
300.25;284.88;-15.37;585.14
300.41;282.36;-18.04;582.77
300.24;281.01;-19.23;581.25
301.10;283.39;-17.71;584.49
301.54;283.15;-18.39;584.68
301.06;284.19;-16.87;585.25
300.45;283.07;-17.38;583.52
301.29;284.11;-17.18;585.41
300.36;280.58;-19.78;580.94
300.25;282.58;-17.67;582.84
302.22;283.16;-19.05;585.38
299.69;283.09;-16.59;582.78
300.72;282.71;-18.01;583.42
301.42;284.58;-16.84;586.01
299.15;281.22;-17.94;580.37
298.85;285.07;-13.78;583.92
299.68;282.78;-16.89;582.46
300.36;282.88;-17.48;583.24
301.49;283.42;-18.08;584.91
300.18;284.86;-15.32;585.04
301.03;284.15;-16.88;585.18
300.29;283.59;-16.70;583.89
300.99;282.40;-18.59;583.39
299.78;281.45;-18.33;581.24
299.28;282.51;-16.77;581.79
301.53;283.31;-18.22;584.84
299.81;281.79;-18.02;581.59
300.34;282.63;-17.71;582.96
301.92;284.49;-17.44;586.41
300.63;282.17;-18.46;582.80
301.44;283.06;-18.37;584.50
300.79;283.51;-17.28;584.29
299.81;282.89;-16.92;582.69
301.13;281.79;-19.34;582.92
299.61;284.37;-15.24;583.98
300.24;279.50;-20.74;579.74
299.34;283.62;-15.72;582.96
298.86;283.22;-15.65;582.08
301.03;286.26;-14.77;587.29
299.54;281.67;-17.87;581.21
