321.10;305.60;-15.50;626.70
322.02;306.31;-15.71;628.34
320.94;305.65;-15.29;626.59
322.06;306.36;-15.69;628.42
322.40;305.71;-16.69;628.11
321.58;304.69;-16.88;626.27
322.02;306.02;-16.00;628.05
321.30;305.43;-15.87;626.73
322.76;306.01;-16.75;628.77
320.46;306.12;-14.34;626.59
321.60;305.77;-15.83;627.37
322.42;305.29;-17.13;627.72
321.32;305.56;-15.76;626.88
321.67;304.91;-16.76;626.58
321.26;305.14;-16.12;626.41
322.29;305.65;-16.64;627.95
321.29;305.96;-15.32;627.25
321.19;306.12;-15.07;627.32
322.25;305.58;-16.68;627.83
322.68;305.33;-17.35;628.01
322.36;305.86;-16.50;628.22
321.71;304.94;-16.77;626.65
322.15;306.41;-15.75;628.56
320.82;305.68;-15.14;626.50
321.34;305.79;-15.55;627.12
321.85;306.24;-15.61;628.09
321.98;306.21;-15.76;628.19
322.11;306.60;-15.51;628.71
321.46;305.43;-16.03;626.89
321.79;305.64;-16.16;627.43
320.42;305.89;-14.54;626.31
320.71;306.06;-14.65;626.78
322.29;305.38;-16.91;627.67
321.45;305.71;-15.75;627.16
321.71;306.12;-15.59;627.84
322.02;306.45;-15.56;628.47
320.65;305.61;-15.04;626.25
321.32;306.18;-15.15;627.50
322.37;305.53;-16.84;627.90
321.65;304.86;-16.79;626.51
322.45;306.18;-16.27;628.64
321.03;306.42;-14.61;627.45
321.09;305.56;-15.52;626.65
321.44;306.04;-15.41;627.48
321.38;306.00;-15.38;627.38
321.79;306.42;-15.37;628.22
321.88;305.71;-16.16;627.59
321.95;305.98;-15.97;627.92
321.56;305.69;-15.88;627.25
321.79;306.09;-15.71;627.88
320.98;305.02;-15.95;626.00
321.31;306.35;-14.95;627.66
321.69;305.79;-15.90;627.48
321.62;305.98;-15.65;627.60
321.62;306.27;-15.35;627.89
321.65;305.67;-15.98;627.32
321.90;305.26;-16.64;627.16
322.38;305.58;-16.80;627.96
321.74;306.00;-15.74;627.74
320.54;305.26;-15.28;625.79
320.91;306.52;-14.39;627.43
321.36;305.87;-15.49;627.24
321.56;306.17;-15.39;627.74
322.05;306.42;-15.62;628.47
321.95;305.84;-16.11;627.79
321.34;305.71;-15.63;627.05
321.24;306.08;-15.16;627.32
321.78;306.17;-15.61;627.95
321.34;306.32;-15.02;627.66
322.39;305.55;-16.85;627.94
320.93;305.97;-14.96;626.90
320.91;306.29;-14.62;627.21
321.45;306.61;-14.84;628.06
321.83;305.12;-16.71;626.95
321.08;307.12;-13.96;628.21
321.44;306.42;-15.02;627.86
321.65;306.05;-15.61;627.70
320.60;306.18;-14.42;626.78
320.82;305.41;-15.41;626.23
321.20;305.65;-15.55;626.85
321.44;305.77;-15.66;627.21
321.58;306.02;-15.56;627.59
322.02;305.09;-16.94;627.11
320.88;305.12;-15.76;626.00
321.22;305.73;-15.49;626.95
320.75;305.88;-14.88;626.63
321.16;306.21;-14.95;627.38
322.41;305.15;-17.26;627.55
321.96;305.72;-16.24;627.68
321.66;306.01;-15.65;627.68
322.14;306.01;-16.13;628.15
321.35;304.89;-16.46;626.24
322.58;305.23;-17.35;627.81
321.34;304.91;-16.42;626.25
322.44;305.83;-16.61;628.27
321.08;304.88;-16.20;625.96
320.88;306.55;-14.33;627.42
321.30;305.74;-15.56;627.04
321.61;305.78;-15.82;627.39
321.50;305.37;-16.13;626.87
321.76;306.64;-15.12;628.39
320.98;305.39;-15.59;626.38
321.72;305.71;-16.02;627.43
321.83;306.18;-15.65;628.01
322.14;306.19;-15.95;628.34
322.68;305.45;-17.22;628.13
321.54;306.08;-15.46;627.62
322.09;304.55;-17.55;626.64
321.65;306.67;-14.98;628.32
321.18;305.27;-15.91;626.45
321.25;305.56;-15.68;626.81
321.75;305.91;-15.85;627.66
321.95;305.18;-16.78;627.13
321.18;305.64;-15.54;626.81
321.36;305.66;-15.70;627.03
321.16;306.27;-14.89;627.43
321.79;305.74;-16.06;627.53
322.15;305.88;-16.27;628.04
322.38;305.89;-16.49;628.27
322.52;305.86;-16.66;628.38
321.92;305.15;-16.77;627.08
321.16;305.53;-15.63;626.69
322.56;306.09;-16.48;628.65
321.34;306.16;-15.18;627.49
322.48;304.94;-17.55;627.42
322.29;305.38;-16.92;627.67
322.61;305.89;-16.72;628.50
323.15;305.22;-17.94;628.37
323.15;305.29;-17.85;628.44
321.89;306.05;-15.84;627.95
321.76;306.14;-15.62;627.89
321.56;304.96;-16.60;626.53
322.15;305.36;-16.79;627.51
321.18;305.52;-15.66;626.71
322.00;304.94;-17.06;626.94
322.18;305.33;-16.85;627.51
321.29;305.56;-15.72;626.85
321.22;305.56;-15.66;626.79
321.92;304.86;-17.05;626.78
321.56;306.27;-15.29;627.84
322.42;304.56;-17.86;626.99
322.19;304.26;-17.92;626.45
321.25;305.75;-15.50;626.99
322.08;304.49;-17.59;626.58
322.07;305.36;-16.71;627.43
320.52;304.48;-16.04;624.99
321.60;306.01;-15.59;627.61
321.85;306.18;-15.68;628.03
320.61;306.13;-14.48;626.74
321.81;305.15;-16.66;626.95
322.01;306.06;-15.95;628.06
322.39;305.76;-16.62;628.15
321.97;306.05;-15.92;628.02
320.84;305.58;-15.26;626.42
322.58;305.78;-16.81;628.36
321.64;306.05;-15.58;627.69
321.59;306.12;-15.47;627.71
321.72;305.62;-16.10;627.35
321.86;305.16;-16.70;627.03
321.05;305.45;-15.60;626.49
321.51;304.93;-16.58;626.44
320.65;306.24;-14.41;626.89
321.22;305.68;-15.54;626.90
321.46;305.74;-15.72;627.21
321.69;306.22;-15.48;627.91
322.30;306.65;-15.65;628.95
322.15;305.58;-16.57;627.72
321.08;305.79;-15.29;626.86
321.64;306.00;-15.64;627.64
321.08;306.14;-14.94;627.22
321.03;306.21;-14.82;627.24
321.31;305.84;-15.48;627.15
321.92;306.01;-15.91;627.93
321.50;306.31;-15.19;627.81
321.02;305.72;-15.31;626.74
322.25;305.98;-16.27;628.24
321.38;306.48;-14.90;627.85
321.91;305.18;-16.74;627.09
322.26;305.42;-16.84;627.68
321.41;305.79;-15.61;627.20
321.38;305.11;-16.27;626.49
322.26;306.51;-15.75;628.77
321.98;304.88;-17.10;626.85
322.28;305.57;-16.71;627.85
322.05;305.71;-16.35;627.76
323.34;305.18;-18.16;628.52
321.29;305.43;-15.86;626.72
323.01;305.91;-17.10;628.92
322.03;305.17;-16.86;627.20
320.69;305.06;-15.63;625.75
322.02;305.30;-16.72;627.32
321.76;305.42;-16.34;627.18
323.07;305.79;-17.28;628.86
321.15;306.02;-15.14;627.17
322.32;305.43;-16.89;627.75
321.44;305.55;-15.89;626.98
321.80;305.15;-16.65;626.95
322.07;305.44;-16.64;627.51
322.18;305.14;-17.05;627.32
322.52;305.50;-17.02;628.02
321.96;304.89;-17.08;626.85
321.97;306.25;-15.72;628.22
322.24;305.36;-16.88;627.59
321.54;304.66;-16.88;626.20
321.66;305.12;-16.54;626.78
322.02;304.96;-17.06;626.99
322.77;305.07;-17.70;627.84
322.84;305.47;-17.36;628.31
322.63;305.81;-16.82;628.44
321.89;306.00;-15.89;627.89
322.48;305.31;-17.18;627.79
321.17;305.51;-15.66;626.68
322.74;305.86;-16.88;628.59
321.95;306.29;-15.65;628.24
322.35;306.47;-15.88;628.82
321.25;305.11;-16.14;626.35
321.54;305.47;-16.07;627.01
322.65;304.82;-17.84;627.47
321.90;305.13;-16.77;627.03
321.39;305.18;-16.21;626.57
322.48;305.52;-16.95;628.00
321.69;304.74;-16.95;626.44
323.38;304.98;-18.39;628.36
321.95;304.55;-17.40;626.49
322.04;304.96;-17.08;626.99
322.13;305.24;-16.89;627.36
322.35;305.38;-16.97;627.74
323.43;304.77;-18.66;628.20
321.85;306.16;-15.69;628.01
321.12;305.17;-15.95;626.29
322.62;305.82;-16.81;628.44
323.22;305.04;-18.18;628.25
322.16;305.35;-16.81;627.51
322.37;306.54;-15.84;628.91
322.58;305.58;-17.01;628.16
321.97;304.71;-17.26;626.68
323.09;305.11;-17.98;628.19
322.32;304.14;-18.18;626.46
323.01;305.78;-17.23;628.79
322.25;305.15;-17.10;627.39
322.29;305.12;-17.17;627.42
321.80;305.06;-16.74;626.86
322.72;305.34;-17.38;628.06
322.58;305.70;-16.88;628.28
323.05;305.11;-17.94;628.16
320.92;305.41;-15.51;626.33
321.18;305.68;-15.50;626.85
321.79;305.62;-16.17;627.41
322.21;305.24;-16.97;627.45
321.78;305.23;-16.55;627.01
322.71;305.29;-17.42;628.00
322.37;305.74;-16.64;628.11
320.37;305.96;-14.41;626.33
321.98;305.27;-16.71;627.25
321.58;305.32;-16.26;626.90
322.59;305.90;-16.69;628.49
321.79;306.07;-15.72;627.86
321.98;306.30;-15.68;628.28
322.11;306.59;-15.51;628.70
322.63;305.47;-17.16;628.10
321.48;305.73;-15.75;627.21
321.78;305.94;-15.85;627.72
322.29;305.17;-17.12;627.46
322.75;305.37;-17.38;628.12
321.82;305.61;-16.21;627.44
321.81;305.16;-16.64;626.97
321.66;305.36;-16.31;627.02
322.29;305.16;-17.13;627.45
322.06;305.58;-16.48;627.64
322.54;305.65;-16.89;628.18
322.04;305.99;-16.04;628.03
321.01;305.31;-15.70;626.32
321.63;305.68;-15.95;627.31
321.31;305.66;-15.65;626.98
321.35;306.38;-14.97;627.74
321.71;303.75;-17.96;625.46
322.68;305.36;-17.32;628.04
322.55;305.79;-16.76;628.35
322.81;304.74;-18.06;627.55
322.05;305.17;-16.88;627.22
322.93;305.58;-17.35;628.51
321.34;305.83;-15.51;627.17
321.95;306.24;-15.71;628.19
320.88;306.61;-14.27;627.49
321.21;305.41;-15.81;626.62
321.20;305.56;-15.64;626.76
323.02;304.94;-18.08;627.96
321.98;305.42;-16.56;627.40
321.54;305.63;-15.91;627.17
321.44;305.86;-15.58;627.30
321.44;305.58;-15.85;627.02
321.75;306.49;-15.25;628.24
321.47;305.21;-16.26;626.68
321.61;305.60;-16.01;627.21
322.19;305.92;-16.27;628.11
322.66;306.35;-16.31;629.01
321.84;305.63;-16.21;627.46
321.32;306.11;-15.21;627.43
321.98;305.11;-16.87;627.09
322.36;305.46;-16.90;627.82
322.06;305.96;-16.11;628.02
321.67;304.62;-17.05;626.29
322.02;305.84;-16.18;627.86
322.12;305.16;-16.96;627.28
322.68;305.45;-17.22;628.13
321.48;305.90;-15.58;627.38
321.76;306.33;-15.43;628.09
322.29;304.94;-17.36;627.23
322.05;306.00;-16.05;628.05
320.44;305.79;-14.65;626.22
321.77;305.85;-15.92;627.62
322.31;305.24;-17.08;627.55
321.12;305.39;-15.72;626.51
321.52;305.97;-15.55;627.49
321.98;306.17;-15.81;628.15
320.77;305.51;-15.26;626.28
322.11;306.79;-15.32;628.90
321.25;305.59;-15.66;626.85
322.72;305.59;-17.12;628.31
322.27;306.14;-16.14;628.41
321.26;305.52;-15.75;626.78
321.47;305.90;-15.57;627.37
321.76;305.75;-16.01;627.52
321.93;305.49;-16.44;627.42
322.14;305.83;-16.31;627.96
322.54;305.27;-17.27;627.81
321.24;305.88;-15.35;627.12
320.29;305.95;-14.35;626.24
322.08;305.05;-17.04;627.13
320.81;305.42;-15.39;626.22
321.02;305.71;-15.32;626.73
320.31;304.94;-15.36;625.25
321.96;306.22;-15.75;628.18
321.70;305.74;-15.96;627.44
321.14;305.99;-15.15;627.14
321.56;306.41;-15.15;627.96
322.71;305.91;-16.79;628.62
321.91;306.15;-15.75;628.06
320.84;306.54;-14.30;627.37
321.31;305.76;-15.54;627.07
322.01;305.99;-16.02;627.99
321.34;306.42;-14.92;627.76
322.02;305.55;-16.46;627.57
322.05;305.12;-16.93;627.16
321.29;306.86;-14.42;628.15
321.27;306.23;-15.04;627.50
321.60;305.83;-15.77;627.43
321.84;306.28;-15.56;628.11
322.39;306.54;-15.85;628.92
321.13;305.63;-15.50;626.76
321.40;306.01;-15.39;627.41
321.72;306.24;-15.49;627.96
321.59;306.26;-15.33;627.86
321.14;305.09;-16.05;626.23
321.05;306.09;-14.96;627.14
321.56;306.23;-15.33;627.79
321.54;306.02;-15.52;627.55
321.12;306.20;-14.92;627.32
320.90;306.46;-14.44;627.36
321.06;305.84;-15.22;626.91
322.15;306.21;-15.95;628.36
321.27;306.54;-14.73;627.81
322.31;306.50;-15.81;628.81
321.91;306.62;-15.29;628.52
322.02;306.08;-15.94;628.10
320.14;305.81;-14.33;625.95
322.12;306.12;-15.99;628.24
320.94;305.32;-15.62;626.26
321.01;306.61;-14.40;627.62
322.46;306.89;-15.57;629.35
321.53;305.61;-15.92;627.14
321.18;306.23;-14.95;627.41
320.49;306.58;-13.91;627.07
320.90;305.83;-15.07;626.73
321.04;305.79;-15.25;626.82
320.25;305.74;-14.51;625.99
320.99;306.11;-14.88;627.09
320.68;306.45;-14.24;627.13
321.05;305.43;-15.62;626.48
321.59;305.92;-15.68;627.51
321.81;306.22;-15.59;628.04
321.62;306.32;-15.31;627.94
322.41;305.69;-16.72;628.09
320.90;305.42;-15.48;626.32
321.40;305.79;-15.61;627.19
322.35;305.08;-17.28;627.43
320.97;306.45;-14.52;627.42
322.92;305.69;-17.23;628.62
321.10;306.01;-15.09;627.11
320.56;306.42;-14.15;626.98
321.52;305.66;-15.85;627.18
320.82;305.84;-14.98;626.65
321.62;306.31;-15.32;627.93
321.70;305.89;-15.81;627.59
321.06;306.38;-14.68;627.44
321.05;306.66;-14.39;627.72
321.24;306.02;-15.22;627.25
321.39;306.21;-15.18;627.60
320.32;306.42;-13.89;626.74
321.98;307.00;-14.98;628.98
322.26;305.31;-16.95;627.58
321.71;306.46;-15.24;628.17
320.60;306.14;-14.46;626.74
322.17;306.45;-15.72;628.62
321.19;305.55;-15.65;626.74
321.09;306.15;-14.94;627.24
322.05;306.65;-15.41;628.70
320.96;305.93;-15.04;626.89
321.51;305.85;-15.65;627.36
320.95;306.14;-14.82;627.09
321.02;305.81;-15.21;626.83
321.45;306.04;-15.41;627.48
321.85;306.06;-15.79;627.92
322.25;306.61;-15.64;628.86
321.92;305.31;-16.61;627.23
323.09;305.91;-17.19;629.00
321.87;306.06;-15.81;627.94
320.75;306.45;-14.31;627.20
321.12;306.72;-14.40;627.85
321.67;306.27;-15.40;627.94
321.41;306.40;-15.01;627.81
322.38;305.45;-16.93;627.84
321.62;305.51;-16.11;627.14
321.84;305.78;-16.06;627.62
321.78;305.94;-15.85;627.72
320.93;306.61;-14.32;627.54
321.36;305.92;-15.44;627.28
321.41;306.15;-15.26;627.56
321.99;306.51;-15.48;628.50
321.00;305.86;-15.14;626.86
322.01;305.38;-16.62;627.39
322.46;305.66;-16.80;628.13
322.18;306.14;-16.04;628.32
322.05;305.42;-16.64;627.47
322.60;305.68;-16.92;628.28
321.54;306.08;-15.46;627.62
322.04;306.31;-15.72;628.35
320.76;305.15;-15.61;625.91
321.24;306.18;-15.05;627.42
321.25;305.89;-15.36;627.14
321.74;305.86;-15.88;627.60
321.94;306.18;-15.75;628.12
320.90;306.42;-14.48;627.32
322.26;305.66;-16.60;627.93
321.20;305.84;-15.36;627.04
322.10;306.31;-15.79;628.41
321.77;306.23;-15.54;628.00
321.15;305.97;-15.18;627.12
322.95;306.22;-16.74;629.17
321.45;305.78;-15.68;627.23
320.65;305.16;-15.49;625.81
322.47;305.36;-17.11;627.83
322.99;305.76;-17.24;628.75
321.68;306.22;-15.46;627.90
321.98;305.70;-16.28;627.68
321.99;306.90;-15.09;628.89
321.06;305.58;-15.48;626.65
321.71;305.04;-16.68;626.75
320.62;306.34;-14.28;626.95
322.47;305.52;-16.95;627.99
321.49;305.93;-15.56;627.42
322.18;306.04;-16.14;628.22
322.00;306.36;-15.64;628.36
321.04;305.26;-15.78;626.31
322.50;305.77;-16.73;628.27
321.42;304.91;-16.51;626.34
321.85;305.15;-16.70;627.01
322.26;306.30;-15.96;628.56
321.24;305.59;-15.64;626.83
321.46;305.88;-15.58;627.34
321.64;305.85;-15.79;627.49
321.80;306.25;-15.55;628.05
321.30;305.21;-16.09;626.51
322.06;305.24;-16.82;627.31
321.71;305.65;-16.06;627.35
321.95;304.96;-16.98;626.91
322.10;305.25;-16.85;627.35
321.04;305.65;-15.39;626.69
321.39;305.96;-15.43;627.35
321.88;306.25;-15.63;628.14
321.84;306.23;-15.61;628.06
322.32;306.48;-15.84;628.81
321.18;306.75;-14.44;627.93
322.17;305.36;-16.81;627.54
321.86;304.70;-17.16;626.56
320.72;306.08;-14.64;626.81
322.23;305.48;-16.75;627.71
321.12;305.72;-15.39;626.84
323.02;305.86;-17.16;628.88
321.44;306.22;-15.22;627.65
321.88;305.74;-16.14;627.62
321.59;305.61;-15.98;627.19
321.92;305.62;-16.30;627.54
322.02;306.24;-15.78;628.25
321.46;305.66;-15.81;627.12
321.59;306.06;-15.54;627.65
323.43;306.26;-17.17;629.69
320.45;305.72;-14.73;626.16
322.07;305.36;-16.71;627.43
321.75;305.72;-16.03;627.46
321.72;305.98;-15.74;627.70
322.22;305.35;-16.87;627.58
321.26;305.64;-15.63;626.90
321.55;306.13;-15.42;627.68
321.58;304.64;-16.94;626.21
322.34;306.32;-16.02;628.66
320.81;305.30;-15.51;626.11
321.66;305.62;-16.04;627.29
321.61;305.87;-15.74;627.48
321.84;306.19;-15.65;628.02
321.26;305.49;-15.76;626.75
321.21;305.68;-15.53;626.89
321.49;305.80;-15.69;627.29
321.88;306.27;-15.61;628.15
321.75;306.46;-15.28;628.21
322.38;306.57;-15.81;628.95
321.98;305.45;-16.52;627.43
321.36;305.64;-15.73;627.00
322.26;305.21;-17.05;627.48
320.73;305.58;-15.15;626.31
322.51;305.62;-16.89;628.13
321.55;306.01;-15.54;627.56
321.47;306.20;-15.27;627.67
321.62;305.75;-15.87;627.38
321.42;305.26;-16.16;626.69
320.50;305.99;-14.51;626.49
321.84;306.11;-15.73;627.94
322.25;305.46;-16.78;627.71
321.74;305.65;-16.09;627.38
321.61;306.16;-15.45;627.77
321.81;306.33;-15.48;628.14
322.32;305.63;-16.69;627.95
321.19;305.33;-15.86;626.52
321.57;305.51;-16.06;627.08
321.70;305.71;-15.99;627.41
322.11;306.18;-15.93;628.28
321.16;306.59;-14.58;627.75
321.25;305.79;-15.45;627.04
321.71;305.95;-15.76;627.66
320.78;305.42;-15.36;626.19
321.92;305.81;-16.12;627.73
322.38;305.61;-16.77;627.99
322.89;305.75;-17.14;628.65
322.04;305.08;-16.96;627.12
322.44;305.22;-17.22;627.66
322.68;305.62;-17.05;628.30
321.70;304.27;-17.43;625.97
321.79;304.61;-17.19;626.40
321.85;306.39;-15.46;628.24
321.08;305.35;-15.73;626.44
321.33;305.54;-15.79;626.87
320.36;305.90;-14.46;626.26
322.08;305.32;-16.76;627.41
322.42;305.52;-16.91;627.94
321.59;305.78;-15.81;627.38
321.75;306.03;-15.72;627.78
321.96;304.35;-17.61;626.32
322.01;305.78;-16.22;627.79
321.18;305.26;-15.92;626.44
321.58;305.69;-15.89;627.28
321.57;305.88;-15.69;627.45
321.94;306.14;-15.80;628.07
320.89;306.59;-14.30;627.49
322.70;305.32;-17.38;628.02
321.12;305.79;-15.34;626.91
321.92;306.19;-15.73;628.11
321.91;305.24;-16.68;627.15
321.49;305.49;-15.99;626.98
321.67;305.79;-15.88;627.46
320.76;306.11;-14.65;626.88
321.01;306.58;-14.42;627.59
321.21;306.02;-15.19;627.23
320.49;306.09;-14.39;626.58
322.14;306.50;-15.64;628.64
321.27;305.50;-15.77;626.77
321.83;306.51;-15.32;628.34
322.08;305.99;-16.08;628.07
322.28;305.26;-17.02;627.55
321.88;305.85;-16.02;627.73
321.32;305.95;-15.36;627.27
321.41;306.40;-15.01;627.81
321.92;305.51;-16.41;627.43
321.75;305.71;-16.04;627.46
321.69;305.12;-16.58;626.81
322.00;305.39;-16.61;627.39
321.32;305.92;-15.39;627.24
321.71;305.88;-15.84;627.59
321.76;306.55;-15.21;628.31
322.36;305.15;-17.21;627.52
322.27;305.64;-16.63;627.91
321.58;305.69;-15.89;627.26
321.92;306.08;-15.84;627.99
322.12;305.44;-16.68;627.56
321.94;305.68;-16.26;627.61
321.59;306.00;-15.59;627.59
320.55;306.10;-14.45;626.65
320.95;306.35;-14.60;627.29
322.55;306.83;-15.72;629.38
323.24;305.53;-17.71;628.76
321.69;306.11;-15.58;627.81
322.10;305.35;-16.75;627.45
321.09;305.42;-15.67;626.52
321.43;305.83;-15.60;627.26
321.84;305.94;-15.89;627.78
321.83;306.41;-15.42;628.24
321.95;305.10;-16.85;627.05
322.03;305.61;-16.42;627.64
321.54;305.62;-15.92;627.16
321.71;305.77;-15.94;627.48
323.18;306.19;-16.98;629.37
322.75;305.59;-17.16;628.34
322.87;305.99;-16.88;628.86
322.01;306.02;-15.98;628.03
322.45;305.95;-16.51;628.40
322.74;306.08;-16.66;628.82
321.62;305.97;-15.65;627.59
321.98;306.06;-15.91;628.04
322.65;306.29;-16.36;628.95
321.34;305.77;-15.56;627.11
321.78;305.95;-15.83;627.74
322.25;306.07;-16.18;628.32
322.31;306.58;-15.73;628.89
322.20;305.58;-16.62;627.78
321.26;305.61;-15.66;626.87
322.14;306.05;-16.09;628.19
322.05;305.29;-16.76;627.34
322.69;305.61;-17.08;628.30
321.35;305.84;-15.51;627.19
321.31;305.38;-15.92;626.69
322.13;306.18;-15.95;628.31
322.96;305.64;-17.32;628.59
321.64;306.00;-15.64;627.64
321.18;305.06;-16.12;626.25
322.29;305.64;-16.66;627.93
322.00;305.85;-16.15;627.85
321.22;306.11;-15.11;627.33
321.98;306.39;-15.59;628.37
322.05;305.76;-16.28;627.81
322.36;305.55;-16.81;627.91
321.46;305.80;-15.66;627.26
321.08;306.01;-15.07;627.09
322.25;305.45;-16.81;627.70
321.09;305.42;-15.67;626.52
321.68;306.12;-15.55;627.80
322.04;305.58;-16.46;627.61
322.45;305.64;-16.81;628.09
321.27;306.14;-15.14;627.41
323.26;305.59;-17.67;628.85
322.07;305.00;-17.07;627.07
322.30;306.38;-15.92;628.68
321.08;305.18;-15.90;626.26
322.98;305.96;-17.02;628.94
321.69;306.14;-15.55;627.84
322.38;306.66;-15.72;629.05
321.40;305.99;-15.41;627.39
321.55;305.58;-15.97;627.12
321.76;304.88;-16.88;626.65
322.11;305.15;-16.96;627.26
320.85;305.42;-15.43;626.28
321.25;305.81;-15.45;627.06
321.44;306.04;-15.40;627.48
321.91;306.27;-15.64;628.18
321.81;306.44;-15.37;628.24
322.03;305.07;-16.96;627.10
322.45;305.48;-16.97;627.92
322.66;305.81;-16.85;628.46
321.98;305.74;-16.24;627.72
322.37;305.36;-17.01;627.74
321.10;305.68;-15.42;626.78
321.38;305.93;-15.45;627.31
322.07;305.42;-16.65;627.49
321.74;305.24;-16.49;626.98
321.64;305.68;-15.96;627.32
321.61;305.75;-15.86;627.36
320.73;305.16;-15.56;625.89
321.11;306.57;-14.54;627.68
321.09;305.38;-15.71;626.46
321.65;305.03;-16.62;626.68
322.02;306.39;-15.64;628.41
321.01;305.01;-16.00;626.02
322.72;305.39;-17.33;628.12
321.36;305.74;-15.62;627.09
321.70;306.08;-15.62;627.78
322.16;305.24;-16.92;627.40
321.40;305.62;-15.78;627.02
321.48;305.92;-15.56;627.40
321.95;305.26;-16.69;627.22
322.56;305.18;-17.38;627.74
322.22;305.38;-16.84;627.60
321.50;305.49;-16.01;626.99
321.55;305.94;-15.61;627.49
321.16;305.20;-15.96;626.36
321.14;305.55;-15.58;626.69
321.52;305.96;-15.56;627.49
321.52;306.23;-15.29;627.75
322.35;305.51;-16.85;627.86
322.66;303.99;-18.67;626.66
321.66;305.54;-16.12;627.19
322.11;305.87;-16.24;627.98
321.85;305.16;-16.69;627.01
321.61;305.60;-16.01;627.21
321.34;305.89;-15.44;627.23
321.66;305.93;-15.74;627.59
321.85;305.59;-16.26;627.44
322.32;306.02;-16.31;628.34
321.47;305.09;-16.38;626.56
321.86;306.06;-15.80;627.92
323.26;306.24;-17.02;629.50
320.96;305.79;-15.17;626.75
322.73;305.88;-16.85;628.61
321.95;306.21;-15.74;628.15
322.02;306.41;-15.61;628.44
322.46;305.67;-16.79;628.14
322.00;306.15;-15.85;628.15
321.39;305.75;-15.64;627.14
321.72;305.13;-16.59;626.85
320.98;305.61;-15.38;626.59
321.51;305.96;-15.55;627.48
320.25;305.82;-14.42;626.07
320.76;306.06;-14.70;626.83
321.88;305.34;-16.54;627.22
322.20;305.49;-16.71;627.69
321.46;305.72;-15.74;627.18
321.76;304.99;-16.77;626.75
322.09;306.35;-15.74;628.44
320.86;305.48;-15.38;626.35
321.54;305.82;-15.72;627.36
323.11;305.75;-17.36;628.86
321.62;306.35;-15.27;627.96
321.96;306.47;-15.49;628.44
322.22;305.26;-16.96;627.48
322.36;305.75;-16.61;628.12
321.44;304.68;-16.75;626.12
322.08;306.25;-15.82;628.33
320.68;305.21;-15.46;625.89
321.01;305.44;-15.57;626.45
321.56;305.82;-15.74;627.38
321.05;306.08;-14.98;627.13
321.88;306.34;-15.54;628.22
320.94;306.46;-14.48;627.40
321.24;306.11;-15.12;627.35
321.92;304.56;-17.36;626.48
321.71;305.75;-15.96;627.45
322.01;305.25;-16.76;627.25
321.46;305.46;-16.01;626.92
322.48;305.66;-16.82;628.15
321.57;306.02;-15.55;627.59
321.76;306.39;-15.37;628.15
322.19;305.69;-16.51;627.88
321.91;305.14;-16.77;627.05
321.39;306.15;-15.25;627.54
321.68;305.65;-16.03;627.32
321.63;304.88;-16.75;626.51
320.91;306.21;-14.69;627.12
321.31;305.51;-15.81;626.82
321.46;305.88;-15.59;627.34
321.71;306.18;-15.54;627.89
321.52;306.36;-15.16;627.89
321.66;305.34;-16.32;627.00
321.22;306.09;-15.13;627.32
322.84;305.55;-17.28;628.39
321.88;306.22;-15.65;628.10
321.22;305.62;-15.59;626.84
321.58;305.53;-16.05;627.11
321.69;306.11;-15.58;627.81
321.68;304.56;-17.11;626.24
322.52;305.92;-16.60;628.44
322.22;305.58;-16.64;627.80
323.08;304.83;-18.25;627.91
321.76;305.86;-15.91;627.62
322.14;305.48;-16.66;627.61
322.56;305.72;-16.85;628.28
321.26;305.94;-15.33;627.20
321.79;306.09;-15.70;627.88
322.01;306.47;-15.54;628.48
321.92;306.76;-15.15;628.68
322.41;305.95;-16.46;628.35
321.44;305.95;-15.49;627.39
321.72;306.02;-15.70;627.75
322.00;306.49;-15.51;628.49
321.33;305.75;-15.58;627.08
321.59;305.61;-15.98;627.21
320.55;305.94;-14.62;626.49
321.82;305.62;-16.19;627.44
322.31;305.28;-17.04;627.59
321.35;305.49;-15.86;626.85
322.02;304.75;-17.26;626.77
321.89;305.25;-16.64;627.14
321.02;305.56;-15.46;626.59
320.94;305.89;-15.05;626.82
321.39;306.19;-15.19;627.58
322.05;306.21;-15.84;628.26
320.80;305.72;-15.08;626.52
321.39;305.50;-15.89;626.89
322.45;305.79;-16.66;628.24
320.91;305.89;-15.02;626.79
322.14;306.25;-15.89;628.39
320.61;305.75;-14.86;626.35
321.58;306.07;-15.51;627.65
321.25;305.91;-15.34;627.16
321.84;306.22;-15.62;628.06
321.96;306.91;-15.05;628.86
322.33;305.69;-16.64;628.02
322.86;305.89;-16.96;628.75
320.63;306.28;-14.35;626.91
322.46;305.62;-16.85;628.08
321.66;305.94;-15.72;627.60
321.38;306.10;-15.28;627.48
321.02;305.95;-15.08;626.97
321.95;306.18;-15.77;628.12
320.31;305.88;-14.43;626.19
320.79;306.44;-14.35;627.22
321.15;305.62;-15.54;626.77
321.86;305.82;-16.04;627.69
322.08;306.25;-15.82;628.33
321.84;305.70;-16.14;627.54
322.16;305.60;-16.56;627.76
321.85;306.21;-15.64;628.05
321.68;305.88;-15.79;627.56
320.55;305.98;-14.58;626.53
321.28;305.64;-15.64;626.92
321.60;305.96;-15.64;627.56
321.88;306.28;-15.60;628.15
321.42;306.43;-14.99;627.85
321.74;305.18;-16.55;626.92
322.29;304.49;-17.80;626.79
319.97;305.81;-14.16;625.78
320.98;306.16;-14.82;627.14
320.86;305.24;-15.62;626.10
321.25;305.62;-15.63;626.86
321.11;305.98;-15.13;627.09
320.95;304.48;-16.46;625.43
321.79;305.43;-16.36;627.22
322.51;306.00;-16.51;628.51
321.24;305.64;-15.59;626.88
320.18;305.76;-14.41;625.94
321.95;305.26;-16.69;627.21
321.18;305.60;-15.58;626.78
322.56;305.80;-16.76;628.36
321.55;306.08;-15.47;627.62
321.94;306.52;-15.41;628.46
321.14;305.21;-15.93;626.34
321.18;305.42;-15.76;626.60
321.93;305.78;-16.15;627.71
321.73;305.54;-16.19;627.27
321.55;306.55;-14.99;628.10
322.61;305.88;-16.73;628.49
321.82;306.05;-15.77;627.88
322.17;306.45;-15.72;628.62
321.72;305.03;-16.69;626.75
322.15;305.63;-16.52;627.78
321.64;305.71;-15.93;627.35
320.38;305.24;-15.14;625.62
320.66;305.54;-15.12;626.20
321.27;305.48;-15.79;626.75
320.86;305.74;-15.12;626.60
321.89;306.29;-15.60;628.19
320.77;305.58;-15.19;626.35
322.27;305.72;-16.55;627.99
322.13;305.33;-16.80;627.46
321.96;305.98;-15.98;627.95
321.99;306.06;-15.92;628.05
321.45;305.46;-15.99;626.91
321.23;305.64;-15.59;626.87
321.59;306.18;-15.41;627.77
322.06;306.34;-15.73;628.40
322.25;306.65;-15.60;628.91
322.09;305.26;-16.84;627.35
322.58;305.77;-16.81;628.35
321.78;306.10;-15.68;627.88
322.29;306.48;-15.81;628.78
322.59;305.64;-16.95;628.22
321.54;306.08;-15.46;627.61
321.96;306.28;-15.68;628.25
322.16;305.71;-16.45;627.87
321.22;306.04;-15.18;627.25
322.57;305.85;-16.72;628.42
320.41;306.14;-14.27;626.55
321.22;305.59;-15.63;626.82
321.49;305.64;-15.85;627.13
321.47;305.81;-15.66;627.28
322.12;305.32;-16.79;627.44
321.60;305.65;-15.95;627.25
322.38;306.09;-16.29;628.47
321.78;305.85;-15.93;627.62
321.60;305.12;-16.48;626.72
320.99;305.50;-15.49;626.49
321.70;305.73;-15.97;627.43
323.06;306.11;-16.96;629.17
322.14;306.25;-15.89;628.39
321.21;305.81;-15.40;627.01
321.33;305.65;-15.68;626.98
320.49;305.87;-14.62;626.36
322.05;305.98;-16.08;628.03
321.11;305.56;-15.55;626.67
321.72;305.79;-15.94;627.51
322.01;306.18;-15.84;628.19
322.30;306.62;-15.68;628.92
322.09;305.18;-16.91;627.26
321.38;305.55;-15.82;626.93
320.48;305.95;-14.53;626.42
321.89;305.27;-16.62;627.16
321.11;305.66;-15.45;626.76
321.37;305.88;-15.49;627.25
321.66;306.11;-15.56;627.77
321.75;305.48;-16.27;627.22
322.01;305.15;-16.85;627.16
322.55;305.66;-16.89;628.21
321.65;305.96;-15.69;627.61
321.96;306.41;-15.56;628.37
321.16;305.48;-15.69;626.64
321.98;305.89;-16.08;627.87
321.94;306.17;-15.77;628.11
322.09;306.22;-15.87;628.32
322.38;306.98;-15.40;629.35
321.34;305.64;-15.70;626.97
321.47;305.63;-15.84;627.10
320.64;305.89;-14.74;626.53
322.07;305.42;-16.65;627.49
321.51;305.64;-15.87;627.14
321.47;305.64;-15.84;627.11
321.73;304.61;-17.12;626.34
322.41;305.72;-16.69;628.12
321.29;305.29;-16.00;626.58
322.34;305.62;-16.71;627.96
320.37;305.87;-14.50;626.24
321.20;306.19;-15.01;627.39
322.36;305.36;-17.00;627.73
321.23;305.81;-15.42;627.04
322.94;306.26;-16.68;629.19
320.79;306.18;-14.61;626.98
322.25;305.08;-17.17;627.34
322.16;306.36;-15.80;628.52
321.35;305.78;-15.57;627.12
321.72;306.15;-15.57;627.86
320.98;306.28;-14.70;627.25
321.34;305.52;-15.81;626.86
321.56;306.09;-15.47;627.65
322.05;305.36;-16.68;627.41
321.76;305.99;-15.77;627.76
321.62;305.53;-16.09;627.15
321.55;305.90;-15.65;627.45
323.17;305.34;-17.83;628.51
321.09;305.69;-15.40;626.79
321.45;305.51;-15.94;626.96
321.56;305.44;-16.12;626.99
321.83;306.30;-15.53;628.13
322.85;305.52;-17.33;628.36
321.31;305.71;-15.60;627.02
322.03;305.91;-16.12;627.94
320.92;306.21;-14.71;627.12
321.21;306.36;-14.84;627.57
321.35;305.95;-15.40;627.31
321.08;306.26;-14.81;627.34
322.04;306.42;-15.61;628.46
322.58;306.08;-16.49;628.66
321.41;305.98;-15.42;627.39
320.35;305.93;-14.42;626.28
320.80;305.39;-15.41;626.19
321.22;305.71;-15.52;626.93
323.01;305.72;-17.28;628.73
321.24;306.06;-15.18;627.30
321.75;305.66;-16.09;627.41
322.21;305.38;-16.83;627.58
321.17;305.34;-15.83;626.51
323.44;304.82;-18.62;628.26
321.88;305.25;-16.62;627.13
321.02;305.76;-15.26;626.78
321.60;305.99;-15.61;627.59
321.13;304.93;-16.20;626.06
321.78;305.54;-16.25;627.32
322.45;305.83;-16.62;628.28
321.16;306.26;-14.89;627.42
321.76;305.99;-15.78;627.75
321.85;306.24;-15.61;628.08
322.64;305.82;-16.82;628.45
320.66;306.06;-14.59;626.72
321.75;305.91;-15.84;627.65
321.93;305.77;-16.16;627.70
322.04;306.72;-15.32;628.76
322.48;305.83;-16.65;628.31
321.52;306.01;-15.51;627.53
322.07;306.28;-15.79;628.35
321.10;305.52;-15.58;626.62
322.57;305.85;-16.72;628.42
321.72;305.95;-15.76;627.67
322.45;306.37;-16.08;628.82
321.88;305.88;-16.00;627.76
322.07;305.47;-16.60;627.54
321.88;306.01;-15.87;627.88
320.72;305.40;-15.32;626.12
323.01;305.64;-17.36;628.65
321.82;305.89;-15.94;627.71
321.25;306.23;-15.02;627.48
322.31;305.74;-16.56;628.05
321.05;305.51;-15.54;626.55
321.54;305.52;-16.02;627.06
321.77;306.02;-15.75;627.79
322.15;305.26;-16.89;627.42
321.18;305.54;-15.65;626.72
321.74;306.12;-15.62;627.85
321.86;306.45;-15.42;628.31
322.11;305.81;-16.30;627.92
321.60;305.46;-16.14;627.06
321.81;305.81;-16.00;627.61
322.19;306.02;-16.17;628.22
320.81;305.26;-15.54;626.07
320.89;305.39;-15.50;626.28
321.73;305.92;-15.81;627.65
322.11;306.34;-15.76;628.45
321.78;305.11;-16.68;626.89
322.44;305.26;-17.18;627.69
320.04;305.61;-14.42;625.65
321.89;304.82;-17.08;626.71
322.32;305.27;-17.05;627.59
322.39;305.71;-16.68;628.11
321.99;305.08;-16.91;627.07
322.06;304.98;-17.08;627.04
321.72;305.85;-15.86;627.57
321.52;305.38;-16.14;626.91
321.52;305.87;-15.65;627.39
322.39;305.28;-17.11;627.66
321.23;305.59;-15.64;626.82
322.11;305.46;-16.64;627.57
322.03;305.51;-16.52;627.54
322.44;305.09;-17.35;627.54
322.98;305.50;-17.48;628.48
320.26;304.76;-15.49;625.02
321.68;305.03;-16.65;626.71
322.14;305.45;-16.68;627.59
321.07;305.75;-15.32;626.82
321.94;306.05;-15.88;627.99
321.61;305.21;-16.41;626.82
322.35;305.64;-16.71;627.99
320.85;305.26;-15.58;626.11
322.59;306.26;-16.33;628.85
322.60;305.59;-17.01;628.19
321.84;305.92;-15.92;627.76
320.82;306.32;-14.49;627.14
322.66;305.61;-17.05;628.27
322.89;305.77;-17.12;628.66
321.72;306.12;-15.61;627.84
321.45;306.18;-15.28;627.63
321.84;305.66;-16.17;627.50
322.41;305.30;-17.11;627.71
322.38;304.48;-17.89;626.86
322.69;304.90;-17.79;627.59
321.91;306.06;-15.84;627.97
320.95;305.66;-15.28;626.61
321.31;305.73;-15.58;627.04
321.64;305.99;-15.65;627.62
322.16;306.22;-15.94;628.38
321.69;306.64;-15.05;628.34
321.66;305.16;-16.49;626.82
321.57;305.48;-16.09;627.05
321.58;304.82;-16.76;626.40
321.95;306.19;-15.75;628.14
321.26;305.31;-15.95;626.57
321.18;305.69;-15.48;626.87
321.39;305.95;-15.44;627.35
321.92;306.40;-15.52;628.32
322.46;304.91;-17.55;627.37
322.75;305.29;-17.45;628.04
321.26;305.76;-15.49;627.02
321.85;305.78;-16.07;627.62
323.26;306.45;-16.81;629.71
321.22;305.67;-15.55;626.89
322.09;306.00;-16.09;628.09
321.71;305.54;-16.16;627.25
320.98;305.21;-15.76;626.19
322.29;305.55;-16.74;627.85
322.92;305.92;-17.00;628.85
321.88;305.35;-16.53;627.22
321.33;305.46;-15.86;626.79
321.67;305.89;-15.78;627.56
321.10;306.27;-14.83;627.37
321.79;306.47;-15.32;628.26
321.33;305.35;-15.98;626.68
321.58;305.75;-15.83;627.34
321.61;305.96;-15.65;627.57
321.81;306.19;-15.62;628.00
320.96;305.49;-15.47;626.45
322.93;305.79;-17.14;628.72
321.86;306.02;-15.84;627.89
322.01;306.27;-15.74;628.28
322.41;305.18;-17.23;627.59
322.55;305.21;-17.34;627.75
322.45;305.52;-16.93;627.96
322.77;305.93;-16.84;628.70
320.71;305.21;-15.49;625.92
321.04;305.55;-15.49;626.59
321.25;305.76;-15.49;627.02
321.09;306.12;-14.96;627.21
321.58;306.49;-15.09;628.08
322.03;305.28;-16.75;627.31
321.31;304.37;-16.94;625.68
321.62;305.77;-15.85;627.39
320.66;305.06;-15.60;625.72
322.28;305.48;-16.80;627.76
321.37;305.77;-15.60;627.14
321.36;305.85;-15.51;627.21
322.01;305.19;-16.81;627.20
322.20;305.73;-16.47;627.93
321.32;305.35;-15.97;626.68
322.51;305.63;-16.88;628.14
322.32;305.08;-17.25;627.40
322.38;304.67;-17.71;627.05
321.15;305.69;-15.46;626.84
321.51;305.87;-15.64;627.38
321.88;305.47;-16.41;627.35
322.54;305.87;-16.66;628.41
322.25;305.55;-16.71;627.80
321.58;305.94;-15.64;627.52
323.06;306.15;-16.91;629.22
320.98;305.58;-15.39;626.56
322.54;305.65;-16.89;628.18
321.11;305.72;-15.39;626.82
320.36;306.39;-13.97;626.76
321.78;305.94;-15.85;627.72
321.18;306.22;-14.96;627.39
321.82;306.00;-15.82;627.82
321.78;306.10;-15.68;627.88
320.99;306.86;-14.14;627.85
322.71;305.84;-16.86;628.55
321.96;306.26;-15.69;628.22
320.88;305.16;-15.72;626.04
321.05;305.55;-15.49;626.60
321.46;305.64;-15.82;627.11
320.72;306.14;-14.58;626.86
321.39;305.46;-15.93;626.85
321.15;305.65;-15.49;626.80
321.79;306.24;-15.55;628.04
321.94;306.57;-15.37;628.51
321.95;305.85;-16.10;627.79
321.62;305.54;-16.08;627.16
321.52;305.87;-15.65;627.39
320.65;305.06;-15.58;625.71
321.08;305.48;-15.60;626.55
321.33;305.86;-15.46;627.19
321.32;306.08;-15.24;627.41
322.59;305.31;-17.28;627.91
322.41;304.96;-17.45;627.36
322.40;305.18;-17.22;627.58
321.29;305.51;-15.79;626.80
321.98;305.91;-16.08;627.89
320.57;305.15;-15.42;625.72
322.24;305.38;-16.86;627.61
321.37;305.72;-15.65;627.09
321.47;306.14;-15.33;627.61
322.11;305.39;-16.72;627.49
322.41;306.41;-16.00;628.81
321.12;306.06;-15.06;627.18
320.55;305.75;-14.80;626.31
321.97;306.47;-15.50;628.44
321.28;305.49;-15.79;626.76
322.54;305.81;-16.74;628.35
321.71;306.06;-15.64;627.77
321.30;306.24;-15.06;627.54
320.94;305.90;-15.04;626.84
321.39;305.60;-15.79;626.99
321.35;304.77;-16.58;626.12
320.52;305.10;-15.42;625.62
322.50;305.59;-16.91;628.09
322.76;305.79;-16.98;628.55
320.44;306.06;-14.38;626.50
320.60;305.69;-14.91;626.29
321.28;305.60;-15.68;626.88
321.65;306.01;-15.65;627.66
321.87;305.15;-16.72;627.02
322.30;305.52;-16.78;627.82
321.58;305.65;-15.94;627.23
321.78;306.23;-15.55;628.01
320.65;305.79;-14.86;626.44
322.02;305.42;-16.61;627.44
322.37;305.88;-16.49;628.25
321.81;306.14;-15.67;627.94
322.21;305.55;-16.66;627.75
320.95;305.79;-15.15;626.74
321.45;306.25;-15.21;627.70
320.70;306.46;-14.24;627.16
322.34;305.45;-16.89;627.78
322.39;305.59;-16.81;627.98
322.05;305.26;-16.79;627.31
321.67;305.69;-15.98;627.36
321.78;306.07;-15.71;627.85
321.62;306.20;-15.42;627.82
322.37;305.86;-16.51;628.24
322.58;305.57;-17.01;628.15
321.61;306.05;-15.55;627.66
322.23;305.32;-16.91;627.55
321.41;305.56;-15.85;626.98
321.28;305.88;-15.40;627.15
321.61;306.26;-15.34;627.87
322.09;306.51;-15.58;628.60
320.93;307.28;-13.65;628.21
321.50;305.81;-15.69;627.31
321.92;306.15;-15.77;628.06
322.14;305.55;-16.59;627.68
322.78;305.95;-16.83;628.72
321.15;305.98;-15.16;627.13
321.95;306.39;-15.56;628.34
321.38;306.68;-14.71;628.06
322.36;305.74;-16.62;628.10
320.22;305.68;-14.55;625.90
321.92;306.42;-15.50;628.34
321.09;305.76;-15.33;626.86
321.59;305.95;-15.64;627.55
321.41;306.51;-14.90;627.91
321.06;306.57;-14.49;627.63
322.64;307.04;-15.59;629.68
321.38;305.86;-15.52;627.25
321.91;304.98;-16.94;626.89
320.71;305.46;-15.24;626.17
322.78;306.89;-15.89;629.68
321.55;305.80;-15.75;627.35
320.30;306.35;-13.95;626.65
321.04;305.19;-15.85;626.24
321.46;305.35;-16.11;626.81
320.68;306.04;-14.64;626.72
322.26;306.11;-16.16;628.37
321.65;305.63;-16.02;627.28
321.56;306.07;-15.49;627.63
321.95;306.15;-15.81;628.10
322.25;306.84;-15.41;629.09
321.27;306.91;-14.36;628.18
322.79;306.02;-16.78;628.81
320.46;305.32;-15.14;625.78
321.19;305.49;-15.70;626.69
321.61;306.02;-15.59;627.62
321.47;305.17;-16.30;626.64
321.85;305.10;-16.75;626.95
321.09;305.45;-15.64;626.55
321.72;305.93;-15.79;627.65
320.95;305.40;-15.55;626.35
320.97;305.87;-15.10;626.84
321.71;306.33;-15.38;628.04
322.03;305.69;-16.34;627.72
322.44;305.37;-17.06;627.81
321.98;304.78;-17.20;626.76
321.86;305.35;-16.51;627.22
322.32;305.48;-16.84;627.79
321.74;306.04;-15.69;627.78
321.92;306.26;-15.66;628.18
322.18;305.66;-16.52;627.84
322.49;306.07;-16.42;628.56
322.32;305.46;-16.86;627.79
321.82;304.80;-17.02;626.62
323.47;305.16;-18.31;628.63
320.98;305.50;-15.48;626.48
320.95;305.96;-14.99;626.92
321.29;306.14;-15.15;627.43
322.02;306.78;-15.24;628.79
321.44;305.66;-15.77;627.10
321.96;305.11;-16.85;627.06
320.79;305.48;-15.32;626.27
322.89;305.75;-17.15;628.64
321.72;306.33;-15.39;628.05
321.67;306.24;-15.44;627.91
322.39;305.24;-17.15;627.64
322.28;305.06;-17.22;627.35
322.95;305.43;-17.52;628.38
321.79;305.55;-16.24;627.34
321.64;304.94;-16.71;626.58
322.57;305.27;-17.30;627.84
322.29;305.48;-16.81;627.78
322.51;305.65;-16.86;628.15
321.38;305.69;-15.69;627.07
321.43;304.36;-17.06;625.79
321.91;306.30;-15.61;628.21
322.07;305.42;-16.65;627.49
321.04;306.31;-14.72;627.35
321.36;305.81;-15.55;627.17
321.80;305.99;-15.81;627.79
322.36;305.46;-16.90;627.82
322.70;305.58;-17.12;628.28
321.86;306.11;-15.75;627.97
321.68;305.39;-16.29;627.07
322.04;306.06;-15.98;628.09
322.99;305.71;-17.28;628.70
320.55;305.01;-15.54;625.55
322.05;305.52;-16.52;627.57
321.36;305.50;-15.86;626.86
321.65;305.89;-15.76;627.54
321.87;306.25;-15.62;628.12
321.00;305.31;-15.69;626.31
321.29;305.45;-15.85;626.74
322.84;305.70;-17.14;628.54
321.75;305.16;-16.59;626.92
322.27;305.52;-16.75;627.79
321.39;305.79;-15.60;627.19
321.71;306.07;-15.64;627.78
322.34;305.65;-16.69;627.98
321.99;305.47;-16.52;627.46
321.31;305.71;-15.61;627.02
320.37;304.87;-15.50;625.24
321.98;305.20;-16.78;627.18
321.26;305.47;-15.79;626.74
321.55;305.89;-15.66;627.45
322.03;304.46;-17.57;626.49
321.44;305.65;-15.79;627.09
321.07;305.93;-15.14;627.00
322.28;305.51;-16.77;627.78
321.81;305.73;-16.08;627.54
322.82;306.01;-16.82;628.83
322.38;306.23;-16.15;628.61
321.29;305.52;-15.77;626.81
321.42;306.83;-14.59;628.25
322.04;304.98;-17.06;627.02
321.99;304.67;-17.32;626.66
322.41;305.42;-16.99;627.82
322.06;306.01;-16.05;628.08
322.35;305.54;-16.81;627.89
321.48;305.81;-15.67;627.29
322.41;306.14;-16.26;628.55
321.02;305.58;-15.45;626.60
321.31;305.76;-15.55;627.07
322.00;306.25;-15.75;628.25
321.82;305.63;-16.19;627.45
321.79;306.96;-14.84;628.75
321.28;305.93;-15.35;627.21
322.63;305.71;-16.92;628.34
321.73;306.11;-15.62;627.84
320.41;305.48;-14.93;625.88
321.14;306.70;-14.44;627.84
321.56;306.13;-15.43;627.69
321.72;306.49;-15.23;628.22
321.61;305.60;-16.01;627.21
320.96;305.40;-15.56;626.36
322.70;305.78;-16.92;628.48
320.58;306.24;-14.34;626.82
320.66;306.50;-14.16;627.16
321.11;305.71;-15.40;626.81
321.36;306.80;-14.56;628.16
321.35;306.12;-15.23;627.46
322.11;306.25;-15.86;628.35
320.69;306.87;-13.82;627.56
321.49;306.22;-15.27;627.72
320.52;306.57;-13.95;627.09
320.49;306.29;-14.19;626.78
321.32;306.64;-14.69;627.96
321.36;305.79;-15.56;627.15
321.00;306.08;-14.92;627.08
321.29;306.35;-14.95;627.64
322.36;304.97;-17.39;627.34
320.12;305.34;-14.78;625.46
321.71;305.71;-15.99;627.42
321.60;306.15;-15.45;627.75
322.12;306.17;-15.95;628.29
321.31;306.12;-15.19;627.42
320.87;306.12;-14.75;626.99
320.63;304.58;-16.05;625.21
322.15;305.34;-16.81;627.49
321.21;305.53;-15.68;626.74
322.14;306.15;-15.99;628.28
321.91;306.42;-15.48;628.33
321.12;306.44;-14.69;627.56
320.86;305.97;-14.89;626.83
321.20;306.19;-15.01;627.39
321.67;305.76;-15.91;627.43
322.09;306.06;-16.02;628.15
321.18;306.33;-14.85;627.51
321.68;305.68;-16.01;627.36
320.69;306.20;-14.49;626.89
320.89;305.45;-15.45;626.34
321.31;305.80;-15.51;627.11
321.55;306.22;-15.32;627.77
322.06;306.23;-15.83;628.29
322.17;306.80;-15.37;628.97
322.16;306.34;-15.82;628.49
321.59;306.34;-15.26;627.93
320.79;305.95;-14.84;626.74
320.59;305.38;-15.21;625.96
320.41;306.72;-13.69;627.13
321.17;305.95;-15.22;627.12
321.67;305.91;-15.76;627.58
320.58;306.46;-14.12;627.05
322.18;306.79;-15.39;628.97
320.94;306.90;-14.04;627.84
321.02;307.09;-13.93;628.12
321.36;305.86;-15.49;627.22
321.73;306.20;-15.53;627.93
321.09;306.56;-14.54;627.65
320.94;305.90;-15.04;626.84
321.74;306.14;-15.60;627.88
321.74;306.45;-15.29;628.19
322.17;306.21;-15.96;628.38
322.02;305.98;-16.04;628.01
322.61;306.89;-15.72;629.49
321.47;305.89;-15.58;627.36
320.48;306.01;-14.48;626.49
320.75;306.55;-14.21;627.30
321.12;306.19;-14.92;627.31
321.31;305.93;-15.38;627.24
321.69;304.79;-16.89;626.48
321.36;306.48;-14.88;627.84
321.74;306.49;-15.25;628.24
321.02;306.74;-14.28;627.75
321.20;305.72;-15.48;626.92
320.44;306.11;-14.34;626.55
322.45;306.35;-16.09;628.80
322.34;305.72;-16.62;628.06
321.47;305.92;-15.55;627.39
321.81;306.39;-15.42;628.21
321.68;305.74;-15.94;627.42
321.02;305.94;-15.08;626.96
321.18;305.51;-15.67;626.68
320.81;305.92;-14.89;626.74
321.06;304.99;-16.07;626.05
320.97;305.69;-15.28;626.66
321.55;305.95;-15.60;627.51
321.41;306.06;-15.35;627.46
321.65;305.10;-16.55;626.75
322.69;305.98;-16.71;628.67
321.16;305.46;-15.70;626.62
321.72;306.02;-15.71;627.74
320.68;306.46;-14.22;627.14
321.07;306.72;-14.35;627.79
321.35;305.87;-15.48;627.22
321.48;306.08;-15.40;627.56
321.84;305.51;-16.32;627.35
322.10;305.25;-16.85;627.35
322.45;305.62;-16.82;628.07
320.78;305.86;-14.92;626.64
322.17;305.37;-16.80;627.54
321.04;305.74;-15.30;626.78
321.20;305.92;-15.28;627.12
321.33;306.04;-15.29;627.36
322.19;305.06;-17.13;627.26
322.11;305.56;-16.55;627.68
321.51;305.78;-15.72;627.29
321.48;305.88;-15.59;627.36
320.91;306.21;-14.70;627.11
320.72;306.63;-14.09;627.35
321.89;305.69;-16.20;627.59
320.95;305.89;-15.06;626.85
321.66;306.36;-15.30;628.02
320.89;305.74;-15.16;626.63
320.87;307.25;-13.62;628.12
321.38;305.86;-15.52;627.25
320.99;306.06;-14.93;627.05
321.02;305.45;-15.57;626.46
321.00;305.68;-15.32;626.68
321.88;305.94;-15.94;627.82
321.85;306.17;-15.68;628.02
321.46;306.49;-14.97;627.96
321.99;306.85;-15.15;628.84
321.14;305.48;-15.66;626.62
320.54;306.42;-14.11;626.96
321.53;305.59;-15.94;627.12
321.96;306.29;-15.67;628.25
322.23;306.61;-15.62;628.84
321.50;305.68;-15.82;627.18
321.06;305.98;-15.09;627.04
321.62;306.28;-15.34;627.91
322.08;306.55;-15.52;628.63
322.21;306.87;-15.34;629.08
321.23;306.18;-15.05;627.41
321.36;305.84;-15.53;627.20
321.61;306.08;-15.53;627.69
320.92;305.18;-15.74;626.11
322.21;305.49;-16.72;627.69
321.92;305.82;-16.10;627.75
321.40;306.09;-15.31;627.49
321.34;305.51;-15.83;626.85
320.59;305.89;-14.70;626.49
322.26;305.49;-16.77;627.75
322.83;305.76;-17.06;628.59
321.21;305.11;-16.09;626.32
321.07;305.75;-15.32;626.82
321.62;305.97;-15.65;627.59
321.54;306.51;-15.03;628.04
321.85;305.88;-15.97;627.74
322.89;305.43;-17.46;628.32
321.81;305.93;-15.88;627.74
320.59;306.12;-14.46;626.71
322.19;305.62;-16.56;627.81
321.58;305.85;-15.73;627.44
321.44;306.31;-15.13;627.75
321.40;306.71;-14.69;628.11
322.34;305.28;-17.06;627.62
321.15;306.19;-14.96;627.34
321.95;305.92;-16.03;627.86
321.68;306.13;-15.55;627.81
322.25;306.27;-15.98;628.52
322.69;305.86;-16.83;628.55
321.88;306.39;-15.48;628.27
321.94;305.82;-16.11;627.76
322.34;305.53;-16.81;627.87
321.88;305.99;-15.89;627.86
320.91;306.34;-14.56;627.25
321.28;305.82;-15.46;627.09
321.77;304.28;-17.49;626.05
321.05;306.21;-14.84;627.25
322.09;305.12;-16.96;627.21
322.38;305.42;-16.96;627.81
321.61;305.86;-15.75;627.46
321.78;306.02;-15.76;627.79
322.04;305.35;-16.69;627.39
321.09;305.48;-15.61;626.57
321.30;305.88;-15.42;627.18
321.84;306.21;-15.62;628.05
321.91;305.29;-16.62;627.21
322.14;305.51;-16.63;627.65
322.99;305.82;-17.18;628.81
321.79;305.94;-15.86;627.73
321.08;306.35;-14.72;627.43
321.59;305.50;-16.09;627.09
321.65;305.81;-15.84;627.46
321.18;306.08;-15.11;627.26
322.21;306.11;-16.10;628.31
322.50;305.46;-17.04;627.96
321.13;307.22;-13.91;628.35
321.61;305.62;-15.99;627.23
321.35;306.41;-14.94;627.76
321.04;305.65;-15.39;626.68
321.59;305.72;-15.87;627.31
321.43;306.17;-15.26;627.60
321.88;306.30;-15.58;628.18
321.86;306.38;-15.48;628.25
321.88;306.52;-15.35;628.40
322.27;306.18;-16.09;628.45
321.39;305.88;-15.52;627.27
321.05;306.19;-14.86;627.25
320.74;306.01;-14.74;626.75
322.31;304.62;-17.68;626.93
321.42;305.96;-15.45;627.38
321.36;306.21;-15.15;627.56
320.79;306.46;-14.33;627.25
321.72;306.89;-14.84;628.61
322.04;305.85;-16.18;627.89
319.90;304.32;-15.58;624.22
321.52;306.77;-14.75;628.29
320.60;306.11;-14.49;626.71
321.04;305.59;-15.44;626.63
321.18;305.72;-15.46;626.89
320.85;306.06;-14.79;626.91
321.54;305.05;-16.48;626.59
321.67;306.45;-15.22;628.12
321.81;306.88;-14.93;628.69
321.06;305.79;-15.27;626.86
322.65;305.76;-16.89;628.42
321.75;306.01;-15.74;627.75
322.02;305.41;-16.61;627.42
322.38;305.70;-16.68;628.08
321.65;305.48;-16.17;627.12
321.68;304.41;-17.27;626.09
321.79;305.62;-16.18;627.41
321.80;305.21;-16.59;627.01
321.69;305.60;-16.09;627.29
320.78;305.89;-14.88;626.67
320.94;305.18;-15.75;626.12
321.29;305.49;-15.80;626.78
322.86;305.83;-17.03;628.69
322.05;306.04;-16.01;628.09
322.16;305.88;-16.28;628.05
320.93;305.43;-15.50;626.36
321.92;306.70;-15.22;628.62
321.74;306.30;-15.44;628.04
321.99;305.38;-16.61;627.36
321.26;305.81;-15.45;627.08
321.68;305.97;-15.71;627.65
321.40;306.38;-15.02;627.78
323.64;304.99;-18.64;628.63
321.02;306.00;-15.02;627.02
321.13;306.18;-14.95;627.31
321.33;305.89;-15.44;627.22
321.05;306.28;-14.77;627.34
321.00;306.28;-14.72;627.28
320.16;305.96;-14.21;626.12
321.66;306.38;-15.28;628.04
321.77;305.51;-16.26;627.28
322.15;305.05;-17.10;627.19
321.51;306.15;-15.35;627.66
321.49;305.69;-15.80;627.19
321.81;306.16;-15.65;627.98
320.99;306.69;-14.31;627.68
321.14;305.72;-15.41;626.86
322.80;306.28;-16.52;629.08
321.91;306.41;-15.50;628.31
320.95;306.58;-14.37;627.52
320.87;305.87;-15.00;626.74
322.20;305.64;-16.56;627.84
320.51;305.93;-14.58;626.44
322.04;306.25;-15.79;628.29
322.84;305.76;-17.08;628.59
320.09;305.76;-14.32;625.85
321.98;304.74;-17.24;626.72
322.04;305.21;-16.84;627.25
322.49;305.63;-16.86;628.12
320.35;305.76;-14.59;626.11
320.83;305.27;-15.56;626.10
321.04;305.34;-15.70;626.38
321.41;306.00;-15.41;627.41
321.41;306.20;-15.21;627.61
321.68;304.51;-17.16;626.19
322.32;305.57;-16.75;627.89
322.82;306.01;-16.82;628.83
320.99;305.48;-15.51;626.47
320.58;305.70;-14.88;626.28
321.59;305.93;-15.66;627.52
321.96;305.32;-16.64;627.28
321.88;305.73;-16.15;627.61
321.24;305.46;-15.78;626.69
320.69;305.92;-14.76;626.61
320.94;306.30;-14.64;627.24
321.54;305.25;-16.29;626.79
321.82;305.84;-15.99;627.66
321.84;306.12;-15.72;627.96
321.67;305.48;-16.19;627.15
322.03;305.16;-16.87;627.19
322.39;305.59;-16.79;627.98
321.48;306.11;-15.37;627.59
320.65;305.26;-15.39;625.92
321.22;305.78;-15.44;627.00
321.54;305.89;-15.64;627.43
322.15;306.48;-15.67;628.62
321.97;305.61;-16.36;627.58
322.41;306.07;-16.34;628.48
322.38;305.69;-16.69;628.07
321.66;305.95;-15.72;627.61
323.03;305.15;-17.88;628.18
321.02;305.44;-15.58;626.46
322.95;305.90;-17.05;628.85
321.11;306.08;-15.03;627.19
321.99;306.37;-15.62;628.36
322.17;305.59;-16.58;627.76
322.59;306.74;-15.86;629.33
321.07;305.37;-15.70;626.44
322.68;305.72;-16.95;628.40
321.70;305.09;-16.61;626.79
320.95;306.53;-14.42;627.48
321.31;305.65;-15.65;626.96
322.98;306.01;-16.97;628.99
321.76;306.36;-15.41;628.12
322.36;305.54;-16.82;627.89
321.40;305.24;-16.16;626.64
321.34;305.74;-15.61;627.08
321.74;304.92;-16.81;626.66
321.95;306.30;-15.65;628.25
322.43;305.39;-17.04;627.82
321.69;306.04;-15.65;627.72
321.87;306.12;-15.75;627.99
321.86;304.84;-17.03;626.70
320.94;305.68;-15.26;626.62
321.54;305.41;-16.13;626.94
321.75;305.67;-16.08;627.42
322.21;304.91;-17.29;627.12
320.82;305.22;-15.59;626.04
321.12;305.59;-15.53;626.71
321.41;305.81;-15.60;627.22
321.96;306.22;-15.74;628.18
321.61;304.94;-16.67;626.54
321.21;305.85;-15.36;627.06
322.51;305.83;-16.68;628.34
321.50;305.59;-15.91;627.09
322.17;305.05;-17.12;627.22
322.12;305.25;-16.86;627.37
322.59;305.60;-16.99;628.19
322.75;305.96;-16.79;628.71
322.00;306.09;-15.91;628.09
321.85;305.74;-16.11;627.59
322.21;305.40;-16.81;627.61
322.29;305.28;-17.01;627.57
321.58;306.15;-15.43;627.74
322.08;305.31;-16.77;627.38
321.35;305.58;-15.77;626.94
321.72;305.94;-15.78;627.66
322.02;304.73;-17.29;626.75
322.55;306.48;-16.06;629.03
322.38;305.41;-16.96;627.79
321.91;305.76;-16.15;627.67
321.85;305.99;-15.85;627.84
322.07;306.39;-15.68;628.46
320.83;305.66;-15.17;626.49
321.21;305.88;-15.34;627.09
321.88;306.04;-15.85;627.92
322.09;306.27;-15.82;628.36
320.66;306.55;-14.11;627.22
321.32;305.49;-15.83;626.82
321.56;305.72;-15.84;627.29
321.76;304.88;-16.88;626.64
322.25;305.49;-16.76;627.75
321.26;305.68;-15.59;626.94
321.43;305.92;-15.51;627.35
321.30;305.29;-16.01;626.59
323.01;305.67;-17.34;628.68
321.95;305.16;-16.79;627.11
321.64;305.64;-16.00;627.27
321.74;305.57;-16.17;627.31
321.92;305.23;-16.69;627.15
321.34;305.55;-15.79;626.88
321.45;305.71;-15.74;627.16
321.14;306.11;-15.02;627.25
321.50;306.09;-15.41;627.59
321.97;304.66;-17.31;626.63
322.03;305.41;-16.62;627.44
322.26;305.45;-16.81;627.72
321.36;305.94;-15.42;627.29
322.07;306.28;-15.79;628.35
321.08;305.38;-15.70;626.46
321.37;305.89;-15.48;627.26
321.88;306.26;-15.62;628.14
321.31;305.57;-15.74;626.88
321.15;306.77;-14.38;627.92
321.26;305.45;-15.81;626.71
322.42;305.67;-16.75;628.09
321.09;306.01;-15.08;627.09
320.89;304.90;-15.99;625.79
321.29;305.61;-15.68;626.90
321.40;305.99;-15.41;627.39
321.89;306.08;-15.81;627.98
321.89;306.35;-15.55;628.24
322.59;305.22;-17.37;627.82
322.31;305.47;-16.84;627.78
321.70;305.82;-15.88;627.52
321.85;305.96;-15.88;627.81
321.04;305.50;-15.54;626.54
322.09;305.76;-16.33;627.86
321.91;304.57;-17.34;626.48
322.18;305.50;-16.68;627.68
322.46;305.93;-16.54;628.39
322.38;305.48;-16.91;627.86
321.92;305.98;-15.94;627.90
321.94;305.14;-16.80;627.08
321.50;305.44;-16.06;626.94
321.51;305.72;-15.78;627.23
323.24;305.13;-18.11;628.36
321.65;306.62;-15.04;628.27
322.44;305.11;-17.33;627.54
321.35;305.00;-16.35;626.35
321.66;305.89;-15.77;627.55
322.00;304.96;-17.04;626.96
322.52;305.30;-17.22;627.82
321.39;305.79;-15.60;627.18
321.92;305.92;-16.00;627.84
323.36;305.48;-17.88;628.84
321.74;306.44;-15.30;628.18
322.28;305.24;-17.04;627.52
322.26;305.46;-16.81;627.72
322.05;305.82;-16.22;627.87
321.99;305.86;-16.13;627.86
322.48;306.53;-15.95;629.01
320.75;305.74;-15.01;626.49
321.76;305.16;-16.59;626.92
323.57;305.47;-18.10;629.04
322.32;305.11;-17.21;627.44
321.19;305.34;-15.85;626.54
322.84;305.86;-16.98;628.71
323.05;305.04;-18.01;628.09
321.08;305.46;-15.62;626.54
322.49;305.72;-16.77;628.22
321.17;305.97;-15.20;627.14
321.67;306.01;-15.66;627.68
321.76;305.03;-16.73;626.79
321.15;306.10;-15.05;627.25
322.59;305.82;-16.77;628.41
321.81;305.06;-16.75;626.87
322.24;305.52;-16.72;627.75
321.29;305.68;-15.61;626.96
322.05;306.04;-16.01;628.09
322.21;306.51;-15.70;628.71
321.09;305.88;-15.21;626.96
322.06;306.19;-15.86;628.25
321.27;305.82;-15.45;627.09
321.74;306.09;-15.65;627.84
320.92;305.31;-15.61;626.22
321.75;305.72;-16.03;627.46
321.65;304.75;-16.90;626.39
321.96;306.19;-15.76;628.15
321.66;305.15;-16.51;626.81
321.18;305.59;-15.59;626.77
322.48;305.68;-16.80;628.15
320.52;305.90;-14.62;626.42
321.02;305.44;-15.58;626.46
322.45;305.66;-16.78;628.11
322.13;305.98;-16.15;628.11
321.91;305.32;-16.59;627.22
321.53;306.22;-15.31;627.75
321.76;305.21;-16.55;626.98
321.27;305.21;-16.06;626.48
321.56;305.65;-15.91;627.22
321.86;304.92;-16.94;626.78
321.42;305.35;-16.06;626.77
322.75;305.51;-17.24;628.26
321.68;306.01;-15.67;627.69
321.54;305.30;-16.24;626.84
321.89;305.52;-16.38;627.41
322.18;306.01;-16.18;628.19
322.42;305.58;-16.85;628.00
322.79;304.41;-18.38;627.20
320.78;304.95;-15.83;625.74
322.03;306.36;-15.66;628.39
322.98;305.45;-17.53;628.42
321.93;305.61;-16.32;627.54
321.46;305.20;-16.26;626.66
321.44;306.49;-14.94;627.93
321.89;305.29;-16.59;627.18
321.50;305.41;-16.09;626.91
322.47;305.84;-16.64;628.31
321.78;305.04;-16.74;626.81
322.05;305.54;-16.51;627.59
321.29;305.66;-15.63;626.95
321.55;305.66;-15.89;627.22
321.95;305.06;-16.88;627.01
322.31;305.61;-16.70;627.91
321.95;305.34;-16.61;627.29
322.49;304.51;-17.98;627.00
322.12;305.04;-17.09;627.16
321.40;305.32;-16.08;626.72
321.27;305.59;-15.68;626.86
323.18;304.93;-18.25;628.11
322.03;306.25;-15.78;628.28
322.16;305.70;-16.46;627.86
322.07;305.63;-16.44;627.70
321.96;305.48;-16.48;627.44
323.15;304.92;-18.22;628.07
320.81;305.31;-15.51;626.12
322.52;305.67;-16.85;628.19
321.56;305.86;-15.70;627.42
321.74;306.14;-15.59;627.88
321.91;306.40;-15.51;628.31
321.22;305.82;-15.40;627.05
322.67;305.42;-17.25;628.09
322.64;305.81;-16.83;628.45
320.56;305.28;-15.29;625.84
322.46;305.49;-16.97;627.95
321.81;305.89;-15.92;627.70
321.77;306.29;-15.48;628.06
322.05;305.06;-16.99;627.12
322.30;304.40;-17.90;626.70
321.44;305.51;-15.94;626.95
320.74;305.97;-14.77;626.71
322.62;305.44;-17.18;628.05
321.46;305.83;-15.63;627.29
321.76;306.01;-15.75;627.77
322.28;304.77;-17.51;627.05
321.86;306.12;-15.75;627.98
321.37;305.82;-15.55;627.19
321.78;304.91;-16.87;626.69
321.08;303.93;-17.15;625.01
321.06;305.46;-15.60;626.53
322.03;305.82;-16.21;627.85
322.02;306.25;-15.78;628.27
321.89;306.34;-15.55;628.22
322.06;306.80;-15.26;628.86
321.81;305.31;-16.50;627.11
321.69;304.85;-16.84;626.54
321.88;305.11;-16.78;626.99
320.80;305.55;-15.25;626.35
321.39;306.00;-15.39;627.39
321.65;306.24;-15.41;627.88
321.61;306.50;-15.11;628.11
322.21;304.95;-17.26;627.15
321.18;305.57;-15.61;626.75
321.47;305.78;-15.69;627.25
321.89;306.29;-15.61;628.18
321.21;305.81;-15.40;627.01
322.83;306.04;-16.79;628.86
322.26;306.42;-15.84;628.68
321.90;305.66;-16.24;627.56
322.63;305.44;-17.19;628.06
321.74;305.69;-16.05;627.42
320.53;305.96;-14.56;626.49
322.17;306.56;-15.61;628.74
321.38;305.75;-15.63;627.14
321.86;306.11;-15.75;627.97
322.14;305.41;-16.73;627.55
321.74;305.06;-16.68;626.79
322.06;305.21;-16.85;627.28
322.99;304.99;-18.01;627.98
321.38;304.62;-16.76;626.00
321.84;305.00;-16.84;626.84
322.26;305.20;-17.06;627.46
321.84;305.56;-16.28;627.39
321.63;306.08;-15.55;627.71
322.08;306.41;-15.67;628.49
322.45;305.05;-17.40;627.51
321.00;305.89;-15.11;626.89
321.46;305.56;-15.90;627.03
321.48;305.88;-15.61;627.36
321.08;305.24;-15.84;626.32
321.63;305.30;-16.33;626.93
321.26;305.78;-15.48;627.05
321.82;306.10;-15.72;627.92
321.96;306.25;-15.71;628.21
320.69;306.71;-13.99;627.40
321.23;304.22;-17.01;625.45
322.10;306.10;-16.00;628.20
322.58;306.22;-16.36;628.80
322.31;305.58;-16.74;627.89
321.27;306.12;-15.15;627.39
321.95;306.44;-15.52;628.39
321.94;305.25;-16.69;627.18
322.19;304.22;-17.98;626.41
321.30;305.66;-15.64;626.96
322.04;306.11;-15.93;628.14
321.01;305.58;-15.43;626.59
321.92;305.56;-16.36;627.48
321.89;304.96;-16.93;626.86
321.88;306.26;-15.61;628.14
322.33;305.27;-17.06;627.60
322.39;304.15;-18.24;626.54
321.74;305.50;-16.24;627.24
321.18;305.09;-16.09;626.26
320.99;305.55;-15.45;626.54
321.96;305.52;-16.44;627.48
321.91;305.88;-16.04;627.79
321.62;305.49;-16.13;627.11
321.84;304.85;-16.99;626.68
322.33;305.26;-17.07;627.59
321.70;305.52;-16.18;627.22
320.69;304.85;-15.84;625.55
321.88;306.21;-15.68;628.09
322.50;305.34;-17.16;627.84
321.33;305.65;-15.68;626.98
321.60;305.75;-15.85;627.35
321.74;305.89;-15.85;627.62
322.14;304.76;-17.38;626.89
321.94;305.26;-16.68;627.19
321.64;305.61;-16.04;627.25
322.78;306.01;-16.77;628.78
322.16;305.01;-17.15;627.17
320.86;305.42;-15.44;626.28
321.25;305.40;-15.85;626.65
321.65;305.71;-15.94;627.36
322.09;305.85;-16.24;627.95
322.34;304.74;-17.61;627.08
322.06;305.19;-16.88;627.25
321.22;305.48;-15.74;626.69
321.71;304.84;-16.87;626.55
322.31;304.93;-17.38;627.24
323.30;305.29;-18.01;628.59
322.77;305.48;-17.29;628.25
322.92;304.98;-17.95;627.90
322.02;305.23;-16.79;627.25
322.24;305.51;-16.73;627.75
322.65;304.77;-17.88;627.42
321.65;305.49;-16.15;627.14
322.82;305.87;-16.95;628.69
322.07;305.30;-16.77;627.37
321.10;305.49;-15.61;626.59
322.74;305.99;-16.75;628.74
321.78;306.09;-15.69;627.87
322.35;305.15;-17.19;627.50
323.02;305.35;-17.66;628.37
320.33;304.63;-15.70;624.96
321.75;305.12;-16.63;626.86
321.58;305.54;-16.04;627.12
322.81;305.71;-17.11;628.52
322.00;306.24;-15.76;628.24
322.39;305.04;-17.35;627.42
322.22;305.65;-16.57;627.88
322.61;305.10;-17.51;627.71
321.96;306.08;-15.88;628.04
321.42;305.31;-16.12;626.73
322.42;305.57;-16.85;627.99
321.72;305.75;-15.97;627.48
322.38;305.21;-17.18;627.59
322.27;304.99;-17.28;627.26
322.04;305.91;-16.13;627.94
321.52;304.58;-16.94;626.11
321.99;306.03;-15.96;628.02
321.16;305.47;-15.69;626.63
322.76;305.71;-17.05;628.48
321.97;305.24;-16.73;627.21
322.02;304.99;-17.03;627.02
322.12;305.22;-16.90;627.34
322.83;305.73;-17.10;628.56
322.88;305.05;-17.83;627.94
322.56;305.48;-17.09;628.04
321.50;305.80;-15.70;627.30
322.47;306.00;-16.47;628.47
322.21;305.56;-16.65;627.78
322.39;305.29;-17.10;627.69
321.52;305.72;-15.79;627.24
321.61;304.82;-16.79;626.43
320.84;305.31;-15.53;626.15
322.52;305.64;-16.88;628.15
321.69;304.37;-17.32;626.06
321.61;305.41;-16.19;627.02
322.11;305.13;-16.98;627.24
321.46;305.49;-15.96;626.95
321.85;304.97;-16.88;626.82
320.71;305.12;-15.59;625.83
321.44;304.48;-16.96;625.92
321.61;304.41;-17.20;626.01
323.21;304.98;-18.23;628.18
322.15;304.91;-17.24;627.06
320.94;305.40;-15.54;626.34
322.62;306.42;-16.21;629.04
320.75;306.01;-14.74;626.76
322.09;305.49;-16.61;627.58
322.59;305.56;-17.03;628.15
321.80;304.92;-16.88;626.72
321.63;305.32;-16.31;626.95
321.89;305.75;-16.14;627.64
321.06;305.24;-15.82;626.30
321.40;304.65;-16.75;626.05
323.07;305.95;-17.12;629.02
321.35;306.42;-14.93;627.78
