303.60;282.89;-20.71;586.49
303.74;282.61;-21.12;586.35
302.11;282.39;-19.72;584.51
301.44;284.53;-16.91;585.96
302.41;282.20;-20.21;584.61
301.91;280.06;-21.84;581.97
302.81;285.24;-17.57;588.04
302.54;283.00;-19.54;585.54
301.58;281.05;-20.52;582.63
302.29;280.71;-21.59;583.00
302.36;281.44;-20.92;583.81
302.71;280.26;-22.45;582.98
302.12;283.15;-18.96;585.27
303.21;282.81;-20.39;586.02
301.96;282.35;-19.61;584.31
302.06;283.21;-18.85;585.26
304.41;280.95;-23.45;585.36
302.04;280.44;-21.60;582.48
304.85;280.72;-24.13;585.58
302.54;281.62;-20.92;584.15
302.52;282.98;-19.54;585.51
302.67;282.25;-20.42;584.92
303.68;280.03;-23.65;583.71
303.98;281.14;-22.84;585.12
303.76;280.44;-23.32;584.20
303.85;279.79;-24.06;583.65
302.32;284.98;-17.34;587.30
303.37;282.71;-20.66;586.08
303.32;283.77;-19.55;587.09
302.42;280.17;-22.25;582.59
304.34;281.12;-23.22;585.46
303.29;280.55;-22.74;583.84
305.06;283.45;-21.62;588.51
302.84;282.68;-20.16;585.52
303.79;286.31;-17.49;590.10
302.57;283.96;-18.61;586.54
302.21;282.20;-20.01;584.41
303.31;282.51;-20.80;585.82
302.93;285.11;-17.82;588.04
301.86;284.24;-17.63;586.10
301.75;282.57;-19.18;584.32
300.61;280.11;-20.50;580.72
301.41;283.70;-17.71;585.11
302.39;280.75;-21.64;583.14
303.25;279.92;-23.34;583.17
303.18;282.08;-21.10;585.26
301.94;285.18;-16.75;587.12
302.66;284.18;-18.49;586.84
303.80;282.97;-20.83;586.77
301.88;281.43;-20.45;583.31
303.94;282.37;-21.56;586.31
303.66;282.54;-21.13;586.20
302.18;282.04;-20.15;584.22
303.19;281.07;-22.12;584.26
302.48;283.98;-18.50;586.45
303.36;283.31;-20.05;586.66
304.38;283.54;-20.84;587.92
303.70;284.29;-19.41;587.99
302.82;282.69;-20.12;585.51
302.74;281.82;-20.91;584.56
304.20;284.62;-19.58;588.82
303.75;284.72;-19.02;588.47
302.98;282.89;-20.08;585.87
304.07;282.07;-22.00;586.14
302.81;284.50;-18.31;587.31
302.39;280.72;-21.66;583.11
302.48;283.12;-19.36;585.59
302.31;280.92;-21.39;583.22
302.18;281.34;-20.84;583.51
304.09;282.99;-21.09;587.08
302.55;280.67;-21.88;583.22
304.02;281.21;-22.81;585.22
301.50;284.00;-17.50;585.50
303.59;281.50;-22.09;585.09
302.31;285.56;-16.75;587.86
303.13;286.65;-16.48;589.78
304.16;282.84;-21.32;587.00
302.06;283.59;-18.47;585.66
303.17;282.27;-20.90;585.44
303.13;280.98;-22.15;584.11
304.18;285.52;-18.66;589.71
302.96;284.23;-18.73;587.19
303.87;285.87;-18.00;589.74
303.74;281.65;-22.09;585.39
304.61;284.52;-20.09;589.12
300.74;283.72;-17.01;584.46
301.58;281.52;-20.06;583.09
303.52;281.27;-22.25;584.79
303.25;284.71;-18.55;587.96
303.14;279.66;-23.47;582.80
300.99;283.35;-17.65;584.34
304.94;284.30;-20.64;589.24
302.88;283.80;-19.08;586.68
301.81;285.95;-15.86;587.75
302.44;281.30;-21.14;583.74
302.04;283.61;-18.42;585.65
302.92;284.55;-18.37;587.46
302.32;282.19;-20.12;584.51
302.15;281.92;-20.24;584.07
301.96;284.02;-17.95;585.98
300.76;283.86;-16.90;584.63
301.82;283.16;-18.66;584.99
301.58;282.58;-19.00;584.16
301.59;283.25;-18.34;584.84
304.64;283.66;-20.98;588.29
302.28;283.94;-18.34;586.21
302.22;285.87;-16.35;588.09
301.97;283.31;-18.66;585.28
302.94;284.83;-18.11;587.76
304.84;282.71;-22.12;587.55
302.11;283.62;-18.49;585.73
302.89;281.31;-21.58;584.20
302.81;282.46;-20.35;585.28
301.41;283.30;-18.11;584.71
302.25;280.48;-21.77;582.72
305.52;283.37;-22.15;588.89
302.93;284.43;-18.50;587.36
302.19;285.52;-16.67;587.71
300.77;281.72;-19.05;582.49
302.59;282.81;-19.78;585.39
302.51;283.58;-18.94;586.09
301.41;281.03;-20.38;582.44
301.80;284.57;-17.23;586.37
302.78;282.75;-20.03;585.52
302.79;283.91;-18.88;586.70
302.74;281.69;-21.04;584.43
302.69;283.94;-18.76;586.63
301.81;280.40;-21.41;582.21
302.82;282.46;-20.35;585.28
302.22;284.50;-17.72;586.72
300.05;283.14;-16.92;583.19
302.14;283.49;-18.65;585.63
305.04;284.75;-20.28;589.79
301.00;280.81;-20.19;581.81
303.37;282.94;-20.44;586.31
301.68;283.52;-18.16;585.20
302.11;280.56;-21.55;582.67
299.84;283.20;-16.64;583.04
302.20;283.19;-19.01;585.39
303.29;286.58;-16.71;589.88
303.08;282.51;-20.56;585.59
301.96;283.59;-18.38;585.55
303.76;281.28;-22.48;585.04
304.36;282.34;-22.02;586.70
302.42;285.81;-16.61;588.23
301.52;281.08;-20.45;582.60
303.51;284.75;-18.76;588.25
303.25;283.02;-20.23;586.26
302.24;282.49;-19.75;584.73
302.06;283.47;-18.59;585.53
301.88;282.38;-19.51;584.26
302.14;285.31;-16.83;587.45
301.87;284.08;-17.79;585.95
301.05;282.71;-18.34;583.75
300.73;283.12;-17.61;583.85
303.69;284.12;-19.56;587.81
303.98;282.30;-21.68;586.28
303.34;281.49;-21.85;584.84
303.61;282.66;-20.95;586.26
301.91;283.29;-18.62;585.19
302.09;280.14;-21.95;582.24
302.32;282.24;-20.08;584.55
302.17;280.19;-21.98;582.36
302.98;282.19;-20.79;585.16
300.74;285.14;-15.60;585.87
301.64;281.36;-20.28;583.00
302.36;281.74;-20.62;584.10
303.52;283.48;-20.04;587.00
301.59;287.01;-14.58;588.60
302.49;281.15;-21.35;583.64
302.76;283.09;-19.66;585.85
301.78;280.60;-21.18;582.38
301.94;281.72;-20.22;583.66
303.57;281.79;-21.78;585.36
301.62;284.96;-16.66;586.58
301.42;280.95;-20.48;582.37
302.21;281.98;-20.24;584.19
302.99;285.93;-17.06;588.92
302.84;281.92;-20.92;584.75
302.88;281.75;-21.13;584.62
302.49;282.42;-20.06;584.91
300.29;282.73;-17.56;583.02
304.03;282.36;-21.67;586.39
303.23;282.16;-21.06;585.39
302.91;282.25;-20.65;585.16
301.77;280.48;-21.29;582.25
302.92;284.71;-18.21;587.63
302.65;281.89;-20.76;584.54
301.64;281.61;-20.03;583.24
302.88;282.55;-20.34;585.43
302.68;281.21;-21.46;583.89
301.91;285.36;-16.55;587.27
301.88;282.94;-18.94;584.81
301.56;282.97;-18.59;584.54
303.66;285.18;-18.48;588.84
303.26;283.12;-20.14;586.38
302.49;280.78;-21.71;583.28
302.08;283.07;-19.01;585.15
302.66;284.19;-18.47;586.85
302.00;280.45;-21.55;582.45
301.72;287.07;-14.65;588.79
302.46;284.08;-18.38;586.54
302.29;280.49;-21.81;582.78
302.61;280.91;-21.70;583.51
303.50;286.48;-17.02;589.98
302.76;279.84;-22.92;582.61
300.96;279.80;-21.16;580.76
303.13;282.84;-20.29;585.96
303.75;283.73;-20.02;587.48
302.21;284.84;-17.38;587.05
302.51;282.29;-20.21;584.80
303.41;283.52;-19.89;586.93
302.94;285.37;-17.57;588.31
303.72;280.35;-23.36;584.07
303.31;286.10;-17.21;589.41
301.47;280.55;-20.92;582.02
303.33;283.25;-20.08;586.58
300.98;284.02;-16.96;585.00
300.77;283.03;-17.74;583.80
304.85;280.60;-24.25;585.45
304.82;280.15;-24.67;584.98
302.29;282.33;-19.96;584.62
304.08;281.76;-22.32;585.84
302.94;282.89;-20.04;585.83
303.53;280.40;-23.13;583.93
302.51;284.40;-18.11;586.91
303.63;283.66;-19.97;587.29
302.41;284.76;-17.65;587.16
302.46;280.83;-21.64;583.29
301.79;284.76;-17.03;586.55
302.66;285.91;-16.75;588.56
302.59;282.83;-19.76;585.42
302.58;282.68;-19.89;585.26
303.44;283.26;-20.18;586.69
304.37;280.98;-23.39;585.35
303.99;280.41;-23.59;584.40
302.96;279.89;-23.06;582.85
303.57;279.26;-24.31;582.84
303.32;283.04;-20.28;586.36
304.01;280.74;-23.26;584.75
301.91;282.06;-19.85;583.97
302.74;282.06;-20.68;584.81
303.49;280.17;-23.32;583.66
303.65;282.62;-21.02;586.27
301.85;282.04;-19.82;583.89
303.26;283.47;-19.79;586.73
302.36;283.41;-18.95;585.78
303.24;284.84;-18.41;588.08
302.80;282.45;-20.35;585.25
302.20;285.06;-17.14;587.26
301.45;282.45;-19.01;583.90
303.65;283.45;-20.19;587.10
302.89;282.32;-20.57;585.22
300.97;283.16;-17.81;584.13
304.31;281.78;-22.53;586.08
302.74;288.23;-14.51;590.97
303.38;281.48;-21.89;584.86
303.48;283.57;-19.91;587.05
301.82;282.14;-19.68;583.96
303.01;279.36;-23.64;582.37
302.78;281.70;-21.08;584.48
302.97;281.46;-21.51;584.43
303.68;280.31;-23.36;583.99
301.27;285.64;-15.63;586.91
303.00;283.32;-19.68;586.32
304.76;281.55;-23.21;586.31
305.74;282.32;-23.42;588.06
303.36;284.67;-18.69;588.03
302.56;283.35;-19.21;585.91
302.09;281.74;-20.35;583.83
304.00;282.15;-21.85;586.15
302.55;282.96;-19.58;585.51
306.87;282.55;-24.32;589.42
302.21;285.21;-16.99;587.42
304.41;281.01;-23.41;585.42
302.81;280.19;-22.62;582.99
301.71;286.06;-15.64;587.77
302.31;280.35;-21.95;582.66
303.28;282.36;-20.92;585.64
304.01;280.52;-23.49;584.52
301.70;280.97;-20.73;582.67
304.02;279.32;-24.69;583.34
303.37;282.86;-20.51;586.24
302.21;287.39;-14.81;589.60
301.88;286.51;-15.38;588.39
301.73;282.64;-19.09;584.37
303.26;283.04;-20.22;586.30
302.49;280.50;-21.99;582.99
302.22;280.20;-22.02;582.42
302.94;282.24;-20.70;585.17
303.68;283.18;-20.49;586.86
301.41;282.77;-18.64;584.18
302.32;284.77;-17.55;587.09
303.21;283.24;-19.97;586.44
302.51;286.68;-15.83;589.18
304.63;281.78;-22.85;586.41
302.63;282.39;-20.24;585.02
302.70;279.93;-22.77;582.63
302.24;283.28;-18.95;585.52
304.94;281.61;-23.33;586.54
302.78;281.91;-20.86;584.69
303.46;283.46;-20.00;586.92
302.65;282.24;-20.41;584.89
302.08;281.78;-20.31;583.86
302.85;284.30;-18.55;587.15
303.81;282.08;-21.73;585.89
301.75;283.04;-18.71;584.78
302.74;280.32;-22.42;583.05
302.36;284.84;-17.52;587.21
304.31;285.32;-18.99;589.63
301.94;281.11;-20.82;583.05
302.75;285.09;-17.65;587.84
303.99;285.33;-18.66;589.32
305.84;281.38;-24.46;587.22
302.25;283.35;-18.91;585.60
302.99;281.09;-21.90;584.08
302.08;283.24;-18.85;585.32
302.02;282.92;-19.10;584.95
301.85;282.33;-19.52;584.18
303.52;282.91;-20.61;586.43
302.63;283.44;-19.19;586.07
303.21;281.82;-21.39;585.04
304.26;283.88;-20.38;588.14
302.00;280.36;-21.64;582.36
302.42;281.35;-21.07;583.78
302.15;283.01;-19.14;585.15
302.94;282.67;-20.26;585.61
303.01;283.08;-19.93;586.09
303.41;280.51;-22.89;583.92
302.31;281.35;-20.96;583.66
301.32;279.76;-21.56;581.08
303.81;280.51;-23.31;584.32
301.86;282.88;-18.98;584.74
303.62;281.41;-22.21;585.02
303.18;282.98;-20.20;586.15
303.20;280.56;-22.64;583.76
304.76;282.88;-21.88;587.64
303.81;282.36;-21.45;586.17
303.32;281.59;-21.73;584.92
302.41;283.43;-18.98;585.84
302.03;281.11;-20.92;583.14
302.96;280.55;-22.41;583.52
303.48;281.99;-21.48;585.47
304.41;282.71;-21.71;587.12
302.39;283.20;-19.19;585.59
302.92;284.08;-18.85;587.00
302.82;281.84;-20.98;584.66
304.92;284.21;-20.71;589.14
301.35;280.28;-21.07;581.62
303.36;281.22;-22.14;584.59
306.38;284.16;-22.22;590.54
303.17;281.72;-21.45;584.89
303.98;285.15;-18.83;589.12
303.17;282.99;-20.18;586.16
302.94;285.52;-17.42;588.46
303.02;284.17;-18.85;587.19
303.95;281.65;-22.30;585.59
301.65;280.15;-21.50;581.81
302.25;282.60;-19.65;584.85
303.36;281.92;-21.44;585.28
302.92;282.63;-20.29;585.55
302.75;282.65;-20.10;585.39
303.41;282.60;-20.81;586.01
303.25;280.08;-23.17;583.32
303.16;281.01;-22.15;584.18
301.83;281.88;-19.95;583.71
302.81;282.89;-19.92;585.69
302.14;282.04;-20.09;584.18
303.03;284.19;-18.84;587.22
301.88;280.58;-21.30;582.45
301.41;282.97;-18.44;584.38
301.54;281.88;-19.66;583.41
301.46;282.54;-18.92;584.00
302.17;280.70;-21.47;582.87
301.86;281.58;-20.28;583.44
302.43;282.88;-19.55;585.31
303.51;283.55;-19.96;587.06
304.64;282.22;-22.41;586.86
303.67;283.13;-20.54;586.80
302.76;282.71;-20.05;585.47
303.68;282.84;-20.84;586.52
303.47;282.82;-20.65;586.29
303.41;282.52;-20.89;585.94
303.23;279.74;-23.49;582.96
301.91;280.72;-21.19;582.64
303.94;284.73;-19.21;588.66
302.95;281.99;-20.96;584.95
303.29;284.87;-18.42;588.16
304.28;280.97;-23.31;585.25
302.05;281.09;-20.96;583.15
302.91;280.61;-22.31;583.52
303.35;281.87;-21.48;585.22
304.34;280.90;-23.44;585.24
303.40;281.06;-22.34;584.46
303.02;282.65;-20.36;585.67
301.91;286.12;-15.79;588.03
303.15;282.45;-20.70;585.61
304.45;285.34;-19.11;589.79
303.05;282.84;-20.21;585.89
302.74;281.66;-21.08;584.41
302.91;282.69;-20.22;585.61
302.16;283.49;-18.67;585.66
304.15;281.21;-22.95;585.36
302.28;283.69;-18.59;585.98
303.08;281.69;-21.39;584.78
302.29;281.74;-20.56;584.03
303.42;279.92;-23.49;583.34
304.45;280.59;-23.86;585.04
303.19;286.28;-16.91;589.47
302.30;283.91;-18.39;586.21
304.24;282.81;-21.42;587.05
304.07;280.84;-23.24;584.91
301.80;281.89;-19.91;583.69
302.51;281.86;-20.65;584.37
303.34;283.25;-20.08;586.59
302.24;284.38;-17.86;586.62
302.02;282.05;-19.96;584.07
302.83;283.94;-18.89;586.76
303.01;283.02;-19.99;586.02
302.75;281.19;-21.56;583.95
303.90;282.24;-21.66;586.14
303.21;284.32;-18.88;587.53
305.24;283.80;-21.44;589.04
301.75;280.69;-21.05;582.44
302.34;280.59;-21.75;582.93
304.71;281.60;-23.11;586.31
300.74;285.42;-15.32;586.16
302.85;283.09;-19.76;585.94
304.76;283.65;-21.11;588.42
304.82;280.21;-24.61;585.02
302.31;283.29;-19.01;585.60
304.01;280.98;-23.03;584.99
303.91;282.05;-21.85;585.96
303.62;284.97;-18.65;588.59
301.35;282.68;-18.67;584.02
302.18;283.29;-18.89;585.48
302.90;282.99;-19.91;585.89
303.92;281.86;-22.06;585.78
304.55;284.90;-19.65;589.45
301.69;282.59;-19.10;584.28
303.41;281.67;-21.74;585.08
301.23;285.47;-15.76;586.70
301.96;281.73;-20.23;583.69
304.24;280.96;-23.27;585.20
300.45;280.19;-20.25;580.64
302.71;281.18;-21.53;583.89
303.78;283.36;-20.42;587.14
300.99;283.04;-17.96;584.03
304.04;281.95;-22.09;585.99
302.58;280.85;-21.73;583.44
302.38;280.75;-21.62;583.13
303.49;282.70;-20.79;586.19
302.02;283.44;-18.58;585.46
302.18;281.55;-20.62;583.73
302.48;280.98;-21.50;583.45
301.72;283.64;-18.08;585.36
301.21;282.49;-18.71;583.70
301.98;283.42;-18.55;585.40
303.96;283.87;-20.09;587.83
303.66;283.13;-20.54;586.79
304.39;280.97;-23.42;585.36
306.91;283.12;-23.78;590.03
304.12;280.74;-23.39;584.86
302.24;281.86;-20.38;584.09
303.68;283.79;-19.88;587.47
301.71;284.96;-16.75;586.67
304.08;280.90;-23.18;584.98
303.92;281.89;-22.04;585.81
301.64;282.76;-18.87;584.40
304.09;281.53;-22.56;585.62
301.73;282.91;-18.82;584.64
302.64;280.94;-21.70;583.57
302.02;280.40;-21.62;582.42
302.05;281.09;-20.96;583.15
301.86;283.12;-18.74;584.99
301.71;280.62;-21.09;582.34
302.46;285.57;-16.89;588.04
301.24;281.09;-20.15;582.34
302.25;280.79;-21.45;583.04
302.99;284.64;-18.35;587.62
302.84;285.08;-17.76;587.91
302.37;281.57;-20.80;583.94
302.26;280.90;-21.36;583.16
303.19;281.81;-21.38;585.00
303.01;285.17;-17.84;588.18
304.89;280.17;-24.72;585.06
301.29;284.29;-16.99;585.58
303.28;286.36;-16.92;589.64
301.87;280.93;-20.94;582.80
301.96;285.06;-16.89;587.02
302.71;280.59;-22.12;583.31
303.55;280.64;-22.91;584.19
301.95;282.99;-18.96;584.95
302.85;283.42;-19.44;586.27
301.92;287.22;-14.71;589.14
302.36;281.65;-20.71;584.01
303.62;284.83;-18.79;588.45
302.79;282.31;-20.49;585.10
303.35;279.94;-23.41;583.29
300.86;285.74;-15.12;586.60
303.45;284.65;-18.80;588.09
301.28;282.53;-18.75;583.81
303.35;281.62;-21.72;584.97
302.67;284.46;-18.21;587.14
303.45;283.07;-20.38;586.52
301.39;284.58;-16.82;585.97
302.10;281.06;-21.04;583.16
303.05;281.81;-21.24;584.86
301.82;281.67;-20.15;583.49
304.28;284.18;-20.09;588.46
302.01;283.51;-18.50;585.52
303.15;284.04;-19.11;587.19
301.87;281.84;-20.03;583.71
304.65;280.86;-23.79;585.51
302.04;283.25;-18.79;585.29
304.16;285.34;-18.82;589.49
304.92;281.94;-22.99;586.86
302.61;284.30;-18.31;586.91
302.38;282.30;-20.08;584.68
302.75;282.91;-19.84;585.66
302.76;282.04;-20.72;584.81
302.81;281.51;-21.30;584.31
302.36;285.49;-16.88;587.85
301.41;283.08;-18.34;584.49
302.05;283.81;-18.24;585.85
301.54;282.96;-18.58;584.49
303.55;281.66;-21.88;585.21
303.09;285.60;-17.49;588.69
302.05;281.74;-20.31;583.79
302.91;281.29;-21.62;584.20
302.34;284.94;-17.39;587.28
301.50;282.52;-18.98;584.02
304.71;281.03;-23.68;585.74
301.75;283.11;-18.64;584.85
302.38;282.55;-19.83;584.94
303.42;282.72;-20.70;586.15
302.63;284.52;-18.11;587.15
303.29;281.63;-21.66;584.92
302.74;285.66;-17.07;588.40
301.39;284.65;-16.74;586.05
301.57;283.08;-18.49;584.65
303.74;282.65;-21.09;586.39
302.02;284.56;-17.46;586.58
302.62;281.69;-20.93;584.31
303.28;280.41;-22.87;583.68
303.52;280.58;-22.94;584.09
302.83;283.64;-19.19;586.46
303.31;283.18;-20.14;586.49
301.59;280.61;-20.98;582.20
301.48;282.61;-18.86;584.09
300.89;283.04;-17.85;583.94
301.74;280.61;-21.13;582.35
304.72;282.03;-22.69;586.75
303.05;281.08;-21.97;584.12
302.10;283.28;-18.82;585.38
301.41;281.28;-20.13;582.68
302.54;285.25;-17.29;587.79
301.30;284.35;-16.95;585.65
303.80;281.89;-21.91;585.69
303.29;285.22;-18.07;588.52
302.26;286.05;-16.21;588.31
300.18;283.38;-16.81;583.56
301.19;283.44;-17.75;584.63
303.52;283.29;-20.23;586.81
304.04;284.20;-19.84;588.24
301.31;282.71;-18.60;584.01
303.08;280.71;-22.37;583.78
303.36;284.59;-18.76;587.95
301.56;282.04;-19.52;583.59
301.95;286.11;-15.84;588.06
302.94;283.63;-19.31;586.57
306.58;282.17;-24.41;588.75
301.11;282.44;-18.68;583.55
302.89;285.03;-17.86;587.92
301.63;284.09;-17.54;585.72
302.35;280.51;-21.84;582.85
303.30;280.02;-23.28;583.32
301.09;282.26;-18.83;583.36
304.16;281.55;-22.61;585.71
302.88;280.94;-21.95;583.82
303.34;282.62;-20.72;585.96
304.32;280.85;-23.48;585.17
301.91;285.36;-16.54;587.27
302.85;282.85;-20.01;585.70
302.21;283.67;-18.54;585.88
302.91;282.61;-20.31;585.52
302.41;283.88;-18.52;586.29
303.24;282.95;-20.29;586.19
302.08;282.04;-20.05;584.12
303.12;282.91;-20.21;586.03
302.40;280.74;-21.66;583.14
303.63;281.55;-22.08;585.18
301.74;280.82;-20.92;582.56
304.06;283.20;-20.86;587.26
302.72;281.95;-20.76;584.67
303.45;282.55;-20.89;586.00
304.54;283.51;-21.03;588.04
301.85;283.46;-18.39;585.31
302.50;285.85;-16.65;588.35
301.99;281.89;-20.10;583.89
304.29;283.81;-20.48;588.11
302.09;284.64;-17.45;586.72
302.92;282.19;-20.73;585.11
303.77;282.01;-21.76;585.78
304.62;281.02;-23.60;585.64
302.10;280.17;-21.93;582.27
302.73;285.54;-17.19;588.27
301.95;283.31;-18.64;585.26
302.96;282.83;-20.14;585.79
304.91;284.87;-20.04;589.78
302.19;285.84;-16.35;588.02
301.08;285.48;-15.61;586.56
302.32;281.03;-21.29;583.35
302.45;282.91;-19.54;585.36
301.62;281.49;-20.13;583.12
302.36;281.15;-21.21;583.51
302.22;281.98;-20.25;584.20
302.93;281.94;-20.99;584.87
303.48;282.69;-20.79;586.17
302.59;281.05;-21.54;583.64
303.28;283.69;-19.59;586.98
302.74;284.26;-18.47;587.00
303.82;282.96;-20.86;586.78
301.78;282.76;-19.02;584.54
301.39;280.31;-21.08;581.70
301.37;280.03;-21.34;581.40
302.16;282.03;-20.14;584.19
301.71;283.90;-17.81;585.61
302.24;284.68;-17.56;586.91
304.52;282.32;-22.19;586.84
303.98;283.91;-20.07;587.89
303.12;281.18;-21.94;584.30
302.41;281.62;-20.79;584.02
301.33;281.53;-19.80;582.86
302.17;283.73;-18.44;585.90
301.78;286.16;-15.61;587.94
302.71;282.35;-20.36;585.06
302.34;282.76;-19.58;585.11
302.71;282.38;-20.32;585.09
303.70;283.36;-20.34;587.06
302.99;287.94;-15.05;590.93
302.88;280.64;-22.24;583.51
301.84;283.21;-18.63;585.04
302.52;281.81;-20.72;584.33
302.58;283.08;-19.50;585.65
304.14;285.61;-18.52;589.75
301.78;282.12;-19.65;583.90
304.23;281.98;-22.25;586.21
303.59;283.22;-20.36;586.81
303.05;281.20;-21.85;584.25
302.03;280.27;-21.76;582.30
304.71;282.97;-21.74;587.68
303.75;283.96;-19.78;587.71
301.86;280.66;-21.21;582.52
302.58;284.82;-17.75;587.40
301.55;282.95;-18.61;584.50
301.15;281.28;-19.87;582.44
302.89;284.18;-18.71;587.08
302.81;282.48;-20.32;585.29
302.08;281.62;-20.46;583.71
304.53;282.66;-21.87;587.19
302.67;284.72;-17.95;587.39
303.21;284.59;-18.62;587.80
303.81;285.32;-18.49;589.13
301.81;282.76;-19.04;584.57
303.85;279.30;-24.55;583.15
303.30;284.99;-18.31;588.29
302.43;282.32;-20.11;584.75
302.35;283.34;-19.01;585.69
304.45;283.95;-20.50;588.39
302.68;282.97;-19.71;585.65
302.55;282.77;-19.78;585.32
303.55;284.61;-18.94;588.15
303.31;279.69;-23.62;582.99
302.16;284.02;-18.15;586.18
299.68;280.83;-18.85;580.51
305.61;282.66;-22.95;588.26
304.21;283.14;-21.06;587.35
302.12;281.13;-20.99;583.25
301.86;279.92;-21.94;581.78
304.04;280.62;-23.42;584.66
303.36;283.31;-20.05;586.67
301.26;283.71;-17.56;584.97
305.32;281.82;-23.51;587.14
303.14;279.46;-23.68;582.60
304.01;282.96;-21.05;586.97
303.88;281.28;-22.59;585.16
301.06;283.34;-17.72;584.40
303.24;284.62;-18.62;587.86
302.46;280.05;-22.41;582.51
302.95;281.62;-21.32;584.57
302.45;280.39;-22.06;582.84
303.42;282.68;-20.74;586.09
303.26;280.25;-23.01;583.51
301.86;281.98;-19.88;583.84
303.08;282.01;-21.08;585.09
303.27;286.93;-16.34;590.20
302.89;282.65;-20.24;585.55
303.63;281.48;-22.15;585.11
302.94;282.34;-20.59;585.28
301.75;280.68;-21.07;582.44
302.69;282.92;-19.76;585.61
303.72;283.74;-19.98;587.45
303.11;282.46;-20.65;585.57
303.21;280.07;-23.14;583.28
303.00;283.35;-19.65;586.35
302.76;281.90;-20.86;584.66
303.70;284.83;-18.87;588.53
303.48;284.41;-19.06;587.89
302.38;283.35;-19.02;585.73
303.11;284.18;-18.92;587.29
303.79;282.91;-20.88;586.69
302.50;280.68;-21.82;583.18
303.92;281.19;-22.74;585.11
303.05;282.26;-20.79;585.31
304.04;281.91;-22.13;585.95
301.62;280.64;-20.99;582.26
302.15;283.31;-18.84;585.45
301.71;284.46;-17.24;586.17
301.84;281.80;-20.04;583.64
302.71;287.21;-15.51;589.92
303.03;282.35;-20.68;585.38
302.94;282.07;-20.87;585.01
300.83;280.43;-20.40;581.26
302.63;282.59;-20.04;585.22
304.39;282.10;-22.29;586.49
302.62;283.07;-19.55;585.69
301.92;283.59;-18.34;585.51
304.64;284.38;-20.26;589.02
303.54;284.54;-19.01;588.08
301.24;282.68;-18.56;583.92
303.92;281.71;-22.22;585.63
304.45;283.71;-20.74;588.15
302.03;284.97;-17.06;587.00
301.22;284.19;-17.04;585.41
302.82;283.68;-19.15;586.50
301.50;283.00;-18.50;584.50
303.58;285.55;-18.02;589.13
301.99;279.71;-22.28;581.70
302.25;283.84;-18.42;586.09
302.88;282.72;-20.16;585.61
303.75;285.48;-18.26;589.23
305.31;279.82;-25.49;585.12
303.28;280.56;-22.72;583.85
303.24;282.89;-20.35;586.14
302.79;284.07;-18.72;586.86
301.55;281.24;-20.31;582.79
303.97;285.42;-18.55;589.39
301.85;281.72;-20.14;583.57
302.88;284.04;-18.85;586.92
303.54;281.78;-21.75;585.32
302.59;282.55;-20.04;585.14
304.45;283.63;-20.82;588.08
301.14;282.60;-18.54;583.74
302.75;280.61;-22.15;583.36
301.55;282.91;-18.64;584.46
302.11;281.42;-20.69;583.53
301.08;285.84;-15.25;586.92
302.05;280.77;-21.28;582.82
301.32;281.25;-20.06;582.57
302.58;283.69;-18.89;586.28
303.80;280.04;-23.76;583.84
303.04;284.55;-18.49;587.58
301.84;281.21;-20.63;583.05
302.91;282.52;-20.39;585.43
303.72;283.58;-20.14;587.31
301.84;282.72;-19.11;584.56
302.26;280.45;-21.81;582.72
301.64;282.48;-19.16;584.11
302.51;285.36;-17.15;587.88
301.69;282.89;-18.79;584.58
302.76;287.12;-15.64;589.88
301.75;280.22;-21.54;581.97
302.90;284.50;-18.40;587.40
303.98;282.91;-21.07;586.88
303.95;285.00;-18.95;588.95
300.10;281.28;-18.82;581.38
302.36;285.46;-16.90;587.82
305.32;281.69;-23.64;587.01
302.51;282.56;-19.95;585.06
301.88;283.22;-18.66;585.11
304.52;280.29;-24.24;584.81
302.15;279.96;-22.19;582.11
303.07;282.11;-20.96;585.18
301.91;280.69;-21.22;582.61
303.86;281.11;-22.76;584.97
302.60;286.01;-16.59;588.61
303.69;283.01;-20.68;586.71
302.34;282.31;-20.02;584.65
303.59;281.82;-21.77;585.42
301.75;284.37;-17.38;586.12
300.50;283.19;-17.31;583.69
304.77;281.20;-23.57;585.97
302.02;283.69;-18.34;585.71
303.48;280.11;-23.37;583.58
301.08;283.56;-17.52;584.64
304.10;281.77;-22.33;585.87
304.29;281.13;-23.16;585.42
303.68;281.78;-21.91;585.46
303.71;283.89;-19.81;587.60
302.42;282.25;-20.17;584.68
303.03;281.52;-21.51;584.55
301.22;280.67;-20.55;581.89
303.28;284.98;-18.29;588.26
300.95;283.88;-17.07;584.82
303.52;284.64;-18.89;588.16
302.63;284.31;-18.32;586.94
304.35;281.05;-23.30;585.39
305.26;282.78;-22.49;588.04
303.77;282.90;-20.87;586.67
301.53;280.90;-20.63;582.43
303.79;282.44;-21.35;586.24
303.37;282.78;-20.59;586.15
301.23;280.41;-20.82;581.64
302.05;287.41;-14.64;589.46
301.79;281.98;-19.81;583.78
303.75;280.22;-23.54;583.97
302.43;281.19;-21.24;583.62
302.25;283.14;-19.11;585.39
303.01;282.81;-20.19;585.82
302.73;283.72;-19.01;586.45
304.73;283.69;-21.04;588.42
303.40;280.16;-23.24;583.56
303.83;282.99;-20.84;586.82
300.88;280.44;-20.45;581.32
301.75;284.08;-17.67;585.84
301.62;283.98;-17.64;585.59
301.89;281.48;-20.41;583.36
302.60;280.92;-21.68;583.52
303.34;283.09;-20.25;586.44
303.10;281.24;-21.86;584.34
302.78;282.90;-19.88;585.68
301.80;281.16;-20.64;582.96
302.23;281.76;-20.46;583.99
301.65;281.32;-20.33;582.96
302.48;281.11;-21.36;583.59
301.78;284.52;-17.25;586.30
303.65;282.61;-21.05;586.26
301.89;280.28;-21.61;582.16
307.56;281.14;-26.42;588.69
303.44;283.62;-19.82;587.05
303.22;280.85;-22.38;584.07
302.09;281.78;-20.31;583.88
304.76;283.79;-20.96;588.55
303.41;283.45;-19.96;586.86
303.18;283.20;-19.98;586.38
302.04;283.56;-18.47;585.60
301.41;282.99;-18.42;584.39
302.26;283.54;-18.72;585.80
303.14;282.51;-20.63;585.64
302.23;281.21;-21.02;583.44
303.28;283.37;-19.91;586.65
302.82;281.92;-20.90;584.75
303.85;283.29;-20.56;587.15
303.24;280.95;-22.29;584.19
301.79;281.56;-20.22;583.35
302.66;284.50;-18.16;587.16
301.88;281.75;-20.14;583.63
301.85;283.11;-18.74;584.96
305.64;283.77;-21.87;589.41
303.56;284.84;-18.73;588.40
302.61;280.61;-22.00;583.21
304.44;283.38;-21.06;587.81
304.39;284.36;-20.03;588.75
303.40;284.11;-19.29;587.51
303.54;279.71;-23.83;583.24
302.39;283.65;-18.74;586.04
303.18;282.43;-20.75;585.61
303.84;280.56;-23.27;584.40
303.34;284.05;-19.28;587.39
302.77;282.43;-20.34;585.20
304.81;279.91;-24.91;584.72
302.47;285.66;-16.81;588.14
301.08;283.04;-18.04;584.12
301.74;282.49;-19.24;584.23
301.84;286.11;-15.73;587.95
302.59;282.42;-20.17;585.02
302.32;280.35;-21.97;582.66
303.21;284.02;-19.19;587.22
303.54;280.32;-23.22;583.85
304.59;284.07;-20.52;588.66
302.58;285.91;-16.67;588.49
303.60;282.74;-20.86;586.34
303.51;283.50;-20.01;587.01
300.45;285.32;-15.14;585.77
304.16;282.98;-21.18;587.15
303.82;281.76;-22.06;585.59
301.52;280.57;-20.95;582.09
302.20;280.19;-22.01;582.39
302.03;282.35;-19.68;584.38
303.53;283.02;-20.51;586.55
302.88;281.39;-21.49;584.28
303.81;283.61;-20.20;587.42
302.34;281.20;-21.14;583.54
302.34;286.59;-15.74;588.93
301.91;281.78;-20.12;583.69
300.94;282.76;-18.17;583.70
302.65;284.95;-17.70;587.61
304.69;284.28;-20.41;588.96
300.38;283.69;-16.68;584.07
303.19;280.91;-22.28;584.10
303.89;280.27;-23.62;584.16
304.02;283.82;-20.20;587.85
302.25;281.46;-20.79;583.71
301.28;283.09;-18.19;584.36
302.10;280.57;-21.53;582.67
302.84;282.84;-20.01;585.68
302.37;280.60;-21.77;582.97
301.94;281.13;-20.81;583.06
302.31;283.92;-18.38;586.23
303.21;280.86;-22.35;584.08
302.93;281.99;-20.94;584.92
302.35;280.23;-22.12;582.58
303.34;280.38;-22.95;583.72
303.64;284.55;-19.09;588.19
300.95;281.12;-19.82;582.07
301.94;281.67;-20.26;583.61
303.04;282.75;-20.29;585.78
302.55;280.40;-22.15;582.95
303.21;282.34;-20.87;585.55
304.01;280.91;-23.11;584.92
303.15;281.66;-21.48;584.81
302.56;284.06;-18.50;586.62
302.34;280.61;-21.73;582.95
301.46;282.50;-18.96;583.96
302.43;284.62;-17.81;587.05
301.99;281.13;-20.86;583.12
302.94;282.17;-20.77;585.11
303.92;282.97;-20.95;586.89
302.72;283.57;-19.15;586.29
303.23;279.98;-23.25;583.21
302.55;283.54;-19.01;586.09
303.08;282.84;-20.24;585.92
304.15;282.47;-21.68;586.62
303.61;279.96;-23.65;583.58
304.44;282.21;-22.23;586.64
302.89;281.42;-21.48;584.31
302.60;283.98;-18.62;586.58
301.35;282.98;-18.36;584.33
304.95;281.02;-23.93;585.96
303.05;281.61;-21.44;584.65
302.63;282.19;-20.44;584.82
303.51;283.39;-20.11;586.90
302.41;284.06;-18.35;586.48
304.16;283.08;-21.09;587.24
302.69;284.09;-18.60;586.78
303.49;283.73;-19.76;587.22
304.61;280.56;-24.05;585.17
303.28;282.12;-21.16;585.40
303.25;283.12;-20.13;586.38
303.16;283.99;-19.18;587.15
303.04;279.71;-23.34;582.75
302.40;282.12;-20.28;584.52
303.07;279.88;-23.19;582.95
303.66;280.67;-22.99;584.33
301.55;280.69;-20.86;582.24
303.71;284.76;-18.95;588.48
303.09;280.99;-22.10;584.09
302.72;281.98;-20.74;584.70
302.39;284.08;-18.31;586.46
303.91;282.35;-21.56;586.26
303.17;281.51;-21.66;584.68
301.89;282.35;-19.54;584.25
301.96;285.04;-16.92;586.99
302.74;280.44;-22.29;583.18
303.79;282.95;-20.85;586.74
302.71;283.59;-19.12;586.31
303.32;280.41;-22.91;583.72
303.12;282.18;-20.94;585.31
301.99;282.05;-19.95;584.04
302.80;282.67;-20.13;585.47
303.51;283.36;-20.15;586.88
303.23;282.89;-20.34;586.12
303.89;281.86;-22.02;585.75
301.74;281.89;-19.85;583.63
302.66;281.73;-20.94;584.39
303.69;283.18;-20.52;586.87
301.15;280.24;-20.91;581.39
301.73;280.80;-20.93;582.53
302.52;284.88;-17.64;587.40
302.12;281.21;-20.92;583.33
303.00;285.19;-17.81;588.19
303.08;282.95;-20.13;586.04
302.85;286.00;-16.85;588.85
301.99;280.08;-21.91;582.06
302.27;282.15;-20.12;584.42
303.08;283.13;-19.95;586.21
302.85;287.11;-15.75;589.96
300.36;279.95;-20.41;580.31
302.41;281.30;-21.11;583.71
301.88;281.74;-20.14;583.61
302.89;282.69;-20.21;585.58
303.35;283.31;-20.04;586.66
302.54;284.29;-18.24;586.83
302.22;283.29;-18.92;585.51
302.74;281.95;-20.79;584.68
303.85;282.69;-21.16;586.54
304.56;281.45;-23.11;586.01
303.84;283.32;-20.52;587.16
302.89;282.92;-19.96;585.81
302.89;283.44;-19.46;586.33
301.59;283.81;-17.79;585.40
301.87;285.31;-16.56;587.18
303.26;284.28;-18.99;587.54
302.08;282.21;-19.88;584.29
304.12;286.01;-18.11;590.13
303.65;280.27;-23.38;583.92
303.58;283.11;-20.47;586.69
302.21;282.14;-20.07;584.35
301.84;286.33;-15.51;588.17
301.49;280.62;-20.87;582.11
303.13;282.63;-20.50;585.76
304.09;283.38;-20.71;587.48
303.40;283.28;-20.12;586.68
302.94;281.88;-21.06;584.81
303.59;284.57;-19.02;588.16
302.41;283.51;-18.90;585.91
302.19;284.31;-17.88;586.51
302.83;284.30;-18.53;587.13
302.74;283.36;-19.37;586.10
301.37;284.46;-16.91;585.84
302.19;282.33;-19.86;584.52
303.23;285.79;-17.44;589.02
301.99;287.05;-14.94;589.05
301.86;284.40;-17.46;586.26
303.89;285.39;-18.51;589.28
301.17;281.10;-20.07;582.27
302.58;284.12;-18.45;586.70
301.95;282.88;-19.08;584.83
303.61;284.97;-18.64;588.58
301.36;281.17;-20.19;582.53
302.09;283.44;-18.66;585.53
301.89;279.97;-21.92;581.86
302.79;285.93;-16.86;588.72
301.83;284.61;-17.22;586.44
304.28;282.11;-22.17;586.39
302.14;286.28;-15.86;588.41
302.89;285.27;-17.62;588.16
301.77;279.95;-21.82;581.72
302.39;282.22;-20.16;584.61
302.88;280.83;-22.05;583.71
302.25;283.61;-18.64;585.85
303.34;282.71;-20.63;586.05
301.85;280.69;-21.15;582.54
304.08;283.07;-21.01;587.15
302.69;279.20;-23.49;581.89
304.74;284.94;-19.80;589.67
302.45;282.34;-20.11;584.79
301.98;284.19;-17.79;586.17
302.84;280.66;-22.18;583.50
303.71;281.46;-22.24;585.17
302.39;283.51;-18.88;585.89
302.22;280.18;-22.04;582.40
303.05;282.59;-20.46;585.65
303.77;282.15;-21.62;585.92
302.65;281.57;-21.08;584.22
302.24;280.46;-21.78;582.69
301.86;279.76;-22.11;581.62
303.78;282.96;-20.82;586.74
304.79;281.63;-23.16;586.42
302.60;280.39;-22.21;582.99
303.65;282.42;-21.23;586.06
302.30;283.49;-18.81;585.79
301.99;279.88;-22.11;581.88
304.51;282.78;-21.72;587.29
302.61;280.48;-22.13;583.08
302.74;282.71;-20.03;585.44
302.78;280.56;-22.21;583.34
302.42;284.72;-17.71;587.14
302.53;284.35;-18.18;586.88
306.71;285.29;-21.41;592.00
304.18;282.68;-21.50;586.85
302.09;283.71;-18.39;585.80
302.56;283.71;-18.85;586.26
304.16;284.79;-19.38;588.95
303.14;280.84;-22.30;583.98
302.10;283.12;-18.98;585.22
301.47;280.66;-20.81;582.14
304.53;283.33;-21.20;587.86
301.26;281.39;-19.87;582.66
303.69;280.53;-23.16;584.22
302.83;280.74;-22.09;583.57
302.36;281.51;-20.86;583.87
301.08;284.35;-16.73;585.42
302.53;283.11;-19.42;585.64
303.08;282.94;-20.14;586.01
302.55;283.56;-18.99;586.12
303.34;282.56;-20.78;585.91
302.73;283.35;-19.38;586.08
301.74;283.78;-17.95;585.52
300.56;284.88;-15.68;585.45
301.41;282.88;-18.54;584.29
301.88;283.85;-18.04;585.73
303.93;281.04;-22.89;584.96
302.74;285.00;-17.74;587.74
301.84;283.45;-18.38;585.29
303.22;283.45;-19.78;586.67
302.89;280.89;-21.99;583.78
302.74;283.81;-18.92;586.55
301.58;282.72;-18.86;584.31
301.35;284.42;-16.94;585.77
302.31;285.22;-17.08;587.53
302.29;281.19;-21.10;583.48
302.16;282.11;-20.05;584.28
302.01;283.46;-18.55;585.47
302.88;286.22;-16.66;589.09
301.70;280.34;-21.36;582.04
302.94;288.32;-14.62;591.26
303.37;282.29;-21.08;585.66
303.06;283.62;-19.45;586.68
300.27;282.55;-17.72;582.82
301.22;282.22;-18.99;583.44
301.91;282.75;-19.16;584.66
302.31;283.92;-18.38;586.23
304.82;283.12;-21.70;587.94
303.94;283.49;-20.45;587.42
301.20;282.49;-18.71;583.69
304.19;283.35;-20.84;587.55
303.11;281.56;-21.55;584.68
303.94;282.76;-21.18;586.71
303.42;283.31;-20.12;586.73
301.21;284.24;-16.96;585.45
304.24;281.97;-22.26;586.21
301.18;280.85;-20.32;582.03
303.13;281.92;-21.21;585.05
301.59;282.62;-18.97;584.22
302.36;284.76;-17.60;587.12
303.30;282.64;-20.66;585.94
303.79;280.98;-22.81;584.77
301.79;284.95;-16.84;586.74
302.47;281.68;-20.79;584.15
301.60;282.60;-19.00;584.20
302.37;282.14;-20.24;584.51
303.14;283.09;-20.05;586.23
301.05;280.85;-20.20;581.89
302.53;280.45;-22.08;582.98
304.42;281.12;-23.30;585.55
306.81;281.86;-24.95;588.66
304.34;280.96;-23.37;585.30
304.13;281.94;-22.19;586.07
302.03;283.11;-18.92;585.14
301.79;282.95;-18.84;584.74
304.02;280.48;-23.54;584.51
302.76;280.98;-21.78;583.75
302.53;284.21;-18.32;586.74
302.50;283.08;-19.42;585.58
302.34;280.86;-21.48;583.19
302.34;281.50;-20.84;583.84
301.41;283.52;-17.89;584.92
302.29;283.99;-18.30;586.28
303.84;284.10;-19.74;587.94
302.73;280.95;-21.78;583.68
301.99;282.85;-19.14;584.84
302.81;286.24;-16.58;589.05
303.29;280.44;-22.85;583.73
302.29;279.91;-22.38;582.21
303.95;282.04;-21.91;585.99
302.80;281.51;-21.29;584.31
302.93;281.55;-21.38;584.48
303.24;281.49;-21.74;584.73
301.30;280.16;-21.14;581.46
303.31;281.80;-21.51;585.11
303.05;282.38;-20.66;585.43
304.30;285.05;-19.25;589.35
302.95;284.88;-18.06;587.83
303.62;280.38;-23.24;584.01
301.06;282.98;-18.08;584.04
302.24;283.43;-18.81;585.66
305.24;284.34;-20.89;589.58
301.69;279.49;-22.19;581.18
301.86;283.08;-18.78;584.94
303.41;282.51;-20.89;585.92
303.19;282.04;-21.15;585.24
303.25;281.34;-21.91;584.59
303.91;283.17;-20.74;587.08
301.84;282.90;-18.94;584.74
302.36;280.62;-21.74;582.99
302.15;282.96;-19.19;585.11
302.86;282.61;-20.25;585.47
302.12;283.22;-18.90;585.34
303.01;280.85;-22.15;583.86
302.32;283.58;-18.75;585.90
302.86;284.36;-18.50;587.23
302.12;282.46;-19.66;584.59
301.16;284.39;-16.77;585.56
303.88;283.21;-20.66;587.09
303.84;282.69;-21.15;586.53
301.17;281.75;-19.42;582.92
301.98;283.46;-18.51;585.44
302.54;286.81;-15.73;589.35
302.14;281.27;-20.87;583.41
304.25;282.72;-21.53;586.98
301.95;283.11;-18.84;585.05
302.87;282.82;-20.05;585.69
302.27;282.19;-20.08;584.46
303.62;282.44;-21.19;586.06
302.59;282.14;-20.45;584.73
301.91;282.99;-18.91;584.90
301.81;282.30;-19.51;584.11
302.66;282.57;-20.09;585.24
303.53;282.72;-20.81;586.25
302.28;285.14;-17.15;587.42
301.39;282.19;-19.20;583.58
303.60;283.68;-19.92;587.28
303.10;282.89;-20.21;585.99
302.52;282.74;-19.79;585.26
303.52;281.42;-22.10;584.95
303.44;282.48;-20.96;585.92
302.26;280.49;-21.76;582.75
302.76;284.23;-18.53;586.99
303.71;282.98;-20.73;586.69
301.46;282.72;-18.74;584.19
302.12;283.58;-18.54;585.69
303.39;284.52;-18.88;587.91
302.43;282.08;-20.35;584.51
302.02;280.94;-21.08;582.96
302.71;280.44;-22.27;583.15
301.99;283.37;-18.62;585.36
304.55;281.12;-23.43;585.66
302.21;283.12;-19.09;585.32
302.36;279.72;-22.64;582.08
303.89;286.16;-17.73;590.06
301.55;282.75;-18.81;584.30
302.26;280.17;-22.09;582.43
303.54;283.52;-20.02;587.05
302.19;280.82;-21.37;583.02
302.06;280.77;-21.29;582.84
302.54;285.95;-16.59;588.49
300.23;282.96;-17.27;583.19
301.24;283.39;-17.85;584.64
303.26;283.21;-20.05;586.48
301.29;282.89;-18.40;584.19
303.45;283.18;-20.27;586.64
302.32;280.97;-21.35;583.29
302.16;281.95;-20.21;584.11
302.54;283.95;-18.59;586.48
302.75;286.04;-16.71;588.79
302.66;283.77;-18.89;586.43
302.21;284.67;-17.54;586.88
303.14;282.35;-20.79;585.49
301.04;282.14;-18.91;583.18
301.92;283.16;-18.76;585.08
302.77;286.03;-16.74;588.80
301.94;281.96;-19.97;583.90
302.63;284.59;-18.04;587.22
303.64;283.37;-20.26;587.01
301.05;281.28;-19.77;582.32
301.46;285.31;-16.16;586.77
301.61;281.55;-20.06;583.16
302.62;284.85;-17.77;587.46
303.29;284.66;-18.62;587.95
301.04;283.46;-17.58;584.49
303.01;281.83;-21.18;584.84
306.09;282.04;-24.05;588.14
301.85;280.40;-21.45;582.25
304.49;282.64;-21.85;587.14
302.47;281.37;-21.10;583.84
301.30;282.84;-18.46;584.14
303.84;283.82;-20.01;587.66
301.69;283.86;-17.82;585.55
303.62;282.44;-21.18;586.05
301.25;279.90;-21.35;581.15
304.23;280.68;-23.55;584.91
303.12;283.00;-20.12;586.12
304.69;280.39;-24.30;585.09
303.21;283.03;-20.18;586.24
302.88;282.35;-20.54;585.23
303.29;282.97;-20.32;586.26
302.83;283.83;-19.00;586.66
303.59;285.19;-18.41;588.78
303.48;280.27;-23.21;583.75
303.06;279.80;-23.26;582.86
303.68;282.58;-21.10;586.25
303.63;282.83;-20.80;586.46
303.58;283.51;-20.06;587.09
302.09;284.41;-17.69;586.50
301.05;280.95;-20.10;582.01
303.50;281.72;-21.78;585.22
304.35;282.74;-21.61;587.09
304.53;284.66;-19.87;589.19
303.19;279.80;-23.39;582.99
302.24;283.83;-18.41;586.06
303.01;281.34;-21.66;584.35
302.87;280.51;-22.36;583.38
302.59;282.59;-19.99;585.18
302.56;280.34;-22.22;582.91
303.45;283.27;-20.18;586.72
304.32;280.99;-23.33;585.32
304.15;281.99;-22.16;586.14
303.88;286.07;-17.81;589.95
305.92;282.24;-23.69;588.16
305.49;282.46;-23.04;587.95
302.27;282.18;-20.09;584.45
301.86;284.84;-17.02;586.71
304.08;281.74;-22.34;585.82
303.46;282.98;-20.49;586.44
303.32;282.01;-21.31;585.33
303.35;283.11;-20.24;586.46
302.67;280.46;-22.21;583.13
304.84;281.48;-23.36;586.32
304.18;282.37;-21.81;586.55
304.90;281.51;-23.39;586.41
303.66;283.67;-19.99;587.34
301.62;279.95;-21.67;581.58
304.12;282.05;-22.08;586.17
304.12;281.71;-22.41;585.83
302.45;281.26;-21.19;583.71
302.76;279.66;-23.11;582.42
303.76;281.92;-21.84;585.68
304.26;282.38;-21.88;586.65
304.46;281.75;-22.72;586.21
304.28;282.55;-21.73;586.84
301.80;281.48;-20.32;583.28
302.56;280.56;-21.99;583.12
303.66;282.04;-21.63;585.70
304.38;282.95;-21.43;587.34
302.89;280.71;-22.18;583.61
301.88;281.59;-20.28;583.47
302.80;282.55;-20.25;585.35
303.77;282.99;-20.78;586.76
304.18;283.66;-20.52;587.84
303.70;283.09;-20.61;586.79
302.56;281.89;-20.67;584.46
302.28;281.71;-20.57;583.98
302.25;285.44;-16.81;587.69
303.24;280.06;-23.18;583.29
306.05;282.33;-23.72;588.38
303.84;279.34;-24.50;583.18
303.49;280.41;-23.09;583.90
303.45;284.34;-19.12;587.79
301.43;282.46;-18.97;583.89
301.99;283.58;-18.41;585.57
302.51;282.33;-20.18;584.84
303.08;287.81;-15.27;590.88
303.00;283.11;-19.89;586.11
304.08;280.58;-23.51;584.66
302.78;282.68;-20.09;585.46
303.75;281.54;-22.22;585.29
303.04;283.45;-19.59;586.49
304.44;283.66;-20.78;588.09
302.68;283.15;-19.52;585.83
304.22;282.89;-21.33;587.11
305.14;279.72;-25.42;584.85
303.05;282.58;-20.47;585.62
303.59;281.55;-22.04;585.15
301.33;284.69;-16.64;586.02
304.25;284.01;-20.24;588.26
301.96;282.95;-19.01;584.91
302.90;285.11;-17.79;588.01
302.26;282.59;-19.68;584.85
302.26;284.36;-17.90;586.62
303.16;284.71;-18.45;587.88
302.85;285.73;-17.12;588.58
301.37;283.74;-17.63;585.11
301.20;282.74;-18.46;583.94
302.13;281.66;-20.46;583.79
302.84;284.24;-18.59;587.08
300.51;283.58;-16.93;584.09
302.81;281.84;-20.96;584.65
304.44;282.13;-22.31;586.56
304.74;282.78;-21.96;587.51
303.12;280.91;-22.21;584.04
303.21;280.06;-23.14;583.27
305.82;284.27;-21.55;590.09
303.46;282.76;-20.70;586.23
302.61;280.92;-21.69;583.53
303.56;278.92;-24.65;582.48
302.81;282.01;-20.79;584.82
302.61;281.96;-20.64;584.57
303.68;282.60;-21.08;586.28
302.39;282.29;-20.09;584.68
302.92;282.95;-19.97;585.88
302.26;282.12;-20.14;584.39
303.47;283.04;-20.44;586.51
301.45;284.95;-16.49;586.40
301.74;284.92;-16.82;586.65
303.45;280.40;-23.05;583.85
303.34;283.16;-20.18;586.50
302.85;280.66;-22.19;583.51
301.96;281.68;-20.28;583.64
301.51;283.99;-17.52;585.49
302.36;283.62;-18.74;585.98
301.66;281.00;-20.66;582.66
303.87;282.19;-21.68;586.06
301.85;284.01;-17.85;585.86
302.35;281.73;-20.62;584.08
303.34;283.22;-20.12;586.56
302.48;283.35;-19.12;585.83
301.89;282.09;-19.80;583.99
302.73;282.62;-20.11;585.35
301.79;283.28;-18.51;585.07
304.46;285.56;-18.90;590.03
303.31;279.09;-24.22;582.41
303.25;284.02;-19.24;587.27
303.32;280.36;-22.96;583.68
303.38;283.86;-19.52;587.24
302.38;280.51;-21.87;582.88
304.58;285.84;-18.75;590.42
303.67;280.50;-23.17;584.17
304.85;281.68;-23.18;586.53
303.66;281.72;-21.94;585.38
303.12;281.08;-22.05;584.20
302.23;282.38;-19.85;584.61
304.96;284.20;-20.76;589.16
302.76;281.65;-21.11;584.42
301.54;282.67;-18.86;584.21
304.32;280.66;-23.66;584.98
303.28;283.48;-19.80;586.75
303.88;282.52;-21.36;586.40
303.91;280.44;-23.46;584.35
304.55;282.50;-22.05;587.05
302.27;282.18;-20.09;584.45
304.58;283.13;-21.45;587.71
303.77;280.41;-23.36;584.18
302.81;282.98;-19.84;585.79
302.22;282.11;-20.11;584.33
303.14;282.92;-20.22;586.06
304.25;281.84;-22.42;586.09
304.45;282.66;-21.79;587.11
303.88;281.65;-22.24;585.53
303.32;284.78;-18.54;588.09
301.68;282.62;-19.06;584.31
303.06;281.01;-22.06;584.07
302.93;282.88;-20.05;585.81
302.11;281.73;-20.38;583.84
302.88;282.44;-20.44;585.32
302.15;283.86;-18.28;586.01
303.29;283.02;-20.26;586.31
303.88;280.85;-23.02;584.73
301.75;281.62;-20.12;583.37
303.75;281.86;-21.89;585.61
303.51;280.38;-23.14;583.89
304.06;281.20;-22.86;585.26
302.15;281.16;-20.99;583.31
303.73;282.02;-21.71;585.75
302.46;282.69;-19.76;585.15
304.86;280.38;-24.48;585.24
303.52;283.79;-19.73;587.31
302.85;282.44;-20.41;585.29
301.99;283.93;-18.06;585.92
303.17;285.97;-17.20;589.14
303.76;280.45;-23.31;584.21
303.08;283.26;-19.81;586.34
301.05;280.82;-20.23;581.88
303.95;282.91;-21.04;586.85
302.55;282.33;-20.22;584.88
303.76;284.78;-18.98;588.54
305.95;283.78;-22.16;589.73
302.22;281.84;-20.38;584.05
302.84;285.42;-17.42;588.26
302.04;286.42;-15.62;588.46
302.83;281.32;-21.51;584.15
303.74;282.15;-21.59;585.89
303.32;286.05;-17.28;589.37
304.21;280.96;-23.25;585.18
302.28;282.08;-20.21;584.36
300.93;284.07;-16.86;585.00
302.76;283.27;-19.49;586.03
303.11;281.09;-22.01;584.20
302.21;281.47;-20.74;583.68
303.21;282.17;-21.04;585.38
303.91;280.16;-23.74;584.07
303.02;283.75;-19.26;586.77
302.28;283.66;-18.61;585.94
302.91;279.74;-23.17;582.65
304.26;280.41;-23.85;584.66
302.76;282.68;-20.08;585.45
301.28;282.24;-19.04;583.52
301.18;283.16;-18.01;584.34
302.22;282.16;-20.06;584.38
302.94;282.97;-19.96;585.91
302.62;282.24;-20.39;584.86
303.45;282.72;-20.73;586.16
300.91;280.86;-20.04;581.77
302.05;282.94;-19.12;584.99
302.62;280.45;-22.18;583.07
302.31;283.53;-18.78;585.84
303.39;281.16;-22.24;584.55
301.94;281.17;-20.76;583.11
302.76;280.64;-22.12;583.39
302.55;282.81;-19.74;585.36
303.67;284.60;-19.07;588.27
303.62;282.15;-21.46;585.77
303.14;282.91;-20.24;586.05
302.76;285.04;-17.72;587.81
302.72;281.19;-21.52;583.91
302.11;281.46;-20.64;583.57
302.98;281.16;-21.82;584.14
303.59;285.19;-18.40;588.78
304.78;284.86;-19.91;589.64
300.69;279.24;-21.45;579.93
303.06;281.23;-21.83;584.29
303.99;280.66;-23.34;584.65
301.41;281.71;-19.70;583.12
302.58;284.11;-18.48;586.69
301.58;281.29;-20.29;582.88
302.41;282.26;-20.15;584.66
302.02;283.08;-18.94;585.09
301.89;282.65;-19.25;584.54
300.31;281.60;-18.71;581.91
301.49;283.56;-17.93;585.05
302.15;283.31;-18.84;585.45
303.16;282.79;-20.38;585.95
302.11;280.58;-21.53;582.69
302.99;282.62;-20.37;585.62
302.26;285.35;-16.91;587.62
303.21;284.71;-18.50;587.91
303.99;279.98;-24.01;583.97
301.79;282.99;-18.80;584.79
302.74;285.82;-16.92;588.56
303.35;279.99;-23.36;583.35
302.36;282.38;-19.99;584.74
303.24;286.42;-16.82;589.65
301.79;285.39;-16.41;587.18
303.72;284.01;-19.71;587.73
301.62;283.75;-17.88;585.37
303.49;281.44;-22.06;584.93
304.42;279.69;-24.74;584.11
303.96;283.12;-20.84;587.08
304.77;282.74;-22.04;587.51
302.61;279.22;-23.38;581.83
303.47;283.04;-20.44;586.51
303.94;280.68;-23.26;584.62
302.82;281.38;-21.44;584.21
301.55;281.59;-19.96;583.15
303.26;282.84;-20.42;586.09
302.00;280.61;-21.39;582.61
302.99;282.96;-20.04;585.95
302.58;281.72;-20.86;584.30
303.10;281.13;-21.97;584.23
302.26;284.10;-18.16;586.36
302.92;282.88;-20.04;585.81
302.65;283.83;-18.82;586.48
303.29;282.64;-20.65;585.92
302.18;283.97;-18.21;586.15
302.35;286.33;-16.02;588.68
302.88;280.65;-22.24;583.53
303.28;281.66;-21.62;584.94
304.54;279.39;-25.14;583.93
303.60;283.42;-20.18;587.02
303.01;281.01;-22.00;584.01
303.99;284.13;-19.86;588.12
304.91;284.36;-20.55;589.26
303.29;279.52;-23.77;582.82
302.44;281.91;-20.53;584.35
305.23;280.84;-24.39;586.07
303.35;281.79;-21.56;585.14
304.12;279.57;-24.55;583.69
302.71;285.29;-17.41;588.00
302.55;282.89;-19.66;585.45
303.55;282.21;-21.34;585.76
303.25;283.56;-19.69;586.81
303.26;280.38;-22.88;583.64
301.82;284.64;-17.18;586.46
302.89;283.84;-19.05;586.72
302.41;281.44;-20.98;583.85
302.62;280.93;-21.69;583.55
302.12;281.15;-20.98;583.27
303.22;282.72;-20.50;585.95
301.89;283.75;-18.14;585.65
301.66;284.45;-17.21;586.11
305.49;282.33;-23.16;587.82
303.45;280.08;-23.37;583.52
302.59;281.19;-21.40;583.79
303.41;282.02;-21.39;585.43
303.23;279.61;-23.62;582.84
304.21;280.61;-23.60;584.82
301.66;284.46;-17.19;586.12
303.90;280.61;-23.29;584.51
303.18;281.39;-21.79;584.56
300.99;280.38;-20.62;581.37
301.89;286.43;-15.46;588.32
303.31;282.41;-20.91;585.72
303.24;281.92;-21.31;585.16
303.58;281.52;-22.06;585.11
305.46;280.54;-24.92;585.99
303.14;282.39;-20.74;585.53
302.30;280.55;-21.75;582.85
303.05;284.12;-18.92;587.17
303.02;282.39;-20.63;585.42
302.67;282.73;-19.94;585.40
302.19;283.64;-18.55;585.83
304.22;284.96;-19.26;589.19
301.99;280.82;-21.17;582.82
304.02;282.04;-21.99;586.06
304.66;283.72;-20.94;588.38
303.56;285.36;-18.21;588.92
302.06;282.18;-19.88;584.24
303.07;282.02;-21.05;585.09
303.23;283.18;-20.05;586.41
302.65;282.40;-20.25;585.05
302.58;282.58;-20.00;585.16
302.40;280.90;-21.50;583.30
304.08;286.42;-17.66;590.50
302.64;279.61;-23.04;582.25
302.48;283.23;-19.25;585.71
304.34;284.12;-20.21;588.46
301.86;283.15;-18.71;585.02
302.79;280.75;-22.04;583.54
302.13;283.99;-18.14;586.12
303.61;281.44;-22.16;585.05
302.28;280.11;-22.17;582.38
303.32;280.93;-22.39;584.25
302.16;284.31;-17.85;586.46
302.39;284.11;-18.28;586.49
302.38;284.53;-17.85;586.91
304.12;283.36;-20.75;587.48
303.91;280.68;-23.22;584.59
301.80;284.65;-17.15;586.45
302.54;281.77;-20.76;584.31
303.28;281.16;-22.12;584.44
302.23;285.58;-16.65;587.81
304.29;281.86;-22.42;586.15
302.72;281.56;-21.16;584.28
302.50;281.43;-21.07;583.93
304.37;282.34;-22.03;586.71
303.42;281.24;-22.18;584.65
304.22;282.72;-21.51;586.94
300.72;282.84;-17.88;583.55
302.92;281.42;-21.49;584.34
302.09;280.47;-21.62;582.56
303.23;281.31;-21.92;584.54
303.96;279.99;-23.97;583.96
302.98;282.84;-20.15;585.82
302.59;282.26;-20.33;584.86
303.41;281.37;-22.04;584.78
302.19;280.50;-21.69;582.69
303.02;281.65;-21.37;584.66
302.51;282.66;-19.85;585.17
303.64;283.32;-20.32;586.96
302.65;284.56;-18.09;587.21
305.17;283.39;-21.78;588.56
304.13;284.19;-19.94;588.32
301.82;283.70;-18.12;585.52
302.38;283.70;-18.68;586.08
303.45;279.98;-23.48;583.43
303.01;281.00;-22.01;584.01
302.82;281.95;-20.87;584.78
304.62;282.46;-22.15;587.08
302.36;282.08;-20.29;584.44
303.14;282.91;-20.24;586.05
301.91;283.11;-18.80;585.02
302.95;283.04;-19.91;585.99
302.57;282.22;-20.35;584.79
303.06;280.95;-22.11;584.01
302.82;283.51;-19.31;586.32
301.60;280.06;-21.54;581.66
302.59;284.02;-18.57;586.62
301.42;281.59;-19.83;583.01
301.16;284.29;-16.88;585.45
303.29;281.64;-21.66;584.93
302.34;282.58;-19.76;584.92
301.70;281.52;-20.18;583.22
303.92;283.49;-20.43;587.42
301.92;281.48;-20.45;583.40
301.94;282.45;-19.49;584.38
303.36;283.44;-19.92;586.80
301.21;284.09;-17.12;585.29
303.37;279.95;-23.42;583.32
301.75;282.08;-19.66;583.83
303.85;283.82;-20.03;587.66
303.60;280.49;-23.11;584.09
302.24;280.31;-21.93;582.55
303.49;284.42;-19.07;587.92
302.12;284.03;-18.09;586.15
302.41;280.82;-21.59;583.23
302.36;282.04;-20.32;584.41
302.25;282.96;-19.28;585.21
304.42;280.78;-23.64;585.20
302.04;285.22;-16.82;587.26
302.91;280.69;-22.22;583.59
302.82;280.78;-22.04;583.60
303.46;282.81;-20.65;586.26
302.15;283.54;-18.61;585.69
305.69;284.76;-20.94;590.45
301.99;283.76;-18.24;585.75
304.82;284.41;-20.41;589.23
302.54;280.58;-21.96;583.12
303.38;280.03;-23.35;583.41
302.71;282.75;-19.95;585.46
303.55;280.20;-23.35;583.75
303.06;282.78;-20.28;585.84
302.65;280.56;-22.09;583.21
302.68;282.61;-20.08;585.29
302.35;283.49;-18.86;585.85
303.12;282.32;-20.80;585.45
302.15;283.35;-18.80;585.51
303.07;282.91;-20.16;585.98
302.66;285.75;-16.92;588.41
302.41;280.15;-22.26;582.56
302.69;280.79;-21.90;583.49
303.46;285.14;-18.32;588.61
302.95;283.09;-19.86;586.05
302.39;283.97;-18.42;586.36
302.92;283.95;-18.98;586.87
302.53;284.89;-17.64;587.42
302.49;283.18;-19.32;585.67
302.46;280.39;-22.07;582.86
301.71;285.34;-16.37;587.05
304.28;282.27;-22.01;586.55
303.98;283.56;-20.42;587.54
303.09;281.59;-21.50;584.69
302.44;280.38;-22.06;582.82
302.61;284.52;-18.09;587.13
302.68;282.54;-20.14;585.21
302.14;283.30;-18.84;585.44
302.91;282.58;-20.34;585.49
303.48;286.26;-17.21;589.74
301.48;283.75;-17.73;585.22
303.11;280.15;-22.96;583.26
303.21;284.16;-19.05;587.38
305.11;285.39;-19.72;590.51
302.69;281.13;-21.56;583.82
302.14;284.80;-17.34;586.94
300.95;285.42;-15.52;586.37
302.08;283.34;-18.74;585.42
301.72;286.04;-15.68;587.76
303.66;285.61;-18.05;589.26
303.30;282.90;-20.40;586.20
302.26;283.92;-18.34;586.18
303.18;281.55;-21.63;584.74
302.65;282.08;-20.57;584.74
303.25;284.34;-18.91;587.59
303.07;283.28;-19.79;586.35
303.02;280.75;-22.26;583.77
302.66;286.18;-16.49;588.84
304.61;284.78;-19.83;589.38
301.44;284.33;-17.11;585.76
302.45;281.37;-21.08;583.82
301.18;279.94;-21.25;581.12
303.89;283.67;-20.22;587.56
302.54;280.72;-21.81;583.26
302.63;282.25;-20.38;584.88
303.20;284.14;-19.06;587.34
303.06;285.25;-17.81;588.32
303.33;279.83;-23.50;583.16
303.83;281.86;-21.97;585.69
301.32;283.21;-18.11;584.53
302.59;280.94;-21.65;583.52
302.06;283.24;-18.82;585.31
303.16;280.80;-22.36;583.96
302.95;285.33;-17.62;588.28
303.26;283.24;-20.02;586.49
301.09;282.75;-18.34;583.84
303.92;283.83;-20.09;587.75
301.41;282.96;-18.45;584.37
302.75;282.57;-20.18;585.32
301.83;280.41;-21.42;582.24
302.60;281.65;-20.95;584.25
303.96;285.62;-18.34;589.58
301.51;282.86;-18.65;584.38
301.13;284.19;-16.94;585.32
302.15;283.11;-19.04;585.26
304.17;282.30;-21.87;586.47
301.91;280.25;-21.66;582.16
302.66;285.83;-16.83;588.49
301.78;282.02;-19.76;583.81
302.55;282.08;-20.46;584.63
303.75;283.75;-20.00;587.49
302.71;284.04;-18.66;586.75
301.34;280.41;-20.94;581.75
302.29;282.64;-19.65;584.94
302.25;282.37;-19.88;584.62
302.15;281.38;-20.77;583.54
302.61;284.01;-18.61;586.62
303.74;281.61;-22.13;585.35
302.61;282.44;-20.18;585.05
301.89;283.38;-18.51;585.26
303.10;282.68;-20.42;585.78
304.15;281.99;-22.16;586.14
303.46;283.97;-19.49;587.44
302.48;281.71;-20.76;584.19
301.71;282.71;-19.00;584.41
303.93;282.25;-21.68;586.18
302.09;283.14;-18.95;585.23
304.25;283.16;-21.09;587.41
302.04;283.64;-18.39;585.68
303.71;283.91;-19.80;587.61
303.79;280.39;-23.41;584.18
301.48;280.22;-21.26;581.70
302.14;282.12;-20.02;584.26
302.84;284.22;-18.62;587.06
303.74;282.62;-21.12;586.36
301.46;284.99;-16.48;586.45
301.04;284.44;-16.60;585.47
302.11;284.54;-17.58;586.65
303.15;282.46;-20.69;585.61
303.77;283.57;-20.20;587.34
301.15;282.31;-18.84;583.45
301.84;281.16;-20.68;582.99
302.99;286.02;-16.97;589.02
301.68;281.74;-19.94;583.41
301.29;283.74;-17.55;585.04
302.15;280.23;-21.92;582.38
302.49;283.98;-18.51;586.48
301.89;282.79;-19.09;584.68
301.40;283.79;-17.61;585.19
303.49;283.38;-20.11;586.87
303.15;283.06;-20.08;586.21
302.12;283.48;-18.64;585.61
304.25;283.11;-21.15;587.36
301.16;282.78;-18.38;583.95
303.84;281.75;-22.09;585.58
301.70;281.40;-20.30;583.10
302.41;282.28;-20.13;584.69
303.12;283.31;-19.81;586.43
302.26;282.29;-19.97;584.56
303.09;280.92;-22.16;584.01
302.59;284.03;-18.56;586.62
303.49;282.84;-20.65;586.34
302.01;280.57;-21.44;582.58
302.13;282.54;-19.59;584.66
303.29;285.91;-17.38;589.21
301.73;283.84;-17.89;585.57
301.54;281.12;-20.42;582.66
303.58;282.05;-21.54;585.63
303.32;281.45;-21.87;584.78
302.23;282.44;-19.79;584.66
304.86;284.76;-20.09;589.62
301.59;279.43;-22.16;581.02
303.36;283.18;-20.18;586.55
301.26;283.79;-17.47;585.05
301.86;283.11;-18.75;584.96
301.79;283.79;-17.99;585.58
301.75;281.44;-20.31;583.19
304.31;280.66;-23.64;584.97
303.16;284.46;-18.70;587.63
302.54;282.49;-20.04;585.03
303.71;280.14;-23.57;583.85
302.81;281.24;-21.56;584.05
302.05;281.84;-20.21;583.89
303.94;280.53;-23.41;584.46
302.38;282.87;-19.51;585.25
301.34;282.22;-19.12;583.56
303.08;283.10;-19.98;586.18
303.14;284.06;-19.08;587.21
301.89;283.14;-18.75;585.03
302.64;279.63;-23.01;582.27
303.71;280.39;-23.31;584.10
302.06;280.04;-22.02;582.10
303.74;280.45;-23.29;584.19
302.74;284.52;-18.22;587.26
302.51;285.45;-17.06;587.96
301.55;284.48;-17.07;586.02
304.01;282.36;-21.65;586.38
301.78;281.57;-20.21;583.35
303.75;280.99;-22.76;584.74
303.06;282.88;-20.18;585.94
302.69;284.56;-18.13;587.26
304.37;280.09;-24.28;584.46
301.69;286.26;-15.42;587.95
302.11;281.89;-20.21;584.00
301.88;280.92;-20.96;582.80
302.74;285.56;-17.18;588.29
301.69;284.58;-17.11;586.26
301.12;284.04;-17.08;585.16
302.09;280.00;-22.09;582.09
303.91;282.40;-21.51;586.31
303.51;282.69;-20.81;586.20
302.31;284.11;-18.20;586.41
301.79;280.12;-21.67;581.92
303.41;285.41;-18.00;588.81
302.62;280.59;-22.03;583.22
302.61;284.18;-18.43;586.78
303.59;286.71;-16.88;590.31
302.18;284.38;-17.80;586.56
302.19;282.28;-19.91;584.48
302.94;283.19;-19.75;586.13
300.81;280.96;-19.85;581.78
303.49;282.70;-20.79;586.19
301.01;282.26;-18.75;583.28
304.17;281.91;-22.26;586.08
302.81;282.84;-19.98;585.65
302.79;280.46;-22.34;583.25
301.62;284.54;-17.08;586.16
303.85;283.36;-20.48;587.21
303.03;282.31;-20.72;585.34
302.36;281.98;-20.38;584.34
302.58;280.65;-21.93;583.24
302.35;282.15;-20.20;584.49
301.47;283.26;-18.21;584.74
304.26;282.37;-21.89;586.63
301.78;282.95;-18.82;584.73
303.01;280.89;-22.12;583.90
302.68;280.42;-22.25;583.10
304.39;280.69;-23.69;585.08
302.42;282.21;-20.22;584.63
302.22;280.96;-21.26;583.18
302.39;287.15;-15.24;589.54
301.91;284.06;-17.85;585.96
302.63;282.57;-20.06;585.20
303.28;283.18;-20.10;586.45
302.22;283.26;-18.96;585.48
304.76;283.10;-21.66;587.86
301.69;281.73;-19.96;583.42
301.58;283.26;-18.32;584.85
303.30;284.33;-18.97;587.63
302.80;281.81;-20.99;584.61
303.82;283.92;-19.90;587.75
301.39;280.49;-20.91;581.88
301.28;284.29;-16.99;585.58
301.92;286.79;-15.13;588.72
301.32;281.18;-20.14;582.51
303.37;283.41;-19.96;586.78
302.39;282.35;-20.04;584.74
302.05;281.76;-20.29;583.81
303.64;284.09;-19.55;587.74
303.35;280.48;-22.88;583.83
302.59;281.21;-21.38;583.81
303.12;284.93;-18.19;588.05
302.96;280.54;-22.42;583.51
303.43;283.18;-20.25;586.61
304.44;280.84;-23.60;585.27
303.09;282.97;-20.12;586.06
302.80;283.81;-18.99;586.61
303.52;282.92;-20.61;586.44
302.15;282.35;-19.79;584.50
302.01;281.34;-20.67;583.34
304.05;280.72;-23.33;584.76
303.34;283.46;-19.88;586.79
301.16;285.56;-15.60;586.72
301.91;281.18;-20.74;583.09
303.00;281.00;-22.00;584.00
303.53;282.03;-21.50;585.56
302.63;282.57;-20.06;585.20
302.44;282.25;-20.19;584.69
303.41;284.58;-18.83;587.99
301.21;284.14;-17.07;585.34
303.95;281.06;-22.88;585.01
302.43;285.21;-17.22;587.64
301.66;282.04;-19.62;583.71
303.61;281.30;-22.31;584.91
302.36;281.99;-20.36;584.35
303.26;281.09;-22.16;584.35
304.04;281.76;-22.28;585.80
301.76;283.89;-17.87;585.66
301.48;283.91;-17.57;585.39
301.45;282.75;-18.70;584.21
303.89;280.66;-23.22;584.55
302.96;284.93;-18.03;587.89
302.07;282.12;-19.95;584.19
304.44;284.30;-20.14;588.74
303.59;280.26;-23.32;583.85
303.56;283.76;-19.81;587.32
302.30;282.02;-20.28;584.32
302.81;284.51;-18.29;587.32
303.08;283.84;-19.24;586.91
302.82;282.50;-20.32;585.32
301.30;281.68;-19.62;582.98
302.08;279.78;-22.29;581.86
302.01;283.34;-18.68;585.35
304.79;280.94;-23.85;585.72
303.61;280.26;-23.35;583.87
303.59;283.07;-20.52;586.66
302.23;283.03;-19.20;585.26
303.96;286.18;-17.78;590.14
302.64;285.53;-17.11;588.16
303.65;282.59;-21.06;586.24
300.98;280.77;-20.21;581.75
302.83;281.79;-21.04;584.62
302.68;282.42;-20.25;585.10
302.47;281.65;-20.82;584.12
302.45;281.09;-21.36;583.54
303.31;283.64;-19.66;586.95
301.84;282.86;-18.98;584.69
303.88;283.82;-20.06;587.70
301.81;284.54;-17.27;586.34
302.71;282.33;-20.38;585.04
303.36;283.00;-20.36;586.36
300.93;281.95;-18.98;582.88
303.12;286.11;-17.01;589.23
303.54;284.78;-18.76;588.32
303.38;284.52;-18.86;587.91
302.55;280.58;-21.96;583.13
302.85;281.59;-21.26;584.44
302.15;280.52;-21.63;582.68
303.16;281.31;-21.85;584.47
301.26;283.75;-17.51;585.02
301.96;280.91;-21.06;582.87
302.91;282.09;-20.82;584.99
303.36;283.15;-20.21;586.51
303.31;282.48;-20.83;585.79
301.95;281.83;-20.12;583.78
302.36;281.94;-20.42;584.29
301.69;283.09;-18.59;584.78
302.66;281.49;-21.17;584.15
302.11;281.85;-20.26;583.96
301.48;283.21;-18.28;584.69
300.68;281.65;-19.04;582.33
302.60;283.70;-18.90;586.30
303.69;284.48;-19.21;588.18
303.03;284.35;-18.68;587.38
301.03;281.88;-19.15;582.91
301.46;281.20;-20.26;582.66
302.50;288.65;-13.85;591.15
301.27;284.24;-17.04;585.51
302.19;280.36;-21.83;582.56
304.03;282.71;-21.32;586.74
302.54;283.67;-18.86;586.21
302.00;281.45;-20.55;583.45
