319.90;301.54;-18.36;621.44
318.11;302.04;-16.06;620.15
319.29;302.47;-16.82;621.76
320.24;302.22;-18.02;622.46
319.98;299.58;-20.39;619.56
319.86;303.71;-16.15;623.56
318.94;300.13;-18.81;619.06
317.66;300.35;-17.31;618.02
317.93;302.91;-15.02;620.84
318.72;302.18;-16.54;620.89
320.69;303.61;-17.08;624.30
320.33;299.01;-21.32;619.34
318.61;301.05;-17.56;619.66
318.74;299.80;-18.94;618.54
320.14;299.91;-20.24;620.05
319.98;302.41;-17.57;622.38
318.24;299.59;-18.64;617.83
318.12;301.19;-16.93;619.31
319.50;301.80;-17.70;621.30
319.49;302.04;-17.45;621.54
319.79;302.56;-17.23;622.36
319.96;303.09;-16.87;623.06
318.33;303.74;-14.59;622.07
319.52;302.76;-16.76;622.28
319.12;301.24;-17.88;620.36
319.11;301.56;-17.55;620.66
320.85;302.04;-18.81;622.88
319.12;304.16;-14.96;623.28
318.19;301.64;-16.55;619.82
317.29;302.92;-14.38;620.21
318.31;302.24;-16.06;620.55
319.39;302.54;-16.85;621.93
319.82;301.78;-18.05;621.60
319.41;303.07;-16.34;622.48
319.21;303.57;-15.64;622.78
319.62;302.21;-17.41;621.82
319.76;302.58;-17.18;622.35
318.69;299.98;-18.71;618.66
319.29;300.28;-19.01;619.58
319.39;302.74;-16.65;622.14
317.51;301.24;-16.26;618.75
318.33;301.29;-17.04;619.62
319.21;301.75;-17.45;620.96
318.88;303.83;-15.05;622.71
319.92;301.25;-18.67;621.18
319.96;302.74;-17.22;622.69
318.90;301.74;-17.16;620.64
320.24;302.32;-17.92;622.56
319.35;302.58;-16.77;621.92
319.81;302.69;-17.12;622.51
319.21;301.15;-18.06;620.35
319.12;300.50;-18.62;619.62
319.72;300.92;-18.81;620.64
320.10;302.66;-17.44;622.76
320.48;302.92;-17.56;623.40
320.14;302.26;-17.87;622.40
319.42;302.61;-16.82;622.03
319.08;302.70;-16.38;621.78
319.03;303.32;-15.71;622.35
319.61;301.68;-17.94;621.29
319.02;301.08;-17.94;620.09
319.98;302.69;-17.29;622.67
318.64;299.90;-18.74;618.54
319.38;299.94;-19.44;619.31
318.14;302.66;-15.48;620.79
319.95;302.88;-17.07;622.84
319.05;300.00;-19.05;619.05
319.39;301.57;-17.82;620.96
319.44;300.70;-18.74;620.14
319.59;301.03;-18.56;620.62
320.09;300.18;-19.91;620.27
317.34;302.92;-14.42;620.25
319.22;300.16;-19.06;619.38
317.96;302.51;-15.45;620.48
320.04;300.97;-19.06;621.01
318.35;301.43;-16.92;619.78
320.51;303.75;-16.75;624.26
320.96;303.00;-17.96;623.96
320.00;302.96;-17.04;622.96
319.88;302.01;-17.88;621.89
318.47;302.40;-16.07;620.87
317.60;302.85;-14.75;620.45
318.84;304.16;-14.68;623.00
319.02;300.22;-18.80;619.24
319.66;300.77;-18.89;620.43
320.04;302.71;-17.33;622.75
320.63;301.92;-18.71;622.55
319.15;300.41;-18.74;619.56
318.49;302.66;-15.84;621.15
320.07;300.12;-19.95;620.19
318.78;302.11;-16.67;620.88
318.98;302.51;-16.47;621.49
320.11;302.73;-17.38;622.84
318.90;302.16;-16.74;621.06
320.42;303.61;-16.81;624.03
319.58;303.89;-15.69;623.47
321.55;301.17;-20.38;622.72
320.71;300.06;-20.65;620.78
320.78;303.68;-17.10;624.45
318.45;302.33;-16.12;620.78
318.86;301.49;-17.38;620.35
317.52;299.78;-17.75;617.30
319.05;300.29;-18.76;619.34
319.71;302.65;-17.06;622.36
318.72;300.87;-17.85;619.59
319.04;301.52;-17.52;620.56
319.20;300.54;-18.66;619.74
318.36;299.07;-19.29;617.43
319.63;298.29;-21.34;617.92
317.54;299.88;-17.66;617.42
318.13;302.28;-15.85;620.41
319.69;303.77;-15.92;623.46
318.93;301.39;-17.54;620.32
320.55;303.65;-16.90;624.21
319.61;300.96;-18.65;620.57
318.35;299.58;-18.77;617.92
320.34;303.19;-17.15;623.52
319.05;301.08;-17.97;620.14
317.34;302.68;-14.66;620.01
318.40;301.29;-17.11;619.69
317.23;300.32;-16.91;617.55
319.02;300.98;-18.05;620.00
319.36;299.25;-20.12;618.61
318.92;299.95;-18.98;618.87
317.55;302.23;-15.32;619.78
319.83;302.40;-17.43;622.23
318.45;299.47;-18.98;617.92
319.33;303.19;-16.14;622.52
319.73;299.27;-20.46;619.00
319.66;302.28;-17.38;621.94
319.38;303.15;-16.22;622.53
319.01;303.04;-15.97;622.04
319.04;303.39;-15.65;622.42
318.11;299.49;-18.62;617.61
318.20;303.05;-15.15;621.25
318.65;303.32;-15.34;621.97
320.67;300.51;-20.16;621.18
319.05;302.10;-16.95;621.15
320.15;302.45;-17.70;622.61
318.98;302.87;-16.11;621.85
320.01;301.94;-18.07;621.94
318.04;299.26;-18.78;617.30
319.94;300.71;-19.24;620.65
320.02;302.05;-17.97;622.08
319.42;302.08;-17.35;621.50
318.48;302.34;-16.15;620.82
319.65;303.05;-16.60;622.71
319.15;303.46;-15.69;622.62
317.67;302.62;-15.05;620.29
318.02;303.06;-14.95;621.08
320.24;301.42;-18.82;621.66
319.23;303.89;-15.34;623.12
318.22;300.98;-17.24;619.20
320.00;301.41;-18.59;621.41
319.81;301.74;-18.07;621.54
320.05;303.26;-16.78;623.31
320.21;302.55;-17.66;622.76
319.88;302.94;-16.95;622.82
317.85;301.12;-16.74;618.97
318.61;301.91;-16.71;620.52
318.91;301.94;-16.98;620.85
318.39;299.24;-19.15;617.62
318.56;301.82;-16.75;620.38
318.85;302.13;-16.72;620.98
319.68;302.31;-17.36;621.99
319.31;299.62;-19.69;618.92
319.79;303.22;-16.57;623.01
319.13;302.24;-16.89;621.36
318.69;300.44;-18.26;619.13
316.48;304.09;-12.39;620.57
316.91;303.04;-13.87;619.95
319.34;302.03;-17.31;621.37
319.68;299.38;-20.29;619.06
319.81;303.14;-16.67;622.95
320.18;303.32;-16.86;623.50
319.11;302.02;-17.09;621.12
318.31;302.48;-15.84;620.79
319.56;302.88;-16.68;622.44
320.02;301.91;-18.11;621.93
320.09;302.02;-18.06;622.11
318.68;302.04;-16.65;620.72
318.41;301.39;-17.02;619.80
320.08;302.14;-17.95;622.22
317.19;301.66;-15.53;618.86
320.63;301.99;-18.64;622.62
319.14;304.34;-14.79;623.48
318.58;302.88;-15.71;621.46
318.95;298.89;-20.06;617.84
318.14;302.62;-15.52;620.75
318.22;302.97;-15.25;621.19
319.57;303.14;-16.43;622.71
318.72;301.72;-17.00;620.45
320.02;303.84;-16.18;623.86
320.11;299.37;-20.74;619.48
319.85;302.78;-17.06;622.63
318.98;303.34;-15.64;622.32
320.56;302.18;-18.39;622.74
319.91;302.59;-17.32;622.49
318.41;301.89;-16.52;620.31
318.78;298.46;-20.32;617.24
318.14;302.74;-15.41;620.88
319.75;301.05;-18.69;620.80
319.85;302.81;-17.04;622.66
318.14;303.38;-14.75;621.52
319.21;300.44;-18.77;619.65
318.35;302.58;-15.77;620.92
318.07;303.29;-14.78;621.36
319.53;300.41;-19.12;619.94
319.75;301.74;-18.02;621.49
319.34;302.57;-16.77;621.91
320.04;302.89;-17.14;622.93
317.61;298.97;-18.64;616.58
320.75;302.45;-18.30;623.21
320.89;300.84;-20.05;621.74
320.06;303.24;-16.82;623.31
318.88;300.58;-18.30;619.46
319.13;302.16;-16.97;621.29
319.39;302.67;-16.72;622.06
320.36;301.86;-18.50;622.22
319.15;300.97;-18.18;620.12
319.86;300.74;-19.12;620.61
317.89;303.22;-14.68;621.11
320.46;300.45;-20.01;620.91
319.30;299.46;-19.84;618.76
319.92;301.18;-18.74;621.11
318.78;300.17;-18.61;618.95
319.89;303.31;-16.58;623.19
319.24;302.39;-16.85;621.64
319.67;301.23;-18.44;620.90
318.89;300.27;-18.62;619.16
319.11;301.99;-17.11;621.10
319.65;302.27;-17.38;621.92
320.15;302.96;-17.19;623.12
319.20;301.73;-17.47;620.93
320.78;302.38;-18.40;623.15
319.68;302.50;-17.18;622.18
320.64;302.92;-17.72;623.55
319.22;301.62;-17.60;620.84
319.44;300.85;-18.58;620.29
318.63;302.90;-15.73;621.53
319.96;303.04;-16.92;623.01
319.24;303.68;-15.55;622.92
320.08;302.62;-17.45;622.70
319.96;301.99;-17.97;621.96
319.09;300.46;-18.64;619.55
319.59;302.35;-17.24;621.94
320.35;302.92;-17.42;623.27
317.64;302.30;-15.34;619.94
319.68;302.39;-17.28;622.07
318.88;302.98;-15.90;621.85
318.96;301.43;-17.54;620.39
321.09;302.29;-18.80;623.38
319.55;302.70;-16.85;622.25
320.17;301.86;-18.31;622.03
319.58;302.18;-17.40;621.75
319.83;303.72;-16.11;623.55
318.71;300.87;-17.84;619.58
318.89;300.17;-18.72;619.06
318.72;301.79;-16.92;620.51
320.13;302.26;-17.86;622.39
319.41;301.45;-17.96;620.86
318.85;301.64;-17.21;620.48
319.46;302.25;-17.21;621.71
316.82;303.71;-13.11;620.52
319.95;302.51;-17.44;622.46
319.02;300.16;-18.86;619.18
317.62;303.68;-13.94;621.31
318.95;304.05;-14.90;623.01
318.15;302.68;-15.47;620.82
320.39;303.09;-17.30;623.49
320.04;300.03;-20.01;620.06
318.42;302.58;-15.84;621.00
320.44;302.93;-17.51;623.37
319.12;303.30;-15.82;622.42
318.87;301.76;-17.11;620.64
319.59;301.08;-18.52;620.67
319.85;302.89;-16.95;622.74
318.86;302.96;-15.91;621.82
317.51;298.91;-18.60;616.41
318.52;303.65;-14.87;622.18
319.72;302.88;-16.84;622.60
318.85;301.49;-17.36;620.34
318.94;303.75;-15.19;622.69
320.46;302.24;-18.22;622.70
319.66;302.88;-16.78;622.54
319.15;303.18;-15.98;622.33
318.41;303.72;-14.69;622.14
319.94;303.89;-16.04;623.83
318.50;302.68;-15.82;621.18
319.05;300.03;-19.02;619.08
319.02;303.73;-15.29;622.75
316.72;302.39;-14.33;619.11
318.09;302.66;-15.43;620.75
319.95;301.67;-18.28;621.62
317.85;301.97;-15.88;619.82
318.06;302.11;-15.96;620.17
318.96;302.86;-16.10;621.83
319.08;301.22;-17.86;620.30
318.89;301.30;-17.59;620.19
319.97;302.96;-17.01;622.93
319.41;299.45;-19.96;618.86
317.26;303.05;-14.21;620.31
319.02;300.19;-18.82;619.21
319.34;302.49;-16.85;621.83
319.84;302.86;-16.97;622.70
318.72;303.44;-15.28;622.15
317.71;300.55;-17.16;618.26
319.65;303.77;-15.88;623.42
318.76;299.99;-18.77;618.75
319.72;302.68;-17.04;622.41
317.66;303.01;-14.65;620.68
317.37;302.55;-14.82;619.92
318.99;302.86;-16.13;621.86
318.86;301.19;-17.67;620.05
319.72;302.61;-17.11;622.32
319.60;302.87;-16.73;622.47
319.87;303.34;-16.53;623.21
319.73;303.04;-16.69;622.77
319.12;302.11;-17.02;621.23
317.35;302.39;-14.96;619.74
319.52;302.63;-16.89;622.15
318.68;301.07;-17.61;619.75
319.14;303.19;-15.95;622.34
319.12;301.76;-17.36;620.88
319.52;304.02;-15.50;623.55
319.66;301.13;-18.53;620.79
319.68;301.52;-18.15;621.20
319.33;303.05;-16.28;622.38
319.44;300.31;-19.13;619.74
318.51;303.82;-14.68;622.33
318.76;303.11;-15.66;621.87
317.67;303.19;-14.48;620.86
320.61;301.96;-18.65;622.56
318.99;304.25;-14.74;623.24
320.07;301.13;-18.94;621.20
318.69;302.88;-15.81;621.58
320.20;302.11;-18.09;622.31
319.39;299.48;-19.92;618.87
318.64;301.16;-17.47;619.80
320.11;303.15;-16.95;623.26
318.94;303.62;-15.32;622.56
319.58;300.54;-19.04;620.12
319.24;302.65;-16.58;621.89
319.81;302.69;-17.12;622.49
318.12;301.39;-16.72;619.51
317.76;302.25;-15.52;620.01
318.41;303.86;-14.55;622.27
319.22;301.03;-18.19;620.25
319.48;303.19;-16.28;622.67
318.88;303.54;-15.34;622.42
319.36;301.79;-17.56;621.15
318.92;302.17;-16.75;621.09
319.23;300.70;-18.53;619.93
319.72;303.61;-16.11;623.34
318.76;302.19;-16.57;620.96
319.31;300.89;-18.42;620.20
319.58;301.34;-18.24;620.91
319.66;302.98;-16.68;622.64
318.31;303.12;-15.19;621.43
319.21;303.42;-15.79;622.62
319.04;302.49;-16.54;621.53
318.86;304.04;-14.82;622.90
319.54;302.49;-17.04;622.03
318.74;302.82;-15.92;621.56
317.91;300.06;-17.85;617.96
317.93;302.41;-15.52;620.34
317.89;300.86;-17.03;618.75
318.79;299.99;-18.80;618.79
319.01;303.46;-15.55;622.47
318.95;302.71;-16.25;621.66
319.85;299.43;-20.42;619.28
319.71;300.35;-19.36;620.05
318.74;302.15;-16.59;620.88
320.35;303.62;-16.73;623.96
318.09;302.74;-15.36;620.83
320.35;300.05;-20.29;620.40
319.13;303.28;-15.85;622.41
319.66;303.95;-15.71;623.62
318.64;302.55;-16.09;621.18
321.75;301.70;-20.05;623.45
319.36;300.17;-19.19;619.53
319.39;299.34;-20.05;618.73
319.81;302.92;-16.88;622.73
320.17;301.23;-18.94;621.40
318.85;303.64;-15.22;622.49
319.29;300.89;-18.41;620.18
319.39;301.04;-18.35;620.44
318.06;302.74;-15.32;620.80
320.03;301.87;-18.16;621.90
317.86;302.18;-15.68;620.04
319.51;302.65;-16.86;622.15
318.57;302.95;-15.62;621.52
318.84;302.96;-15.88;621.81
320.59;300.31;-20.28;620.89
319.70;300.71;-18.99;620.41
319.82;300.96;-18.86;620.79
318.71;302.62;-16.09;621.33
317.28;303.09;-14.19;620.36
320.24;302.38;-17.86;622.62
320.59;303.80;-16.79;624.39
317.72;302.81;-14.91;620.52
318.82;303.34;-15.49;622.16
320.55;298.97;-21.58;619.52
319.01;300.80;-18.21;619.81
319.15;302.36;-16.79;621.51
319.56;301.39;-18.18;620.95
320.25;301.81;-18.44;622.05
319.77;301.82;-17.95;621.59
319.48;302.18;-17.29;621.66
318.08;302.51;-15.57;620.59
318.51;302.75;-15.76;621.25
318.70;302.05;-16.65;620.75
317.89;300.09;-17.79;617.98
320.73;303.80;-16.93;624.53
319.57;302.38;-17.19;621.95
320.05;301.24;-18.82;621.29
320.02;299.52;-20.49;619.54
318.84;302.01;-16.84;620.85
320.75;301.90;-18.85;622.65
319.76;300.61;-19.15;620.38
319.70;300.78;-18.92;620.48
319.31;304.49;-14.81;623.80
319.27;302.54;-16.74;621.81
319.95;304.04;-15.91;623.99
319.66;304.26;-15.39;623.92
318.55;302.64;-15.91;621.19
320.14;303.06;-17.08;623.20
319.32;302.16;-17.16;621.48
318.49;299.31;-19.18;617.81
320.91;301.89;-19.02;622.81
318.99;300.18;-18.81;619.17
317.89;300.48;-17.41;618.37
319.72;299.00;-20.72;618.72
319.50;301.55;-17.95;621.05
318.85;299.95;-18.90;618.81
320.56;302.19;-18.38;622.75
320.12;302.94;-17.19;623.06
321.11;303.26;-17.85;624.37
319.32;300.41;-18.92;619.73
319.95;303.13;-16.82;623.08
319.92;302.74;-17.18;622.66
319.78;301.56;-18.22;621.35
318.96;300.50;-18.46;619.46
320.92;301.32;-19.60;622.24
318.60;303.00;-15.60;621.60
319.70;302.96;-16.74;622.66
317.82;302.04;-15.78;619.86
319.68;298.97;-20.71;618.65
320.19;302.78;-17.41;622.98
319.98;302.98;-16.99;622.96
319.70;300.11;-19.59;619.81
317.95;303.66;-14.29;621.61
318.46;299.79;-18.66;618.25
318.34;303.49;-14.85;621.83
320.94;300.44;-20.51;621.38
319.99;302.37;-17.62;622.36
320.13;302.40;-17.73;622.53
318.75;302.95;-15.80;621.69
319.49;302.18;-17.31;621.67
320.85;302.49;-18.36;623.34
319.64;302.88;-16.76;622.51
320.58;303.13;-17.45;623.71
318.58;300.32;-18.25;618.90
319.53;298.86;-20.66;618.39
319.91;302.52;-17.39;622.44
318.30;299.65;-18.65;617.95
320.26;302.05;-18.21;622.32
319.51;299.09;-20.42;618.59
319.96;302.50;-17.46;622.46
319.58;299.76;-19.82;619.34
319.39;303.19;-16.20;622.58
320.42;303.44;-16.98;623.85
319.50;300.68;-18.82;620.18
318.88;304.08;-14.80;622.96
320.05;302.34;-17.71;622.39
318.39;301.75;-16.64;620.14
319.34;301.99;-17.35;621.32
317.62;302.09;-15.54;619.71
318.12;300.42;-17.70;618.54
319.81;303.19;-16.61;623.00
320.24;301.02;-19.22;621.26
318.65;300.63;-18.02;619.28
319.56;299.01;-20.55;618.58
320.11;301.36;-18.75;621.46
319.11;299.96;-19.15;619.07
319.69;302.25;-17.44;621.94
319.43;301.20;-18.23;620.63
318.22;302.98;-15.24;621.21
320.27;303.29;-16.98;623.56
320.64;303.74;-16.90;624.37
319.41;302.24;-17.16;621.65
320.20;301.14;-19.06;621.34
320.04;302.00;-18.04;622.04
318.16;302.45;-15.71;620.62
319.51;302.69;-16.81;622.20
321.17;301.08;-20.09;622.25
319.19;301.57;-17.62;620.76
319.43;302.75;-16.68;622.18
319.76;302.29;-17.46;622.05
320.05;302.68;-17.38;622.73
319.36;301.69;-17.67;621.06
317.54;302.18;-15.35;619.72
319.90;301.53;-18.37;621.43
318.65;299.83;-18.82;618.48
318.49;303.29;-15.20;621.79
319.28;300.59;-18.69;619.88
319.45;303.18;-16.26;622.63
318.64;299.74;-18.90;618.38
319.15;302.06;-17.08;621.21
319.39;300.25;-19.14;619.64
318.15;299.44;-18.71;617.59
320.14;301.86;-18.28;622.00
318.42;303.45;-14.98;621.87
318.85;300.35;-18.50;619.21
318.44;299.11;-19.33;617.55
319.25;302.54;-16.72;621.79
317.79;302.96;-14.83;620.76
319.98;302.26;-17.72;622.24
320.26;302.26;-18.00;622.53
317.56;300.57;-16.99;618.13
320.05;303.03;-17.02;623.08
319.01;300.02;-18.99;619.04
318.68;302.54;-16.14;621.22
319.41;302.91;-16.50;622.31
319.39;301.29;-18.10;620.68
318.92;302.38;-16.54;621.30
320.05;301.75;-18.29;621.80
320.81;303.11;-17.69;623.92
317.96;302.53;-15.43;620.49
318.60;302.64;-15.96;621.24
319.22;303.15;-16.07;622.38
319.40;302.96;-16.44;622.36
319.36;302.05;-17.32;621.41
319.55;302.28;-17.26;621.83
319.96;302.80;-17.16;622.76
319.46;299.57;-19.89;619.03
319.79;300.11;-19.68;619.91
319.57;302.51;-17.06;622.08
318.95;301.77;-17.18;620.72
320.55;301.19;-19.36;621.74
320.17;300.19;-19.98;620.36
318.84;300.60;-18.24;619.44
318.09;302.34;-15.75;620.42
319.58;302.87;-16.71;622.45
319.72;303.04;-16.68;622.75
318.18;302.36;-15.82;620.54
320.02;302.61;-17.41;622.62
318.39;300.96;-17.42;619.35
318.46;300.88;-17.58;619.35
319.14;302.24;-16.90;621.37
319.72;302.19;-17.53;621.92
319.37;302.52;-16.85;621.89
318.82;301.71;-17.11;620.52
319.25;301.84;-17.42;621.09
319.53;302.49;-17.04;622.02
319.86;302.80;-17.06;622.66
320.03;303.04;-16.99;623.07
319.13;303.37;-15.76;622.50
319.10;300.38;-18.72;619.48
318.90;303.05;-15.85;621.95
320.11;304.56;-15.55;624.66
319.19;303.26;-15.94;622.45
319.32;301.99;-17.33;621.31
319.14;303.54;-15.61;622.68
318.93;302.70;-16.23;621.63
318.56;303.15;-15.41;621.72
316.23;303.31;-12.92;619.54
320.44;303.46;-16.98;623.91
319.89;302.11;-17.78;622.00
318.34;304.55;-13.79;622.89
318.55;302.88;-15.66;621.43
319.45;302.41;-17.04;621.85
318.64;300.71;-17.92;619.35
318.36;303.45;-14.91;621.81
319.19;303.19;-16.00;622.39
319.09;303.88;-15.21;622.97
318.23;302.29;-15.94;620.52
317.02;299.43;-17.59;616.45
319.89;303.10;-16.79;622.99
317.87;303.42;-14.45;621.29
318.16;302.52;-15.64;620.68
319.88;302.93;-16.95;622.81
319.21;303.21;-16.00;622.41
320.08;303.30;-16.78;623.38
317.81;300.31;-17.51;618.12
320.03;302.12;-17.91;622.15
318.51;302.48;-16.03;620.98
319.74;301.42;-18.31;621.16
318.56;303.84;-14.72;622.39
318.08;302.15;-15.92;620.23
319.78;302.45;-17.33;622.24
319.04;303.21;-15.82;622.25
319.86;303.38;-16.49;623.24
318.83;304.05;-14.78;622.88
319.35;302.35;-17.01;621.70
318.53;302.87;-15.66;621.40
320.51;299.75;-20.75;620.26
319.03;302.34;-16.69;621.36
318.16;302.55;-15.61;620.71
318.48;302.83;-15.65;621.31
319.15;303.61;-15.54;622.75
319.88;299.32;-20.55;619.20
319.78;302.21;-17.56;621.99
318.70;299.51;-19.19;618.21
319.17;303.11;-16.06;622.28
320.72;301.32;-19.40;622.04
319.77;303.04;-16.73;622.81
320.16;302.13;-18.03;622.29
318.71;300.42;-18.28;619.13
319.57;302.91;-16.66;622.48
319.58;302.79;-16.79;622.38
319.98;303.11;-16.86;623.09
319.27;300.41;-18.86;619.68
318.59;302.60;-15.99;621.19
319.96;301.11;-18.85;621.07
319.28;303.33;-15.95;622.61
319.55;302.44;-17.11;621.99
319.60;302.43;-17.17;622.03
317.53;301.51;-16.02;619.04
319.20;301.99;-17.21;621.19
319.66;299.16;-20.50;618.82
318.78;302.82;-15.96;621.59
319.29;302.81;-16.49;622.10
320.56;301.67;-18.89;622.24
317.91;302.84;-15.07;620.75
320.07;299.76;-20.31;619.84
318.41;302.81;-15.61;621.22
318.79;303.35;-15.44;622.14
319.23;302.22;-17.01;621.45
318.30;302.53;-15.77;620.83
320.02;301.11;-18.92;621.13
320.35;301.63;-18.72;621.98
319.85;301.72;-18.13;621.58
319.89;302.12;-17.77;622.01
320.32;299.44;-20.89;619.76
317.61;304.70;-12.91;622.31
318.95;302.28;-16.66;621.23
319.64;300.39;-19.25;620.02
320.21;300.71;-19.50;620.91
318.95;303.32;-15.62;622.27
317.90;301.73;-16.17;619.63
319.33;303.02;-16.31;622.35
321.24;302.19;-19.05;623.44
318.88;302.71;-16.17;621.58
319.21;303.99;-15.22;623.19
318.16;302.25;-15.91;620.41
319.61;302.79;-16.82;622.40
319.28;300.01;-19.28;619.29
319.23;303.12;-16.11;622.35
318.54;299.98;-18.56;618.51
319.09;300.88;-18.22;619.97
318.79;303.39;-15.39;622.18
320.21;301.18;-19.03;621.39
319.26;300.11;-19.15;619.36
319.59;302.31;-17.28;621.89
318.15;300.64;-17.52;618.79
319.88;303.01;-16.86;622.89
319.34;301.34;-17.99;620.68
319.44;301.65;-17.79;621.09
320.95;301.93;-19.02;622.88
318.00;301.24;-16.76;619.24
320.06;301.32;-18.75;621.38
319.09;301.67;-17.42;620.76
319.48;302.33;-17.15;621.81
319.78;300.45;-19.33;620.24
318.72;301.13;-17.59;619.85
320.30;300.09;-20.21;620.39
318.98;303.88;-15.10;622.86
319.33;299.23;-20.10;618.56
318.68;301.60;-17.08;620.28
319.02;303.23;-15.79;622.25
319.33;302.28;-17.05;621.61
319.62;299.52;-20.10;619.15
319.88;299.81;-20.07;619.68
318.40;301.36;-17.04;619.76
319.50;300.58;-18.92;620.08
319.62;300.71;-18.91;620.32
318.35;302.26;-16.08;620.61
318.84;302.72;-16.11;621.56
319.75;302.04;-17.71;621.78
320.85;302.23;-18.62;623.08
319.33;300.41;-18.92;619.74
319.76;299.62;-20.14;619.38
319.08;303.13;-15.95;622.21
319.84;300.96;-18.88;620.81
319.17;300.50;-18.67;619.67
319.30;302.32;-16.98;621.62
319.75;302.82;-16.94;622.57
318.89;302.08;-16.81;620.96
319.32;300.21;-19.12;619.53
319.29;299.21;-20.08;618.50
319.65;300.73;-18.92;620.38
321.60;299.77;-21.83;621.37
319.01;304.73;-14.28;623.74
319.91;300.31;-19.59;620.22
319.86;302.17;-17.69;622.03
320.13;303.23;-16.90;623.36
319.69;301.79;-17.91;621.48
317.69;302.02;-15.67;619.71
319.68;299.24;-20.44;618.91
319.94;302.96;-16.98;622.89
320.11;302.18;-17.94;622.29
320.77;301.68;-19.09;622.45
319.66;303.99;-15.68;623.65
318.37;301.15;-17.22;619.52
319.60;301.66;-17.94;621.26
319.21;300.06;-19.14;619.27
320.37;300.44;-19.93;620.81
321.53;302.69;-18.84;624.22
318.41;301.19;-17.22;619.59
320.77;301.71;-19.06;622.48
317.66;303.50;-14.16;621.16
318.95;300.68;-18.27;619.64
320.09;303.21;-16.88;623.31
318.46;299.49;-18.97;617.96
319.84;302.95;-16.89;622.78
319.51;303.39;-16.12;622.90
319.51;300.65;-18.86;620.16
318.56;300.99;-17.57;619.55
318.45;301.36;-17.09;619.82
320.31;300.39;-19.92;620.70
318.86;299.49;-19.37;618.36
319.80;302.85;-16.95;622.65
318.64;301.32;-17.32;619.95
318.99;301.77;-17.22;620.76
320.07;302.02;-18.05;622.09
320.68;303.96;-16.71;624.64
319.75;301.25;-18.50;621.01
320.61;303.09;-17.52;623.70
319.68;300.36;-19.31;620.04
320.97;299.48;-21.49;620.45
319.64;299.18;-20.46;618.81
318.22;301.84;-16.38;620.06
318.95;301.79;-17.16;620.74
319.37;301.98;-17.39;621.35
319.84;302.71;-17.13;622.54
319.98;301.34;-18.64;621.32
317.54;303.76;-13.78;621.31
319.46;300.73;-18.73;620.19
318.94;302.49;-16.44;621.43
318.50;299.77;-18.73;618.27
319.08;304.16;-14.92;623.25
318.12;302.51;-15.61;620.63
320.05;299.68;-20.36;619.73
318.90;300.25;-18.65;619.15
319.76;303.79;-15.97;623.56
319.56;300.98;-18.58;620.54
320.01;302.78;-17.23;622.78
320.15;299.94;-20.21;620.08
319.18;302.12;-17.06;621.30
319.95;300.66;-19.29;620.61
318.98;303.00;-15.98;621.98
319.14;303.12;-16.02;622.26
317.85;300.26;-17.58;618.11
319.50;302.00;-17.50;621.50
319.72;302.46;-17.26;622.18
320.40;303.66;-16.74;624.06
320.03;301.83;-18.20;621.86
320.44;302.18;-18.26;622.62
319.56;302.71;-16.85;622.28
319.06;299.85;-19.21;618.91
319.00;300.26;-18.74;619.26
319.31;300.82;-18.48;620.13
319.19;299.30;-19.89;618.49
320.51;301.54;-18.96;622.05
320.76;298.88;-21.88;619.64
320.74;302.31;-18.43;623.04
320.01;299.72;-20.28;619.73
318.82;300.04;-18.78;618.86
320.81;303.58;-17.23;624.38
319.85;302.18;-17.68;622.03
319.21;303.31;-15.91;622.52
320.35;301.39;-18.95;621.74
320.12;302.19;-17.93;622.32
317.29;302.54;-14.75;619.83
317.68;303.02;-14.66;620.70
318.98;301.68;-17.30;620.66
319.15;300.48;-18.66;619.63
320.99;303.08;-17.92;624.07
318.58;301.67;-16.91;620.25
318.72;300.64;-18.09;619.36
319.34;302.39;-16.94;621.73
319.86;302.79;-17.07;622.66
317.52;302.10;-15.42;619.62
320.59;300.57;-20.02;621.16
319.21;302.35;-16.86;621.56
320.16;301.16;-18.99;621.32
319.08;303.59;-15.49;622.67
318.59;302.39;-16.19;620.98
319.00;302.51;-16.49;621.51
319.21;301.03;-18.18;620.24
319.71;301.57;-18.14;621.28
319.46;300.61;-18.86;620.07
319.08;303.73;-15.35;622.81
318.10;302.56;-15.54;620.66
318.55;303.62;-14.93;622.18
319.88;301.82;-18.05;621.70
319.12;299.98;-19.14;619.10
319.34;301.40;-17.94;620.74
319.75;302.75;-17.00;622.51
320.05;303.29;-16.76;623.35
318.51;301.23;-17.28;619.74
319.57;303.75;-15.82;623.32
319.97;299.68;-20.29;619.65
318.78;301.54;-17.24;620.32
319.65;303.01;-16.64;622.66
319.06;300.42;-18.64;619.48
318.30;303.96;-14.34;622.26
318.46;301.15;-17.32;619.61
318.21;303.41;-14.80;621.61
318.55;302.86;-15.69;621.42
319.71;301.01;-18.70;620.72
319.47;299.56;-19.91;619.03
320.02;301.99;-18.03;622.02
319.74;299.08;-20.66;618.82
320.80;301.41;-19.39;622.21
319.78;302.97;-16.81;622.75
319.11;301.47;-17.64;620.58
318.61;303.61;-15.00;622.22
318.72;300.72;-18.01;619.44
320.28;301.54;-18.74;621.81
321.22;301.71;-19.52;622.93
319.15;303.12;-16.03;622.28
320.69;302.61;-18.08;623.30
320.96;299.78;-21.18;620.74
320.79;303.14;-17.65;623.92
320.46;303.76;-16.70;624.23
319.74;300.82;-18.92;620.56
319.66;299.82;-19.84;619.49
320.33;301.58;-18.75;621.91
320.18;299.92;-20.26;620.10
317.99;302.61;-15.38;620.59
317.62;301.56;-16.05;619.18
318.96;301.15;-17.82;620.11
317.92;300.33;-17.59;618.25
319.78;302.77;-17.01;622.55
321.16;303.31;-17.85;624.48
318.76;301.69;-17.07;620.45
317.54;301.91;-15.62;619.45
319.39;300.47;-18.92;619.86
318.97;302.82;-16.15;621.79
318.22;303.11;-15.11;621.32
318.86;302.54;-16.32;621.39
319.71;302.10;-17.61;621.81
318.12;299.88;-18.25;618.00
319.64;301.52;-18.11;621.16
318.86;301.86;-17.01;620.72
319.46;301.95;-17.51;621.41
319.51;302.60;-16.91;622.11
320.14;299.75;-20.39;619.89
320.24;303.12;-17.12;623.36
320.68;303.86;-16.81;624.54
319.34;302.25;-17.09;621.58
319.65;300.40;-19.25;620.05
320.35;300.97;-19.38;621.32
318.12;302.59;-15.53;620.71
319.55;302.92;-16.64;622.47
319.04;300.09;-18.95;619.13
320.55;303.57;-16.98;624.12
319.57;302.08;-17.49;621.65
319.82;303.01;-16.82;622.83
319.95;301.65;-18.29;621.60
320.05;300.68;-19.37;620.74
319.28;302.42;-16.85;621.70
319.59;304.05;-15.55;623.64
318.80;300.09;-18.71;618.89
318.99;301.65;-17.34;620.65
318.39;304.19;-14.20;622.58
319.49;300.10;-19.39;619.59
318.86;302.79;-16.07;621.66
318.75;304.03;-14.72;622.78
319.19;302.39;-16.79;621.58
318.86;302.75;-16.11;621.61
318.74;302.99;-15.75;621.72
318.61;300.17;-18.44;618.78
320.72;303.85;-16.88;624.57
319.58;304.20;-15.38;623.78
319.99;301.08;-18.91;621.06
317.54;302.96;-14.58;620.49
319.79;303.25;-16.54;623.05
318.56;302.68;-15.89;621.24
318.58;302.86;-15.72;621.45
319.01;302.21;-16.81;621.22
319.39;300.46;-18.92;619.85
317.85;302.16;-15.68;620.01
319.26;301.51;-17.75;620.77
320.30;302.72;-17.58;623.02
319.16;301.79;-17.37;620.96
319.09;300.19;-18.90;619.28
318.10;302.61;-15.49;620.71
320.15;299.57;-20.58;619.72
320.40;303.37;-17.03;623.77
320.68;301.88;-18.80;622.56
317.66;302.26;-15.39;619.92
318.42;302.51;-15.91;620.94
319.61;302.81;-16.81;622.42
320.36;303.27;-17.09;623.64
317.71;300.19;-17.52;617.90
319.58;304.11;-15.48;623.69
318.59;301.22;-17.38;619.81
319.32;302.61;-16.71;621.94
319.08;302.16;-16.92;621.24
318.37;301.70;-16.67;620.07
319.88;301.71;-18.17;621.59
320.31;299.99;-20.32;620.31
318.10;302.45;-15.65;620.55
318.98;302.84;-16.14;621.82
319.21;303.22;-15.99;622.42
319.35;303.76;-15.59;623.11
319.22;299.18;-20.05;618.40
318.85;302.96;-15.89;621.81
320.06;303.24;-16.83;623.30
318.73;302.22;-16.51;620.95
318.19;301.36;-16.83;619.56
318.52;299.85;-18.67;618.38
318.79;301.29;-17.50;620.08
319.38;301.73;-17.65;621.11
319.42;303.05;-16.37;622.46
319.31;303.05;-16.25;622.36
320.45;301.85;-18.61;622.30
318.11;302.12;-15.99;620.24
319.66;299.27;-20.39;618.94
318.95;303.05;-15.90;621.99
320.19;303.50;-16.69;623.69
319.77;301.64;-18.14;621.41
319.35;302.75;-16.61;622.10
319.05;300.92;-18.13;619.98
320.19;302.71;-17.48;622.89
319.92;303.23;-16.69;623.15
319.83;304.26;-15.57;624.09
318.53;302.84;-15.69;621.37
318.65;301.53;-17.12;620.18
319.31;303.62;-15.69;622.92
317.94;302.06;-15.88;620.01
319.11;302.50;-16.61;621.61
320.34;304.68;-15.66;625.02
317.94;302.15;-15.79;620.08
319.22;302.56;-16.65;621.78
320.94;303.06;-17.88;624.00
320.20;303.54;-16.66;623.74
319.38;301.94;-17.44;621.32
319.36;300.05;-19.31;619.41
318.62;301.56;-17.06;620.18
320.02;303.34;-16.68;623.36
320.46;302.55;-17.91;623.01
318.54;300.84;-17.70;619.38
318.88;303.26;-15.61;622.14
318.83;303.54;-15.29;622.36
316.64;302.57;-14.07;619.21
319.86;302.19;-17.66;622.05
320.65;304.44;-16.21;625.09
318.37;304.79;-13.58;623.16
318.79;299.98;-18.81;618.76
319.50;303.39;-16.11;622.89
320.40;301.51;-18.89;621.91
319.05;302.85;-16.20;621.89
318.94;301.98;-16.96;620.92
319.41;301.80;-17.61;621.21
319.72;302.17;-17.55;621.89
319.28;302.28;-17.00;621.55
319.03;301.78;-17.25;620.81
320.42;302.24;-18.18;622.66
319.90;299.44;-20.46;619.34
319.93;302.97;-16.96;622.90
320.18;303.40;-16.78;623.58
320.38;301.72;-18.65;622.10
319.41;300.94;-18.48;620.35
319.64;302.66;-16.98;622.31
317.08;301.84;-15.24;618.92
318.52;302.37;-16.15;620.89
319.69;304.29;-15.40;623.98
320.38;303.16;-17.22;623.55
320.56;300.40;-20.16;620.96
319.63;302.85;-16.78;622.48
320.77;302.74;-18.04;623.51
318.88;303.82;-15.06;622.70
319.32;304.39;-14.94;623.71
319.84;299.28;-20.55;619.12
319.88;300.93;-18.95;620.81
319.95;303.17;-16.78;623.12
318.84;300.20;-18.64;619.04
320.84;303.62;-17.22;624.45
317.97;301.23;-16.74;619.20
319.84;301.74;-18.10;621.58
320.87;298.84;-22.03;619.71
320.54;302.61;-17.92;623.15
320.02;299.66;-20.35;619.68
319.46;302.38;-17.08;621.84
319.11;300.88;-18.24;619.99
319.78;302.32;-17.46;622.11
320.31;302.69;-17.61;623.00
319.79;301.94;-17.85;621.74
319.15;303.54;-15.62;622.69
320.72;302.68;-18.04;623.39
320.10;300.01;-20.09;620.11
320.44;303.57;-16.86;624.01
319.71;300.45;-19.26;620.16
319.80;302.37;-17.43;622.17
320.36;301.49;-18.86;621.85
319.79;301.96;-17.82;621.75
321.21;302.43;-18.78;623.64
319.71;299.58;-20.13;619.28
319.98;303.00;-16.98;622.98
320.30;301.66;-18.64;621.96
319.45;302.14;-17.31;621.59
320.32;302.22;-18.10;622.55
319.63;304.31;-15.32;623.94
320.05;299.81;-20.24;619.86
319.21;302.20;-17.01;621.41
319.63;302.81;-16.82;622.44
319.88;301.13;-18.75;621.01
320.28;303.29;-16.99;623.56
319.32;303.81;-15.51;623.12
319.15;301.29;-17.85;620.44
320.46;301.44;-19.02;621.89
319.38;298.88;-20.50;618.25
319.32;302.59;-16.73;621.91
319.20;301.19;-18.01;620.39
320.31;303.41;-16.90;623.71
319.48;300.63;-18.85;620.11
319.73;304.02;-15.71;623.75
319.45;302.62;-16.84;622.07
318.74;300.40;-18.34;619.14
319.33;302.22;-17.11;621.55
321.14;300.70;-20.44;621.84
318.50;301.12;-17.38;619.62
318.94;303.31;-15.64;622.25
320.64;303.72;-16.92;624.35
319.56;300.80;-18.76;620.36
320.51;301.40;-19.11;621.91
317.54;301.82;-15.71;619.36
317.03;302.34;-14.69;619.36
318.27;302.74;-15.53;621.01
320.09;301.15;-18.94;621.24
319.81;303.15;-16.66;622.96
317.55;303.92;-13.64;621.47
319.73;301.19;-18.54;620.92
319.69;299.73;-19.96;619.42
318.85;302.25;-16.59;621.10
319.72;302.47;-17.25;622.19
318.67;303.07;-15.60;621.74
319.15;300.15;-19.00;619.29
319.42;300.56;-18.86;619.99
319.32;302.91;-16.41;622.23
320.16;299.38;-20.79;619.54
319.78;303.24;-16.54;623.02
318.18;302.14;-16.04;620.32
320.06;302.68;-17.38;622.74
318.51;303.41;-15.11;621.92
318.82;300.48;-18.34;619.29
319.38;300.72;-18.66;620.09
319.26;302.50;-16.76;621.76
320.02;299.76;-20.26;619.79
319.48;303.15;-16.33;622.64
317.66;300.60;-17.06;618.26
319.79;300.87;-18.92;620.66
318.07;301.51;-16.56;619.58
319.27;301.78;-17.49;621.05
319.01;300.84;-18.17;619.84
319.82;302.42;-17.40;622.24
320.12;299.79;-20.33;619.92
319.30;302.27;-17.03;621.57
318.19;300.41;-17.78;618.61
319.69;299.65;-20.05;619.34
317.56;302.98;-14.59;620.54
319.74;301.85;-17.89;621.59
320.22;300.80;-19.42;621.02
320.07;302.70;-17.37;622.77
320.41;300.62;-19.79;621.02
319.71;303.50;-16.21;623.21
319.99;302.70;-17.29;622.69
320.48;303.38;-17.11;623.86
319.92;301.67;-18.25;621.59
319.37;302.20;-17.17;621.57
320.06;302.53;-17.53;622.59
319.88;301.85;-18.03;621.74
320.15;302.19;-17.96;622.34
320.55;302.70;-17.85;623.25
319.76;300.72;-19.05;620.48
320.04;299.99;-20.05;620.02
321.74;300.33;-21.41;622.07
320.61;302.75;-17.86;623.36
320.01;304.21;-15.80;624.22
318.66;301.38;-17.28;620.04
320.08;301.72;-18.35;621.80
319.49;303.28;-16.21;622.76
317.84;302.46;-15.38;620.29
319.58;301.01;-18.58;620.59
319.98;302.12;-17.86;622.09
319.34;300.37;-18.97;619.71
318.91;302.68;-16.24;621.59
318.54;302.57;-15.97;621.11
317.89;301.66;-16.24;619.55
318.99;302.08;-16.91;621.06
319.14;303.59;-15.54;622.73
318.44;300.76;-17.67;619.20
317.92;303.37;-14.55;621.29
318.76;303.54;-15.22;622.29
319.79;302.28;-17.51;622.06
319.48;301.45;-18.03;620.94
318.96;299.59;-19.36;618.55
319.01;301.97;-17.04;620.98
319.45;302.48;-16.97;621.94
318.54;301.12;-17.41;619.66
319.02;301.68;-17.35;620.70
318.80;303.89;-14.91;622.69
319.85;302.53;-17.32;622.38
319.71;302.49;-17.21;622.20
319.64;303.60;-16.04;623.24
319.06;301.99;-17.06;621.05
317.98;302.68;-15.30;620.65
319.69;299.81;-19.88;619.50
319.92;303.08;-16.84;622.99
319.14;300.29;-18.85;619.43
317.64;302.49;-15.14;620.13
319.90;302.26;-17.64;622.16
319.66;301.24;-18.42;620.90
318.98;300.01;-18.96;618.99
320.01;301.97;-18.04;621.98
319.34;302.49;-16.85;621.84
319.66;303.02;-16.64;622.68
319.08;303.25;-15.83;622.34
319.31;300.48;-18.84;619.79
320.90;302.31;-18.59;623.21
319.38;301.55;-17.84;620.93
319.83;299.71;-20.12;619.54
320.32;302.26;-18.06;622.58
319.56;300.88;-18.68;620.44
318.92;302.89;-16.03;621.81
319.23;303.68;-15.55;622.91
319.26;304.22;-15.04;623.48
317.41;301.24;-16.17;618.64
320.53;303.25;-17.28;623.78
319.63;302.32;-17.31;621.95
318.79;299.46;-19.32;618.25
319.89;303.00;-16.89;622.89
318.67;301.43;-17.24;620.10
319.48;303.68;-15.79;623.16
319.28;300.81;-18.46;620.09
319.53;304.39;-15.14;623.92
317.05;301.62;-15.44;618.67
317.74;300.27;-17.46;618.01
318.05;303.39;-14.66;621.44
316.93;300.97;-15.96;617.90
318.68;302.82;-15.86;621.50
319.80;301.98;-17.82;621.78
319.57;300.92;-18.65;620.49
319.75;300.08;-19.68;619.83
318.71;300.46;-18.24;619.17
319.26;303.26;-16.01;622.52
319.37;302.44;-16.94;621.81
319.63;302.76;-16.86;622.39
318.66;301.13;-17.53;619.79
319.04;300.56;-18.48;619.59
317.92;302.79;-15.13;620.71
319.71;302.63;-17.08;622.34
318.33;302.91;-15.42;621.24
319.88;302.21;-17.67;622.09
319.89;300.46;-19.42;620.35
319.73;301.07;-18.66;620.80
321.39;301.12;-20.26;622.51
319.26;303.71;-15.55;622.98
319.15;302.23;-16.92;621.38
319.98;302.14;-17.84;622.11
321.72;301.65;-20.08;623.37
319.60;300.16;-19.44;619.76
319.36;302.53;-16.84;621.89
318.19;301.00;-17.19;619.19
318.78;301.58;-17.21;620.36
320.06;301.03;-19.04;621.09
319.18;302.34;-16.84;621.51
317.39;302.95;-14.44;620.34
320.12;301.96;-18.16;622.08
319.92;299.52;-20.40;619.44
320.12;301.09;-19.04;621.21
320.34;300.24;-20.11;620.58
319.92;300.42;-19.51;620.34
319.63;300.89;-18.74;620.52
320.11;301.43;-18.68;621.54
317.15;299.66;-17.49;616.82
319.43;301.98;-17.45;621.41
319.41;299.30;-20.11;618.71
321.25;299.72;-21.52;620.97
318.76;299.99;-18.76;618.75
320.71;300.22;-20.48;620.93
319.49;300.42;-19.07;619.91
319.95;301.09;-18.85;621.04
318.89;301.34;-17.55;620.24
319.78;301.68;-18.09;621.46
320.72;298.95;-21.78;619.67
318.49;302.48;-16.01;620.98
319.85;302.96;-16.89;622.82
318.58;299.92;-18.66;618.50
319.65;301.88;-17.77;621.54
318.16;302.37;-15.79;620.53
320.34;301.29;-19.05;621.62
321.22;303.04;-18.19;624.26
319.51;302.05;-17.45;621.56
319.86;299.85;-20.01;619.71
320.26;300.86;-19.41;621.12
319.25;303.14;-16.11;622.38
320.59;299.19;-21.40;619.79
320.75;300.78;-19.97;621.52
319.96;302.31;-17.65;622.28
320.39;303.05;-17.34;623.44
321.41;301.91;-19.51;623.32
319.55;299.44;-20.11;618.99
319.71;299.49;-20.22;619.19
318.84;300.19;-18.65;619.02
319.50;301.84;-17.66;621.34
319.88;301.05;-18.83;620.92
319.76;301.29;-18.48;621.05
319.95;302.90;-17.05;622.85
319.45;302.08;-17.38;621.53
319.30;302.63;-16.67;621.93
320.39;301.85;-18.55;622.24
319.56;301.32;-18.24;620.88
319.88;301.75;-18.13;621.64
319.72;302.45;-17.27;622.16
320.25;299.44;-20.81;619.69
319.28;302.15;-17.12;621.43
320.74;302.06;-18.68;622.79
320.98;302.62;-18.36;623.60
320.26;301.08;-19.18;621.34
320.74;303.30;-17.44;624.04
321.51;301.68;-19.83;623.19
319.39;302.01;-17.38;621.39
319.99;299.06;-20.93;619.05
319.42;299.55;-19.86;618.97
319.96;301.87;-18.09;621.84
320.24;299.28;-20.95;619.52
319.61;302.78;-16.84;622.39
320.86;299.65;-21.22;620.51
317.22;300.25;-16.98;617.47
319.79;301.46;-18.32;621.25
319.68;299.04;-20.64;618.72
320.19;302.75;-17.45;622.94
316.92;301.96;-14.96;618.88
319.74;302.38;-17.36;622.12
320.28;299.54;-20.74;619.82
319.19;303.16;-16.02;622.35
319.82;300.34;-19.48;620.15
319.39;300.72;-18.68;620.11
316.89;303.13;-13.76;620.02
319.71;301.28;-18.44;620.99
319.95;299.82;-20.12;619.77
319.49;303.34;-16.15;622.83
319.39;300.51;-18.88;619.89
320.55;303.14;-17.41;623.68
319.22;303.62;-15.59;622.84
319.76;298.87;-20.89;618.63
319.41;301.29;-18.11;620.70
318.96;300.60;-18.36;619.56
320.77;300.44;-20.33;621.21
319.62;302.49;-17.12;622.11
318.29;303.18;-15.11;621.46
319.10;303.48;-15.62;622.58
319.51;299.55;-19.96;619.05
318.97;302.42;-16.55;621.39
319.90;301.02;-18.88;620.92
319.93;301.72;-18.21;621.65
317.82;302.35;-15.48;620.17
319.31;299.29;-20.01;618.60
319.89;299.76;-20.12;619.65
318.85;301.64;-17.22;620.49
318.04;299.39;-18.65;617.42
318.30;304.11;-14.19;622.41
318.58;302.34;-16.25;620.92
320.19;301.91;-18.29;622.10
320.35;301.01;-19.34;621.36
320.84;300.51;-20.34;621.35
320.26;304.11;-16.15;624.38
319.51;303.38;-16.13;622.89
320.93;300.66;-20.26;621.59
319.79;301.31;-18.48;621.11
319.51;301.23;-18.28;620.74
320.29;301.78;-18.51;622.08
320.47;300.00;-20.47;620.47
319.84;302.07;-17.76;621.91
320.99;302.87;-18.12;623.86
318.92;299.84;-19.09;618.76
320.26;300.24;-20.02;620.49
319.60;302.13;-17.47;621.73
318.97;299.87;-19.10;618.84
320.19;302.59;-17.59;622.78
320.30;300.02;-20.28;620.32
317.98;298.98;-19.00;616.96
319.73;300.59;-19.14;620.32
319.79;302.72;-17.06;622.51
320.34;301.89;-18.44;622.23
318.58;301.95;-16.63;620.52
319.84;300.72;-19.12;620.56
317.94;303.16;-14.78;621.11
319.64;301.22;-18.42;620.86
320.61;299.88;-20.74;620.49
319.09;300.11;-18.98;619.19
319.76;300.89;-18.87;620.66
317.11;300.91;-16.20;618.02
319.02;303.52;-15.49;622.54
319.08;302.52;-16.56;621.61
319.85;301.01;-18.84;620.86
319.52;303.22;-16.30;622.75
319.64;300.49;-19.15;620.12
320.34;301.94;-18.39;622.28
319.65;302.21;-17.44;621.86
318.75;302.82;-15.94;621.57
319.34;301.45;-17.89;620.79
318.86;300.41;-18.46;619.27
317.84;300.70;-17.14;618.54
318.89;301.23;-17.66;620.12
319.68;301.72;-17.96;621.39
319.09;301.81;-17.28;620.91
320.69;302.78;-17.91;623.46
318.87;301.84;-17.04;620.71
319.81;301.28;-18.54;621.09
318.94;300.96;-17.98;619.89
319.98;301.34;-18.65;621.32
319.11;299.89;-19.22;618.99
320.09;302.34;-17.75;622.42
320.72;302.48;-18.24;623.21
318.34;299.69;-18.65;618.02
318.98;303.64;-15.35;622.62
319.05;302.18;-16.88;621.23
320.04;302.72;-17.31;622.76
319.95;302.92;-17.03;622.86
320.12;302.16;-17.96;622.29
319.94;302.72;-17.22;622.65
320.98;302.90;-18.08;623.88
320.02;300.10;-19.92;620.12
319.55;303.67;-15.88;623.22
319.28;302.08;-17.19;621.36
318.09;304.56;-13.53;622.65
318.20;301.24;-16.96;619.44
318.92;301.82;-17.10;620.74
320.16;301.85;-18.31;622.01
319.39;302.63;-16.76;622.02
318.60;302.99;-15.61;621.59
319.11;302.45;-16.66;621.56
319.52;301.94;-17.58;621.45
319.54;303.18;-16.36;622.72
318.74;300.32;-18.42;619.06
317.36;303.29;-14.08;620.65
319.65;299.09;-20.56;618.74
318.81;302.66;-16.15;621.47
319.69;299.82;-19.87;619.52
320.55;301.31;-19.25;621.86
318.82;299.22;-19.60;618.04
319.61;300.84;-18.77;620.45
319.89;302.50;-17.39;622.39
319.00;303.05;-15.95;622.05
319.46;300.05;-19.42;619.51
319.59;301.37;-18.22;620.96
319.88;302.89;-16.99;622.78
319.19;301.38;-17.81;620.58
319.51;300.56;-18.95;620.06
321.01;302.29;-18.72;623.31
319.59;301.42;-18.17;621.01
320.65;299.54;-21.11;620.19
320.41;300.49;-19.92;620.89
320.28;302.94;-17.34;623.22
318.99;300.98;-18.02;619.97
320.65;301.58;-19.07;622.22
320.10;302.10;-18.00;622.20
319.23;299.51;-19.72;618.74
320.48;301.82;-18.65;622.30
320.61;299.25;-21.36;619.86
318.51;300.81;-17.71;619.32
318.63;301.27;-17.36;619.90
319.24;301.80;-17.44;621.04
319.06;303.97;-15.09;623.03
319.75;301.13;-18.62;620.88
319.74;302.91;-16.83;622.65
320.09;302.05;-18.04;622.14
319.11;298.95;-20.16;618.06
321.31;301.29;-20.01;622.60
320.16;303.32;-16.84;623.48
319.32;303.72;-15.60;623.05
317.88;303.11;-14.77;620.98
319.96;302.56;-17.40;622.52
319.93;299.92;-20.01;619.85
320.59;302.40;-18.19;622.99
319.28;302.72;-16.56;621.99
320.67;302.03;-18.64;622.70
318.83;301.52;-17.31;620.35
319.46;300.65;-18.81;620.11
319.21;304.34;-14.87;623.55
320.05;302.72;-17.33;622.76
320.62;303.06;-17.55;623.68
319.88;302.28;-17.60;622.16
318.56;299.54;-19.02;618.10
319.05;303.32;-15.73;622.38
320.58;299.25;-21.33;619.84
319.24;302.33;-16.91;621.56
319.90;302.65;-17.25;622.55
319.09;299.71;-19.39;618.80
320.12;300.15;-19.97;620.26
319.44;302.61;-16.83;622.04
319.79;301.89;-17.90;621.69
319.49;299.06;-20.44;618.55
319.27;300.48;-18.79;619.75
318.12;299.09;-19.03;617.21
319.91;299.82;-20.09;619.72
320.09;302.35;-17.74;622.44
318.19;302.37;-15.82;620.56
321.11;303.05;-18.06;624.15
319.11;303.43;-15.68;622.54
319.45;300.66;-18.78;620.11
319.25;302.40;-16.85;621.65
320.12;301.40;-18.72;621.52
319.25;300.68;-18.56;619.93
320.31;300.39;-19.91;620.70
321.11;300.89;-20.22;622.00
318.46;300.19;-18.28;618.65
320.98;300.40;-20.58;621.38
319.79;302.28;-17.51;622.06
320.26;301.58;-18.68;621.84
320.68;303.10;-17.58;623.78
319.84;299.67;-20.16;619.51
320.02;300.98;-19.04;621.00
319.22;300.34;-18.88;619.56
319.63;299.39;-20.24;619.02
319.42;302.33;-17.09;621.75
318.85;299.84;-19.01;618.69
318.86;300.14;-18.73;619.00
320.70;302.90;-17.80;623.60
318.96;304.24;-14.73;623.20
318.92;301.39;-17.53;620.31
319.83;300.65;-19.18;620.48
319.61;303.08;-16.53;622.68
319.50;301.58;-17.92;621.08
319.29;301.92;-17.37;621.22
319.14;302.38;-16.75;621.52
318.24;299.44;-18.81;617.68
318.48;300.92;-17.56;619.39
319.08;301.62;-17.45;620.70
317.72;300.71;-17.02;618.43
319.92;301.06;-18.85;620.98
320.22;298.39;-21.83;618.62
320.21;302.19;-18.02;622.41
320.58;302.06;-18.52;622.64
319.93;302.98;-16.95;622.91
319.16;303.44;-15.73;622.60
319.48;301.83;-17.65;621.31
319.97;300.83;-19.14;620.80
318.71;299.33;-19.38;618.04
320.36;304.82;-15.55;625.18
317.49;302.36;-15.14;619.85
319.46;302.76;-16.69;622.22
317.39;301.54;-15.85;618.93
319.11;303.48;-15.63;622.58
319.41;303.43;-15.98;622.84
319.92;302.54;-17.38;622.45
318.41;301.79;-16.62;620.20
320.41;303.10;-17.31;623.51
320.62;300.57;-20.05;621.19
319.55;302.49;-17.06;622.05
320.23;303.04;-17.19;623.26
319.03;301.62;-17.41;620.65
321.23;300.61;-20.62;621.84
319.96;301.25;-18.71;621.21
319.91;301.49;-18.42;621.40
319.29;301.89;-17.40;621.18
320.34;301.09;-19.25;621.42
318.47;299.58;-18.89;618.05
320.22;301.13;-19.09;621.35
319.13;302.34;-16.79;621.47
320.16;301.86;-18.29;622.02
321.11;302.58;-18.54;623.69
320.44;302.72;-17.72;623.16
320.52;302.15;-18.38;622.67
320.69;301.12;-19.56;621.81
319.37;302.39;-16.98;621.76
318.83;299.30;-19.53;618.13
320.15;300.05;-20.09;620.20
320.75;302.76;-17.99;623.51
319.91;298.94;-20.97;618.84
319.98;299.42;-20.55;619.40
320.19;301.68;-18.51;621.87
319.59;301.98;-17.61;621.57
319.44;302.04;-17.40;621.48
320.62;302.71;-17.91;623.33
320.69;301.15;-19.54;621.84
319.12;303.21;-15.92;622.33
318.70;301.85;-16.85;620.55
319.55;301.11;-18.44;620.66
319.73;299.56;-20.16;619.29
320.27;301.95;-18.32;622.22
319.32;300.44;-18.88;619.76
319.71;302.76;-16.95;622.48
319.84;304.46;-15.38;624.30
320.57;303.65;-16.92;624.22
319.39;302.42;-16.96;621.81
318.65;304.44;-14.21;623.09
319.87;300.39;-19.48;620.26
319.41;303.31;-16.11;622.72
320.82;299.19;-21.62;620.01
319.61;301.39;-18.22;620.99
320.14;303.12;-17.01;623.26
319.12;303.60;-15.52;622.72
318.86;298.88;-19.98;617.75
319.30;299.26;-20.04;618.56
320.15;301.69;-18.46;621.84
318.24;302.32;-15.92;620.55
319.56;302.71;-16.86;622.27
318.60;302.71;-15.89;621.31
320.24;300.19;-20.05;620.43
319.43;301.77;-17.66;621.20
319.32;302.46;-16.86;621.79
319.70;299.39;-20.31;619.09
319.36;299.86;-19.50;619.23
319.58;302.64;-16.94;622.21
320.12;300.79;-19.34;620.91
319.89;303.26;-16.62;623.15
319.37;302.65;-16.72;622.02
321.19;303.11;-18.09;624.30
320.17;299.26;-20.91;619.44
320.39;301.76;-18.63;622.15
320.48;302.31;-18.16;622.79
319.88;302.35;-17.54;622.23
320.12;301.32;-18.79;621.44
319.27;301.82;-17.45;621.09
319.46;298.97;-20.49;618.44
318.36;299.34;-19.02;617.69
318.62;301.56;-17.05;620.18
320.08;300.11;-19.97;620.19
319.97;300.79;-19.18;620.76
318.77;302.88;-15.89;621.65
319.15;300.04;-19.11;619.19
318.79;301.96;-16.83;620.76
320.47;301.20;-19.27;621.67
320.50;301.55;-18.95;622.05
320.40;299.94;-20.46;620.34
320.43;302.26;-18.17;622.69
320.86;302.90;-17.96;623.76
319.99;303.89;-16.10;623.88
321.64;301.58;-20.06;623.21
319.39;302.75;-16.64;622.15
319.79;301.05;-18.74;620.85
318.74;304.17;-14.57;622.91
319.62;301.44;-18.18;621.05
317.49;301.88;-15.62;619.37
320.35;302.42;-17.93;622.78
320.90;300.89;-20.01;621.79
320.44;300.00;-20.44;620.44
319.36;300.59;-18.77;619.95
319.56;301.28;-18.28;620.84
319.68;299.50;-20.18;619.18
318.64;303.09;-15.55;621.74
319.55;302.24;-17.31;621.78
320.20;302.58;-17.62;622.78
320.42;303.08;-17.35;623.50
316.38;300.21;-16.18;616.59
317.62;304.74;-12.88;622.36
319.82;300.93;-18.89;620.75
320.05;301.36;-18.69;621.41
319.37;299.88;-19.49;619.25
319.47;300.29;-19.18;619.76
320.48;300.70;-19.78;621.18
319.01;300.26;-18.75;619.26
320.78;301.75;-19.03;622.54
319.26;302.47;-16.79;621.74
317.83;302.80;-15.03;620.63
320.04;301.88;-18.16;621.92
317.78;302.44;-15.34;620.22
318.47;302.92;-15.55;621.39
319.12;301.62;-17.50;620.75
319.56;302.77;-16.79;622.33
320.05;300.81;-19.24;620.86
318.90;301.30;-17.60;620.20
318.80;301.94;-16.86;620.74
319.09;302.22;-16.87;621.32
320.79;300.75;-20.04;621.55
318.64;303.17;-15.47;621.81
319.17;300.51;-18.66;619.68
319.35;302.27;-17.08;621.62
319.69;302.48;-17.21;622.17
319.92;302.93;-16.99;622.85
320.12;305.42;-14.70;625.55
318.09;302.44;-15.66;620.53
319.02;302.96;-16.06;621.98
318.92;300.08;-18.84;619.00
320.09;300.67;-19.42;620.76
319.36;298.91;-20.45;618.28
318.69;301.68;-17.02;620.37
320.53;300.04;-20.49;620.56
319.12;300.68;-18.44;619.79
316.93;300.94;-15.99;617.87
321.35;303.19;-18.16;624.54
319.49;303.63;-15.86;623.12
319.74;302.08;-17.66;621.82
320.51;303.54;-16.97;624.04
319.14;301.50;-17.64;620.64
319.74;302.18;-17.56;621.92
318.15;300.68;-17.48;618.83
320.31;303.04;-17.27;623.34
319.10;299.82;-19.28;618.92
319.31;300.21;-19.09;619.52
319.44;300.11;-19.32;619.55
319.59;303.05;-16.54;622.64
319.04;302.25;-16.79;621.29
319.61;300.71;-18.89;620.32
319.90;301.95;-17.95;621.85
320.68;303.48;-17.21;624.16
320.74;304.01;-16.72;624.75
318.38;304.21;-14.18;622.59
317.11;301.45;-15.66;618.56
318.91;301.77;-17.14;620.68
320.60;301.96;-18.64;622.56
319.21;300.40;-18.81;619.61
319.92;302.79;-17.12;622.71
317.29;301.46;-15.84;618.75
318.75;302.42;-16.32;621.17
320.14;302.04;-18.11;622.18
320.14;302.51;-17.63;622.65
319.44;302.85;-16.59;622.28
319.45;303.22;-16.23;622.66
319.85;302.52;-17.33;622.38
319.82;302.89;-16.93;622.71
319.97;301.34;-18.64;621.31
319.19;301.94;-17.26;621.13
319.72;300.83;-18.89;620.55
319.91;302.39;-17.52;622.31
319.03;302.09;-16.94;621.12
319.67;301.25;-18.42;620.92
319.68;301.03;-18.65;620.71
320.12;299.98;-20.14;620.10
320.98;301.81;-19.17;622.78
319.37;301.10;-18.27;620.47
318.64;299.63;-19.01;618.26
318.95;299.83;-19.12;618.78
319.36;300.52;-18.84;619.88
317.58;302.91;-14.66;620.49
320.06;301.48;-18.58;621.54
318.46;301.92;-16.54;620.38
320.36;301.17;-19.19;621.54
320.08;301.62;-18.46;621.69
317.33;304.14;-13.19;621.46
319.61;302.33;-17.28;621.94
318.36;302.54;-15.82;620.91
320.04;301.24;-18.81;621.28
318.43;302.81;-15.62;621.24
319.76;302.20;-17.56;621.96
319.36;302.92;-16.44;622.28
320.35;301.94;-18.41;622.29
319.14;302.35;-16.78;621.49
317.98;301.12;-16.86;619.11
320.18;301.28;-18.91;621.46
320.72;300.88;-19.85;621.60
320.08;301.16;-18.91;621.24
320.17;302.94;-17.24;623.11
319.33;299.04;-20.29;618.36
320.54;302.51;-18.02;623.05
320.24;299.65;-20.59;619.89
319.06;299.79;-19.26;618.85
318.63;301.55;-17.08;620.18
320.99;300.89;-20.09;621.88
319.71;302.48;-17.23;622.19
320.68;302.74;-17.94;623.42
319.32;298.75;-20.56;618.07
319.12;302.25;-16.87;621.38
319.61;300.57;-19.04;620.18
318.66;301.22;-17.44;619.88
319.59;300.17;-19.42;619.76
320.11;298.76;-21.35;618.86
319.86;302.22;-17.64;622.09
319.66;302.54;-17.12;622.19
317.29;301.69;-15.60;618.99
319.01;301.98;-17.03;620.99
319.83;302.27;-17.56;622.10
319.62;302.57;-17.05;622.19
318.63;299.81;-18.82;618.44
319.11;303.48;-15.63;622.58
320.61;300.55;-20.05;621.16
319.70;300.99;-18.71;620.69
319.84;301.36;-18.48;621.20
319.51;301.82;-17.69;621.33
320.26;302.32;-17.95;622.58
319.35;301.47;-17.88;620.82
318.52;302.94;-15.58;621.45
318.89;301.51;-17.38;620.40
321.18;302.06;-19.11;623.24
319.23;302.33;-16.90;621.56
319.95;304.71;-15.24;624.66
319.00;301.89;-17.11;620.89
317.99;300.40;-17.59;618.39
320.12;302.53;-17.59;622.65
317.78;301.10;-16.68;618.88
321.50;302.97;-18.53;624.47
319.35;303.85;-15.50;623.19
320.03;302.38;-17.65;622.41
320.63;302.68;-17.95;623.31
318.98;302.99;-15.99;621.97
320.25;300.06;-20.19;620.31
319.19;302.52;-16.66;621.71
319.92;302.98;-16.95;622.90
320.14;301.68;-18.46;621.82
320.78;300.34;-20.45;621.12
320.06;302.42;-17.65;622.48
319.49;299.56;-19.92;619.05
319.26;303.32;-15.95;622.58
317.98;302.22;-15.76;620.19
319.46;302.75;-16.71;622.22
319.92;301.39;-18.53;621.32
319.28;302.34;-16.94;621.61
319.56;300.74;-18.82;620.31
321.31;302.46;-18.85;623.78
319.93;300.39;-19.54;620.32
320.04;301.91;-18.12;621.95
319.18;303.29;-15.89;622.46
318.56;300.96;-17.61;619.52
318.35;304.10;-14.25;622.45
318.76;303.30;-15.46;622.06
319.24;301.89;-17.35;621.14
319.74;302.25;-17.49;621.99
320.36;302.56;-17.81;622.92
320.59;299.81;-20.78;620.41
319.54;302.49;-17.04;622.03
320.18;302.80;-17.38;622.98
318.76;299.86;-18.90;618.62
319.27;300.37;-18.90;619.64
320.82;298.78;-22.04;619.59
319.28;301.12;-18.15;620.40
320.33;301.35;-18.98;621.68
320.24;301.88;-18.36;622.12
316.51;303.74;-12.77;620.24
319.76;300.61;-19.15;620.38
318.61;299.86;-18.75;618.48
319.07;302.13;-16.94;621.20
318.56;300.25;-18.32;618.81
319.66;300.90;-18.76;620.56
318.20;300.81;-17.39;619.01
318.84;300.26;-18.58;619.10
320.06;303.07;-16.99;623.14
320.23;302.00;-18.23;622.23
319.65;300.71;-18.94;620.36
320.15;303.23;-16.92;623.38
319.84;303.69;-16.15;623.52
318.78;301.89;-16.88;620.67
319.82;301.08;-18.74;620.89
320.40;299.45;-20.95;619.85
319.98;299.76;-20.22;619.75
318.98;303.54;-15.45;622.52
320.75;302.79;-17.96;623.54
319.03;303.12;-15.91;622.15
319.31;300.28;-19.03;619.58
319.48;299.54;-19.94;619.01
319.95;299.97;-19.98;619.92
318.77;301.67;-17.10;620.44
320.72;302.04;-18.68;622.76
318.05;302.34;-15.71;620.39
319.66;302.80;-16.86;622.46
318.71;301.16;-17.55;619.86
320.46;302.51;-17.95;622.98
319.39;299.49;-19.90;618.88
319.29;299.14;-20.16;618.43
319.54;299.27;-20.26;618.81
320.74;301.66;-19.08;622.39
320.14;302.20;-17.94;622.34
320.67;299.41;-21.26;620.08
318.06;302.98;-15.08;621.05
319.08;301.74;-17.35;620.82
317.84;301.99;-15.85;619.82
319.46;302.26;-17.20;621.73
319.69;301.56;-18.13;621.25
319.86;303.09;-16.77;622.96
319.78;301.93;-17.85;621.71
320.79;300.56;-20.23;621.35
318.72;301.01;-17.72;619.73
319.12;303.39;-15.73;622.52
320.65;301.78;-18.87;622.42
320.36;302.29;-18.08;622.65
321.45;299.41;-22.05;620.86
320.68;300.58;-20.11;621.26
320.94;302.08;-18.86;623.01
320.92;302.55;-18.36;623.47
319.09;302.85;-16.24;621.94
319.55;300.18;-19.37;619.72
320.50;301.60;-18.90;622.10
319.54;301.92;-17.61;621.46
319.88;302.43;-17.45;622.31
321.64;301.64;-19.99;623.28
320.12;301.83;-18.29;621.95
319.72;299.19;-20.54;618.91
320.11;302.69;-17.42;622.80
321.22;301.13;-20.09;622.35
319.15;301.57;-17.58;620.72
320.78;300.32;-20.45;621.10
321.15;299.07;-22.08;620.22
320.86;301.54;-19.33;622.40
320.62;299.88;-20.74;620.51
319.73;300.34;-19.39;620.07
320.68;302.59;-18.09;623.26
321.43;301.12;-20.31;622.55
317.31;301.50;-15.81;618.81
319.35;301.88;-17.47;621.24
319.39;303.21;-16.18;622.60
319.68;299.87;-19.81;619.55
318.97;302.25;-16.72;621.22
319.42;301.43;-17.99;620.85
319.95;302.92;-17.03;622.88
319.46;302.25;-17.21;621.71
320.98;303.56;-17.42;624.54
319.81;301.15;-18.66;620.96
320.13;303.77;-16.36;623.90
320.69;301.97;-18.72;622.66
319.48;302.44;-17.04;621.92
318.72;302.90;-15.82;621.62
318.19;303.31;-14.88;621.49
320.51;300.51;-20.00;621.01
320.98;300.78;-20.19;621.76
319.98;302.46;-17.52;622.45
320.32;302.74;-17.58;623.06
319.19;300.25;-18.94;619.44
318.67;299.38;-19.29;618.05
319.54;299.68;-19.85;619.22
318.92;298.17;-20.75;617.09
318.79;302.32;-16.46;621.11
319.51;302.65;-16.86;622.16
319.89;300.94;-18.95;620.83
317.10;301.12;-15.98;618.22
320.49;301.71;-18.78;622.19
320.18;300.27;-19.91;620.45
318.16;302.55;-15.61;620.72
320.24;304.26;-15.98;624.51
318.26;299.97;-18.29;618.23
319.41;299.38;-20.03;618.78
319.71;298.92;-20.79;618.62
319.61;301.54;-18.06;621.15
318.80;303.19;-15.61;621.99
319.18;300.16;-19.02;619.34
317.28;299.26;-18.01;616.54
318.55;300.72;-17.83;619.28
320.04;303.02;-17.02;623.05
319.77;302.27;-17.50;622.04
320.77;300.80;-19.97;621.57
319.95;302.33;-17.62;622.28
320.15;301.36;-18.79;621.51
318.73;299.82;-18.91;618.55
319.32;299.90;-19.42;619.22
320.28;302.30;-17.98;622.58
319.25;300.77;-18.48;620.02
319.74;299.68;-20.06;619.41
320.21;302.01;-18.19;622.22
319.09;300.25;-18.84;619.34
318.93;301.93;-17.00;620.86
317.37;302.49;-14.88;619.86
319.68;302.45;-17.23;622.12
319.07;301.85;-17.22;620.92
320.16;300.17;-19.99;620.33
320.91;302.36;-18.55;623.28
319.62;302.71;-16.91;622.33
318.58;299.90;-18.68;618.48
318.36;303.28;-15.08;621.64
318.88;303.65;-15.24;622.53
318.21;302.88;-15.33;621.08
320.39;301.42;-18.98;621.81
319.74;301.59;-18.15;621.32
319.19;302.16;-17.03;621.36
319.73;301.37;-18.36;621.10
320.11;300.87;-19.24;620.98
318.65;300.31;-18.34;618.95
319.28;303.67;-15.61;622.95
319.66;299.92;-19.74;619.58
320.55;301.64;-18.91;622.18
320.71;301.52;-19.19;622.22
321.02;300.55;-20.47;621.58
319.72;299.64;-20.09;619.36
320.56;303.07;-17.49;623.64
318.38;301.76;-16.62;620.15
317.81;303.76;-14.05;621.57
319.28;301.11;-18.17;620.38
320.01;302.56;-17.45;622.56
317.29;301.87;-15.42;619.16
320.93;302.06;-18.86;622.99
319.92;300.41;-19.52;620.33
318.45;299.78;-18.68;618.23
320.14;300.08;-20.06;620.21
320.46;300.28;-20.18;620.75
319.46;302.21;-17.25;621.67
320.24;299.00;-21.24;619.24
320.35;302.84;-17.51;623.18
320.21;300.52;-19.68;620.73
318.05;302.39;-15.66;620.44
320.63;302.62;-18.01;623.25
319.08;299.64;-19.44;618.72
319.04;303.29;-15.74;622.33
320.94;301.71;-19.24;622.65
319.65;302.34;-17.31;621.99
320.19;301.43;-18.76;621.62
320.38;303.03;-17.35;623.41
318.42;302.06;-16.36;620.48
317.99;303.78;-14.21;621.78
319.89;300.86;-19.02;620.75
318.89;303.52;-15.37;622.42
319.56;300.84;-18.72;620.41
316.84;299.19;-17.65;616.02
319.55;301.77;-17.78;621.32
318.78;300.04;-18.74;618.81
320.33;302.66;-17.67;622.99
319.91;301.01;-18.90;620.91
319.41;300.05;-19.36;619.46
319.24;302.30;-16.94;621.54
317.84;303.80;-14.04;621.64
319.69;299.40;-20.29;619.09
319.76;301.92;-17.84;621.68
319.63;300.22;-19.41;619.85
319.84;301.56;-18.27;621.40
318.94;302.90;-16.04;621.84
319.12;299.83;-19.29;618.95
319.26;300.89;-18.36;620.15
320.42;300.97;-19.45;621.39
319.64;299.49;-20.15;619.12
318.84;301.95;-16.89;620.79
319.53;300.50;-19.03;620.03
320.10;302.76;-17.34;622.86
321.50;302.89;-18.61;624.39
319.19;303.55;-15.64;622.75
319.48;300.62;-18.86;620.11
319.87;301.23;-18.64;621.10
320.53;302.79;-17.74;623.32
320.56;303.29;-17.28;623.85
319.68;302.39;-17.28;622.07
320.16;302.69;-17.47;622.85
320.28;302.99;-17.29;623.28
320.71;303.76;-16.95;624.46
319.31;301.85;-17.45;621.16
320.08;298.18;-21.89;618.26
319.79;302.89;-16.90;622.69
319.36;302.22;-17.14;621.59
319.51;301.42;-18.09;620.94
319.18;300.98;-18.20;620.16
319.39;301.40;-17.99;620.79
319.33;300.52;-18.81;619.85
320.18;301.11;-19.08;621.29
320.37;300.05;-20.32;620.42
319.69;299.74;-19.95;619.44
321.05;300.19;-20.85;621.24
320.46;302.46;-18.00;622.92
319.72;302.60;-17.12;622.32
318.94;301.25;-17.69;620.19
319.38;302.30;-17.08;621.68
319.55;299.55;-20.00;619.09
319.96;299.24;-20.72;619.20
320.48;301.53;-18.95;622.01
318.74;301.44;-17.31;620.18
320.51;301.80;-18.71;622.31
319.48;301.56;-17.92;621.05
321.02;299.82;-21.20;620.84
322.31;301.26;-21.05;623.56
320.63;301.91;-18.72;622.54
319.32;299.66;-19.66;618.98
320.04;299.29;-20.75;619.32
320.14;302.90;-17.24;623.04
320.72;302.01;-18.71;622.73
320.73;302.07;-18.66;622.80
321.06;302.78;-18.28;623.85
320.04;298.79;-21.24;618.83
319.12;301.38;-17.74;620.51
318.98;301.82;-17.16;620.80
317.79;300.95;-16.84;618.74
319.79;301.35;-18.44;621.14
319.85;302.98;-16.88;622.83
320.46;302.30;-18.16;622.76
320.58;301.38;-19.19;621.96
319.94;300.87;-19.07;620.81
320.03;303.20;-16.83;623.23
320.25;301.61;-18.64;621.85
319.06;300.69;-18.36;619.75
319.82;299.72;-20.10;619.55
320.21;301.01;-19.20;621.21
320.45;301.45;-19.00;621.91
320.43;302.21;-18.22;622.64
319.50;302.41;-17.09;621.91
320.70;300.78;-19.92;621.48
321.02;301.06;-19.95;622.08
320.57;302.92;-17.65;623.49
319.44;300.32;-19.11;619.76
320.79;302.11;-18.69;622.90
318.49;302.54;-15.95;621.02
319.91;301.08;-18.83;620.98
320.29;299.81;-20.48;620.10
321.12;302.35;-18.76;623.47
320.40;302.60;-17.80;623.00
319.75;299.62;-20.14;619.37
320.29;301.26;-19.02;621.55
320.82;300.35;-20.48;621.17
319.76;300.74;-19.02;620.51
320.06;304.36;-15.70;624.43
319.81;301.32;-18.49;621.13
318.91;299.82;-19.08;618.73
318.98;303.45;-15.52;622.43
319.41;300.55;-18.86;619.96
320.34;302.91;-17.44;623.25
318.70;301.17;-17.53;619.87
321.06;301.73;-19.34;622.79
319.54;303.52;-16.02;623.06
320.80;298.95;-21.85;619.75
319.29;302.14;-17.15;621.42
318.52;303.01;-15.52;621.53
319.48;298.64;-20.84;618.11
