300.18;286.05;-14.14;586.23
300.36;282.12;-18.24;582.49
301.38;284.51;-16.87;585.88
302.16;283.56;-18.61;585.72
301.77;282.18;-19.59;583.95
303.61;283.76;-19.84;587.37
301.37;283.79;-17.58;585.16
301.97;281.46;-20.51;583.43
301.71;281.94;-19.77;583.65
302.38;281.25;-21.13;583.64
300.98;285.62;-15.36;586.61
301.72;284.81;-16.92;586.53
301.58;284.12;-17.45;585.70
303.23;281.42;-21.81;584.65
301.91;281.06;-20.85;582.98
303.01;282.91;-20.10;585.91
302.36;282.39;-19.97;584.76
302.37;284.86;-17.51;587.24
300.98;283.72;-17.26;584.69
302.15;284.23;-17.92;586.38
301.93;282.39;-19.54;584.32
301.51;283.22;-18.29;584.72
303.94;282.58;-21.36;586.52
302.44;282.96;-19.47;585.40
301.42;285.11;-16.32;586.53
300.12;282.85;-17.26;582.97
303.88;280.78;-23.10;584.66
301.55;283.75;-17.80;585.29
302.35;283.46;-18.89;585.81
302.91;285.71;-17.19;588.62
301.52;283.41;-18.11;584.94
300.89;285.26;-15.62;586.15
302.51;284.93;-17.58;587.44
302.30;283.64;-18.66;585.94
302.25;281.13;-21.12;583.38
300.86;285.02;-15.85;585.88
301.51;281.17;-20.34;582.68
302.19;283.44;-18.75;585.64
303.07;282.17;-20.90;585.24
300.78;282.99;-17.78;583.77
301.13;283.78;-17.35;584.91
302.06;280.39;-21.67;582.46
300.68;284.08;-16.61;584.76
300.33;285.78;-14.55;586.11
302.28;282.61;-19.66;584.89
300.61;281.50;-19.11;582.11
301.00;284.23;-16.77;585.23
300.16;283.66;-16.50;583.83
302.88;280.96;-21.92;583.84
301.55;281.48;-20.07;583.04
302.82;281.53;-21.29;584.35
300.21;282.45;-17.76;582.66
301.85;280.85;-20.99;582.70
302.69;282.72;-19.97;585.41
302.12;283.26;-18.86;585.39
302.50;285.18;-17.32;587.68
303.19;284.82;-18.38;588.01
300.01;283.37;-16.64;583.38
301.48;280.94;-20.54;582.41
302.38;284.69;-17.69;587.07
301.23;282.07;-19.16;583.30
301.66;283.84;-17.82;585.51
304.04;281.09;-22.95;585.13
302.08;283.10;-18.98;585.18
300.79;282.69;-18.09;583.48
302.36;284.56;-17.81;586.92
301.35;285.61;-15.74;586.96
301.47;282.61;-18.86;584.08
302.59;282.06;-20.53;584.66
303.00;285.62;-17.38;588.62
301.99;280.20;-21.79;582.19
301.54;282.83;-18.71;584.37
301.01;284.91;-16.10;585.91
302.35;280.74;-21.61;583.09
301.53;283.38;-18.15;584.91
301.32;284.72;-16.61;586.04
301.99;281.86;-20.12;583.85
301.25;282.40;-18.85;583.65
302.41;285.12;-17.29;587.53
303.28;286.94;-16.35;590.22
303.04;282.86;-20.17;585.90
300.89;285.16;-15.74;586.05
301.81;281.37;-20.44;583.18
301.29;284.15;-17.14;585.44
300.70;284.16;-16.54;584.86
301.02;283.35;-17.66;584.37
302.91;282.74;-20.18;585.65
302.80;282.90;-19.90;585.70
301.49;283.42;-18.06;584.91
300.83;284.57;-16.26;585.40
303.12;283.74;-19.38;586.86
301.75;283.00;-18.75;584.75
303.10;285.56;-17.54;588.66
302.67;285.01;-17.66;587.68
302.29;284.74;-17.55;587.03
301.19;283.20;-17.99;584.39
301.94;281.98;-19.96;583.92
299.79;281.12;-18.66;580.91
303.52;283.34;-20.19;586.86
300.71;284.05;-16.65;584.76
301.44;284.64;-16.81;586.08
302.24;282.15;-20.08;584.39
302.83;284.16;-18.66;586.99
300.35;282.52;-17.82;582.87
302.18;280.99;-21.18;583.17
301.68;283.22;-18.45;584.90
301.51;282.33;-19.18;583.84
302.89;282.95;-19.94;585.84
300.69;281.83;-18.86;582.52
299.97;284.32;-15.65;584.29
302.19;280.61;-21.58;582.81
300.47;283.78;-16.69;584.25
302.09;283.16;-18.93;585.26
299.86;283.01;-16.86;582.87
301.46;284.76;-16.70;586.22
300.68;285.37;-15.31;586.05
300.59;284.93;-15.66;585.52
301.49;282.25;-19.25;583.74
301.78;284.14;-17.64;585.92
300.34;283.04;-17.30;583.37
300.09;284.25;-15.84;584.34
301.52;282.94;-18.58;584.46
300.50;284.78;-15.72;585.28
303.11;281.34;-21.77;584.45
302.87;286.50;-16.37;589.37
301.34;286.10;-15.24;587.44
300.19;281.96;-18.22;582.15
302.66;282.42;-20.24;585.08
301.52;284.78;-16.74;586.31
301.16;282.21;-18.96;583.37
302.06;281.59;-20.48;583.65
302.60;282.72;-19.88;585.32
300.21;283.26;-16.94;583.47
301.89;282.33;-19.56;584.22
303.07;281.28;-21.79;584.35
302.60;282.38;-20.22;584.98
301.36;285.68;-15.68;587.05
301.58;283.42;-18.15;585.00
299.72;282.73;-16.99;582.45
303.04;285.60;-17.44;588.64
300.03;285.76;-14.26;585.79
299.93;285.58;-14.35;585.51
301.36;281.58;-19.79;582.94
302.46;285.37;-17.09;587.84
300.84;282.56;-18.27;583.40
300.32;284.57;-15.75;584.89
302.43;284.21;-18.22;586.64
300.72;287.51;-13.21;588.23
301.42;283.46;-17.95;584.88
301.28;281.18;-20.10;582.45
303.58;283.59;-19.98;587.17
302.38;281.27;-21.11;583.65
303.12;283.29;-19.84;586.41
300.69;282.45;-18.24;583.15
301.32;285.01;-16.32;586.33
301.09;283.85;-17.24;584.94
300.59;283.99;-16.61;584.58
302.26;283.48;-18.78;585.74
302.26;283.26;-19.01;585.52
300.56;283.91;-16.66;584.47
303.15;281.52;-21.64;584.67
301.91;281.84;-20.06;583.75
301.82;282.30;-19.52;584.12
302.31;280.54;-21.77;582.84
302.84;285.54;-17.29;588.38
301.04;281.74;-19.30;582.77
302.35;283.71;-18.64;586.06
301.99;281.28;-20.71;583.28
301.71;287.16;-14.55;588.88
301.66;282.78;-18.88;584.45
303.29;281.97;-21.32;585.26
300.76;284.23;-16.53;584.99
302.21;282.50;-19.71;584.71
301.65;287.15;-14.50;588.79
301.22;282.70;-18.52;583.92
303.52;285.62;-17.89;589.14
303.26;282.26;-21.00;585.53
301.83;286.34;-15.49;588.17
301.59;283.86;-17.72;585.45
300.94;283.29;-17.65;584.23
302.51;285.68;-16.84;588.19
301.73;285.69;-16.04;587.42
302.41;285.31;-17.10;587.71
300.62;280.84;-19.79;581.46
301.46;284.86;-16.60;586.33
301.43;284.21;-17.22;585.64
302.08;281.61;-20.47;583.69
300.86;281.14;-19.72;581.99
302.01;281.11;-20.90;583.11
302.65;282.75;-19.89;585.40
303.49;284.70;-18.79;588.19
300.89;284.13;-16.76;585.02
300.86;281.78;-19.08;582.65
300.82;285.06;-15.76;585.88
300.38;281.32;-19.05;581.70
300.85;285.31;-15.54;586.16
299.96;281.38;-18.58;581.34
302.44;284.13;-18.31;586.57
300.39;281.91;-18.48;582.31
301.05;283.56;-17.48;584.61
300.13;283.19;-16.94;583.32
302.42;284.85;-17.57;587.28
299.99;284.46;-15.52;584.45
300.92;283.88;-17.04;584.79
301.38;281.52;-19.86;582.89
300.53;282.22;-18.31;582.75
304.36;284.12;-20.24;588.48
302.07;280.39;-21.68;582.46
303.19;284.26;-18.92;587.45
304.89;282.99;-21.89;587.88
302.60;281.53;-21.07;584.13
301.05;282.93;-18.12;583.98
302.99;282.09;-20.89;585.08
301.59;282.58;-19.01;584.16
300.78;283.86;-16.92;584.64
303.00;284.05;-18.95;587.05
301.46;281.67;-19.79;583.13
301.24;284.19;-17.05;585.42
302.93;285.21;-17.72;588.14
302.73;284.18;-18.55;586.91
303.15;282.59;-20.56;585.74
300.83;282.10;-18.73;582.93
301.86;284.21;-17.65;586.06
300.81;282.56;-18.25;583.38
301.38;283.22;-18.16;584.59
301.06;285.42;-15.64;586.48
301.64;283.17;-18.46;584.81
301.52;285.69;-15.83;587.22
300.44;281.30;-19.14;581.74
300.70;284.03;-16.67;584.73
302.84;283.12;-19.72;585.96
302.36;286.89;-15.46;589.25
303.31;281.49;-21.82;584.81
301.86;285.06;-16.80;586.92
301.41;282.49;-18.92;583.90
302.17;282.02;-20.15;584.19
302.16;283.99;-18.17;586.15
301.47;283.36;-18.11;584.84
302.86;282.15;-20.71;585.02
300.40;282.74;-17.66;583.14
301.37;282.07;-19.30;583.44
301.82;282.96;-18.86;584.78
302.18;282.86;-19.31;585.04
300.26;285.69;-14.58;585.95
300.30;281.89;-18.41;582.19
302.68;284.98;-17.71;587.66
301.62;282.75;-18.87;584.36
299.90;284.41;-15.49;584.31
301.91;284.67;-17.24;586.58
300.91;285.14;-15.77;586.05
300.58;282.06;-18.52;582.64
301.87;283.74;-18.13;585.61
301.92;285.69;-16.23;587.62
302.11;281.69;-20.41;583.80
302.56;281.53;-21.03;584.09
301.50;285.74;-15.76;587.24
302.59;282.95;-19.64;585.54
301.25;284.35;-16.91;585.60
303.14;281.72;-21.41;584.86
301.66;282.65;-19.01;584.31
301.62;283.18;-18.45;584.80
301.04;281.98;-19.06;583.01
299.78;281.75;-18.03;581.52
301.12;285.27;-15.85;586.39
299.85;287.47;-12.38;587.32
300.47;281.73;-18.74;582.20
301.28;281.19;-20.08;582.47
301.03;283.22;-17.81;584.25
299.71;284.05;-15.65;583.76
302.51;283.07;-19.44;585.58
302.15;280.98;-21.17;583.14
300.99;281.79;-19.19;582.78
300.85;282.75;-18.11;583.60
302.31;283.59;-18.71;585.90
302.59;283.98;-18.61;586.56
301.79;282.76;-19.04;584.55
301.51;282.79;-18.72;584.29
302.06;282.92;-19.15;584.98
302.34;283.14;-19.19;585.48
302.29;283.74;-18.55;586.02
300.20;283.08;-17.12;583.28
302.16;283.88;-18.28;586.05
300.46;283.01;-17.45;583.47
303.19;284.10;-19.09;587.29
301.59;287.01;-14.59;588.60
302.05;282.04;-20.01;584.08
301.94;283.85;-18.09;585.78
300.48;283.33;-17.15;583.81
300.56;285.32;-15.24;585.89
300.69;282.98;-17.71;583.67
300.36;283.45;-16.91;583.81
303.09;284.52;-18.57;587.61
303.59;286.14;-17.46;589.73
301.03;282.38;-18.65;583.41
303.26;281.18;-22.08;584.44
301.47;285.88;-15.59;587.35
302.05;281.38;-20.68;583.43
299.72;281.78;-17.94;581.51
301.43;286.44;-14.99;587.86
301.54;283.47;-18.07;585.01
299.84;282.56;-17.28;582.40
300.51;281.41;-19.11;581.92
302.36;284.10;-18.26;586.46
301.94;282.99;-18.95;584.93
305.11;285.08;-20.02;590.19
301.35;284.28;-17.08;585.63
300.34;283.06;-17.27;583.40
300.29;286.95;-13.35;587.24
299.87;281.90;-17.97;581.77
301.71;282.72;-18.98;584.43
299.51;284.76;-14.75;584.26
302.39;282.12;-20.27;584.51
300.11;281.14;-18.97;581.24
300.81;283.58;-17.24;584.39
300.80;286.14;-14.66;586.94
300.95;283.99;-16.96;584.94
301.64;287.08;-14.56;588.72
301.92;283.54;-18.38;585.46
300.03;284.19;-15.84;584.22
300.42;283.04;-17.38;583.46
301.37;285.48;-15.89;586.85
302.58;286.33;-16.25;588.91
300.48;285.68;-14.80;586.16
303.03;284.26;-18.77;587.29
302.91;284.10;-18.81;587.01
301.61;283.81;-17.80;585.41
302.11;284.95;-17.16;587.06
300.84;285.12;-15.72;585.95
302.83;280.38;-22.45;583.21
301.43;282.27;-19.16;583.70
301.91;281.85;-20.06;583.76
301.74;285.09;-16.64;586.83
301.63;285.80;-15.83;587.43
302.68;282.02;-20.66;584.70
301.72;284.69;-17.03;586.41
302.49;282.34;-20.15;584.84
302.26;284.50;-17.76;586.76
300.91;284.91;-16.00;585.82
302.42;282.49;-19.93;584.92
300.57;282.07;-18.50;582.64
301.44;282.59;-18.85;584.02
300.42;285.08;-15.35;585.50
301.66;280.96;-20.69;582.62
305.04;281.68;-23.36;586.72
301.44;285.74;-15.69;587.18
302.43;282.59;-19.84;585.02
303.18;283.91;-19.26;587.09
300.61;283.82;-16.79;584.43
302.01;283.58;-18.44;585.59
301.15;283.31;-17.84;584.45
301.61;286.04;-15.57;587.65
299.99;283.78;-16.21;583.76
301.86;285.16;-16.70;587.03
300.64;282.40;-18.24;583.04
302.15;284.62;-17.53;586.78
300.96;286.45;-14.51;587.42
300.31;286.02;-14.29;586.32
300.26;282.29;-17.98;582.55
302.46;282.89;-19.58;585.35
301.65;283.62;-18.04;585.27
301.21;287.78;-13.42;588.99
300.68;282.98;-17.71;583.66
301.63;282.29;-19.34;583.92
301.65;281.48;-20.16;583.13
301.75;282.05;-19.71;583.80
302.41;281.28;-21.13;583.68
302.28;283.34;-18.94;585.62
302.99;282.89;-20.10;585.88
300.48;283.15;-17.34;583.63
301.12;285.54;-15.58;586.65
300.50;281.85;-18.65;582.35
302.72;283.68;-19.04;586.39
301.56;283.04;-18.52;584.59
302.22;283.42;-18.81;585.64
302.94;281.58;-21.36;584.52
302.23;283.49;-18.74;585.72
301.04;280.90;-20.14;581.94
302.03;281.83;-20.20;583.86
301.04;283.69;-17.34;584.73
301.06;285.26;-15.80;586.32
302.75;283.86;-18.89;586.61
301.74;281.72;-20.02;583.45
302.57;284.25;-18.32;586.82
302.71;284.45;-18.26;587.15
302.39;281.46;-20.93;583.86
302.89;283.26;-19.63;586.16
300.85;281.49;-19.36;582.35
302.58;281.09;-21.49;583.68
301.88;282.94;-18.94;584.82
302.60;281.88;-20.72;584.48
301.52;283.28;-18.25;584.80
302.06;283.26;-18.79;585.32
301.38;284.54;-16.84;585.91
300.01;282.02;-17.99;582.04
300.75;282.60;-18.15;583.35
301.41;283.76;-17.65;585.17
302.65;283.33;-19.32;585.98
301.54;282.68;-18.86;584.21
300.85;287.95;-12.91;588.80
301.16;281.92;-19.24;583.09
301.52;285.06;-16.46;586.59
301.08;284.36;-16.71;585.44
301.72;281.41;-20.32;583.13
301.24;284.68;-16.55;585.92
302.94;284.17;-18.76;587.11
300.54;286.20;-14.34;586.74
302.42;280.73;-21.69;583.15
301.18;285.05;-16.12;586.23
302.39;280.54;-21.85;582.92
301.02;285.47;-15.55;586.49
301.98;286.01;-15.97;587.99
301.12;281.24;-19.88;582.36
303.05;280.86;-22.18;583.91
303.52;282.40;-21.12;585.92
302.72;285.52;-17.21;588.24
302.03;284.95;-17.08;586.98
302.53;282.32;-20.21;584.85
302.14;283.53;-18.61;585.66
300.68;282.55;-18.12;583.23
301.85;282.77;-19.08;584.62
302.66;284.22;-18.44;586.88
302.65;281.50;-21.15;584.15
302.76;281.96;-20.79;584.72
301.22;283.18;-18.04;584.41
300.45;283.87;-16.58;584.32
300.43;285.61;-14.82;586.04
300.98;283.28;-17.71;584.26
301.91;280.91;-21.00;582.82
300.45;280.61;-19.84;581.06
301.36;280.92;-20.44;582.29
301.99;282.87;-19.12;584.86
300.56;281.98;-18.59;582.54
301.31;281.42;-19.89;582.73
301.35;280.89;-20.45;582.24
302.18;281.82;-20.35;584.00
301.91;283.88;-18.04;585.79
301.39;284.82;-16.57;586.22
301.30;283.92;-17.38;585.22
301.91;281.48;-20.43;583.39
302.45;281.79;-20.65;584.24
303.21;281.54;-21.68;584.75
300.97;283.46;-17.51;584.44
300.41;281.56;-18.85;581.96
301.41;285.00;-16.41;586.41
300.21;284.69;-15.52;584.90
302.30;283.22;-19.08;585.52
300.51;286.31;-14.20;586.82
302.57;283.85;-18.72;586.42
301.06;279.58;-21.48;580.64
301.02;285.17;-15.85;586.19
301.58;284.27;-17.31;585.85
300.41;285.10;-15.31;585.51
301.38;282.71;-18.66;584.09
301.02;283.96;-17.06;584.98
300.95;281.48;-19.46;582.43
301.06;285.56;-15.50;586.62
301.60;284.39;-17.21;585.99
301.08;284.05;-17.03;585.14
303.00;284.54;-18.46;587.54
302.48;283.62;-18.86;586.09
301.08;284.47;-16.61;585.55
301.92;283.89;-18.03;585.81
302.83;282.68;-20.15;585.51
300.35;283.48;-16.87;583.82
301.61;281.24;-20.38;582.85
302.16;284.06;-18.10;586.22
301.42;282.77;-18.65;584.19
300.76;285.37;-15.39;586.14
301.14;281.24;-19.89;582.38
299.70;281.87;-17.83;581.57
301.64;283.74;-17.89;585.38
300.12;285.26;-14.86;585.38
303.81;282.65;-21.16;586.46
300.64;284.53;-16.11;585.17
300.61;286.46;-14.15;587.08
299.90;287.46;-12.44;587.36
302.32;282.43;-19.89;584.75
303.39;281.57;-21.82;584.96
302.22;281.12;-21.09;583.34
301.79;284.72;-17.08;586.51
302.21;281.52;-20.68;583.73
300.26;283.28;-16.98;583.54
300.46;283.68;-16.78;584.15
301.34;281.21;-20.13;582.55
302.25;281.26;-20.98;583.51
301.80;285.46;-16.34;587.26
301.95;285.06;-16.89;587.02
300.25;282.74;-17.51;582.99
302.12;281.93;-20.19;584.05
301.75;282.69;-19.06;584.45
301.65;281.54;-20.11;583.19
300.96;283.55;-17.42;584.51
301.98;283.16;-18.82;585.14
302.68;283.74;-18.94;586.42
302.28;283.00;-19.28;585.28
302.19;280.81;-21.38;583.00
301.73;283.76;-17.97;585.49
300.61;282.26;-18.35;582.88
301.98;284.24;-17.75;586.22
301.90;284.95;-16.95;586.85
301.57;285.85;-15.72;587.42
302.14;281.87;-20.26;584.01
301.02;285.48;-15.54;586.50
300.16;285.85;-14.31;586.02
302.30;283.29;-19.01;585.59
301.82;281.42;-20.40;583.24
300.16;285.25;-14.91;585.42
303.02;282.45;-20.58;585.47
300.56;283.26;-17.30;583.83
301.26;281.28;-19.98;582.55
303.29;281.76;-21.52;585.05
302.69;283.81;-18.89;586.50
300.92;282.71;-18.21;583.62
302.76;283.04;-19.72;585.81
301.62;286.04;-15.58;587.66
301.99;280.11;-21.88;582.09
301.12;282.94;-18.18;584.06
301.53;281.54;-19.99;583.07
302.65;280.94;-21.72;583.59
300.68;284.31;-16.37;584.99
301.26;288.28;-12.99;589.54
300.07;283.21;-16.86;583.28
302.19;286.69;-15.50;588.89
302.87;283.05;-19.82;585.92
301.80;284.73;-17.07;586.53
300.92;285.52;-15.41;586.44
300.46;283.15;-17.31;583.61
301.10;284.36;-16.74;585.46
301.13;283.18;-17.95;584.31
302.58;282.32;-20.26;584.89
303.22;285.67;-17.55;588.89
301.92;282.79;-19.13;584.71
300.88;284.39;-16.49;585.28
302.99;282.84;-20.15;585.82
302.25;285.27;-16.98;587.52
301.08;282.81;-18.27;583.89
301.52;284.78;-16.74;586.31
303.12;282.04;-21.08;585.15
301.74;284.03;-17.71;585.77
301.41;282.00;-19.41;583.41
303.04;287.28;-15.76;590.32
300.53;281.97;-18.56;582.50
301.02;283.85;-17.17;584.86
300.73;285.10;-15.63;585.83
300.88;283.82;-17.06;584.70
300.21;280.51;-19.71;580.72
302.26;282.57;-19.69;584.83
301.69;285.14;-16.55;586.83
299.41;281.95;-17.46;581.36
301.77;283.20;-18.57;584.97
300.77;284.22;-16.55;584.99
302.62;283.91;-18.71;586.53
300.72;284.88;-15.84;585.61
301.28;284.38;-16.90;585.66
302.95;281.94;-21.01;584.88
302.53;283.92;-18.61;586.45
300.51;281.34;-19.16;581.85
301.09;284.43;-16.66;585.52
301.58;282.92;-18.66;584.49
301.18;281.17;-20.01;582.35
300.41;284.42;-15.99;584.82
301.24;282.42;-18.81;583.66
301.51;283.26;-18.25;584.76
302.79;283.74;-19.06;586.53
302.09;283.09;-18.99;585.18
301.93;285.35;-16.58;587.28
300.37;286.44;-13.94;586.81
301.04;282.14;-18.89;583.18
299.89;284.70;-15.19;584.59
302.51;280.66;-21.84;583.17
303.13;281.08;-22.05;584.21
301.94;285.71;-16.23;587.64
301.73;282.53;-19.20;584.26
302.44;281.54;-20.90;583.97
301.39;284.16;-17.22;585.55
301.01;282.07;-18.94;583.08
300.23;283.77;-16.46;584.00
301.37;282.26;-19.11;583.63
301.04;282.37;-18.66;583.41
300.39;285.25;-15.14;585.65
301.30;285.77;-15.53;587.07
302.26;283.17;-19.09;585.43
301.28;282.80;-18.48;584.08
300.83;281.82;-19.01;582.65
301.32;282.42;-18.90;583.74
301.88;285.26;-16.62;587.14
300.64;282.78;-17.85;583.42
303.55;283.46;-20.08;587.01
300.96;283.21;-17.75;584.18
299.76;282.49;-17.27;582.26
300.51;285.21;-15.30;585.71
303.54;282.76;-20.78;586.31
302.05;284.98;-17.07;587.02
302.14;285.58;-16.56;587.71
302.12;286.64;-15.49;588.76
300.91;283.89;-17.02;584.80
300.09;283.58;-16.51;583.67
300.26;285.79;-14.47;586.05
299.79;285.04;-14.75;584.83
300.68;282.15;-18.54;582.83
299.95;284.28;-15.68;584.23
300.69;283.42;-17.26;584.11
302.98;282.74;-20.24;585.71
300.69;282.14;-18.56;582.83
302.98;284.08;-18.90;587.05
299.35;285.04;-14.31;584.39
301.34;281.05;-20.29;582.39
301.84;284.45;-17.38;586.29
301.60;285.61;-15.99;587.21
301.26;284.72;-16.55;585.98
302.25;283.97;-18.28;586.22
300.31;281.55;-18.76;581.86
302.09;283.55;-18.54;585.64
300.69;281.48;-19.21;582.18
302.13;283.65;-18.48;585.78
301.88;284.68;-17.21;586.56
299.97;283.29;-16.68;583.26
301.84;284.09;-17.75;585.94
301.38;286.66;-14.71;588.04
301.02;281.06;-19.96;582.08
303.12;284.64;-18.48;587.76
303.51;282.50;-21.01;586.01
301.57;283.36;-18.21;584.94
302.47;283.62;-18.85;586.09
301.51;284.76;-16.74;586.27
300.26;284.71;-15.55;584.97
302.25;281.18;-21.07;583.42
300.56;283.59;-16.97;584.15
299.54;282.46;-17.08;581.99
301.88;281.89;-19.99;583.76
300.85;285.11;-15.74;585.95
301.32;284.71;-16.61;586.03
301.64;283.31;-18.33;584.95
300.82;284.86;-15.96;585.68
300.41;283.26;-17.14;583.67
303.13;282.53;-20.60;585.66
301.09;284.61;-16.48;585.69
302.18;285.37;-16.81;587.55
301.82;281.58;-20.25;583.40
302.14;282.12;-20.02;584.26
301.57;282.77;-18.80;584.34
303.42;282.67;-20.75;586.09
301.39;281.11;-20.28;582.49
300.15;282.11;-18.04;582.25
301.01;283.78;-17.24;584.79
300.37;285.75;-14.62;586.12
299.88;282.19;-17.69;582.07
300.56;281.66;-18.89;582.22
300.45;284.84;-15.61;585.28
301.30;281.25;-20.05;582.55
301.68;284.97;-16.71;586.65
301.38;284.42;-16.96;585.80
305.49;285.72;-19.77;591.21
299.49;286.21;-13.29;585.70
303.19;284.91;-18.28;588.09
302.19;285.49;-16.70;587.69
301.54;281.37;-20.16;582.91
300.65;285.08;-15.57;585.72
300.10;282.62;-17.48;582.72
302.17;282.12;-20.05;584.29
301.94;286.23;-15.71;588.16
300.44;282.20;-18.24;582.64
299.94;284.26;-15.68;584.21
302.18;283.68;-18.50;585.86
301.42;284.05;-17.38;585.47
300.23;283.46;-16.76;583.69
301.35;282.17;-19.18;583.52
300.55;284.91;-15.64;585.45
301.52;283.49;-18.03;585.02
299.81;281.92;-17.89;581.74
299.52;285.31;-14.21;584.82
300.29;286.76;-13.53;587.06
299.37;283.34;-16.04;582.71
301.61;283.68;-17.92;585.29
302.02;283.57;-18.45;585.59
299.86;284.46;-15.41;584.32
299.75;283.29;-16.46;583.04
300.38;282.72;-17.65;583.10
301.38;283.58;-17.79;584.96
301.48;284.36;-17.12;585.85
299.62;287.24;-12.38;586.86
299.69;285.89;-13.80;585.59
302.38;282.43;-19.95;584.81
300.98;287.58;-13.41;588.56
299.95;283.94;-16.01;583.88
299.64;284.82;-14.82;584.46
300.12;280.43;-19.69;580.55
302.25;283.18;-19.07;585.42
301.88;282.21;-19.67;584.09
301.25;281.48;-19.77;582.74
302.29;282.56;-19.72;584.85
301.10;282.85;-18.25;583.95
301.59;285.20;-16.39;586.79
299.33;285.83;-13.50;585.16
300.09;285.70;-14.39;585.79
303.14;284.52;-18.62;587.65
301.86;282.07;-19.79;583.94
301.27;284.02;-17.25;585.29
300.83;283.21;-17.62;584.04
299.02;285.81;-13.22;584.83
302.55;282.54;-20.01;585.08
302.39;283.54;-18.85;585.92
300.36;284.79;-15.57;585.15
300.55;284.73;-15.82;585.28
299.75;283.08;-16.66;582.83
299.16;286.47;-12.69;585.63
301.45;282.52;-18.93;583.96
301.99;284.84;-17.15;586.84
300.87;282.83;-18.04;583.70
300.55;283.65;-16.90;584.19
301.28;283.67;-17.61;584.95
300.29;286.40;-13.89;586.69
300.61;285.01;-15.60;585.62
301.21;282.33;-18.88;583.54
300.65;284.26;-16.38;584.91
299.83;286.09;-13.74;585.92
300.38;284.62;-15.75;585.00
299.76;284.18;-15.58;583.95
301.29;286.20;-15.09;587.49
301.26;284.13;-17.14;585.39
300.61;282.16;-18.45;582.77
301.20;282.54;-18.66;583.74
301.13;283.19;-17.94;584.32
300.78;285.65;-15.13;586.42
299.94;284.85;-15.09;584.79
301.12;285.66;-15.45;586.78
300.52;286.55;-13.97;587.08
300.42;285.20;-15.22;585.62
299.61;282.63;-16.98;582.24
300.34;286.58;-13.76;586.91
302.84;285.32;-17.52;588.15
300.69;286.08;-14.61;586.76
300.79;282.29;-18.50;583.09
301.75;284.92;-16.83;586.68
300.72;283.84;-16.88;584.56
299.86;285.74;-14.13;585.60
300.32;281.95;-18.38;582.27
300.80;287.48;-13.32;588.28
299.19;283.36;-15.83;582.55
299.72;283.97;-15.75;583.69
300.57;283.06;-17.51;583.63
300.91;284.41;-16.50;585.32
301.82;281.70;-20.12;583.52
300.67;284.82;-15.85;585.49
301.38;281.31;-20.06;582.69
302.02;281.91;-20.11;583.94
302.73;282.73;-20.00;585.46
301.14;283.68;-17.45;584.82
299.95;282.53;-17.42;582.48
299.84;285.46;-14.38;585.30
300.16;283.74;-16.42;583.89
300.34;283.61;-16.74;583.95
301.35;285.93;-15.42;587.28
300.02;283.75;-16.28;583.77
300.15;283.71;-16.44;583.86
300.34;283.19;-17.15;583.54
302.59;282.68;-19.92;585.27
302.21;285.00;-17.21;587.21
302.56;282.79;-19.77;585.36
300.48;285.43;-15.05;585.91
302.98;286.25;-16.72;589.23
301.94;285.08;-16.86;587.01
301.66;285.96;-15.70;587.63
300.12;284.52;-15.61;584.64
301.21;281.26;-19.95;582.47
302.91;283.73;-19.18;586.64
302.45;284.36;-18.09;586.81
302.41;282.02;-20.39;584.43
302.72;285.99;-16.72;588.71
301.68;281.51;-20.16;583.19
300.18;281.16;-19.01;581.34
301.70;281.61;-20.09;583.31
302.21;285.46;-16.75;587.67
300.44;283.28;-17.16;583.72
301.13;284.56;-16.57;585.69
300.68;284.90;-15.78;585.58
299.51;285.26;-14.25;584.78
301.55;282.45;-19.10;583.99
302.35;283.56;-18.79;585.92
300.61;284.76;-15.85;585.38
301.85;282.31;-19.54;584.16
300.31;281.41;-18.90;581.71
299.47;281.05;-18.42;580.52
299.89;284.26;-15.64;584.15
300.61;285.42;-15.18;586.03
302.79;285.78;-17.02;588.57
300.56;285.22;-15.34;585.78
300.34;281.49;-18.85;581.82
300.53;282.22;-18.31;582.75
299.56;282.71;-16.86;582.27
301.75;285.10;-16.65;586.85
301.20;285.60;-15.60;586.80
300.02;285.08;-14.94;585.10
300.76;284.91;-15.85;585.67
301.58;281.38;-20.19;582.96
301.31;283.39;-17.91;584.70
301.85;281.50;-20.35;583.35
302.56;283.95;-18.61;586.51
300.32;284.52;-15.81;584.84
303.03;285.22;-17.81;588.25
302.47;282.72;-19.75;585.19
301.02;281.49;-19.53;582.51
300.84;287.48;-13.35;588.32
302.19;282.02;-20.18;584.21
300.54;285.06;-15.48;585.60
302.42;282.37;-20.05;584.79
300.39;283.24;-17.15;583.64
300.99;285.28;-15.71;586.28
301.79;284.93;-16.86;586.72
302.50;285.61;-16.89;588.11
301.98;283.04;-18.94;585.02
300.93;282.96;-17.96;583.89
301.80;286.05;-15.75;587.85
302.09;281.77;-20.32;583.86
302.91;283.73;-19.18;586.64
300.01;285.64;-14.37;585.64
301.00;284.32;-16.68;585.32
301.40;282.72;-18.68;584.12
299.94;282.32;-17.62;582.25
301.04;282.22;-18.82;583.26
301.97;282.81;-19.16;584.78
301.25;284.68;-16.58;585.93
301.05;283.39;-17.66;584.45
301.78;284.06;-17.72;585.85
300.15;286.19;-13.96;586.34
299.46;283.64;-15.82;583.10
301.85;285.04;-16.81;586.89
299.60;286.06;-13.54;585.66
303.17;282.85;-20.32;586.02
303.10;282.09;-21.01;585.19
300.72;284.19;-16.53;584.91
300.42;282.54;-17.88;582.96
303.29;285.95;-17.34;589.24
301.20;282.31;-18.89;583.51
300.20;284.96;-15.24;585.16
299.35;285.40;-13.95;584.75
302.17;282.74;-19.44;584.91
299.30;285.40;-13.90;584.70
299.95;286.11;-13.84;586.05
300.89;280.89;-20.01;581.78
301.57;287.68;-13.89;589.25
300.79;283.99;-16.80;584.79
300.57;283.01;-17.56;583.58
302.32;283.65;-18.66;585.97
301.69;282.43;-19.26;584.12
300.53;282.44;-18.09;582.97
301.82;284.32;-17.49;586.14
300.76;285.58;-15.18;586.35
301.27;282.99;-18.28;584.26
301.88;283.79;-18.09;585.68
301.16;285.76;-15.40;586.93
303.22;283.21;-20.01;586.44
301.04;285.21;-15.82;586.25
300.58;282.85;-17.74;583.43
300.36;285.28;-15.08;585.65
301.61;284.80;-16.81;586.41
300.94;282.68;-18.26;583.62
301.27;284.48;-16.79;585.75
300.42;285.35;-15.06;585.77
301.43;283.26;-18.17;584.69
301.73;282.16;-19.56;583.89
300.07;284.57;-15.50;584.64
301.55;286.64;-14.92;588.19
299.83;282.79;-17.04;582.62
302.55;281.68;-20.87;584.22
301.35;285.46;-15.89;586.82
299.51;283.83;-15.68;583.34
299.78;281.64;-18.14;581.42
299.29;281.85;-17.45;581.14
301.28;282.94;-18.34;584.21
301.42;282.83;-18.59;584.25
302.36;285.62;-16.74;587.98
299.83;287.64;-12.19;587.46
299.75;282.65;-17.11;582.40
299.87;283.64;-16.24;583.51
300.08;285.87;-14.21;585.95
301.72;283.02;-18.70;584.75
300.81;285.65;-15.16;586.46
300.19;286.32;-13.88;586.51
300.75;283.19;-17.55;583.94
303.01;281.56;-21.44;584.57
301.75;285.66;-16.08;587.41
299.95;281.71;-18.25;581.66
301.00;284.18;-16.82;585.18
300.26;284.69;-15.56;584.95
300.25;285.85;-14.39;586.10
301.56;283.26;-18.31;584.82
300.35;281.77;-18.58;582.12
301.26;284.76;-16.49;586.02
301.25;286.82;-14.42;588.07
302.11;285.39;-16.72;587.49
302.19;285.28;-16.92;587.47
301.61;281.66;-19.95;583.27
302.38;284.74;-17.64;587.12
299.91;281.53;-18.38;581.44
301.26;282.05;-19.21;583.31
301.54;286.31;-15.22;587.85
300.85;284.01;-16.84;584.86
301.49;280.24;-21.26;581.73
300.94;284.41;-16.53;585.35
301.81;283.30;-18.51;585.11
301.48;282.74;-18.74;584.21
302.03;283.81;-18.22;585.84
301.23;284.28;-16.95;585.51
300.26;285.37;-14.89;585.63
302.79;285.65;-17.14;588.44
302.14;284.01;-18.13;586.14
301.24;281.32;-19.92;582.56
302.25;283.39;-18.86;585.65
299.98;282.85;-17.13;582.82
302.74;286.11;-16.63;588.84
299.59;284.76;-14.83;584.36
300.68;285.48;-15.19;586.16
299.79;282.89;-16.90;582.69
302.19;282.89;-19.30;585.08
299.75;281.42;-18.33;581.16
299.96;282.12;-17.85;582.08
301.13;282.07;-19.06;583.20
301.81;283.42;-18.39;585.24
302.09;281.15;-20.94;583.25
302.25;286.43;-15.82;588.68
302.68;285.27;-17.41;587.95
302.55;281.91;-20.65;584.46
304.24;284.65;-19.59;588.89
299.84;283.93;-15.91;583.76
301.26;285.50;-15.76;586.76
300.74;284.98;-15.76;585.71
300.34;283.84;-16.50;584.18
301.00;284.72;-16.28;585.72
299.94;286.12;-13.82;586.06
301.89;281.56;-20.32;583.45
301.32;283.87;-17.45;585.19
300.32;286.81;-13.52;587.13
302.06;282.02;-20.05;584.08
302.08;284.88;-17.20;586.95
301.06;283.99;-17.07;585.06
301.65;284.38;-17.26;586.03
300.71;283.68;-17.03;584.38
301.65;282.64;-19.01;584.28
301.94;282.08;-19.86;584.02
301.98;281.69;-20.28;583.67
302.34;281.64;-20.69;583.98
301.41;283.28;-18.12;584.69
301.87;282.04;-19.84;583.91
302.44;282.69;-19.75;585.12
300.38;283.58;-16.80;583.95
301.28;282.92;-18.36;584.19
301.88;283.14;-18.74;585.02
301.42;285.78;-15.64;587.20
302.25;281.34;-20.92;583.59
302.96;284.49;-18.48;587.45
302.02;281.75;-20.27;583.76
299.34;284.17;-15.17;583.51
303.66;286.42;-17.24;590.08
300.55;285.85;-14.69;586.40
300.58;283.43;-17.15;584.01
301.07;282.75;-18.32;583.82
301.03;283.35;-17.68;584.38
300.56;282.75;-17.81;583.31
300.12;280.28;-19.85;580.40
301.31;281.04;-20.27;582.34
301.74;284.93;-16.81;586.66
302.69;282.62;-20.07;585.32
300.17;283.70;-16.47;583.87
300.89;282.55;-18.35;583.44
301.69;286.25;-15.44;587.94
301.88;285.65;-16.24;587.53
300.61;281.62;-18.98;582.23
301.57;284.35;-17.22;585.92
301.03;281.78;-19.25;582.81
302.89;282.55;-20.34;585.45
301.19;283.09;-18.10;584.28
300.88;280.52;-20.36;581.40
301.62;283.03;-18.59;584.65
301.28;281.50;-19.78;582.78
302.12;283.16;-18.96;585.28
300.67;283.17;-17.50;583.84
299.89;283.13;-16.76;583.02
301.45;282.51;-18.94;583.96
301.42;281.49;-19.93;582.91
302.21;282.48;-19.73;584.68
300.22;284.18;-16.04;584.41
302.59;285.56;-17.02;588.15
300.64;282.29;-18.34;582.93
300.30;285.26;-15.04;585.56
299.45;284.89;-14.56;584.34
300.56;285.24;-15.33;585.80
300.92;284.20;-16.72;585.12
301.87;286.49;-15.38;588.36
300.15;284.02;-16.13;584.18
302.16;282.21;-19.95;584.38
301.79;282.54;-19.25;584.34
300.29;281.34;-18.95;581.62
303.05;280.60;-22.45;583.65
302.35;284.71;-17.65;587.06
300.54;283.36;-17.18;583.90
301.37;284.59;-16.78;585.96
300.58;283.13;-17.45;583.71
302.19;285.60;-16.59;587.79
300.04;284.26;-15.78;584.29
299.68;282.82;-16.86;582.49
301.70;287.93;-13.77;589.63
300.94;286.66;-14.28;587.59
300.05;284.16;-15.88;584.21
302.54;284.83;-17.71;587.37
303.09;286.30;-16.79;589.39
301.62;283.19;-18.43;584.81
300.46;282.41;-18.06;582.87
302.32;283.15;-19.16;585.47
302.02;285.58;-16.44;587.61
300.36;284.93;-15.44;585.29
303.41;284.59;-18.82;587.99
300.99;284.57;-16.42;585.56
300.68;281.79;-18.89;582.47
301.66;284.89;-16.77;586.55
302.36;281.32;-21.04;583.69
301.92;281.84;-20.08;583.75
299.85;282.58;-17.27;582.42
302.74;282.76;-19.97;585.50
301.05;285.63;-15.42;586.68
301.44;281.32;-20.11;582.76
302.81;287.06;-15.75;589.88
300.22;283.13;-17.09;583.35
302.26;283.30;-18.96;585.56
303.00;286.69;-16.31;589.69
302.51;282.38;-20.13;584.89
302.69;281.15;-21.54;583.85
302.85;283.78;-19.07;586.64
300.04;283.86;-16.18;583.91
300.26;285.13;-15.14;585.39
301.19;285.64;-15.55;586.82
301.68;286.28;-15.39;587.96
299.45;281.57;-17.88;581.02
302.06;284.71;-17.36;586.77
302.87;281.27;-21.60;584.14
300.61;281.98;-18.64;582.59
301.05;282.42;-18.62;583.47
300.39;281.76;-18.63;582.15
300.62;282.58;-18.04;583.20
300.39;283.54;-16.85;583.92
300.98;283.95;-17.04;584.93
301.88;283.16;-18.72;585.05
300.92;282.00;-18.92;582.92
299.75;282.54;-17.21;582.29
302.25;281.19;-21.05;583.44
299.64;284.06;-15.58;583.71
302.62;282.35;-20.27;584.98
301.10;284.45;-16.65;585.55
302.96;281.79;-21.16;584.75
299.94;281.53;-18.41;581.47
300.10;283.61;-16.49;583.71
301.03;285.48;-15.55;586.51
300.41;282.02;-18.39;582.42
303.10;283.66;-19.44;586.76
302.01;284.58;-17.43;586.58
300.35;282.41;-17.94;582.76
300.35;279.99;-20.36;580.34
302.11;283.30;-18.81;585.41
301.93;281.60;-20.33;583.53
300.98;283.78;-17.19;584.76
302.08;284.54;-17.54;586.62
300.68;285.49;-15.19;586.17
303.06;282.89;-20.16;585.95
299.59;285.01;-14.59;584.60
301.41;283.12;-18.28;584.53
299.82;283.84;-15.98;583.66
301.61;283.91;-17.70;585.51
302.07;282.09;-19.98;584.16
302.08;282.91;-19.18;584.99
300.70;283.71;-16.99;584.41
301.68;285.85;-15.83;587.54
302.02;281.36;-20.66;583.39
301.75;282.72;-19.04;584.47
304.84;283.51;-21.32;588.35
299.48;284.44;-15.04;583.92
301.10;283.26;-17.84;584.36
300.98;285.62;-15.36;586.59
301.44;282.49;-18.95;583.94
301.07;284.08;-16.99;585.15
301.92;284.73;-17.19;586.65
300.62;283.57;-17.05;584.19
300.45;282.55;-17.91;583.00
300.87;285.36;-15.51;586.24
301.72;284.92;-16.81;586.64
300.55;284.08;-16.47;584.62
301.16;284.55;-16.61;585.72
299.65;283.72;-15.94;583.37
301.29;284.45;-16.85;585.74
299.82;283.53;-16.29;583.35
301.75;284.08;-17.67;585.82
299.54;283.36;-16.18;582.89
300.22;284.10;-16.12;584.32
299.85;284.21;-15.64;584.06
299.57;281.71;-17.86;581.28
300.00;283.23;-16.77;583.23
303.10;284.02;-19.08;587.12
301.68;282.69;-18.98;584.37
299.35;283.60;-15.75;582.95
299.97;283.01;-16.96;582.98
300.75;283.88;-16.88;584.63
301.85;287.25;-14.60;589.11
300.37;283.58;-16.79;583.95
301.49;284.51;-16.98;586.01
301.16;287.31;-13.86;588.47
300.81;285.02;-15.79;585.82
300.28;281.53;-18.75;581.81
301.08;282.93;-18.15;584.01
302.66;284.04;-18.62;586.71
301.24;282.73;-18.51;583.97
302.26;284.48;-17.79;586.74
299.87;283.98;-15.89;583.85
300.75;281.47;-19.28;582.22
302.20;282.39;-19.81;584.59
302.78;284.32;-18.46;587.10
300.82;280.93;-19.89;581.75
301.79;284.85;-16.95;586.64
305.86;284.31;-21.55;590.16
301.94;283.09;-18.85;585.02
300.60;285.79;-14.81;586.39
301.51;282.62;-18.88;584.13
301.96;283.76;-18.20;585.73
302.25;281.33;-20.92;583.58
304.95;282.04;-22.91;586.99
301.37;284.62;-16.75;585.99
302.95;280.85;-22.09;583.80
299.54;281.55;-17.99;581.09
300.40;283.95;-16.45;584.35
301.84;282.79;-19.04;584.63
302.04;284.95;-17.09;586.99
301.64;282.52;-19.11;584.16
301.91;283.06;-18.84;584.97
302.66;282.63;-20.04;585.29
301.62;283.36;-18.26;584.99
301.00;283.52;-17.48;584.52
301.48;282.06;-19.42;583.54
302.27;282.68;-19.59;584.95
300.05;282.77;-17.28;582.82
301.81;282.05;-19.76;583.86
301.48;281.58;-19.90;583.06
302.34;285.15;-17.19;587.48
303.16;284.48;-18.68;587.64
300.20;285.15;-15.05;585.35
301.48;283.01;-18.46;584.49
301.28;286.76;-14.52;588.04
301.59;284.46;-17.14;586.05
300.95;283.25;-17.70;584.19
301.58;287.88;-13.70;589.46
301.21;282.42;-18.79;583.64
301.95;281.45;-20.51;583.40
298.92;284.95;-13.97;583.88
301.31;284.23;-17.08;585.54
302.21;285.15;-17.06;587.36
301.28;284.05;-17.23;585.34
302.50;286.11;-16.39;588.61
301.13;282.36;-18.77;583.49
301.03;286.23;-14.80;587.26
300.42;282.25;-18.17;582.68
300.11;283.44;-16.67;583.54
302.06;282.26;-19.80;584.32
301.84;282.14;-19.70;583.98
300.65;285.42;-15.23;586.08
301.66;287.74;-13.92;589.39
301.04;283.35;-17.69;584.39
299.68;282.92;-16.76;582.59
299.59;283.90;-15.69;583.49
301.59;282.84;-18.75;584.42
300.58;286.39;-14.19;586.96
305.64;284.48;-21.16;590.12
300.25;281.87;-18.38;582.12
302.82;282.65;-20.16;585.47
300.24;284.71;-15.54;584.95
300.04;284.69;-15.35;584.73
300.48;283.37;-17.11;583.85
300.45;282.30;-18.15;582.75
300.34;282.92;-17.42;583.26
301.08;285.91;-15.18;586.99
299.73;284.30;-15.43;584.03
301.75;284.11;-17.65;585.86
301.43;282.82;-18.61;584.25
302.53;286.66;-15.86;589.19
302.77;283.32;-19.45;586.09
301.27;288.86;-12.41;590.14
301.19;284.15;-17.04;585.34
300.43;283.58;-16.85;584.01
299.41;284.11;-15.29;583.52
301.67;281.49;-20.18;583.16
302.31;280.62;-21.68;582.93
300.26;283.48;-16.78;583.74
304.19;283.87;-20.32;588.06
299.88;281.45;-18.43;581.32
299.18;286.85;-12.34;586.03
301.38;283.15;-18.23;584.52
303.19;280.92;-22.26;584.11
301.73;284.63;-17.10;586.36
301.51;283.49;-18.01;585.00
301.74;284.45;-17.29;586.19
300.69;284.94;-15.75;585.64
301.02;284.48;-16.54;585.51
301.39;283.12;-18.27;584.52
301.83;281.91;-19.92;583.74
300.34;284.79;-15.54;585.13
301.39;285.71;-15.68;587.10
302.06;281.31;-20.75;583.38
302.84;283.98;-18.85;586.82
300.15;282.82;-17.34;582.97
300.09;283.90;-16.19;583.99
300.12;283.01;-17.11;583.12
299.33;281.85;-17.48;581.18
300.42;283.12;-17.30;583.54
301.06;282.08;-18.98;583.14
300.35;284.08;-16.27;584.42
302.16;284.49;-17.67;586.66
301.81;284.26;-17.55;586.06
301.84;283.08;-18.76;584.91
301.38;284.21;-17.17;585.58
301.86;283.26;-18.61;585.12
302.10;284.25;-17.85;586.35
301.73;281.70;-20.03;583.43
301.31;282.32;-18.98;583.63
302.04;284.72;-17.32;586.75
300.45;282.15;-18.30;582.61
301.55;283.63;-17.92;585.18
302.37;281.38;-20.99;583.75
300.96;281.32;-19.64;582.28
302.06;285.82;-16.24;587.88
301.78;281.69;-20.09;583.47
301.54;284.31;-17.23;585.85
302.21;283.53;-18.68;585.74
302.02;282.22;-19.81;584.24
302.57;280.31;-22.26;582.88
299.94;284.19;-15.75;584.12
299.56;286.29;-13.27;585.86
300.62;282.71;-17.92;583.33
300.24;284.88;-15.36;585.12
301.26;284.15;-17.12;585.41
301.69;283.13;-18.56;584.82
301.11;282.78;-18.33;583.89
302.43;281.25;-21.18;583.68
300.95;286.16;-14.79;587.12
301.59;284.74;-16.85;586.34
302.94;280.44;-22.49;583.38
301.75;282.82;-18.93;584.58
302.02;280.68;-21.35;582.70
301.48;284.26;-17.22;585.75
301.08;284.96;-16.12;586.04
302.67;283.76;-18.91;586.43
300.15;284.44;-15.71;584.59
300.57;283.12;-17.45;583.69
301.32;284.15;-17.18;585.47
302.51;285.47;-17.04;587.98
300.04;284.12;-15.92;584.16
302.04;284.85;-17.18;586.89
301.19;283.32;-17.86;584.51
303.52;283.04;-20.49;586.56
300.64;284.15;-16.49;584.79
302.31;281.09;-21.21;583.40
302.74;283.39;-19.35;586.12
301.16;282.38;-18.78;583.54
300.50;286.56;-13.94;587.06
302.49;284.18;-18.31;586.68
303.44;285.62;-17.82;589.05
300.96;283.95;-17.01;584.91
299.75;282.68;-17.07;582.44
302.51;282.49;-20.02;585.01
301.18;282.23;-18.95;583.41
301.88;283.65;-18.23;585.54
300.35;284.64;-15.71;584.99
300.96;282.94;-18.02;583.91
300.54;283.89;-16.64;584.43
301.46;282.42;-19.04;583.88
299.63;287.39;-12.24;587.02
300.82;285.36;-15.46;586.19
299.31;285.56;-13.74;584.87
300.08;286.20;-13.88;586.28
300.92;283.48;-17.45;584.40
299.55;284.35;-15.19;583.90
300.82;281.99;-18.83;582.82
300.05;286.02;-14.03;586.08
302.32;284.00;-18.32;586.32
301.16;284.49;-16.66;585.65
302.88;286.24;-16.64;589.12
299.44;282.29;-17.15;581.74
301.65;285.55;-16.10;587.19
300.46;283.76;-16.69;584.22
301.14;282.49;-18.65;583.64
302.16;283.51;-18.66;585.67
299.85;285.30;-14.55;585.15
300.15;284.51;-15.65;584.66
300.98;283.85;-17.13;584.82
301.93;282.96;-18.97;584.89
300.51;282.49;-18.02;583.00
302.26;283.28;-18.99;585.54
301.84;285.43;-16.41;587.27
301.24;281.49;-19.75;582.74
302.24;286.66;-15.58;588.90
299.74;284.43;-15.31;584.16
300.29;283.63;-16.66;583.92
300.32;282.67;-17.65;582.99
302.24;287.85;-14.38;590.09
301.04;282.79;-18.25;583.84
300.19;285.99;-14.21;586.18
301.09;284.35;-16.74;585.44
300.89;284.11;-16.78;584.99
302.02;284.84;-17.18;586.86
301.46;283.15;-18.31;584.61
301.95;283.63;-18.32;585.58
301.31;282.51;-18.79;583.82
300.29;287.92;-12.38;588.21
302.72;282.06;-20.66;584.78
302.82;283.69;-19.12;586.51
301.15;285.35;-15.79;586.50
301.17;281.65;-19.52;582.82
300.72;283.89;-16.83;584.62
301.49;286.30;-15.19;587.79
299.91;283.15;-16.76;583.06
301.51;281.38;-20.13;582.88
300.74;282.04;-18.70;582.77
301.58;284.52;-17.06;586.11
301.83;283.65;-18.18;585.48
301.18;285.62;-15.56;586.81
299.86;283.24;-16.63;583.10
301.09;286.00;-15.09;587.09
299.32;282.52;-16.79;581.84
302.15;282.62;-19.53;584.78
301.73;284.46;-17.26;586.19
299.94;284.65;-15.29;584.59
300.02;284.34;-15.69;584.36
301.79;284.18;-17.61;585.96
301.28;282.75;-18.54;584.03
302.09;283.48;-18.62;585.57
300.56;284.04;-16.52;584.60
301.84;283.45;-18.39;585.28
301.21;286.62;-14.59;587.84
303.46;284.44;-19.02;587.89
300.65;281.46;-19.18;582.11
302.08;284.35;-17.73;586.42
300.46;285.05;-15.41;585.52
301.94;284.93;-17.01;586.86
299.96;286.51;-13.46;586.47
301.70;282.30;-19.40;584.00
301.56;282.80;-18.76;584.36
302.28;285.29;-16.99;587.57
300.66;284.75;-15.91;585.41
302.52;282.07;-20.45;584.59
300.58;283.29;-17.28;583.87
302.62;283.55;-19.08;586.17
299.84;285.66;-14.18;585.50
300.19;282.03;-18.16;582.22
302.72;280.98;-21.74;583.69
301.66;282.67;-18.99;584.34
302.27;281.76;-20.51;584.04
302.57;282.99;-19.58;585.56
302.24;281.96;-20.28;584.21
301.27;283.05;-18.22;584.32
300.79;282.76;-18.04;583.55
301.14;284.45;-16.69;585.59
302.07;283.32;-18.75;585.39
299.78;282.88;-16.91;582.66
303.18;284.72;-18.46;587.90
301.03;287.39;-13.64;588.42
300.66;282.85;-17.81;583.51
302.63;281.73;-20.90;584.36
301.51;283.07;-18.44;584.58
299.90;285.19;-14.71;585.09
301.45;281.59;-19.86;583.04
300.58;284.52;-16.06;585.09
299.79;284.25;-15.54;584.04
302.28;281.95;-20.33;584.22
301.49;283.95;-17.54;585.44
302.54;282.59;-19.95;585.12
301.84;286.05;-15.79;587.89
300.66;287.17;-13.49;587.84
302.75;284.47;-18.28;587.22
300.02;282.32;-17.71;582.34
300.95;284.10;-16.85;585.05
300.62;281.91;-18.71;582.54
301.45;286.89;-14.56;588.35
301.10;281.68;-19.42;582.78
302.55;285.00;-17.55;587.55
301.70;282.82;-18.88;584.52
301.09;284.15;-16.94;585.24
303.06;281.99;-21.06;585.05
303.83;283.89;-19.94;587.72
301.42;281.29;-20.13;582.71
300.92;282.01;-18.92;582.93
301.21;283.04;-18.17;584.24
302.33;284.59;-17.74;586.92
301.14;284.07;-17.06;585.21
300.74;285.99;-14.75;586.73
300.95;285.48;-15.48;586.43
299.84;281.76;-18.08;581.59
300.73;282.49;-18.24;583.22
302.87;283.04;-19.83;585.91
301.59;283.56;-18.02;585.15
301.31;283.54;-17.76;584.85
300.05;282.15;-17.90;582.19
301.94;281.72;-20.22;583.66
302.56;282.57;-19.99;585.14
299.62;283.21;-16.41;582.83
303.34;281.82;-21.52;585.16
302.15;286.02;-16.14;588.17
301.27;282.30;-18.97;583.57
299.80;283.23;-16.57;583.03
303.04;284.84;-18.21;587.88
300.42;283.39;-17.02;583.81
302.89;284.28;-18.61;587.18
300.48;282.66;-17.82;583.14
301.22;285.34;-15.88;586.55
299.82;281.72;-18.09;581.54
305.64;281.94;-23.71;587.58
299.92;282.36;-17.56;582.29
300.50;282.74;-17.76;583.24
301.12;282.29;-18.83;583.41
302.06;285.16;-16.90;587.22
303.86;282.20;-21.66;586.06
301.38;282.39;-18.99;583.76
301.06;283.71;-17.36;584.77
299.64;282.71;-16.93;582.35
303.39;284.88;-18.51;588.28
302.18;285.55;-16.63;587.72
302.52;283.68;-18.84;586.20
300.21;284.62;-15.59;584.82
300.40;283.72;-16.68;584.12
299.88;285.17;-14.71;585.05
300.36;285.00;-15.36;585.36
301.09;284.07;-17.02;585.16
300.64;284.62;-16.01;585.26
302.51;282.15;-20.36;584.66
301.38;284.79;-16.59;586.17
300.94;283.58;-17.36;584.51
301.64;283.84;-17.79;585.48
302.21;283.29;-18.92;585.50
300.49;284.46;-16.03;584.96
301.65;286.70;-14.95;588.35
300.04;283.36;-16.68;583.40
299.94;281.39;-18.55;581.34
300.61;285.72;-14.89;586.34
303.36;281.71;-21.65;585.08
300.62;282.10;-18.52;582.72
299.74;283.25;-16.49;582.99
299.35;283.75;-15.59;583.10
301.37;282.35;-19.02;583.72
302.21;283.06;-19.15;585.27
302.71;284.08;-18.63;586.78
300.38;284.78;-15.60;585.15
301.03;282.78;-18.25;583.81
300.45;282.83;-17.62;583.28
300.14;283.67;-16.47;583.81
300.11;286.04;-14.06;586.15
301.66;285.72;-15.94;587.38
301.22;283.18;-18.04;584.40
299.69;283.95;-15.74;583.65
300.29;286.04;-14.26;586.33
302.14;281.28;-20.86;583.42
301.38;282.36;-19.01;583.74
301.52;281.81;-19.71;583.33
301.08;282.23;-18.85;583.31
302.16;281.46;-20.70;583.62
300.91;285.82;-15.08;586.73
301.04;284.49;-16.54;585.53
300.72;284.23;-16.49;584.95
299.41;281.46;-17.95;580.87
301.37;281.99;-19.38;583.36
301.75;285.65;-16.10;587.39
301.62;283.99;-17.64;585.61
300.48;285.89;-14.59;586.38
301.27;283.71;-17.56;584.98
299.91;284.14;-15.76;584.05
300.64;282.06;-18.58;582.71
301.58;283.70;-17.88;585.28
300.88;283.16;-17.72;584.05
303.83;284.07;-19.76;587.90
300.06;284.53;-15.54;584.59
301.78;285.45;-16.32;587.23
301.45;284.88;-16.58;586.33
301.45;283.86;-17.58;585.31
301.37;284.27;-17.10;585.64
302.06;282.91;-19.16;584.97
301.52;281.25;-20.27;582.78
302.07;284.19;-17.88;586.26
300.78;283.01;-17.76;583.79
301.89;282.06;-19.84;583.95
301.38;284.42;-16.95;585.80
301.25;283.93;-17.32;585.18
299.78;281.32;-18.46;581.11
302.62;285.01;-17.61;587.64
302.59;281.23;-21.36;583.82
301.93;284.57;-17.36;586.50
301.11;280.75;-20.36;581.86
301.56;281.56;-20.01;583.12
302.13;285.54;-16.59;587.67
299.80;286.06;-13.74;585.86
301.78;285.64;-16.14;587.41
299.00;282.98;-16.02;581.98
303.05;281.80;-21.25;584.85
301.42;282.66;-18.75;584.08
303.61;284.62;-18.99;588.23
301.04;282.19;-18.85;583.24
302.17;284.71;-17.46;586.88
300.86;282.42;-18.44;583.29
302.01;285.57;-16.44;587.58
301.68;282.55;-19.12;584.23
301.59;284.73;-16.86;586.32
301.17;287.32;-13.85;588.49
301.68;282.68;-19.01;584.36
299.34;282.25;-17.08;581.59
302.15;283.00;-19.15;585.15
302.12;285.30;-16.82;587.42
302.48;287.24;-15.25;589.72
300.54;284.99;-15.55;585.54
299.91;282.99;-16.92;582.91
301.13;282.14;-18.99;583.27
301.32;282.75;-18.58;584.07
302.44;283.60;-18.84;586.04
303.11;285.61;-17.49;588.72
300.62;284.04;-16.59;584.66
301.36;281.35;-20.01;582.71
300.62;283.45;-17.16;584.07
301.24;282.15;-19.09;583.39
303.36;286.82;-16.54;590.18
299.38;284.41;-14.97;583.79
300.84;281.79;-19.05;582.62
301.51;281.66;-19.85;583.18
300.43;283.16;-17.27;583.59
300.81;283.31;-17.50;584.12
301.44;281.16;-20.28;582.59
300.02;283.36;-16.66;583.38
301.55;282.72;-18.82;584.27
301.51;283.54;-17.96;585.05
301.45;282.41;-19.04;583.86
301.84;282.92;-18.92;584.76
302.12;282.38;-19.74;584.49
300.29;282.82;-17.48;583.11
304.80;282.31;-22.49;587.11
299.63;283.28;-16.35;582.91
301.13;282.29;-18.84;583.42
300.39;284.36;-16.04;584.75
301.93;285.21;-16.72;587.14
300.41;283.97;-16.44;584.38
302.55;283.57;-18.98;586.12
301.08;283.99;-17.09;585.08
300.61;281.65;-18.96;582.26
300.45;285.68;-14.76;586.13
303.01;283.23;-19.78;586.24
302.66;285.98;-16.68;588.64
300.15;286.34;-13.81;586.48
300.98;283.48;-17.50;584.45
301.73;284.68;-17.05;586.41
300.69;285.96;-14.73;586.65
302.16;285.72;-16.45;587.88
300.95;282.08;-18.86;583.03
302.79;283.02;-19.78;585.81
302.36;283.63;-18.74;585.99
300.25;282.19;-18.06;582.44
300.73;286.39;-14.34;587.12
301.15;282.31;-18.84;583.46
302.14;283.21;-18.94;585.35
302.16;285.21;-16.95;587.36
300.51;283.43;-17.08;583.94
300.86;285.32;-15.55;586.18
300.42;283.98;-16.44;584.39
300.91;284.97;-15.94;585.88
301.01;282.76;-18.25;583.76
301.59;286.02;-15.57;587.62
302.34;280.85;-21.49;583.18
301.87;282.98;-18.89;584.85
302.60;283.64;-18.96;586.24
301.15;285.44;-15.71;586.59
301.56;282.11;-19.45;583.67
302.71;282.46;-20.25;585.16
301.57;286.77;-14.80;588.34
300.81;281.89;-18.92;582.71
300.18;283.62;-16.55;583.80
300.26;280.99;-19.28;581.25
301.91;284.41;-17.50;586.32
300.52;285.41;-15.12;585.93
301.15;282.82;-18.32;583.97
301.75;283.08;-18.68;584.83
301.35;285.79;-15.56;587.15
302.21;283.24;-18.97;585.44
299.86;285.41;-14.45;585.26
301.55;281.55;-19.99;583.10
302.46;283.40;-19.06;585.86
301.74;284.13;-17.61;585.87
300.54;282.49;-18.05;583.03
301.75;284.46;-17.29;586.22
300.89;283.02;-17.88;583.91
302.86;281.47;-21.39;584.33
302.28;284.76;-17.51;587.04
301.25;284.66;-16.59;585.91
300.58;282.82;-17.76;583.40
300.52;284.36;-16.16;584.88
302.22;281.54;-20.68;583.76
300.86;282.57;-18.29;583.44
300.17;288.03;-12.14;588.20
301.11;285.45;-15.65;586.56
302.02;281.68;-20.34;583.70
302.78;285.39;-17.39;588.18
303.16;284.54;-18.63;587.70
301.90;283.82;-18.08;585.72
301.26;281.72;-19.54;582.98
301.34;284.63;-16.71;585.96
300.98;281.27;-19.71;582.25
300.79;284.94;-15.85;585.74
301.29;282.82;-18.47;584.12
300.19;283.56;-16.63;583.75
300.75;282.81;-17.94;583.56
302.14;281.32;-20.81;583.46
301.93;283.37;-18.56;585.30
302.84;281.35;-21.49;584.18
300.71;284.76;-15.95;585.48
301.58;283.39;-18.19;584.98
300.17;283.62;-16.55;583.79
301.51;282.60;-18.91;584.11
302.14;285.00;-17.14;587.14
300.12;285.38;-14.74;585.50
303.06;282.31;-20.76;585.37
300.44;283.84;-16.60;584.27
300.16;281.34;-18.83;581.50
302.86;285.03;-17.83;587.89
302.18;283.59;-18.59;585.76
300.29;282.92;-17.36;583.21
303.96;283.76;-20.20;587.72
301.75;284.56;-17.18;586.31
302.51;281.32;-21.19;583.84
302.80;284.01;-18.79;586.81
302.60;284.75;-17.85;587.35
302.19;285.65;-16.54;587.84
299.85;283.49;-16.36;583.34
299.69;284.12;-15.56;583.81
300.29;281.50;-18.79;581.79
300.95;286.70;-14.25;587.65
301.61;282.09;-19.52;583.69
304.61;283.58;-21.03;588.18
303.16;282.39;-20.76;585.55
301.74;285.06;-16.68;586.79
305.87;281.21;-24.66;587.08
301.96;282.24;-19.72;584.20
299.91;285.92;-13.98;585.83
300.24;284.59;-15.64;584.83
300.72;282.09;-18.62;582.81
301.77;286.12;-15.65;587.89
300.61;282.25;-18.36;582.85
302.98;282.86;-20.12;585.84
300.37;284.96;-15.41;585.33
299.41;284.18;-15.23;583.59
301.36;281.17;-20.19;582.53
302.52;284.12;-18.39;586.64
302.60;286.11;-16.49;588.71
300.92;280.66;-20.26;581.58
301.93;283.20;-18.73;585.13
300.71;280.86;-19.85;581.56
302.40;284.67;-17.73;587.07
302.15;282.02;-20.12;584.17
302.55;282.01;-20.54;584.55
300.13;284.93;-15.20;585.06
300.13;284.54;-15.59;584.67
301.09;282.22;-18.87;583.31
301.76;283.23;-18.53;584.99
299.49;283.61;-15.88;583.09
301.31;283.14;-18.17;584.44
300.85;283.77;-17.08;584.62
302.54;283.75;-18.79;586.28
300.98;282.30;-18.68;583.28
300.99;280.81;-20.18;581.80
300.98;283.17;-17.81;584.15
301.12;284.05;-17.08;585.17
301.62;283.72;-17.89;585.34
301.98;284.79;-17.19;586.77
299.89;282.06;-17.82;581.95
301.24;282.74;-18.50;583.98
301.16;282.50;-18.66;583.66
300.72;283.33;-17.39;584.05
300.42;283.74;-16.68;584.16
302.33;280.08;-22.25;582.41
302.02;283.84;-18.18;585.86
300.56;284.52;-16.05;585.08
302.34;281.82;-20.52;584.16
302.64;283.85;-18.79;586.48
302.44;281.33;-21.11;583.77
300.58;287.16;-13.42;587.74
302.92;282.58;-20.34;585.49
301.26;283.37;-17.89;584.63
300.72;285.31;-15.41;586.02
301.59;282.71;-18.88;584.31
302.52;285.41;-17.12;587.93
301.49;282.85;-18.65;584.34
300.52;285.01;-15.51;585.54
300.82;284.56;-16.26;585.38
300.95;281.95;-19.00;582.91
301.61;283.74;-17.86;585.35
301.89;281.56;-20.33;583.45
300.91;285.10;-15.81;586.01
301.43;285.68;-15.75;587.11
301.69;286.47;-15.22;588.16
301.75;287.56;-14.19;589.31
301.00;281.68;-19.32;582.68
301.66;287.25;-14.42;588.91
300.22;282.39;-17.83;582.61
302.54;283.98;-18.56;586.52
299.42;281.42;-18.01;580.84
299.99;281.95;-18.04;581.94
301.40;285.24;-16.16;586.64
301.56;283.26;-18.29;584.82
300.74;286.64;-14.11;587.38
301.71;285.00;-16.71;586.71
300.39;283.51;-16.89;583.90
299.81;282.93;-16.88;582.74
302.35;283.26;-19.08;585.61
301.84;282.39;-19.44;584.23
301.86;284.36;-17.50;586.22
302.55;284.18;-18.36;586.73
300.09;283.18;-16.91;583.28
300.78;281.99;-18.79;582.78
300.27;284.34;-15.94;584.61
301.98;280.54;-21.44;582.52
301.16;287.29;-13.86;588.45
301.93;283.67;-18.26;585.60
301.36;282.16;-19.21;583.52
299.58;283.19;-16.39;582.78
302.43;284.88;-17.55;587.31
302.22;281.24;-20.99;583.46
300.59;283.72;-16.86;584.31
302.40;282.63;-19.77;585.03
300.33;284.59;-15.74;584.92
301.22;286.08;-15.15;587.30
299.94;282.66;-17.28;582.60
301.08;285.45;-15.62;586.53
300.91;284.13;-16.78;585.04
302.13;282.65;-19.48;584.78
301.48;282.18;-19.30;583.65
301.92;283.58;-18.35;585.50
299.50;284.38;-15.12;583.88
302.23;283.59;-18.64;585.82
301.06;284.23;-16.84;585.29
301.76;282.89;-18.86;584.65
301.23;282.38;-18.85;583.61
301.01;281.84;-19.17;582.85
302.72;283.89;-18.83;586.62
301.70;283.07;-18.63;584.77
300.62;284.11;-16.51;584.72
301.73;285.96;-15.76;587.69
300.96;282.07;-18.89;583.04
300.60;282.81;-17.79;583.41
300.55;281.72;-18.84;582.27
301.26;284.53;-16.74;585.79
301.71;284.45;-17.25;586.16
301.84;284.43;-17.41;586.26
300.47;284.90;-15.57;585.37
299.81;284.41;-15.40;584.21
301.67;281.63;-20.04;583.30
301.68;282.25;-19.43;583.94
301.32;284.40;-16.92;585.72
302.25;284.23;-18.02;586.48
299.83;283.08;-16.75;582.91
300.58;287.95;-12.64;588.53
300.01;286.39;-13.62;586.40
299.61;281.95;-17.66;581.56
301.58;287.77;-13.81;589.35
300.35;284.65;-15.71;585.00
302.89;284.18;-18.72;587.07
300.34;282.54;-17.79;582.88
301.03;284.02;-17.01;585.05
300.42;284.74;-15.68;585.16
300.24;283.52;-16.71;583.76
299.97;282.52;-17.45;582.49
300.55;281.74;-18.82;582.29
302.38;284.48;-17.91;586.86
302.06;281.72;-20.34;583.78
302.63;285.66;-16.97;588.29
302.35;285.87;-16.48;588.22
301.83;283.74;-18.09;585.57
304.62;284.15;-20.47;588.78
300.40;281.52;-18.88;581.92
301.37;284.41;-16.96;585.78
302.06;286.22;-15.84;588.29
301.55;283.75;-17.79;585.30
300.05;282.80;-17.25;582.85
300.31;285.27;-15.04;585.58
300.35;283.48;-16.86;583.83
301.08;281.07;-20.01;582.15
300.69;286.29;-14.41;586.98
301.39;281.66;-19.73;583.05
301.48;284.62;-16.86;586.10
302.14;281.86;-20.28;584.01
302.58;284.42;-18.15;587.00
301.83;284.32;-17.51;586.15
300.06;284.16;-15.90;584.23
302.66;282.79;-19.87;585.46
300.75;282.21;-18.54;582.96
301.84;283.06;-18.78;584.90
301.59;283.66;-17.94;585.25
300.34;282.42;-17.92;582.76
304.03;283.89;-20.14;587.92
301.63;286.00;-15.63;587.63
300.89;282.40;-18.49;583.29
299.92;282.99;-16.92;582.91
299.71;281.76;-17.94;581.47
301.46;281.45;-20.02;582.91
302.19;284.60;-17.59;586.79
301.02;282.86;-18.16;583.88
300.57;281.88;-18.69;582.45
302.82;281.04;-21.78;583.85
300.92;286.58;-14.35;587.50
302.46;285.66;-16.80;588.12
299.82;281.40;-18.42;581.22
302.11;283.61;-18.49;585.72
302.82;281.24;-21.58;584.06
302.05;285.28;-16.77;587.32
302.70;283.01;-19.69;585.71
300.55;285.01;-15.54;585.55
301.39;283.63;-17.76;585.02
300.83;285.25;-15.58;586.08
300.91;282.71;-18.20;583.61
300.42;281.31;-19.12;581.73
302.13;280.94;-21.19;583.06
301.75;281.44;-20.31;583.19
302.47;285.32;-17.15;587.79
303.11;282.87;-20.24;585.98
300.48;284.86;-15.62;585.34
301.41;282.47;-18.94;583.88
301.58;283.34;-18.24;584.92
302.66;282.63;-20.04;585.29
301.48;283.35;-18.13;584.84
300.84;282.01;-18.83;582.85
302.35;281.49;-20.86;583.85
302.65;284.45;-18.21;587.10
301.44;282.41;-19.04;583.85
301.95;285.26;-16.69;587.21
306.21;283.74;-22.46;589.95
301.00;283.60;-17.40;584.60
302.65;284.57;-18.08;587.22
302.48;286.81;-15.67;589.28
301.11;281.07;-20.04;582.18
301.12;285.19;-15.92;586.31
300.59;280.98;-19.61;581.58
301.52;284.68;-16.85;586.20
302.64;284.63;-18.01;587.27
301.71;283.03;-18.68;584.74
301.68;283.75;-17.93;585.42
303.40;285.86;-17.54;589.26
302.02;283.14;-18.89;585.16
301.59;283.81;-17.78;585.41
300.10;284.59;-15.51;584.69
302.36;286.30;-16.06;588.66
301.85;283.78;-18.07;585.62
300.15;283.71;-16.44;583.86
301.38;283.15;-18.24;584.53
303.62;283.81;-19.81;587.42
300.01;284.80;-15.21;584.81
302.26;287.37;-14.89;589.64
301.71;281.44;-20.26;583.15
301.80;282.27;-19.53;584.07
300.90;285.58;-15.32;586.48
303.01;283.23;-19.78;586.24
301.71;280.65;-21.06;582.35
302.17;283.77;-18.40;585.94
300.18;283.48;-16.71;583.66
301.86;286.25;-15.62;588.11
302.81;283.95;-18.86;586.76
302.13;283.61;-18.52;585.74
300.87;285.81;-15.06;586.68
301.81;283.75;-18.06;585.55
301.65;281.12;-20.53;582.78
301.53;281.20;-20.33;582.73
303.12;282.23;-20.89;585.35
303.39;285.32;-18.07;588.71
302.69;284.16;-18.53;586.86
302.21;283.35;-18.85;585.56
300.90;283.83;-17.07;584.73
301.65;281.55;-20.10;583.19
302.51;281.99;-20.52;584.49
304.81;280.74;-24.08;585.55
302.32;281.88;-20.44;584.20
300.82;282.96;-17.86;583.79
301.90;285.25;-16.65;587.15
300.18;285.81;-14.37;585.98
301.39;283.38;-18.01;584.78
300.47;285.42;-15.05;585.89
301.80;281.59;-20.21;583.39
301.15;284.27;-16.88;585.42
302.12;283.23;-18.89;585.35
302.64;283.87;-18.76;586.51
301.35;284.72;-16.63;586.06
300.94;282.09;-18.85;583.04
301.85;281.33;-20.52;583.18
301.14;285.66;-15.48;586.81
301.81;286.18;-15.62;587.99
301.76;282.97;-18.79;584.73
301.22;281.42;-19.81;582.64
300.05;284.50;-15.55;584.55
301.27;284.12;-17.15;585.39
300.42;285.17;-15.25;585.59
301.40;281.24;-20.16;582.64
302.02;286.89;-15.13;588.92
300.28;282.22;-18.06;582.50
300.16;282.44;-17.72;582.59
302.00;281.00;-21.00;583.00
301.38;284.66;-16.71;586.04
300.05;284.88;-15.17;584.92
299.63;285.57;-14.06;585.20
300.61;285.91;-14.70;586.51
302.18;284.26;-17.92;586.45
300.95;282.88;-18.06;583.83
302.45;283.74;-18.71;586.19
301.71;282.91;-18.79;584.62
301.80;283.97;-17.83;585.77
300.19;285.76;-14.43;585.95
302.93;285.01;-17.92;587.94
299.69;282.81;-16.89;582.50
301.31;282.54;-18.77;583.85
302.06;283.42;-18.64;585.49
302.02;283.85;-18.17;585.86
302.18;283.42;-18.76;585.59
302.38;282.95;-19.43;585.32
301.46;285.19;-16.28;586.65
301.16;283.96;-17.20;585.13
300.98;281.87;-19.11;582.85
300.82;284.15;-16.66;584.97
301.66;286.14;-15.52;587.81
301.61;285.24;-16.37;586.85
301.41;281.52;-19.89;582.92
302.40;280.56;-21.84;582.96
300.84;284.18;-16.66;585.02
300.64;281.58;-19.06;582.22
301.49;281.18;-20.31;582.66
302.02;283.65;-18.36;585.67
300.23;288.48;-11.75;588.71
302.38;284.72;-17.66;587.11
302.70;283.64;-19.06;586.34
300.79;284.85;-15.95;585.64
300.61;283.67;-16.94;584.28
299.73;282.65;-17.08;582.38
302.55;285.49;-17.06;588.04
301.89;288.12;-13.77;590.01
301.16;286.94;-14.22;588.11
300.18;283.41;-16.78;583.59
299.88;284.23;-15.65;584.11
300.79;284.01;-16.78;584.81
300.36;283.95;-16.41;584.32
302.42;284.34;-18.08;586.75
301.69;282.08;-19.61;583.78
302.38;281.36;-21.01;583.74
302.41;282.06;-20.35;584.48
299.71;283.02;-16.69;582.72
302.78;281.99;-20.79;584.76
299.86;282.54;-17.33;582.40
300.18;283.57;-16.61;583.75
300.92;283.95;-16.96;584.87
303.35;282.65;-20.69;586.00
300.97;287.51;-13.46;588.48
302.81;284.21;-18.59;587.02
302.11;283.40;-18.71;585.51
299.88;282.19;-17.68;582.07
301.98;281.72;-20.26;583.71
302.11;283.78;-18.33;585.89
301.88;285.12;-16.76;587.00
300.85;285.86;-14.99;586.71
301.82;284.74;-17.08;586.56
301.43;282.19;-19.24;583.62
301.01;283.14;-17.87;584.14
304.01;281.54;-22.46;585.55
301.43;287.67;-13.76;589.10
301.76;281.75;-20.02;583.51
302.93;285.76;-17.16;588.69
302.12;283.07;-19.05;585.19
300.62;282.31;-18.31;582.94
301.40;282.78;-18.62;584.18
302.15;282.04;-20.12;584.19
301.43;283.11;-18.32;584.54
301.38;284.94;-16.44;586.32
299.87;281.18;-18.69;581.05
301.22;280.70;-20.52;581.92
299.97;282.40;-17.57;582.37
301.99;288.30;-13.69;590.29
301.72;282.18;-19.54;583.90
301.68;283.42;-18.26;585.11
302.38;285.95;-16.44;588.33
301.65;285.04;-16.61;586.69
300.77;283.52;-17.25;584.29
300.00;283.28;-16.72;583.28
299.57;281.79;-17.78;581.36
301.46;282.51;-18.95;583.98
300.01;281.95;-18.06;581.96
303.10;284.09;-19.01;587.19
301.94;286.57;-15.37;588.51
302.22;283.37;-18.85;585.59
301.99;281.61;-20.39;583.60
302.71;281.85;-20.86;584.55
303.36;281.71;-21.65;585.07
300.97;285.26;-15.71;586.24
301.92;281.22;-20.69;583.14
303.49;283.87;-19.62;587.36
300.12;284.38;-15.74;584.50
301.65;287.16;-14.49;588.81
302.65;284.61;-18.04;587.26
300.01;281.32;-18.69;581.33
300.85;284.12;-16.74;584.97
301.48;282.94;-18.55;584.42
301.34;283.59;-17.75;584.94
