319.03;298.86;-20.16;617.89
317.76;299.06;-18.70;616.82
315.31;299.26;-16.05;614.56
319.97;301.07;-18.90;621.04
318.09;297.18;-20.91;615.28
319.66;298.75;-20.91;618.41
316.48;299.29;-17.18;615.77
318.55;298.22;-20.33;616.78
319.73;297.51;-22.22;617.24
319.72;297.62;-22.10;617.34
319.05;297.64;-21.41;616.69
320.39;301.69;-18.70;622.08
319.60;298.80;-20.80;618.40
319.02;297.98;-21.04;616.99
319.09;301.56;-17.53;620.66
320.59;298.64;-21.95;619.24
319.72;298.35;-21.37;618.08
319.32;297.91;-21.41;617.22
319.07;301.64;-17.43;620.71
319.89;298.79;-21.10;618.68
320.18;297.51;-22.67;617.68
319.66;298.48;-21.18;618.15
318.86;298.97;-19.89;617.83
319.74;298.82;-20.91;618.56
319.58;298.04;-21.54;617.61
318.07;299.59;-18.48;617.66
320.67;298.36;-22.31;619.04
319.78;300.72;-19.05;620.50
318.29;301.34;-16.95;619.64
318.41;298.22;-20.19;616.63
320.11;298.81;-21.30;618.92
320.41;297.94;-22.46;618.35
318.56;301.22;-17.35;619.78
318.97;298.11;-20.86;617.08
320.55;298.45;-22.10;618.99
317.62;297.64;-19.98;615.26
318.21;301.15;-17.06;619.36
319.60;298.08;-21.52;617.68
320.28;296.85;-23.42;617.13
317.94;301.52;-16.42;619.45
320.09;298.50;-21.59;618.59
318.71;298.65;-20.06;617.35
319.30;299.25;-20.05;618.55
317.73;297.63;-20.10;615.36
319.26;297.96;-21.29;617.22
319.99;298.04;-21.95;618.03
317.15;298.45;-18.70;615.59
319.28;298.35;-20.94;617.63
320.55;297.84;-22.72;618.39
320.41;296.43;-23.98;616.84
319.47;297.55;-21.92;617.02
318.31;296.06;-22.25;614.37
318.69;298.25;-20.44;616.94
321.06;298.75;-22.31;619.82
318.02;298.42;-19.60;616.45
319.81;298.34;-21.48;618.15
318.86;296.78;-22.08;615.64
318.25;298.08;-20.18;616.33
318.41;296.99;-21.42;615.39
319.46;297.61;-21.85;617.06
316.91;300.94;-15.97;617.84
319.99;298.48;-21.52;618.47
319.09;298.57;-20.52;617.66
319.84;298.64;-21.20;618.48
319.26;301.24;-18.02;620.50
318.72;301.46;-17.26;620.19
321.16;299.72;-21.45;620.88
317.89;302.00;-15.89;619.89
319.24;298.50;-20.74;617.74
318.88;299.87;-19.01;618.75
318.58;297.73;-20.85;616.31
318.25;298.58;-19.68;616.83
317.82;298.64;-19.18;616.45
318.38;298.95;-19.44;617.33
319.20;300.29;-18.91;619.49
317.06;298.34;-18.72;615.39
318.02;301.04;-16.99;619.06
319.00;298.58;-20.42;617.58
319.77;298.89;-20.88;618.66
319.77;299.49;-20.28;619.26
317.28;297.90;-19.38;615.18
318.01;298.21;-19.81;616.22
320.23;297.94;-22.29;618.17
317.32;297.14;-20.18;614.46
319.21;298.22;-20.99;617.43
319.46;298.06;-21.40;617.52
317.09;301.19;-15.90;618.29
319.03;298.45;-20.58;617.48
321.09;298.73;-22.36;619.82
318.49;299.04;-19.45;617.53
317.26;296.98;-20.29;614.24
317.02;300.55;-16.48;617.57
319.95;297.75;-22.20;617.69
318.79;297.09;-21.71;615.88
318.88;299.17;-19.71;618.05
319.04;301.18;-17.86;620.22
316.66;297.95;-18.72;614.61
319.43;298.36;-21.07;617.79
319.88;296.78;-23.09;616.66
319.59;300.64;-18.95;620.24
319.86;298.38;-21.48;618.25
318.98;297.48;-21.49;616.46
319.55;298.28;-21.26;617.83
318.50;300.35;-18.15;618.85
319.75;301.23;-18.52;620.98
318.95;298.34;-20.62;617.29
320.27;298.67;-21.60;618.94
319.69;300.44;-19.25;620.14
318.42;297.80;-20.62;616.22
318.81;298.09;-20.72;616.90
319.09;298.51;-20.59;617.60
319.43;297.72;-21.71;617.15
319.35;298.01;-21.35;617.36
321.02;298.79;-22.23;619.82
320.11;298.32;-21.79;618.42
319.12;298.16;-20.95;617.28
319.09;297.51;-21.58;616.61
319.18;298.84;-20.34;618.02
319.49;298.55;-20.94;618.04
318.32;299.17;-19.15;617.49
318.75;298.02;-20.74;616.77
320.22;299.99;-20.24;620.21
319.18;297.25;-21.94;616.43
319.12;299.65;-19.47;618.76
318.16;297.99;-20.17;616.16
319.61;298.21;-21.41;617.82
316.78;298.34;-18.44;615.12
318.04;297.46;-20.57;615.50
319.80;297.66;-22.14;617.46
319.15;298.71;-20.44;617.86
319.63;299.84;-19.79;619.46
318.81;298.23;-20.58;617.04
317.79;298.36;-19.44;616.15
318.41;297.82;-20.59;616.24
320.22;298.29;-21.93;618.52
318.29;300.05;-18.24;618.34
320.56;300.18;-20.39;620.74
318.40;298.39;-20.01;616.79
315.70;297.86;-17.84;613.56
320.76;299.04;-21.72;619.80
319.89;297.74;-22.15;617.62
318.63;298.36;-20.27;616.99
317.59;299.49;-18.10;617.08
319.62;301.04;-18.58;620.65
316.63;297.89;-18.74;614.52
318.91;298.08;-20.82;616.99
317.65;301.71;-15.94;619.36
319.44;297.42;-22.02;616.85
320.78;298.44;-22.34;619.21
319.36;299.23;-20.14;618.59
318.05;298.51;-19.54;616.55
319.08;298.08;-21.00;617.15
319.43;297.64;-21.79;617.07
318.11;296.88;-21.24;614.99
321.82;298.35;-23.47;620.18
317.75;300.22;-17.54;617.97
319.59;298.93;-20.66;618.52
321.01;299.90;-21.11;620.91
319.01;298.45;-20.56;617.46
318.67;299.26;-19.41;617.94
318.51;298.77;-19.74;617.28
318.90;298.61;-20.29;617.51
319.35;298.81;-20.54;618.15
319.27;300.54;-18.74;619.81
317.92;297.40;-20.52;615.32
320.32;301.15;-19.17;621.48
319.06;298.29;-20.77;617.36
318.40;298.44;-19.96;616.84
318.19;298.05;-20.14;616.24
316.71;299.86;-16.84;616.57
317.38;298.97;-18.41;616.35
320.05;298.06;-21.98;618.11
320.27;296.33;-23.94;616.60
317.27;297.83;-19.44;615.10
319.16;301.28;-17.88;620.45
320.00;297.99;-22.01;617.99
317.06;298.61;-18.46;615.67
319.94;300.78;-19.16;620.71
320.62;297.11;-23.52;617.73
318.49;297.00;-21.49;615.49
318.29;299.56;-18.73;617.86
319.49;298.54;-20.95;618.02
317.62;298.81;-18.81;616.42
319.39;301.18;-18.21;620.56
318.51;296.72;-21.79;615.22
317.62;297.85;-19.76;615.47
319.92;298.99;-20.92;618.91
319.54;297.62;-21.92;617.15
320.06;297.07;-22.99;617.13
317.69;301.66;-16.03;619.36
317.96;299.18;-18.78;617.14
319.26;297.45;-21.82;616.71
319.78;299.18;-20.59;618.96
318.34;298.90;-19.44;617.24
319.38;299.69;-19.69;619.07
318.35;298.03;-20.32;616.38
319.50;301.67;-17.83;621.17
318.96;298.59;-20.38;617.55
319.07;300.75;-18.32;619.82
318.16;301.65;-16.51;619.81
318.24;298.56;-19.67;616.80
319.64;300.25;-19.39;619.89
320.89;298.86;-22.03;619.75
318.74;299.39;-19.35;618.13
319.31;297.98;-21.33;617.28
319.51;299.35;-20.16;618.85
320.12;300.74;-19.38;620.86
320.25;297.82;-22.42;618.07
319.68;298.32;-21.36;618.00
317.76;297.57;-20.19;615.34
318.18;298.09;-20.08;616.27
319.94;298.41;-21.53;618.35
320.74;301.26;-19.48;622.01
319.49;298.76;-20.73;618.26
319.02;297.74;-21.28;616.76
318.69;297.53;-21.16;616.22
320.05;298.11;-21.94;618.16
317.46;301.58;-15.88;619.04
318.08;297.89;-20.18;615.97
320.92;297.91;-23.01;618.83
320.11;299.35;-20.76;619.46
316.35;297.95;-18.40;614.31
318.24;298.31;-19.93;616.54
319.38;298.71;-20.66;618.09
316.95;298.84;-18.12;615.79
319.84;296.69;-23.15;616.52
320.06;301.61;-18.46;621.67
320.54;298.18;-22.35;618.72
317.56;298.36;-19.21;615.92
319.05;297.99;-21.06;617.05
317.78;297.41;-20.37;615.18
318.99;297.04;-21.95;616.04
316.93;299.23;-17.70;616.16
319.36;300.68;-18.68;620.04
319.27;296.91;-22.36;616.18
319.79;297.03;-22.76;616.82
320.29;301.25;-19.05;621.54
319.06;297.92;-21.14;616.98
319.71;298.74;-20.97;618.45
319.72;297.36;-22.36;617.09
321.14;296.22;-24.91;617.36
318.69;298.14;-20.56;616.83
319.63;297.11;-22.52;616.74
318.33;297.74;-20.59;616.06
320.57;301.09;-19.48;621.66
319.12;296.88;-22.24;616.01
319.49;300.91;-18.58;620.39
319.59;297.98;-21.61;617.57
320.45;299.16;-21.28;619.61
320.15;298.05;-22.11;618.20
319.52;296.53;-22.99;616.05
318.48;298.20;-20.28;616.68
321.03;299.30;-21.73;620.33
318.32;301.17;-17.15;619.49
318.98;298.61;-20.37;617.58
318.97;299.03;-19.94;618.00
320.25;298.22;-22.04;618.47
318.17;300.59;-17.58;618.76
320.39;299.31;-21.08;619.71
319.89;299.45;-20.44;619.35
318.28;299.80;-18.48;618.08
315.68;301.65;-14.02;617.33
317.44;298.72;-18.72;616.16
321.06;300.51;-20.55;621.58
318.25;299.24;-19.02;617.49
318.49;298.81;-19.68;617.29
319.04;300.20;-18.84;619.24
319.49;300.42;-19.06;619.91
319.99;298.16;-21.83;618.16
319.71;296.94;-22.78;616.65
319.74;298.37;-21.37;618.11
319.01;301.46;-17.55;620.48
321.89;298.63;-23.26;620.52
317.58;298.89;-18.69;616.48
319.60;300.66;-18.94;620.26
318.49;298.64;-19.85;617.14
318.48;298.67;-19.81;617.15
319.02;298.12;-20.91;617.14
319.24;299.03;-20.21;618.26
319.28;297.85;-21.44;617.13
318.78;300.49;-18.29;619.28
317.98;298.64;-19.35;616.62
318.19;302.35;-15.84;620.54
318.62;299.44;-19.18;618.05
317.11;300.07;-17.04;617.18
319.09;297.34;-21.75;616.44
319.32;298.50;-20.82;617.82
319.62;298.47;-21.15;618.09
320.66;300.96;-19.69;621.62
321.59;299.36;-22.24;620.95
318.17;298.37;-19.80;616.54
319.36;301.61;-17.75;620.98
319.56;301.93;-17.64;621.49
317.92;299.04;-18.88;616.95
317.48;298.79;-18.69;616.26
316.89;298.58;-18.31;615.48
318.01;299.04;-18.97;617.04
320.82;299.46;-21.36;620.28
318.67;299.81;-18.86;618.48
319.21;298.38;-20.83;617.58
318.59;299.58;-19.01;618.17
319.68;298.80;-20.88;618.48
316.78;298.61;-18.17;615.39
318.95;299.82;-19.12;618.77
320.43;300.68;-19.75;621.11
318.70;298.63;-20.07;617.33
317.24;300.28;-16.96;617.52
318.94;298.31;-20.63;617.25
319.31;299.40;-19.91;618.71
317.84;299.61;-18.23;617.45
320.09;298.84;-21.25;618.92
317.45;300.53;-16.92;617.98
319.94;298.91;-21.03;618.85
320.55;300.85;-19.69;621.40
318.83;297.64;-21.19;616.46
319.74;301.20;-18.54;620.94
318.19;298.61;-19.58;616.80
316.68;300.88;-15.80;617.56
319.84;299.58;-20.26;619.41
319.01;298.69;-20.31;617.70
319.46;298.78;-20.68;618.24
318.90;299.86;-19.04;618.76
319.39;299.28;-20.11;618.67
318.61;301.89;-16.72;620.50
317.08;298.45;-18.63;615.54
319.28;299.10;-20.18;618.38
318.05;300.55;-17.51;618.60
318.75;297.78;-20.97;616.54
318.18;299.53;-18.65;617.71
319.34;299.59;-19.75;618.93
317.82;299.02;-18.80;616.85
318.34;298.31;-20.03;616.64
317.14;299.81;-17.33;616.94
319.90;298.94;-20.96;618.84
319.89;299.18;-20.72;619.07
318.84;299.07;-19.77;617.91
317.47;299.14;-18.34;616.61
320.59;298.67;-21.92;619.26
318.91;297.64;-21.26;616.55
317.06;301.26;-15.81;618.32
317.29;298.31;-18.98;615.60
317.73;300.06;-17.66;617.79
319.39;297.83;-21.56;617.22
320.02;297.67;-22.35;617.69
317.31;299.76;-17.55;617.07
319.25;298.24;-21.01;617.49
319.76;300.89;-18.87;620.65
318.57;298.20;-20.37;616.77
320.02;298.79;-21.24;618.81
319.02;297.92;-21.11;616.94
319.87;296.54;-23.33;616.41
319.36;297.75;-21.61;617.12
317.67;300.38;-17.29;618.05
319.62;297.71;-21.91;617.33
319.55;299.08;-20.46;618.63
320.50;298.14;-22.36;618.64
318.99;297.71;-21.28;616.70
319.24;296.82;-22.41;616.06
319.76;297.54;-22.22;617.31
318.58;298.57;-20.01;617.15
317.84;298.82;-19.02;616.65
318.62;298.68;-19.95;617.30
318.47;297.21;-21.26;615.68
318.85;298.19;-20.66;617.04
319.14;298.44;-20.70;617.58
318.89;300.35;-18.55;619.24
320.42;297.41;-23.01;617.83
319.91;301.86;-18.05;621.78
318.81;298.23;-20.58;617.04
317.98;299.42;-18.56;617.39
319.48;297.78;-21.69;617.26
319.38;301.19;-18.18;620.57
317.02;298.50;-18.52;615.52
319.34;300.52;-18.82;619.86
321.20;300.87;-20.33;622.07
318.52;299.89;-18.62;618.41
318.36;298.25;-20.11;616.61
318.16;297.25;-20.91;615.41
319.29;298.83;-20.46;618.12
316.44;298.16;-18.28;614.61
319.04;302.12;-16.92;621.16
319.41;299.11;-20.30;618.51
318.34;299.05;-19.28;617.39
317.31;297.61;-19.70;614.91
317.48;298.25;-19.23;615.72
317.29;298.16;-19.13;615.46
318.97;297.82;-21.15;616.79
318.20;299.12;-19.08;617.32
320.35;299.11;-21.24;619.46
319.21;301.19;-18.02;620.39
320.05;299.12;-20.94;619.17
318.17;298.16;-20.01;616.33
318.73;299.49;-19.24;618.22
320.09;299.24;-20.86;619.33
319.72;298.26;-21.46;617.98
318.96;298.54;-20.42;617.49
320.41;299.48;-20.93;619.88
321.14;298.41;-22.73;619.54
319.12;298.34;-20.79;617.46
318.84;297.42;-21.41;616.26
319.81;300.34;-19.47;620.15
318.61;298.26;-20.35;616.88
319.07;298.74;-20.34;617.81
317.98;298.81;-19.18;616.79
317.83;300.75;-17.08;618.58
320.45;298.66;-21.79;619.12
319.42;297.82;-21.59;617.24
318.12;298.69;-19.44;616.81
319.41;297.90;-21.51;617.31
320.23;297.92;-22.31;618.15
319.45;300.93;-18.52;620.38
320.45;297.64;-22.81;618.09
319.83;300.86;-18.96;620.69
319.02;297.46;-21.56;616.48
317.89;298.65;-19.25;616.54
318.68;297.38;-21.29;616.06
320.03;298.51;-21.52;618.54
318.65;297.22;-21.42;615.87
320.27;298.45;-21.82;618.72
316.49;298.76;-17.72;615.25
315.22;297.25;-17.97;612.48
317.11;297.86;-19.25;614.98
319.28;298.00;-21.28;617.28
320.13;298.04;-22.09;618.17
317.04;297.02;-20.02;614.06
320.11;296.84;-23.26;616.95
319.65;298.88;-20.77;618.52
320.19;298.42;-21.78;618.61
318.61;298.66;-19.95;617.28
319.35;299.18;-20.17;618.52
318.75;298.06;-20.69;616.81
318.81;297.95;-20.86;616.75
320.50;298.13;-22.37;618.63
317.81;301.72;-16.09;619.54
319.57;299.06;-20.51;618.64
319.37;299.62;-19.75;618.99
319.21;297.28;-21.93;616.49
318.13;297.79;-20.34;615.92
319.38;297.84;-21.55;617.22
316.98;301.64;-15.35;618.62
318.78;298.22;-20.56;617.00
320.24;299.08;-21.16;619.32
318.23;299.94;-18.29;618.17
318.26;298.62;-19.64;616.88
317.87;298.03;-19.84;615.90
318.76;298.32;-20.45;617.08
320.84;298.47;-22.36;619.31
319.25;297.72;-21.52;616.97
320.11;299.47;-20.64;619.58
319.04;297.86;-21.18;616.90
319.31;298.64;-20.66;617.95
317.79;298.75;-19.04;616.55
318.94;301.43;-17.51;620.36
319.98;299.54;-20.44;619.51
318.95;296.96;-21.99;615.91
320.89;301.64;-19.25;622.52
319.07;300.44;-18.63;619.51
318.61;301.02;-17.59;619.62
319.02;298.16;-20.86;617.19
317.58;298.25;-19.33;615.84
319.34;298.94;-20.40;618.28
318.50;298.54;-19.96;617.04
317.30;297.81;-19.49;615.11
318.91;299.11;-19.81;618.02
316.64;299.06;-17.57;615.70
319.55;300.24;-19.31;619.79
320.14;298.63;-21.51;618.76
317.28;297.69;-19.59;614.96
317.99;299.15;-18.84;617.15
318.18;297.78;-20.40;615.96
319.92;297.72;-22.20;617.65
318.90;300.14;-18.76;619.04
319.48;300.31;-19.17;619.78
317.98;301.09;-16.88;619.07
319.67;300.15;-19.52;619.82
318.94;297.50;-21.44;616.44
317.29;298.28;-19.02;615.57
318.62;299.59;-19.04;618.21
318.76;298.08;-20.69;616.84
318.93;299.08;-19.85;618.01
318.77;300.65;-18.12;619.42
318.27;297.75;-20.52;616.02
318.37;299.06;-19.31;617.43
320.01;297.61;-22.39;617.62
315.97;300.13;-15.84;616.10
317.49;297.38;-20.11;614.86
320.31;299.24;-21.08;619.55
319.08;298.96;-20.12;618.04
318.32;298.38;-19.94;616.70
319.72;298.67;-21.05;618.39
320.02;296.80;-23.22;616.82
320.02;298.94;-21.08;618.96
319.01;301.81;-17.19;620.82
317.78;298.41;-19.38;616.19
319.73;297.99;-21.74;617.72
318.53;301.44;-17.09;619.96
319.14;301.68;-17.45;620.82
319.64;297.56;-22.07;617.20
321.01;299.01;-22.00;620.01
317.08;298.04;-19.04;615.11
319.84;298.45;-21.38;618.29
317.10;299.58;-17.52;616.68
316.61;299.02;-17.59;615.63
317.81;299.84;-17.97;617.65
318.99;298.44;-20.55;617.42
318.95;298.36;-20.59;617.31
319.84;297.54;-22.30;617.37
319.32;298.48;-20.84;617.80
319.15;298.14;-21.01;617.29
320.31;298.58;-21.72;618.89
320.59;298.19;-22.39;618.78
319.64;298.30;-21.34;617.94
318.17;298.57;-19.60;616.74
318.59;300.52;-18.07;619.11
319.62;299.35;-20.27;618.96
318.19;302.13;-16.06;620.32
317.92;299.45;-18.48;617.37
316.96;298.91;-18.05;615.86
321.34;298.97;-22.37;620.31
318.64;297.22;-21.41;615.86
321.34;298.29;-23.04;619.63
319.44;299.26;-20.18;618.71
319.22;297.73;-21.49;616.95
319.50;298.87;-20.63;618.37
320.01;298.20;-21.81;618.21
317.91;300.38;-17.52;618.29
320.61;297.06;-23.55;617.66
317.67;299.55;-18.12;617.22
320.05;297.91;-22.15;617.96
319.64;296.65;-22.99;616.28
316.22;299.09;-17.12;615.31
320.92;297.66;-23.25;618.58
320.16;301.29;-18.87;621.45
317.14;299.52;-17.62;616.65
319.04;298.63;-20.41;617.67
319.03;298.04;-20.99;617.06
317.74;297.81;-19.94;615.55
318.21;298.36;-19.85;616.57
318.02;301.43;-16.59;619.45
316.29;299.69;-16.60;615.98
320.85;297.72;-23.13;618.58
319.26;297.51;-21.75;616.76
318.89;298.34;-20.55;617.22
317.34;298.72;-18.62;616.06
318.22;299.16;-19.05;617.38
318.24;299.12;-19.12;617.36
318.99;298.76;-20.23;617.76
319.25;300.22;-19.03;619.46
319.14;297.25;-21.89;616.39
317.62;297.63;-19.99;615.25
318.75;297.78;-20.98;616.53
318.79;301.27;-17.52;620.06
319.04;297.59;-21.45;616.63
319.26;297.20;-22.06;616.46
317.50;297.41;-20.09;614.91
317.42;300.00;-17.42;617.42
319.14;302.40;-16.74;621.54
317.52;300.06;-17.45;617.58
316.42;298.36;-18.05;614.78
318.40;301.12;-17.28;619.52
317.14;298.79;-18.35;615.92
319.05;298.79;-20.26;617.84
317.65;298.02;-19.64;615.67
318.21;297.20;-21.01;615.41
318.39;298.38;-20.01;616.77
319.01;298.11;-20.91;617.12
319.24;297.85;-21.39;617.09
318.30;300.98;-17.32;619.28
316.93;298.05;-18.88;614.98
317.28;297.27;-20.01;614.55
319.22;298.91;-20.31;618.13
317.61;299.08;-18.54;616.69
316.92;297.95;-18.96;614.87
318.39;298.82;-19.56;617.21
319.42;298.67;-20.75;618.09
316.59;296.96;-19.62;613.55
317.72;299.39;-18.33;617.12
320.16;299.96;-20.21;620.12
319.51;297.73;-21.78;617.24
320.98;298.86;-22.12;619.85
318.38;297.78;-20.60;616.15
318.48;301.44;-17.04;619.91
319.84;298.85;-20.99;618.68
318.99;299.46;-19.54;618.45
317.28;298.51;-18.78;615.79
319.15;300.48;-18.68;619.63
317.64;297.79;-19.85;615.43
319.05;297.81;-21.24;616.85
319.38;297.26;-22.11;616.64
318.31;302.42;-15.89;620.73
316.79;299.04;-17.75;615.83
317.44;299.25;-18.18;616.69
319.47;298.46;-21.01;617.94
318.21;297.55;-20.66;615.76
317.26;299.32;-17.95;616.58
319.14;298.55;-20.59;617.68
317.89;297.65;-20.24;615.54
319.37;302.63;-16.74;622.00
321.26;298.83;-22.43;620.09
319.09;298.85;-20.25;617.94
318.71;299.59;-19.12;618.29
320.06;302.74;-17.32;622.80
318.36;300.05;-18.31;618.41
317.90;298.19;-19.71;616.09
320.02;302.58;-17.44;622.60
320.68;298.27;-22.41;618.95
318.85;298.52;-20.33;617.38
317.83;302.08;-15.75;619.91
318.99;298.51;-20.48;617.50
320.05;298.86;-21.19;618.92
317.70;298.23;-19.47;615.93
319.72;299.04;-20.69;618.76
320.10;298.95;-21.15;619.05
320.56;297.92;-22.65;618.48
317.29;298.74;-18.56;616.03
320.03;298.04;-21.99;618.07
318.64;298.53;-20.11;617.16
320.04;298.05;-21.99;618.09
319.34;300.12;-19.21;619.46
319.86;301.31;-18.55;621.16
318.51;298.33;-20.18;616.84
318.96;297.04;-21.93;616.00
319.62;295.84;-23.78;615.46
319.83;300.21;-19.62;620.04
318.88;301.11;-17.76;619.99
319.09;297.84;-21.25;616.93
319.60;298.23;-21.37;617.83
318.21;299.75;-18.46;617.96
319.81;301.56;-18.25;621.37
319.14;299.24;-19.91;618.38
318.24;298.75;-19.49;616.99
321.14;296.79;-24.35;617.92
320.08;298.07;-22.01;618.15
318.01;297.54;-20.46;615.55
319.25;300.26;-18.99;619.51
318.97;301.69;-17.28;620.66
319.08;298.96;-20.12;618.05
318.11;299.34;-18.76;617.45
319.71;301.44;-18.27;621.14
317.02;300.95;-16.08;617.97
319.58;298.77;-20.81;618.35
320.91;298.94;-21.98;619.85
318.86;297.41;-21.46;616.27
318.86;300.45;-18.41;619.31
319.82;298.32;-21.50;618.15
319.49;298.96;-20.53;618.45
318.46;298.24;-20.22;616.71
319.39;299.47;-19.92;618.86
319.46;297.40;-22.06;616.86
318.11;297.32;-20.79;615.44
318.35;297.86;-20.49;616.21
319.08;300.15;-18.93;619.24
318.59;297.74;-20.85;616.33
316.55;298.32;-18.23;614.86
321.58;301.51;-20.06;623.09
318.76;299.59;-19.18;618.35
320.31;299.28;-21.03;619.58
317.59;297.28;-20.31;614.87
320.31;299.62;-20.69;619.92
317.86;300.36;-17.51;618.22
317.55;301.59;-15.95;619.14
318.37;297.72;-20.65;616.09
318.12;299.25;-18.86;617.37
317.46;299.22;-18.25;616.68
317.91;298.72;-19.19;616.63
317.26;298.76;-18.51;616.02
320.24;299.90;-20.34;620.14
316.72;302.10;-14.62;618.82
319.26;299.24;-20.02;618.51
318.95;302.15;-16.79;621.10
318.33;299.82;-18.51;618.15
318.77;298.05;-20.72;616.82
321.00;299.61;-21.39;620.61
315.88;298.45;-17.43;614.34
320.95;300.92;-20.03;621.88
318.96;300.05;-18.91;619.02
320.81;297.36;-23.45;618.17
319.86;299.79;-20.06;619.65
318.55;301.36;-17.19;619.92
316.86;299.65;-17.21;616.52
321.04;299.77;-21.26;620.81
319.66;301.72;-17.94;621.38
318.72;299.31;-19.42;618.03
317.61;299.91;-17.69;617.52
318.91;298.84;-20.07;617.75
316.80;299.38;-17.42;616.18
317.45;298.25;-19.20;615.71
320.81;298.99;-21.82;619.79
319.21;299.55;-19.66;618.76
318.14;299.21;-18.92;617.35
318.95;298.08;-20.87;617.02
317.82;298.26;-19.56;616.09
319.66;297.86;-21.81;617.52
319.96;297.99;-21.98;617.95
316.84;299.39;-17.45;616.23
319.27;298.81;-20.46;618.08
319.85;298.69;-21.15;618.54
317.83;297.88;-19.95;615.71
320.76;298.76;-22.00;619.52
316.25;297.86;-18.38;614.11
319.66;299.44;-20.22;619.09
320.69;298.35;-22.35;619.04
318.00;298.85;-19.15;616.85
318.56;299.28;-19.28;617.84
317.29;301.35;-15.94;618.65
319.10;297.85;-21.25;616.95
319.35;300.29;-19.06;619.64
318.24;299.00;-19.24;617.24
320.42;297.77;-22.65;618.19
320.29;297.08;-23.21;617.38
319.23;299.13;-20.10;618.36
318.48;297.75;-20.73;616.22
318.98;300.43;-18.55;619.41
318.72;302.06;-16.65;620.78
317.26;299.61;-17.65;616.88
318.36;298.96;-19.40;617.32
316.45;298.66;-17.79;615.11
319.12;297.08;-22.05;616.20
321.06;298.26;-22.80;619.32
318.56;300.73;-17.83;619.29
318.94;297.34;-21.60;616.27
319.51;297.38;-22.13;616.88
318.23;300.20;-18.03;618.43
320.09;299.76;-20.33;619.86
318.53;299.82;-18.71;618.35
319.15;297.61;-21.54;616.76
319.52;298.38;-21.14;617.91
322.06;297.61;-24.45;619.67
317.34;298.91;-18.43;616.24
317.26;299.35;-17.92;616.61
318.95;297.84;-21.11;616.78
317.07;298.95;-18.12;616.02
316.78;299.92;-16.86;616.69
318.55;298.63;-19.92;617.18
319.48;297.96;-21.51;617.44
319.76;302.45;-17.31;622.22
318.60;301.25;-17.35;619.85
318.71;299.53;-19.18;618.24
317.13;299.86;-17.26;616.99
318.41;298.09;-20.32;616.50
320.14;299.91;-20.23;620.05
320.52;297.12;-23.40;617.64
316.27;300.90;-15.37;617.17
317.78;302.14;-15.64;619.92
319.75;298.93;-20.82;618.68
317.41;299.71;-17.70;617.11
319.14;300.01;-19.13;619.15
318.19;299.28;-18.91;617.46
317.70;297.75;-19.95;615.45
318.97;299.69;-19.28;618.66
322.58;300.68;-21.90;623.25
318.99;298.36;-20.64;617.35
319.60;300.00;-19.60;619.60
319.24;298.68;-20.56;617.92
317.09;302.06;-15.04;619.15
317.39;302.35;-15.05;619.74
318.98;297.04;-21.94;616.02
319.70;297.64;-22.06;617.34
317.85;298.57;-19.28;616.42
319.05;298.98;-20.07;618.04
319.29;298.93;-20.36;618.22
318.45;298.95;-19.51;617.40
318.81;298.04;-20.77;616.84
316.89;299.65;-17.24;616.55
319.12;298.96;-20.15;618.08
320.69;299.15;-21.54;619.85
318.65;298.35;-20.30;616.99
321.63;297.55;-24.08;619.18
319.08;298.75;-20.33;617.82
318.79;299.74;-19.06;618.53
319.41;300.74;-18.67;620.15
319.56;301.26;-18.31;620.82
317.50;301.62;-15.88;619.12
317.79;302.28;-15.51;620.06
318.17;300.74;-17.44;618.91
317.49;298.02;-19.47;615.51
317.24;297.89;-19.35;615.13
317.51;301.94;-15.57;619.45
320.83;298.56;-22.26;619.39
319.22;297.28;-21.94;616.51
317.16;298.28;-18.88;615.44
320.06;300.51;-19.55;620.56
320.54;298.96;-21.58;619.51
319.56;298.46;-21.10;618.03
318.82;301.37;-17.45;620.19
318.83;297.88;-20.95;616.71
319.03;298.34;-20.69;617.37
319.09;297.64;-21.45;616.74
319.88;301.94;-17.94;621.82
320.16;296.88;-23.28;617.05
318.71;296.89;-21.82;615.61
320.62;298.77;-21.85;619.39
316.78;296.79;-19.98;613.57
321.05;300.42;-20.63;621.46
317.36;301.07;-16.29;618.43
319.46;297.31;-22.15;616.78
321.30;297.78;-23.52;619.08
319.32;298.96;-20.36;618.29
319.24;299.38;-19.86;618.61
319.04;296.46;-22.58;615.50
318.06;299.06;-19.00;617.13
318.95;299.08;-19.88;618.03
318.81;297.82;-20.99;616.62
319.15;296.58;-22.56;615.73
319.35;301.46;-17.89;620.81
319.75;297.75;-21.99;617.50
318.05;299.14;-18.91;617.18
320.06;299.93;-20.13;619.99
319.30;297.18;-22.12;616.48
317.42;299.21;-18.21;616.63
320.30;299.49;-20.81;619.79
320.28;297.89;-22.39;618.17
319.52;299.16;-20.36;618.69
319.77;297.95;-21.82;617.72
319.22;298.24;-20.98;617.46
319.18;298.59;-20.58;617.77
319.05;298.94;-20.11;617.98
318.88;299.32;-19.56;618.21
318.38;297.55;-20.82;615.93
319.13;298.26;-20.86;617.39
317.57;297.35;-20.22;614.92
319.00;300.72;-18.28;619.72
320.31;299.29;-21.01;619.60
320.71;301.28;-19.43;621.99
318.22;299.16;-19.06;617.39
319.14;300.82;-18.31;619.96
316.95;298.80;-18.15;615.75
318.70;301.58;-17.12;620.28
319.17;301.50;-17.67;620.67
319.19;297.46;-21.72;616.65
318.93;300.92;-18.01;619.85
318.98;300.55;-18.44;619.53
319.79;302.11;-17.69;621.90
318.29;297.58;-20.71;615.87
317.16;297.58;-19.59;614.74
318.87;296.99;-21.88;615.86
317.92;298.50;-19.42;616.42
318.89;300.96;-17.94;619.85
320.09;301.44;-18.66;621.53
318.58;298.56;-20.02;617.15
317.71;298.31;-19.41;616.02
319.49;301.18;-18.31;620.67
319.96;299.13;-20.84;619.09
320.02;298.51;-21.51;618.52
318.96;301.27;-17.69;620.24
320.18;298.46;-21.72;618.65
317.96;299.54;-18.42;617.50
316.96;298.05;-18.91;615.01
318.76;296.98;-21.78;615.74
317.06;302.08;-14.99;619.14
319.26;296.72;-22.54;615.99
319.63;298.09;-21.54;617.72
319.27;301.34;-17.93;620.61
318.97;298.33;-20.64;617.30
319.53;299.48;-20.05;619.01
319.69;300.85;-18.85;620.54
319.45;299.39;-20.06;618.85
319.01;298.47;-20.54;617.48
320.06;300.43;-19.63;620.49
318.52;302.51;-16.02;621.03
320.00;297.96;-22.04;617.96
319.08;298.42;-20.65;617.50
318.62;298.30;-20.32;616.92
318.94;297.78;-21.15;616.72
318.48;299.38;-19.10;617.86
317.72;298.49;-19.24;616.21
319.02;298.76;-20.25;617.78
319.48;297.95;-21.53;617.44
317.79;301.30;-16.49;619.09
317.22;297.96;-19.26;615.19
320.39;298.39;-22.01;618.78
320.66;298.74;-21.92;619.40
319.42;298.06;-21.36;617.48
321.20;299.64;-21.56;620.84
318.94;300.78;-18.16;619.71
319.29;300.79;-18.50;620.09
320.89;296.94;-23.95;617.82
318.99;297.05;-21.94;616.04
317.52;297.52;-20.00;615.05
320.88;299.01;-21.87;619.89
319.23;298.15;-21.08;617.38
318.45;298.84;-19.61;617.28
318.02;300.68;-17.35;618.70
320.78;298.42;-22.35;619.20
318.22;298.77;-19.45;616.99
321.72;297.59;-24.13;619.31
319.49;298.42;-21.06;617.91
319.23;299.82;-19.41;619.05
319.22;298.81;-20.42;618.03
319.74;297.65;-22.08;617.39
319.80;298.82;-20.98;618.62
319.72;298.15;-21.57;617.86
319.38;298.06;-21.32;617.44
319.32;299.02;-20.29;618.34
319.71;299.34;-20.36;619.05
318.24;297.60;-20.64;615.84
317.18;298.08;-19.11;615.26
318.35;296.95;-21.39;615.30
315.82;300.07;-15.75;615.89
319.19;298.94;-20.25;618.13
319.34;300.27;-19.06;619.61
318.51;297.19;-21.32;615.70
317.69;298.60;-19.09;616.29
319.17;298.77;-20.40;617.94
318.61;299.76;-18.84;618.37
318.54;298.06;-20.47;616.60
318.85;298.08;-20.77;616.94
319.26;297.09;-22.17;616.36
317.98;297.74;-20.24;615.72
319.79;298.22;-21.58;618.01
317.54;298.11;-19.43;615.65
319.61;299.12;-20.49;618.74
319.23;298.04;-21.19;617.27
319.87;299.76;-20.11;619.63
318.34;300.56;-17.78;618.90
318.52;297.08;-21.44;615.59
319.75;298.89;-20.85;618.64
316.69;298.98;-17.71;615.66
318.48;301.14;-17.34;619.62
319.77;298.46;-21.31;618.24
319.39;297.35;-22.04;616.75
319.21;297.78;-21.42;616.99
318.31;298.39;-19.92;616.70
320.48;302.99;-17.49;623.48
320.74;299.41;-21.33;620.15
318.65;296.95;-21.70;615.59
317.69;298.75;-18.94;616.45
319.70;297.87;-21.83;617.57
320.16;298.28;-21.88;618.44
320.62;298.21;-22.42;618.83
317.52;298.84;-18.68;616.36
320.01;297.76;-22.25;617.77
319.76;298.20;-21.56;617.96
318.84;297.09;-21.75;615.93
319.29;297.02;-22.27;616.32
319.01;298.62;-20.39;617.62
318.63;300.16;-18.47;618.79
320.28;298.55;-21.73;618.82
321.48;301.00;-20.48;622.48
318.22;297.12;-21.10;615.35
319.79;298.54;-21.25;618.34
318.85;299.49;-19.36;618.34
320.96;298.70;-22.26;619.66
321.09;299.01;-22.08;620.09
318.35;297.91;-20.44;616.26
320.44;296.22;-24.22;616.65
320.13;298.65;-21.48;618.78
317.19;296.78;-20.42;613.97
319.78;301.65;-18.12;621.43
320.05;298.92;-21.12;618.97
320.84;298.05;-22.78;618.89
321.06;296.69;-24.37;617.75
320.50;298.29;-22.21;618.79
316.52;300.11;-16.42;616.63
320.46;298.83;-21.64;619.29
319.97;298.07;-21.90;618.04
318.50;296.87;-21.63;615.37
318.85;296.96;-21.89;615.81
319.23;298.21;-21.02;617.44
318.25;300.77;-17.48;619.02
319.48;296.33;-23.15;615.81
317.72;299.43;-18.29;617.15
320.93;298.09;-22.84;619.02
319.86;300.78;-19.08;620.64
318.35;297.86;-20.48;616.21
320.39;298.14;-22.26;618.53
319.91;298.17;-21.74;618.08
319.40;300.69;-18.71;620.09
318.03;297.79;-20.24;615.82
317.05;297.84;-19.21;614.88
317.29;299.49;-17.81;616.78
321.13;300.74;-20.39;621.87
320.72;296.11;-24.61;616.82
319.78;297.83;-21.95;617.61
320.01;299.53;-20.48;619.54
319.45;297.89;-21.55;617.34
319.79;299.36;-20.43;619.16
319.54;298.22;-21.32;617.76
320.31;298.31;-22.00;618.61
320.24;296.91;-23.32;617.15
319.15;297.44;-21.71;616.59
318.06;299.11;-18.96;617.17
318.71;296.71;-22.01;615.42
320.65;301.46;-19.19;622.11
319.62;298.54;-21.09;618.16
318.52;297.68;-20.84;616.21
319.99;299.90;-20.09;619.89
319.07;296.59;-22.48;615.66
320.51;297.32;-23.19;617.84
319.87;299.66;-20.21;619.54
321.77;300.27;-21.50;622.04
319.16;300.33;-18.84;619.49
318.83;298.95;-19.88;617.78
320.66;296.64;-24.03;617.30
321.74;297.86;-23.88;619.61
322.32;296.75;-25.56;619.07
319.01;301.90;-17.11;620.91
320.08;297.72;-22.35;617.80
317.24;297.90;-19.34;615.14
319.95;297.78;-22.17;617.74
319.19;301.03;-18.16;620.22
318.33;298.14;-20.19;616.47
318.34;298.08;-20.26;616.42
318.96;297.63;-21.34;616.59
318.59;299.13;-19.46;617.72
320.26;299.75;-20.51;620.01
320.27;297.94;-22.33;618.21
320.77;297.29;-23.48;618.06
318.43;300.08;-18.35;618.51
320.62;298.25;-22.36;618.87
317.59;298.49;-19.10;616.08
317.38;297.68;-19.70;615.06
319.35;297.16;-22.19;616.51
318.81;298.09;-20.72;616.91
318.15;297.05;-21.10;615.21
317.84;301.42;-16.42;619.25
319.12;301.37;-17.75;620.49
320.16;298.01;-22.15;618.18
319.14;297.15;-21.99;616.28
320.11;300.75;-19.36;620.85
320.48;297.40;-23.08;617.88
319.76;298.48;-21.28;618.24
318.98;301.37;-17.61;620.35
318.89;297.71;-21.19;616.60
319.83;298.91;-20.92;618.74
318.66;298.19;-20.48;616.85
318.63;298.04;-20.59;616.67
317.89;300.23;-17.66;618.12
320.99;298.32;-22.68;619.31
320.14;298.09;-22.05;618.22
321.00;296.94;-24.06;617.94
320.92;298.96;-21.95;619.88
318.35;298.08;-20.27;616.42
320.51;297.52;-22.99;618.04
319.88;298.05;-21.83;617.92
319.86;297.32;-22.54;617.18
318.41;297.08;-21.33;615.48
321.25;299.95;-21.30;621.19
319.85;301.91;-17.94;621.76
320.71;297.39;-23.32;618.09
318.51;297.75;-20.75;616.26
318.52;298.32;-20.20;616.84
316.83;298.45;-18.38;615.28
317.81;298.89;-18.91;616.70
319.52;299.11;-20.41;618.64
318.64;297.19;-21.44;615.83
318.91;298.34;-20.57;617.24
319.78;298.43;-21.35;618.21
317.84;297.54;-20.29;615.38
320.25;296.45;-23.80;616.71
319.96;297.73;-22.23;617.69
317.11;300.20;-16.91;617.31
318.73;296.14;-22.59;614.86
318.93;300.94;-17.99;619.87
317.30;297.98;-19.32;615.28
321.72;298.21;-23.52;619.93
317.91;299.71;-18.20;617.61
319.36;302.46;-16.90;621.82
321.27;297.99;-23.28;619.26
319.26;297.24;-22.02;616.51
319.58;297.92;-21.66;617.51
318.71;297.44;-21.27;616.14
317.72;298.03;-19.69;615.75
317.94;301.72;-16.21;619.66
318.58;297.98;-20.60;616.55
320.55;299.61;-20.94;620.16
318.74;297.61;-21.14;616.35
319.81;297.08;-22.73;616.88
319.99;298.54;-21.45;618.53
320.21;296.62;-23.59;616.82
319.24;301.79;-17.44;621.03
320.93;301.11;-19.82;622.04
318.61;299.55;-19.06;618.16
319.84;301.65;-18.18;621.49
320.96;297.81;-23.15;618.78
318.11;297.84;-20.28;615.95
318.29;296.61;-21.68;614.91
319.25;300.70;-18.55;619.95
319.45;298.83;-20.62;618.28
320.01;299.96;-20.04;619.97
320.94;299.57;-21.37;620.51
316.96;299.47;-17.49;616.44
318.11;297.18;-20.93;615.28
316.98;296.63;-20.35;613.61
320.28;297.35;-22.93;617.64
320.71;298.16;-22.55;618.87
320.49;297.40;-23.09;617.89
320.14;298.91;-21.24;619.05
320.17;297.44;-22.74;617.61
320.22;299.52;-20.70;619.75
319.77;297.92;-21.85;617.69
321.42;300.92;-20.49;622.34
320.71;300.08;-20.64;620.79
320.94;298.92;-22.01;619.86
319.26;300.85;-18.41;620.11
317.08;298.32;-18.76;615.40
317.54;298.65;-18.88;616.19
320.59;300.85;-19.74;621.44
319.15;300.94;-18.21;620.08
320.14;301.05;-19.09;621.19
318.95;298.02;-20.93;616.98
318.96;300.93;-18.04;619.89
319.49;298.94;-20.55;618.43
319.16;301.07;-18.09;620.23
319.00;298.46;-20.54;617.46
319.49;296.91;-22.58;616.40
319.84;299.13;-20.71;618.97
317.60;297.12;-20.48;614.72
317.92;298.50;-19.42;616.42
318.35;297.74;-20.61;616.08
320.61;299.11;-21.50;619.71
320.31;298.06;-22.25;618.36
318.12;295.28;-22.84;613.39
319.72;298.50;-21.22;618.22
318.88;299.24;-19.64;618.12
317.20;297.25;-19.95;614.45
319.62;298.75;-20.87;618.36
319.29;298.85;-20.45;618.14
320.42;299.29;-21.14;619.71
318.50;298.04;-20.46;616.54
319.48;297.09;-22.39;616.57
320.08;299.00;-21.08;619.08
319.49;299.05;-20.45;618.54
320.16;297.82;-22.34;617.98
318.99;297.68;-21.32;616.67
319.70;297.27;-22.43;616.97
319.95;297.65;-22.30;617.59
319.04;297.60;-21.44;616.64
318.81;298.42;-20.38;617.23
319.90;297.68;-22.22;617.58
318.87;298.20;-20.67;617.07
318.97;298.26;-20.71;617.24
317.82;296.89;-20.93;614.72
319.45;298.64;-20.82;618.09
321.16;299.37;-21.79;620.54
320.00;297.91;-22.09;617.91
318.66;299.10;-19.56;617.76
319.59;297.66;-21.92;617.25
319.67;297.94;-21.73;617.61
317.30;298.20;-19.10;615.50
317.49;296.88;-20.62;614.37
320.25;298.58;-21.68;618.83
316.84;297.76;-19.07;614.60
320.63;297.94;-22.69;618.56
319.46;298.52;-20.94;617.98
319.99;301.12;-18.88;621.11
316.73;301.17;-15.56;617.90
319.58;299.12;-20.46;618.70
320.86;302.02;-18.84;622.89
319.52;298.01;-21.51;617.53
318.64;297.28;-21.36;615.92
319.08;298.03;-21.05;617.11
318.68;298.71;-19.97;617.38
318.27;297.73;-20.54;616.00
321.61;299.13;-22.48;620.74
317.31;298.49;-18.81;615.80
317.89;300.48;-17.42;618.37
318.01;299.91;-18.10;617.91
318.88;300.46;-18.41;619.34
319.08;297.82;-21.26;616.89
319.61;298.20;-21.41;617.81
319.34;297.42;-21.92;616.75
320.38;297.25;-23.13;617.62
318.45;298.98;-19.47;617.44
318.36;297.05;-21.31;615.41
318.23;299.73;-18.50;617.96
319.11;298.05;-21.06;617.16
320.91;299.09;-21.81;620.00
320.21;299.65;-20.56;619.86
318.09;299.46;-18.62;617.55
317.59;298.15;-19.44;615.74
319.42;297.35;-22.06;616.77
319.71;298.42;-21.29;618.13
319.28;298.99;-20.28;618.27
319.08;297.86;-21.22;616.94
318.62;298.44;-20.18;617.06
320.41;298.75;-21.66;619.15
319.41;302.49;-16.92;621.91
318.76;297.46;-21.29;616.22
318.77;298.11;-20.66;616.88
320.36;297.99;-22.37;618.36
317.28;297.23;-20.05;614.51
319.19;297.05;-22.14;616.24
319.81;299.18;-20.63;618.98
318.27;300.28;-17.99;618.55
317.71;297.55;-20.16;615.26
321.22;296.71;-24.51;617.92
318.29;298.15;-20.15;616.44
318.62;297.94;-20.68;616.56
319.93;298.29;-21.64;618.22
318.25;298.34;-19.91;616.59
317.81;297.42;-20.38;615.23
319.86;298.63;-21.23;618.49
320.29;297.57;-22.72;617.86
319.12;297.61;-21.51;616.74
320.18;298.24;-21.94;618.42
317.87;298.01;-19.86;615.88
320.13;298.60;-21.53;618.73
319.03;298.08;-20.95;617.11
319.21;298.18;-21.02;617.39
318.73;299.96;-18.77;618.69
320.20;300.04;-20.16;620.24
318.87;301.81;-17.06;620.68
319.68;300.89;-18.79;620.58
319.74;296.23;-23.51;615.97
319.65;298.06;-21.58;617.71
320.31;296.87;-23.44;617.18
319.06;298.33;-20.73;617.39
318.32;300.73;-17.59;619.05
319.04;299.23;-19.81;618.27
318.54;298.09;-20.44;616.63
317.05;300.17;-16.88;617.22
317.84;298.15;-19.69;615.99
317.29;297.86;-19.44;615.15
319.59;298.07;-21.52;617.66
319.48;300.09;-19.39;619.56
316.68;299.31;-17.37;615.99
319.75;296.59;-23.15;616.34
319.86;296.67;-23.19;616.54
318.31;295.77;-22.54;614.08
319.59;299.49;-20.11;619.08
321.36;300.98;-20.38;622.35
319.21;298.36;-20.84;617.57
317.81;297.74;-20.07;615.54
319.88;296.50;-23.38;616.38
318.35;299.28;-19.07;617.62
320.62;299.18;-21.44;619.81
319.37;298.83;-20.54;618.20
320.60;298.07;-22.53;618.67
321.68;299.46;-22.22;621.14
319.52;298.89;-20.64;618.41
319.21;297.52;-21.68;616.73
319.43;297.66;-21.76;617.09
318.45;297.90;-20.55;616.35
318.60;299.72;-18.88;618.32
318.75;298.86;-19.89;617.61
319.04;298.65;-20.39;617.68
319.67;299.17;-20.50;618.84
318.74;297.81;-20.92;616.55
319.29;297.26;-22.03;616.55
319.71;299.06;-20.65;618.76
319.85;297.54;-22.32;617.39
317.06;300.16;-16.89;617.22
320.76;298.47;-22.29;619.24
319.62;297.81;-21.82;617.43
318.36;299.58;-18.78;617.94
318.90;298.66;-20.24;617.56
319.13;299.26;-19.87;618.39
318.92;297.52;-21.41;616.44
319.64;297.57;-22.06;617.21
318.71;298.05;-20.66;616.76
319.52;300.17;-19.35;619.69
318.22;296.31;-21.91;614.52
318.35;297.52;-20.82;615.87
319.08;298.01;-21.07;617.09
320.64;301.60;-19.04;622.24
321.03;298.91;-22.12;619.94
318.16;297.24;-20.92;615.41
319.04;296.83;-22.21;615.86
317.93;301.18;-16.75;619.11
317.95;298.93;-19.02;616.88
321.10;298.10;-23.00;619.20
320.33;298.28;-22.05;618.61
319.51;300.63;-18.88;620.14
322.38;299.93;-22.45;622.31
320.04;298.25;-21.79;618.29
319.87;296.56;-23.31;616.43
319.32;300.94;-18.38;620.25
318.39;299.15;-19.24;617.54
319.62;297.63;-21.99;617.25
318.12;297.80;-20.32;615.92
317.41;300.54;-16.88;617.95
319.79;298.44;-21.35;618.23
318.65;297.62;-21.02;616.27
318.79;298.19;-20.60;616.98
321.12;300.99;-20.13;622.12
318.48;298.13;-20.35;616.61
318.23;300.96;-17.27;619.19
319.15;298.49;-20.66;617.64
319.37;298.28;-21.09;617.65
318.01;297.43;-20.58;615.44
318.45;297.99;-20.46;616.44
319.55;299.42;-20.14;618.97
319.52;300.07;-19.45;619.59
319.92;299.27;-20.65;619.19
316.14;298.31;-17.83;614.45
317.82;297.39;-20.42;615.21
319.20;297.57;-21.63;616.77
318.41;298.41;-20.00;616.81
318.24;298.27;-19.96;616.51
317.29;298.94;-18.35;616.23
317.46;297.02;-20.45;614.48
319.19;300.53;-18.66;619.72
317.03;298.17;-18.86;615.20
318.85;297.46;-21.38;616.31
319.30;297.76;-21.54;617.06
318.12;297.88;-20.25;616.00
320.19;300.76;-19.42;620.95
320.59;297.75;-22.84;618.35
318.52;298.01;-20.51;616.53
318.19;297.95;-20.24;616.14
318.33;298.39;-19.94;616.72
319.30;300.78;-18.52;620.08
319.02;299.40;-19.62;618.42
320.47;301.98;-18.49;622.45
320.22;298.20;-22.02;618.42
319.14;298.19;-20.94;617.33
322.55;298.86;-23.69;621.41
318.55;299.51;-19.04;618.06
320.76;299.31;-21.45;620.07
319.11;298.97;-20.14;618.08
319.55;298.42;-21.13;617.96
317.98;297.62;-20.36;615.60
320.20;297.68;-22.52;617.88
320.45;297.61;-22.85;618.06
320.16;300.02;-20.14;620.19
318.10;299.04;-19.06;617.14
319.02;298.41;-20.61;617.42
316.95;301.00;-15.95;617.95
317.03;298.19;-18.84;615.22
318.91;300.06;-18.85;618.98
316.15;299.11;-17.05;615.26
319.61;297.46;-22.15;617.08
317.28;298.11;-19.17;615.39
317.89;298.74;-19.15;616.63
321.36;297.39;-23.96;618.75
318.45;300.25;-18.20;618.69
318.21;299.77;-18.44;617.98
319.06;297.78;-21.28;616.85
318.69;301.14;-17.55;619.84
319.18;298.07;-21.11;617.25
317.95;299.12;-18.82;617.07
320.44;298.47;-21.97;618.91
317.35;296.79;-20.56;614.15
319.33;297.96;-21.37;617.29
318.46;296.35;-22.11;614.82
316.99;300.91;-16.08;617.90
319.39;297.09;-22.31;616.48
319.45;299.65;-19.81;619.10
319.11;296.42;-22.69;615.54
316.94;298.22;-18.71;615.16
317.78;300.34;-17.44;618.12
319.38;298.63;-20.75;618.01
317.88;298.38;-19.51;616.26
318.66;298.24;-20.42;616.89
320.72;301.74;-18.98;622.46
319.24;298.22;-21.02;617.46
318.39;298.15;-20.24;616.55
320.66;298.31;-22.35;618.97
317.88;298.01;-19.88;615.89
321.65;298.54;-23.12;620.19
318.74;297.71;-21.02;616.45
318.48;300.32;-18.15;618.80
317.00;298.84;-18.16;615.84
318.99;297.76;-21.23;616.76
319.49;298.12;-21.37;617.62
317.32;298.48;-18.84;615.81
319.36;299.05;-20.32;618.41
319.29;297.57;-21.72;616.86
318.55;297.97;-20.58;616.52
319.14;299.81;-19.33;618.94
319.14;301.20;-17.94;620.34
319.24;297.65;-21.59;616.89
318.87;299.55;-19.32;618.42
319.21;296.74;-22.48;615.95
319.28;297.06;-22.22;616.34
318.40;299.11;-19.29;617.51
317.91;299.50;-18.41;617.41
318.55;297.11;-21.44;615.66
321.34;300.42;-20.91;621.76
320.14;299.49;-20.64;619.63
319.78;298.31;-21.46;618.09
318.98;298.68;-20.30;617.66
317.68;299.06;-18.61;616.74
317.31;297.99;-19.32;615.31
320.59;300.09;-20.49;620.68
319.72;298.71;-21.01;618.42
319.22;300.44;-18.79;619.66
320.32;298.50;-21.82;618.82
320.65;296.84;-23.81;617.49
321.16;299.28;-21.89;620.44
321.99;300.79;-21.19;622.78
318.78;298.11;-20.68;616.89
319.13;298.61;-20.52;617.74
319.42;297.38;-22.04;616.79
318.01;299.31;-18.70;617.31
320.39;298.21;-22.18;618.59
317.63;298.41;-19.22;616.04
318.30;298.79;-19.51;617.09
319.85;298.41;-21.44;618.26
318.10;298.17;-19.93;616.27
319.31;299.14;-20.16;618.45
320.25;298.59;-21.66;618.84
319.35;299.59;-19.76;618.94
316.94;298.59;-18.35;615.54
317.53;299.33;-18.20;616.86
320.86;296.85;-24.01;617.72
316.99;297.19;-19.79;614.18
318.49;297.56;-20.93;616.06
319.07;298.06;-21.01;617.14
318.77;297.99;-20.78;616.76
318.51;297.69;-20.82;616.20
319.57;301.25;-18.32;620.82
318.66;298.47;-20.19;617.13
318.00;297.35;-20.65;615.35
318.68;299.16;-19.52;617.84
318.13;300.87;-17.26;619.00
318.85;300.20;-18.65;619.05
318.53;297.69;-20.84;616.22
319.19;297.72;-21.47;616.92
319.48;297.82;-21.65;617.30
319.88;297.46;-22.42;617.34
319.10;298.59;-20.51;617.69
319.61;299.52;-20.09;619.13
318.45;298.23;-20.22;616.68
318.92;298.45;-20.48;617.37
319.84;298.42;-21.42;618.26
319.38;297.89;-21.49;617.28
316.92;299.57;-17.35;616.49
319.53;300.35;-19.18;619.88
319.46;298.00;-21.46;617.46
318.26;299.24;-19.02;617.51
319.25;298.66;-20.59;617.91
319.48;303.29;-16.19;622.78
317.94;300.58;-17.36;618.52
321.54;298.62;-22.92;620.16
318.76;300.09;-18.67;618.86
316.57;298.58;-17.99;615.15
318.71;298.60;-20.11;617.31
319.98;298.11;-21.87;618.09
319.70;297.49;-22.21;617.19
318.28;298.58;-19.69;616.86
317.52;296.96;-20.56;614.48
319.09;301.95;-17.14;621.04
318.32;299.46;-18.86;617.79
318.35;301.69;-16.66;620.05
320.30;298.86;-21.44;619.16
319.64;298.85;-20.79;618.48
317.91;301.30;-16.61;619.21
319.33;301.26;-18.06;620.59
318.82;298.09;-20.73;616.91
316.27;299.61;-16.66;615.88
318.13;298.88;-19.25;617.01
317.01;298.16;-18.85;615.18
318.94;298.23;-20.71;617.17
320.63;297.21;-23.42;617.84
321.55;298.74;-22.81;620.28
318.76;299.80;-18.96;618.56
317.59;297.25;-20.34;614.85
316.34;298.99;-17.35;615.32
316.48;297.99;-18.49;614.47
319.82;299.19;-20.63;619.01
319.70;299.19;-20.51;618.89
316.43;298.84;-17.59;615.26
318.22;298.67;-19.55;616.89
317.04;298.92;-18.12;615.96
320.44;298.13;-22.31;618.57
319.17;299.13;-20.04;618.30
320.62;298.63;-21.99;619.25
318.37;297.92;-20.45;616.29
322.01;300.12;-21.89;622.13
319.39;298.79;-20.61;618.18
320.08;298.78;-21.30;618.85
317.26;298.46;-18.80;615.73
318.85;301.79;-17.05;620.64
318.98;298.52;-20.46;617.49
317.88;299.21;-18.67;617.09
319.81;301.99;-17.82;621.81
318.82;298.67;-20.15;617.49
320.45;297.21;-23.24;617.66
319.34;299.62;-19.72;618.96
317.82;300.46;-17.36;618.29
318.36;299.90;-18.46;618.26
319.05;298.94;-20.11;617.99
318.54;300.59;-17.95;619.13
317.58;298.73;-18.85;616.31
318.31;298.95;-19.36;617.26
319.92;299.92;-20.01;619.84
320.19;300.56;-19.63;620.75
317.78;299.37;-18.41;617.15
320.13;298.39;-21.74;618.52
321.51;297.98;-23.53;619.49
320.91;301.65;-19.26;622.56
319.56;298.98;-20.58;618.55
316.55;299.49;-17.05;616.04
318.28;299.64;-18.64;617.91
318.20;298.29;-19.91;616.49
318.71;298.38;-20.33;617.09
320.77;298.15;-22.62;618.92
318.79;298.65;-20.14;617.44
319.66;298.72;-20.94;618.38
320.28;298.19;-22.09;618.47
319.79;298.00;-21.79;617.79
317.84;298.69;-19.14;616.53
318.04;298.61;-19.42;616.65
320.27;299.39;-20.88;619.66
321.31;298.72;-22.59;620.04
319.42;298.56;-20.85;617.98
317.70;301.11;-16.59;618.81
318.61;300.54;-18.07;619.14
318.81;298.34;-20.48;617.15
319.29;299.81;-19.48;619.09
320.41;301.89;-18.52;622.30
318.32;298.18;-20.14;616.50
317.32;297.76;-19.56;615.08
320.46;297.19;-23.26;617.65
318.01;299.21;-18.79;617.22
321.11;297.82;-23.29;618.92
317.98;298.89;-19.08;616.87
319.57;301.29;-18.28;620.86
318.84;298.33;-20.51;617.16
320.69;301.29;-19.40;621.99
318.55;299.40;-19.15;617.95
316.05;300.05;-16.00;616.09
317.85;301.96;-15.88;619.81
317.82;297.52;-20.30;615.35
319.95;297.76;-22.19;617.72
318.52;301.39;-17.13;619.91
318.59;300.09;-18.49;618.68
318.73;298.84;-19.89;617.57
319.45;297.72;-21.73;617.18
318.68;299.52;-19.15;618.20
318.48;298.33;-20.15;616.81
319.19;298.57;-20.62;617.76
317.82;300.89;-16.93;618.72
318.84;299.64;-19.21;618.48
317.17;299.48;-17.69;616.65
317.08;298.91;-18.18;615.99
318.15;299.38;-18.77;617.52
319.68;299.51;-20.16;619.19
320.16;297.38;-22.78;617.54
318.99;300.41;-18.58;619.40
318.88;297.69;-21.19;616.56
317.20;297.98;-19.22;615.18
318.78;297.91;-20.86;616.69
318.94;296.98;-21.96;615.92
319.31;296.92;-22.38;616.23
318.75;299.48;-19.27;618.22
319.85;298.51;-21.34;618.35
319.17;298.68;-20.49;617.85
320.31;298.93;-21.38;619.24
319.26;298.00;-21.26;617.26
317.37;296.99;-20.38;614.36
319.22;298.75;-20.46;617.97
320.66;299.28;-21.38;619.94
319.56;299.16;-20.41;618.72
320.47;301.24;-19.23;621.71
318.34;298.29;-20.04;616.63
320.93;299.08;-21.85;620.01
318.36;298.11;-20.25;616.46
318.54;301.14;-17.41;619.68
320.09;299.04;-21.06;619.13
319.95;300.08;-19.87;620.02
317.93;297.98;-19.95;615.91
318.96;297.86;-21.10;616.83
317.80;300.31;-17.49;618.11
318.34;299.29;-19.05;617.64
319.69;297.39;-22.30;617.09
318.91;298.59;-20.31;617.50
318.26;297.88;-20.38;616.14
318.38;298.54;-19.84;616.92
319.04;298.24;-20.80;617.28
318.76;298.52;-20.24;617.29
319.87;301.07;-18.80;620.94
320.46;297.34;-23.12;617.79
317.56;299.35;-18.21;616.91
320.17;297.91;-22.26;618.08
320.14;297.68;-22.46;617.81
319.94;298.28;-21.66;618.21
319.07;298.45;-20.62;617.52
316.48;297.72;-18.75;614.20
320.05;297.96;-22.08;618.01
319.40;298.71;-20.69;618.11
319.06;297.66;-21.40;616.72
319.85;298.97;-20.88;618.82
319.80;298.32;-21.48;618.12
319.92;297.51;-22.41;617.42
317.12;299.15;-17.98;616.27
321.09;302.07;-19.02;623.16
318.71;296.73;-21.98;615.44
318.89;298.39;-20.49;617.28
317.78;298.29;-19.48;616.07
320.05;299.15;-20.91;619.20
319.97;298.05;-21.92;618.02
318.37;301.19;-17.18;619.56
318.49;299.14;-19.35;617.64
319.02;298.62;-20.40;617.64
318.76;298.99;-19.76;617.75
317.77;299.61;-18.16;617.38
317.41;300.54;-16.86;617.95
317.63;299.45;-18.18;617.08
318.56;298.21;-20.35;616.76
316.85;297.62;-19.24;614.47
318.27;298.67;-19.60;616.94
319.68;298.94;-20.74;618.62
318.23;297.87;-20.36;616.10
319.85;298.41;-21.44;618.26
319.49;298.77;-20.72;618.26
317.46;297.99;-19.47;615.45
318.46;297.12;-21.34;615.59
318.84;297.67;-21.17;616.51
318.78;298.62;-20.16;617.39
319.33;298.85;-20.48;618.18
319.42;298.95;-20.47;618.38
320.26;298.25;-22.01;618.52
320.66;298.06;-22.60;618.73
318.93;299.35;-19.58;618.28
318.27;300.43;-17.84;618.70
318.55;297.86;-20.69;616.41
318.36;300.12;-18.24;618.48
319.02;301.99;-17.02;621.01
319.88;297.48;-22.39;617.36
319.46;299.03;-20.44;618.49
320.11;298.27;-21.84;618.38
317.46;300.04;-17.43;617.50
318.61;301.10;-17.51;619.71
320.08;298.15;-21.94;618.23
320.12;301.66;-18.46;621.78
318.76;298.87;-19.89;617.63
319.12;300.52;-18.60;619.65
319.09;297.91;-21.18;617.00
318.08;298.14;-19.94;616.22
317.55;301.85;-15.71;619.40
320.12;298.68;-21.44;618.80
318.28;298.69;-19.59;616.97
316.81;299.28;-17.52;616.09
317.07;299.79;-17.28;616.86
317.92;298.72;-19.21;616.64
318.16;297.73;-20.43;615.89
317.01;298.47;-18.54;615.48
316.66;297.21;-19.45;613.88
319.55;299.51;-20.04;619.05
318.76;299.38;-19.38;618.15
318.32;300.19;-18.13;618.52
318.74;298.45;-20.29;617.18
318.72;298.95;-19.78;617.67
319.55;297.64;-21.91;617.19
319.94;298.39;-21.55;618.32
319.26;301.87;-17.39;621.14
319.61;297.92;-21.69;617.53
317.66;299.21;-18.45;616.88
318.98;299.74;-19.25;618.72
319.34;297.19;-22.15;616.54
317.76;297.05;-20.71;614.81
318.38;299.09;-19.29;617.48
320.17;296.55;-23.62;616.72
320.50;298.44;-22.06;618.94
320.36;299.05;-21.31;619.42
319.52;298.24;-21.29;617.76
318.57;297.52;-21.05;616.09
318.84;299.76;-19.08;618.60
318.68;298.31;-20.37;616.99
318.01;301.11;-16.91;619.12
318.47;296.95;-21.52;615.42
319.24;297.93;-21.31;617.17
320.19;298.45;-21.75;618.64
320.10;298.14;-21.96;618.24
318.05;297.26;-20.78;615.31
320.62;298.05;-22.57;618.66
318.72;297.00;-21.72;615.72
318.96;297.57;-21.39;616.54
320.43;299.40;-21.03;619.83
319.82;301.66;-18.16;621.48
319.76;297.81;-21.95;617.56
320.07;297.73;-22.34;617.80
321.17;298.73;-22.44;619.90
318.32;297.02;-21.30;615.34
319.39;298.75;-20.64;618.15
319.45;297.09;-22.36;616.55
318.72;298.49;-20.23;617.21
317.58;297.39;-20.19;614.96
320.48;300.59;-19.89;621.07
320.12;297.41;-22.71;617.53
320.13;300.60;-19.53;620.73
319.38;298.05;-21.34;617.43
316.54;297.76;-18.78;614.29
322.30;296.98;-25.32;619.28
319.82;298.50;-21.32;618.32
320.47;297.94;-22.54;618.41
319.39;297.85;-21.54;617.24
318.13;299.81;-18.32;617.94
319.15;298.12;-21.02;617.27
321.19;298.74;-22.45;619.92
318.43;297.86;-20.56;616.29
319.84;300.84;-19.00;620.67
317.76;297.42;-20.34;615.18
321.14;298.90;-22.24;620.04
320.38;298.08;-22.31;618.46
318.71;300.14;-18.57;618.84
318.55;297.55;-21.01;616.10
317.99;298.61;-19.38;616.60
319.46;297.01;-22.45;616.46
320.73;297.40;-23.33;618.13
319.17;299.58;-19.59;618.75
319.36;297.11;-22.25;616.48
318.37;297.32;-21.05;615.69
319.56;298.95;-20.61;618.52
319.18;297.44;-21.75;616.62
321.38;300.68;-20.71;622.06
321.82;298.25;-23.58;620.07
320.93;301.57;-19.36;622.50
317.95;297.15;-20.80;615.09
319.76;299.41;-20.35;619.17
318.14;300.71;-17.43;618.84
317.36;300.06;-17.31;617.42
319.39;301.99;-17.41;621.38
319.31;297.65;-21.66;616.96
320.39;298.12;-22.27;618.51
319.37;300.66;-18.71;620.04
319.16;297.22;-21.94;616.38
318.56;297.28;-21.29;615.84
320.22;298.06;-22.16;618.28
319.18;297.02;-22.16;616.20
321.30;297.28;-24.02;618.58
319.40;298.09;-21.31;617.49
319.66;297.42;-22.24;617.08
320.42;298.67;-21.75;619.09
317.85;300.82;-17.03;618.66
319.28;299.40;-19.88;618.68
320.28;298.78;-21.50;619.06
319.61;298.36;-21.25;617.98
319.01;298.98;-20.04;617.99
318.38;298.29;-20.09;616.66
320.61;301.36;-19.25;621.96
318.94;297.15;-21.79;616.09
319.22;299.27;-19.95;618.49
319.62;299.49;-20.13;619.11
318.01;297.34;-20.66;615.35
317.14;297.99;-19.15;615.14
319.72;299.36;-20.36;619.09
320.29;298.26;-22.02;618.55
320.78;298.60;-22.18;619.38
317.56;300.29;-17.27;617.86
320.54;299.53;-21.01;620.06
318.75;300.97;-17.78;619.72
318.89;297.89;-21.00;616.79
317.39;297.14;-20.26;614.53
319.59;300.62;-18.98;620.21
319.31;297.55;-21.76;616.86
319.80;297.95;-21.85;617.75
319.08;300.04;-19.04;619.12
319.41;297.06;-22.35;616.46
318.21;297.44;-20.78;615.65
320.19;296.66;-23.52;616.85
318.29;298.91;-19.38;617.19
321.20;297.51;-23.69;618.71
319.09;297.59;-21.50;616.69
318.26;297.49;-20.76;615.75
319.96;296.87;-23.09;616.84
319.06;297.91;-21.15;616.98
319.84;299.09;-20.75;618.92
320.16;297.85;-22.31;618.02
319.33;300.52;-18.81;619.85
319.74;297.49;-22.25;617.22
318.50;297.71;-20.79;616.21
318.55;297.61;-20.94;616.15
319.79;297.28;-22.52;617.07
319.32;298.82;-20.50;618.15
319.21;299.98;-19.23;619.18
318.20;297.58;-20.62;615.78
318.79;299.22;-19.57;618.02
320.34;296.98;-23.36;617.31
319.37;297.10;-22.27;616.47
319.42;298.99;-20.42;618.41
320.16;301.28;-18.88;621.44
318.51;299.12;-19.39;617.63
320.12;298.84;-21.28;618.96
316.78;296.85;-19.92;613.63
319.92;297.61;-22.31;617.53
318.82;299.79;-19.03;618.61
318.35;296.55;-21.81;614.90
318.75;297.60;-21.15;616.35
319.51;297.76;-21.75;617.27
318.23;301.41;-16.82;619.64
320.73;301.48;-19.25;622.21
320.09;298.89;-21.19;618.98
320.82;298.62;-22.19;619.44
319.98;297.52;-22.46;617.49
318.07;298.57;-19.50;616.64
319.17;297.68;-21.49;616.85
316.75;297.76;-18.99;614.52
319.58;298.03;-21.55;617.61
317.11;297.61;-19.51;614.72
320.48;298.86;-21.61;619.34
320.18;297.50;-22.68;617.68
317.67;299.69;-17.98;617.36
318.61;300.63;-17.98;619.24
320.33;298.01;-22.32;618.34
319.79;296.68;-23.11;616.47
317.92;302.07;-15.85;619.99
317.59;297.51;-20.08;615.11
320.11;299.54;-20.56;619.65
319.35;299.35;-20.00;618.69
317.48;298.78;-18.70;616.25
319.48;299.39;-20.09;618.88
320.45;298.34;-22.11;618.79
320.82;301.89;-18.94;622.71
320.35;300.92;-19.42;621.27
317.42;299.48;-17.94;616.91
318.49;296.52;-21.98;615.01
319.29;298.43;-20.86;617.72
318.08;298.69;-19.38;616.77
321.21;298.65;-22.56;619.85
319.52;299.36;-20.15;618.88
320.27;298.59;-21.68;618.86
320.22;295.73;-24.49;615.95
317.42;297.46;-19.95;614.88
319.01;297.80;-21.21;616.81
316.91;298.04;-18.88;614.95
317.98;298.39;-19.59;616.37
318.15;297.69;-20.46;615.84
320.71;297.89;-22.82;618.61
320.59;298.38;-22.22;618.97
320.02;298.15;-21.88;618.17
321.32;299.14;-22.18;620.46
319.41;297.91;-21.49;617.32
318.73;298.14;-20.59;616.87
317.08;296.94;-20.15;614.02
318.40;298.85;-19.55;617.25
319.75;300.91;-18.84;620.65
319.21;300.97;-18.24;620.18
318.79;301.22;-17.57;620.02
320.16;299.99;-20.16;620.15
318.17;297.56;-20.61;615.74
320.96;297.97;-22.99;618.94
318.34;298.25;-20.08;616.59
319.32;299.37;-19.95;618.69
319.88;298.89;-20.98;618.77
319.46;299.15;-20.31;618.62
318.45;298.52;-19.94;616.97
318.79;299.38;-19.41;618.18
320.39;298.12;-22.28;618.51
317.48;298.98;-18.49;616.46
316.81;298.01;-18.81;614.82
317.69;299.98;-17.71;617.68
320.06;297.38;-22.68;617.44
318.54;298.47;-20.07;617.01
320.88;297.54;-23.34;618.42
319.49;300.41;-19.08;619.91
318.49;297.76;-20.74;616.25
320.54;297.29;-23.25;617.84
317.82;297.76;-20.05;615.58
319.73;299.39;-20.34;619.12
320.11;298.72;-21.38;618.83
319.63;297.63;-22.00;617.26
319.34;298.33;-21.01;617.67
319.92;298.44;-21.48;618.36
318.47;300.31;-18.16;618.78
321.32;298.95;-22.36;620.27
316.73;297.54;-19.19;614.27
319.03;299.84;-19.19;618.86
319.41;298.91;-20.51;618.32
319.84;297.20;-22.64;617.04
320.03;297.79;-22.24;617.82
319.15;297.38;-21.77;616.54
320.75;297.45;-23.30;618.19
317.95;297.42;-20.52;615.37
318.51;298.22;-20.29;616.72
319.41;297.59;-21.82;616.99
320.69;298.54;-22.15;619.22
318.29;297.34;-20.95;615.62
320.32;298.30;-22.02;618.62
319.50;300.90;-18.60;620.40
319.19;299.10;-20.09;618.29
319.67;298.24;-21.43;617.91
320.79;298.11;-22.68;618.89
319.65;299.06;-20.58;618.71
318.23;297.30;-20.93;615.53
320.14;298.31;-21.83;618.45
321.56;299.04;-22.52;620.61
317.74;299.14;-18.61;616.88
319.72;299.65;-20.06;619.37
319.64;296.94;-22.70;616.57
318.64;298.34;-20.29;616.98
321.46;297.44;-24.02;618.89
320.78;297.74;-23.04;618.51
318.88;297.67;-21.21;616.55
318.89;301.79;-17.10;620.69
318.86;298.68;-20.18;617.54
316.87;297.88;-18.99;614.75
319.54;298.02;-21.52;617.56
320.31;300.24;-20.06;620.55
317.54;298.15;-19.39;615.69
318.93;299.42;-19.51;618.35
318.28;297.90;-20.38;616.18
318.72;298.50;-20.22;617.22
319.44;299.27;-20.16;618.71
318.61;299.05;-19.55;617.66
317.41;296.78;-20.64;614.19
319.44;298.35;-21.09;617.79
317.81;297.23;-20.58;615.04
320.71;299.29;-21.42;620.01
318.98;298.10;-20.88;617.08
320.56;297.14;-23.42;617.70
318.11;298.20;-19.91;616.31
319.83;299.28;-20.55;619.11
319.04;301.14;-17.91;620.18
320.41;298.78;-21.64;619.19
319.88;297.83;-22.05;617.71
320.40;297.65;-22.75;618.05
318.31;296.91;-21.39;615.22
318.89;297.26;-21.64;616.15
318.41;298.47;-19.94;616.88
319.54;297.61;-21.94;617.15
317.30;296.55;-20.75;613.85
318.81;298.91;-19.91;617.72
317.82;301.50;-16.32;619.32
319.78;296.14;-23.65;615.92
318.86;300.61;-18.26;619.47
319.19;297.97;-21.22;617.16
319.13;297.59;-21.54;616.72
317.94;297.94;-20.00;615.88
316.92;297.94;-18.98;614.86
318.86;298.34;-20.52;617.19
317.51;298.01;-19.50;615.51
318.64;296.47;-22.16;615.11
318.50;297.58;-20.92;616.08
319.22;298.28;-20.94;617.51
319.85;298.61;-21.25;618.46
318.45;299.51;-18.95;617.96
316.46;300.57;-15.89;617.04
320.92;296.68;-24.25;617.60
319.17;299.89;-19.28;619.06
319.54;297.79;-21.75;617.33
318.68;299.86;-18.82;618.54
320.15;298.39;-21.76;618.54
317.87;300.42;-17.45;618.29
320.06;299.88;-20.18;619.94
319.59;298.84;-20.75;618.43
318.88;298.46;-20.42;617.34
319.20;300.47;-18.73;619.67
320.05;301.95;-18.10;621.99
319.80;299.48;-20.32;619.28
318.95;298.96;-19.99;617.91
318.97;298.38;-20.59;617.35
319.18;298.81;-20.37;617.98
319.55;298.35;-21.19;617.90
320.42;298.26;-22.16;618.68
319.35;302.35;-17.00;621.71
319.88;297.21;-22.67;617.08
318.71;298.12;-20.59;616.84
319.32;298.49;-20.83;617.82
321.11;298.96;-22.14;620.07
316.98;298.94;-18.04;615.92
318.98;298.23;-20.75;617.21
319.15;298.76;-20.39;617.91
319.69;299.18;-20.51;618.86
317.96;298.55;-19.41;616.52
320.66;300.68;-19.99;621.34
319.12;297.35;-21.78;616.47
321.29;299.16;-22.13;620.46
319.52;299.42;-20.10;618.94
320.35;296.79;-23.56;617.15
320.20;300.29;-19.91;620.49
316.81;298.36;-18.45;615.16
318.92;297.64;-21.29;616.56
319.38;299.86;-19.51;619.24
319.18;298.70;-20.48;617.88
320.01;297.82;-22.18;617.83
318.81;299.42;-19.39;618.23
319.32;298.80;-20.52;618.12
318.26;300.49;-17.78;618.75
318.45;298.51;-19.94;616.95
320.15;298.25;-21.89;618.40
320.62;297.31;-23.32;617.93
316.46;301.44;-15.02;617.91
319.52;300.43;-19.09;619.95
319.65;298.23;-21.42;617.88
317.19;297.94;-19.25;615.12
318.72;297.68;-21.04;616.40
318.21;297.46;-20.75;615.67
317.49;300.89;-16.61;618.38
319.26;301.42;-17.85;620.68
318.98;298.26;-20.72;617.24
319.20;300.22;-18.98;619.42
319.43;297.09;-22.34;616.52
317.05;298.62;-18.42;615.67
320.55;297.12;-23.43;617.68
319.23;298.65;-20.58;617.88
317.66;300.65;-17.01;618.31
316.68;301.82;-14.86;618.50
320.08;298.62;-21.46;618.71
319.01;298.66;-20.35;617.67
319.52;297.32;-22.20;616.84
318.60;298.43;-20.17;617.03
318.92;300.14;-18.78;619.05
317.56;297.54;-20.02;615.09
317.88;298.01;-19.87;615.89
319.66;301.54;-18.12;621.19
318.75;298.46;-20.29;617.21
317.86;297.05;-20.81;614.91
318.41;300.92;-17.48;619.33
318.74;297.68;-21.05;616.42
315.69;299.74;-15.95;615.44
318.20;297.92;-20.28;616.12
317.30;299.31;-17.99;616.61
317.94;297.93;-20.01;615.87
320.52;298.31;-22.22;618.83
317.45;297.42;-20.04;614.87
319.28;298.58;-20.70;617.86
