319.16;302.61;-16.56;621.77
319.12;300.91;-18.21;620.03
319.28;301.65;-17.63;620.94
320.53;301.76;-18.76;622.29
320.13;302.16;-17.96;622.29
318.85;302.77;-16.08;621.62
318.73;301.74;-16.99;620.47
319.46;303.51;-15.95;622.97
320.00;303.03;-16.97;623.03
319.95;302.47;-17.48;622.42
319.98;302.77;-17.21;622.75
318.80;301.98;-16.82;620.78
320.02;302.31;-17.71;622.34
318.15;302.65;-15.49;620.80
321.09;301.76;-19.32;622.85
320.46;299.92;-20.54;620.38
319.09;303.54;-15.55;622.64
318.09;301.95;-16.15;620.04
319.14;301.16;-17.98;620.31
320.56;301.70;-18.86;622.26
320.26;301.94;-18.32;622.20
319.23;300.38;-18.85;619.61
318.54;300.72;-17.82;619.26
318.85;301.34;-17.51;620.18
319.22;300.44;-18.78;619.65
317.66;303.99;-13.67;621.66
319.67;301.22;-18.45;620.89
319.06;302.93;-16.13;621.99
320.58;301.79;-18.78;622.37
318.98;302.42;-16.55;621.40
319.52;302.41;-17.11;621.93
319.99;302.91;-17.08;622.91
318.82;303.09;-15.73;621.92
319.78;303.61;-16.16;623.39
318.70;303.66;-15.04;622.36
318.08;301.13;-16.95;619.21
319.48;301.44;-18.04;620.92
318.83;301.28;-17.55;620.11
318.94;302.07;-16.86;621.01
320.71;301.92;-18.79;622.62
318.42;302.38;-16.04;620.81
318.09;302.57;-15.52;620.66
318.55;301.42;-17.13;619.96
320.01;302.76;-17.25;622.77
318.86;303.28;-15.58;622.14
319.68;301.73;-17.95;621.41
319.26;302.14;-17.13;621.40
319.86;301.11;-18.75;620.96
319.64;301.55;-18.08;621.19
318.74;299.84;-18.91;618.58
319.36;303.42;-15.95;622.78
319.67;303.61;-16.06;623.28
319.65;302.76;-16.88;622.41
319.98;301.22;-18.76;621.21
320.21;301.46;-18.74;621.67
319.02;300.54;-18.48;619.55
319.82;298.82;-21.00;618.65
319.89;302.76;-17.13;622.66
319.75;301.70;-18.05;621.45
319.49;302.01;-17.48;621.50
320.32;302.46;-17.86;622.78
319.62;302.52;-17.10;622.14
319.28;300.05;-19.23;619.32
319.34;301.75;-17.59;621.09
319.64;302.00;-17.64;621.64
319.53;304.21;-15.32;623.74
320.13;301.56;-18.56;621.69
319.12;301.77;-17.35;620.89
319.56;298.89;-20.67;618.45
319.33;302.42;-16.91;621.75
319.91;302.64;-17.26;622.55
318.92;301.16;-17.75;620.08
319.07;301.65;-17.42;620.72
319.26;301.78;-17.48;621.04
320.04;301.22;-18.81;621.26
319.23;302.08;-17.15;621.31
319.64;299.68;-19.96;619.31
319.36;301.84;-17.52;621.21
320.59;303.25;-17.34;623.85
321.02;302.54;-18.48;623.56
319.78;302.79;-16.99;622.58
318.72;301.20;-17.52;619.92
318.81;302.32;-16.48;621.13
319.80;300.62;-19.18;620.42
319.90;302.46;-17.44;622.36
322.56;301.41;-21.15;623.98
319.65;301.58;-18.08;621.23
319.54;302.08;-17.46;621.61
320.78;302.15;-18.62;622.93
320.00;302.31;-17.69;622.31
319.12;301.05;-18.08;620.17
319.50;302.86;-16.64;622.36
319.63;300.66;-18.96;620.29
319.65;300.92;-18.73;620.56
320.04;299.32;-20.72;619.36
321.44;301.55;-19.89;622.99
320.69;301.81;-18.88;622.50
318.32;302.32;-15.99;620.64
319.86;300.68;-19.19;620.54
320.11;301.64;-18.47;621.75
320.30;301.50;-18.80;621.80
319.74;301.74;-18.00;621.47
319.36;300.70;-18.66;620.06
319.99;302.56;-17.43;622.56
318.78;301.61;-17.17;620.38
319.90;303.25;-16.65;623.15
320.51;302.14;-18.37;622.65
319.48;302.75;-16.73;622.24
318.81;302.98;-15.83;621.78
320.25;301.34;-18.91;621.59
320.60;301.49;-19.11;622.09
319.57;301.98;-17.59;621.55
317.92;301.19;-16.73;619.11
319.98;301.22;-18.75;621.20
320.09;301.76;-18.33;621.86
320.21;300.08;-20.14;620.29
321.32;300.42;-20.90;621.74
319.94;302.86;-17.08;622.79
319.95;302.03;-17.92;621.98
320.65;299.87;-20.78;620.52
318.61;301.71;-16.90;620.31
319.82;302.24;-17.58;622.06
320.18;301.39;-18.79;621.56
319.75;301.49;-18.26;621.24
320.20;302.49;-17.71;622.69
319.38;299.42;-19.96;618.79
319.08;301.04;-18.04;620.12
319.63;303.41;-16.22;623.04
320.94;303.75;-17.18;624.69
320.19;302.20;-17.99;622.39
318.59;301.55;-17.05;620.14
319.21;301.81;-17.41;621.02
321.01;302.33;-18.68;623.34
319.64;302.36;-17.28;622.01
319.14;301.15;-17.99;620.29
320.57;301.64;-18.94;622.21
319.38;302.16;-17.22;621.55
319.53;303.13;-16.40;622.66
319.76;301.55;-18.21;621.32
319.90;302.12;-17.78;622.02
320.29;303.55;-16.74;623.84
319.86;302.61;-17.26;622.47
318.40;302.71;-15.69;621.11
320.74;301.39;-19.35;622.13
319.28;301.78;-17.49;621.06
319.72;303.88;-15.84;623.59
319.52;301.02;-18.50;620.55
318.62;302.68;-15.94;621.30
318.95;303.05;-15.90;622.01
319.29;302.29;-17.00;621.59
320.05;302.21;-17.84;622.26
317.99;303.10;-14.89;621.09
318.82;301.51;-17.32;620.33
319.39;302.91;-16.48;622.31
319.74;303.21;-16.53;622.94
319.57;301.86;-17.71;621.43
320.06;302.01;-18.05;622.06
319.71;302.46;-17.25;622.16
318.34;299.59;-18.75;617.94
320.01;303.11;-16.91;623.12
320.20;303.55;-16.65;623.75
319.07;302.04;-17.04;621.11
319.76;302.24;-17.52;621.99
320.02;301.38;-18.65;621.40
319.09;303.01;-16.09;622.10
320.04;302.31;-17.73;622.35
319.26;302.34;-16.92;621.61
321.21;302.52;-18.69;623.73
320.98;300.83;-20.15;621.81
318.96;303.00;-15.96;621.96
319.01;301.61;-17.39;620.62
319.86;299.24;-20.62;619.10
319.73;300.45;-19.28;620.18
319.29;302.38;-16.92;621.67
319.54;301.30;-18.24;620.84
320.87;301.87;-19.00;622.74
320.35;302.19;-18.16;622.54
320.40;302.36;-18.04;622.76
318.57;302.97;-15.60;621.54
319.16;301.27;-17.89;620.44
320.46;301.63;-18.83;622.09
319.73;301.93;-17.80;621.66
319.19;302.78;-16.41;621.98
319.92;302.61;-17.31;622.54
319.42;301.78;-17.64;621.19
318.97;301.82;-17.15;620.79
320.34;302.32;-18.02;622.66
319.34;303.66;-15.68;623.01
320.06;302.88;-17.19;622.94
318.49;301.23;-17.26;619.72
320.88;303.46;-17.42;624.35
319.74;303.08;-16.65;622.82
319.86;301.24;-18.62;621.11
319.76;302.77;-16.99;622.54
318.90;301.95;-16.95;620.85
320.22;302.46;-17.76;622.68
319.54;300.72;-18.81;620.26
318.80;301.94;-16.86;620.74
319.20;300.32;-18.88;619.52
319.04;300.63;-18.41;619.67
319.66;302.29;-17.38;621.95
320.26;301.55;-18.72;621.81
318.92;302.08;-16.84;621.00
319.23;302.06;-17.16;621.29
318.63;300.98;-17.65;619.61
319.35;303.30;-16.05;622.65
319.03;301.71;-17.32;620.74
319.31;304.08;-15.24;623.39
319.28;302.44;-16.85;621.72
319.84;302.84;-17.00;622.68
318.94;301.99;-16.94;620.93
319.44;300.41;-19.03;619.84
319.78;301.53;-18.25;621.31
318.37;302.98;-15.39;621.35
318.63;302.11;-16.52;620.74
320.06;302.45;-17.62;622.51
319.78;302.06;-17.72;621.84
318.36;302.67;-15.69;621.03
320.34;302.88;-17.46;623.22
319.01;300.75;-18.26;619.76
319.12;302.28;-16.84;621.40
318.65;301.35;-17.31;620.00
319.84;299.69;-20.14;619.53
318.91;302.04;-16.88;620.95
318.69;300.48;-18.21;619.18
320.19;300.82;-19.37;621.01
319.28;299.11;-20.17;618.39
319.45;300.17;-19.28;619.62
320.08;302.66;-17.42;622.74
319.26;300.49;-18.78;619.75
319.46;302.19;-17.27;621.65
318.12;302.72;-15.41;620.84
318.66;299.72;-18.94;618.38
320.48;301.81;-18.67;622.29
319.30;301.89;-17.41;621.19
321.06;302.11;-18.95;623.18
319.61;299.40;-20.21;619.01
320.41;301.86;-18.54;622.27
319.50;301.96;-17.54;621.46
320.59;301.96;-18.64;622.55
319.71;301.51;-18.20;621.21
319.09;301.93;-17.16;621.02
318.92;302.94;-15.98;621.85
319.12;301.92;-17.21;621.04
319.24;302.04;-17.20;621.27
316.79;302.61;-14.18;619.40
320.22;301.72;-18.50;621.94
320.25;302.04;-18.21;622.28
320.91;302.02;-18.89;622.94
318.72;302.72;-16.00;621.45
318.85;301.00;-17.85;619.85
320.29;301.27;-19.02;621.56
318.51;300.50;-18.01;619.01
319.63;302.49;-17.14;622.12
319.81;299.39;-20.42;619.20
320.22;301.81;-18.41;622.04
320.33;302.07;-18.26;622.40
319.97;303.83;-16.14;623.80
320.01;301.91;-18.09;621.92
319.55;303.23;-16.32;622.78
320.59;301.81;-18.79;622.40
321.29;300.99;-20.30;622.29
319.39;302.56;-16.84;621.95
320.12;301.62;-18.50;621.75
317.76;302.26;-15.51;620.02
319.76;301.54;-18.22;621.30
318.75;301.70;-17.05;620.45
318.91;301.41;-17.50;620.32
319.25;300.62;-18.62;619.87
319.84;300.96;-18.87;620.80
319.93;302.52;-17.41;622.45
320.33;302.92;-17.41;623.25
319.32;300.11;-19.21;619.42
319.37;302.39;-16.98;621.76
320.26;302.92;-17.35;623.18
319.04;303.18;-15.86;622.22
318.86;300.50;-18.36;619.36
321.01;302.02;-18.98;623.03
319.20;302.66;-16.54;621.86
320.13;301.99;-18.14;622.12
319.29;302.04;-17.25;621.34
319.30;302.39;-16.91;621.69
320.11;301.11;-19.00;621.21
318.79;303.20;-15.59;621.99
319.21;303.52;-15.68;622.73
318.92;300.76;-18.16;619.68
318.58;302.56;-16.02;621.15
319.83;302.86;-16.96;622.69
318.93;302.06;-16.87;620.99
319.22;302.55;-16.67;621.76
318.35;301.75;-16.59;620.10
318.70;301.54;-17.16;620.24
318.58;301.70;-16.88;620.28
317.95;302.32;-15.63;620.26
319.34;301.46;-17.88;620.80
319.88;302.06;-17.82;621.94
320.05;300.18;-19.88;620.23
319.46;302.14;-17.32;621.59
319.72;300.94;-18.78;620.66
318.17;301.24;-16.93;619.41
318.88;300.19;-18.69;619.06
318.82;302.74;-16.08;621.56
320.06;302.52;-17.54;622.58
320.77;301.32;-19.45;622.09
320.09;301.90;-18.19;621.99
319.52;303.46;-16.06;622.98
318.24;302.44;-15.79;620.68
318.98;302.96;-16.02;621.94
318.90;302.31;-16.59;621.21
320.61;301.85;-18.76;622.46
319.75;302.06;-17.69;621.81
320.17;302.71;-17.46;622.88
320.12;302.84;-17.28;622.95
319.76;302.26;-17.50;622.03
319.96;300.79;-19.18;620.75
318.56;299.85;-18.71;618.41
319.08;300.41;-18.67;619.48
319.56;302.36;-17.20;621.92
319.97;302.53;-17.44;622.50
319.40;302.66;-16.74;622.06
319.23;300.07;-19.16;619.30
319.32;302.46;-16.86;621.78
318.46;300.75;-17.71;619.22
319.87;303.15;-16.72;623.02
319.84;299.23;-20.61;619.06
319.66;302.15;-17.52;621.81
319.96;301.31;-18.66;621.27
318.78;303.06;-15.72;621.84
319.47;302.01;-17.46;621.48
320.62;302.38;-18.25;623.00
320.04;302.86;-17.17;622.90
318.79;301.43;-17.36;620.22
319.35;301.72;-17.63;621.06
318.32;302.16;-16.16;620.48
319.60;302.34;-17.26;621.94
318.87;301.03;-17.84;619.90
319.11;301.98;-17.12;621.09
319.29;302.30;-16.99;621.59
319.45;302.58;-16.86;622.03
319.04;303.06;-15.98;622.09
319.45;298.20;-21.25;617.65
319.68;300.40;-19.28;620.08
319.76;300.63;-19.14;620.39
319.33;299.91;-19.42;619.24
319.73;302.77;-16.96;622.50
320.30;301.87;-18.43;622.17
320.28;300.38;-19.90;620.65
318.14;300.58;-17.56;618.72
321.04;300.62;-20.42;621.66
319.11;303.36;-15.75;622.48
319.60;302.00;-17.60;621.60
320.02;301.06;-18.96;621.08
320.84;301.63;-19.21;622.47
320.87;301.96;-18.91;622.83
319.71;303.35;-16.36;623.05
320.18;302.71;-17.48;622.89
321.05;301.20;-19.85;622.25
320.34;303.19;-17.15;623.54
319.32;301.81;-17.51;621.13
319.58;301.11;-18.48;620.69
320.49;301.72;-18.77;622.21
319.46;302.23;-17.23;621.69
319.84;301.65;-18.19;621.49
318.78;303.11;-15.67;621.89
319.32;301.94;-17.39;621.26
319.69;303.98;-15.71;623.66
318.55;300.92;-17.63;619.48
318.80;303.08;-15.72;621.88
319.02;301.81;-17.22;620.83
318.81;301.51;-17.30;620.32
320.28;299.99;-20.29;620.26
319.43;302.01;-17.42;621.44
320.02;301.50;-18.52;621.52
319.92;301.88;-18.04;621.81
318.98;300.18;-18.81;619.16
319.70;301.92;-17.78;621.62
318.22;302.24;-15.98;620.46
319.35;301.45;-17.90;620.79
319.01;301.88;-17.14;620.89
320.38;302.43;-17.95;622.81
319.51;302.79;-16.71;622.30
318.86;301.19;-17.68;620.05
320.63;303.33;-17.30;623.96
320.57;302.51;-18.06;623.08
318.07;302.29;-15.78;620.36
319.46;303.33;-16.14;622.79
319.93;303.01;-16.92;622.94
320.28;303.27;-17.01;623.55
318.59;302.51;-16.08;621.09
318.41;302.86;-15.55;621.26
318.12;302.06;-16.06;620.18
319.31;301.46;-17.85;620.76
318.64;303.76;-14.88;622.41
319.86;302.12;-17.74;621.98
320.12;302.38;-17.74;622.50
320.41;302.80;-17.61;623.21
320.03;302.84;-17.19;622.87
320.32;301.32;-18.99;621.64
318.58;301.65;-16.93;620.24
320.05;303.12;-16.93;623.16
318.25;303.59;-14.65;621.84
319.61;300.86;-18.74;620.47
320.02;301.38;-18.65;621.40
319.69;303.26;-16.42;622.95
320.24;301.96;-18.28;622.20
318.66;302.47;-16.19;621.14
319.69;302.85;-16.84;622.54
319.02;302.22;-16.80;621.24
319.35;302.35;-17.00;621.71
319.84;303.19;-16.65;623.03
319.62;301.67;-17.95;621.29
319.78;301.81;-17.98;621.59
319.68;302.06;-17.62;621.74
319.34;302.45;-16.89;621.79
318.50;301.00;-17.50;619.50
318.43;303.29;-15.14;621.72
318.79;300.49;-18.29;619.28
319.45;302.04;-17.41;621.49
319.86;301.08;-18.78;620.95
320.06;301.70;-18.36;621.76
320.65;303.34;-17.31;623.98
317.22;300.51;-16.71;617.73
320.84;300.78;-20.06;621.61
318.81;299.86;-18.95;618.68
319.18;301.94;-17.24;621.12
319.69;299.65;-20.04;619.34
319.72;303.21;-16.51;622.93
319.56;302.71;-16.85;622.27
318.73;301.88;-16.85;620.61
319.48;301.89;-17.59;621.37
320.52;301.22;-19.30;621.75
320.13;302.89;-17.24;623.02
318.29;302.09;-16.21;620.38
320.50;300.28;-20.22;620.78
320.88;302.02;-18.86;622.89
319.85;302.37;-17.48;622.22
319.82;301.50;-18.32;621.32
318.99;303.06;-15.93;622.06
319.08;302.14;-16.94;621.22
318.56;302.70;-15.86;621.26
319.12;301.68;-17.44;620.81
318.74;300.05;-18.69;618.79
318.94;301.62;-17.31;620.56
319.36;303.64;-15.72;623.01
319.29;302.52;-16.76;621.81
319.65;302.80;-16.85;622.45
319.08;302.20;-16.88;621.28
319.02;302.21;-16.82;621.23
320.19;302.96;-17.24;623.15
319.12;303.24;-15.88;622.36
319.21;301.65;-17.56;620.86
319.24;302.08;-17.16;621.32
319.33;300.05;-19.28;619.38
319.92;302.95;-16.97;622.86
320.81;302.01;-18.81;622.82
319.58;302.10;-17.48;621.68
320.28;302.67;-17.61;622.95
318.46;299.96;-18.49;618.42
320.45;303.65;-16.80;624.09
319.59;304.05;-15.54;623.64
319.74;301.24;-18.50;620.97
319.92;301.71;-18.21;621.62
319.90;301.92;-17.98;621.82
319.59;302.29;-17.30;621.88
319.50;299.58;-19.92;619.08
320.22;303.09;-17.12;623.31
320.30;302.24;-18.06;622.54
320.66;300.47;-20.19;621.13
320.99;301.77;-19.22;622.76
319.47;300.07;-19.40;619.54
320.41;301.36;-19.05;621.77
320.28;300.75;-19.52;621.03
319.62;299.34;-20.28;618.95
320.50;302.99;-17.51;623.49
320.18;300.06;-20.12;620.25
319.21;300.55;-18.65;619.76
319.86;300.82;-19.04;620.69
320.09;301.51;-18.58;621.61
320.65;301.93;-18.72;622.58
318.99;300.21;-18.78;619.21
319.81;300.28;-19.53;620.08
319.68;299.39;-20.29;619.08
320.07;300.16;-19.91;620.23
318.44;301.84;-16.61;620.28
319.44;299.54;-19.90;618.97
319.93;301.52;-18.41;621.45
320.74;303.05;-17.68;623.79
319.52;302.09;-17.44;621.61
320.73;301.44;-19.29;622.17
318.73;303.16;-15.56;621.89
319.47;300.22;-19.25;619.69
319.84;301.77;-18.07;621.61
320.31;302.18;-18.12;622.49
320.20;301.26;-18.94;621.46
320.35;301.95;-18.41;622.30
319.25;300.89;-18.36;620.14
319.28;302.76;-16.52;622.04
318.61;301.68;-16.94;620.29
318.76;303.17;-15.59;621.93
317.98;302.38;-15.60;620.36
319.62;302.32;-17.31;621.94
319.99;302.59;-17.40;622.59
320.48;302.74;-17.74;623.22
319.85;303.33;-16.52;623.18
320.42;302.35;-18.08;622.77
319.62;302.68;-16.94;622.29
319.85;301.88;-17.98;621.73
318.86;303.14;-15.73;622.00
319.96;301.81;-18.15;621.76
319.15;302.06;-17.08;621.21
319.24;301.99;-17.25;621.24
319.60;302.64;-16.96;622.24
319.95;302.99;-16.95;622.94
318.95;300.09;-18.86;619.05
320.48;302.39;-18.09;622.87
319.64;301.38;-18.26;621.02
319.68;299.82;-19.86;619.51
320.17;301.63;-18.54;621.80
319.18;300.64;-18.54;619.82
319.25;302.75;-16.50;622.01
319.76;301.08;-18.68;620.84
320.44;301.17;-19.26;621.61
319.71;299.54;-20.16;619.25
319.37;302.12;-17.25;621.49
319.49;300.48;-19.01;619.98
319.16;300.77;-18.39;619.94
318.58;301.53;-17.05;620.11
321.20;303.24;-17.96;624.44
319.88;303.01;-16.87;622.88
320.06;302.39;-17.67;622.45
319.89;303.05;-16.85;622.94
318.88;301.95;-16.94;620.83
319.25;302.48;-16.78;621.73
318.41;300.88;-17.53;619.28
320.33;299.70;-20.63;620.03
319.19;303.52;-15.67;622.71
318.68;302.10;-16.58;620.78
319.98;302.64;-17.34;622.62
319.85;301.39;-18.46;621.24
318.92;301.89;-17.02;620.81
320.15;301.97;-18.18;622.12
319.80;302.41;-17.39;622.21
318.52;303.02;-15.50;621.54
318.97;303.54;-15.44;622.51
320.71;302.09;-18.62;622.79
320.47;300.61;-19.86;621.08
320.04;302.64;-17.40;622.68
317.39;302.88;-14.51;620.28
319.18;303.48;-15.71;622.66
319.96;302.44;-17.52;622.40
319.05;302.75;-16.30;621.81
319.90;303.09;-16.81;622.99
319.15;301.62;-17.54;620.77
319.28;302.17;-17.11;621.45
319.06;301.49;-17.56;620.55
319.35;301.03;-18.32;620.38
320.45;302.73;-17.72;623.18
320.22;301.66;-18.56;621.88
320.33;301.91;-18.42;622.24
319.48;302.31;-17.17;621.79
318.76;302.56;-16.21;621.32
319.66;301.73;-17.94;621.39
320.22;301.44;-18.79;621.66
318.94;303.44;-15.50;622.37
318.51;302.56;-15.95;621.07
319.61;302.58;-17.03;622.19
319.67;304.52;-15.15;624.19
318.87;301.88;-16.99;620.75
320.20;302.16;-18.04;622.36
319.69;302.43;-17.26;622.12
319.66;302.81;-16.86;622.47
319.40;301.61;-17.79;621.01
319.78;303.62;-16.16;623.39
319.66;302.05;-17.61;621.71
319.62;301.32;-18.29;620.94
320.94;302.95;-17.99;623.89
320.05;302.00;-18.05;622.05
319.54;300.64;-18.90;620.17
320.18;303.04;-17.14;623.22
318.56;303.02;-15.54;621.58
319.64;301.99;-17.65;621.62
319.08;300.64;-18.44;619.72
319.77;301.24;-18.53;621.01
318.58;301.67;-16.91;620.25
318.86;303.32;-15.55;622.18
318.07;302.24;-15.84;620.31
318.54;300.58;-17.95;619.12
318.81;303.08;-15.73;621.89
319.14;301.74;-17.40;620.87
318.84;302.94;-15.91;621.78
319.39;302.04;-17.35;621.44
320.14;301.53;-18.61;621.66
318.91;301.88;-17.03;620.78
319.64;301.06;-18.57;620.70
319.74;302.46;-17.28;622.21
320.39;301.09;-19.29;621.48
319.17;302.04;-17.14;621.21
320.64;300.32;-20.32;620.96
319.28;300.99;-18.29;620.27
321.22;302.34;-18.88;623.56
319.76;301.60;-18.16;621.36
320.17;301.84;-18.34;622.01
319.33;302.12;-17.21;621.45
320.09;302.78;-17.31;622.86
319.99;302.77;-17.22;622.76
320.10;302.11;-17.99;622.21
320.69;303.63;-17.06;624.32
319.89;300.89;-19.00;620.78
319.88;301.02;-18.86;620.89
319.61;301.76;-17.85;621.36
319.23;301.01;-18.22;620.24
319.25;299.34;-19.91;618.58
321.04;302.98;-18.06;624.02
319.14;301.37;-17.76;620.51
319.51;301.95;-17.55;621.46
317.01;299.91;-17.10;616.91
319.48;302.56;-16.92;622.04
318.84;299.82;-19.01;618.66
319.65;303.22;-16.42;622.87
319.59;302.55;-17.04;622.14
316.94;302.88;-14.06;619.82
318.56;301.56;-17.00;620.12
320.54;301.88;-18.66;622.42
318.89;300.59;-18.29;619.48
319.68;301.23;-18.45;620.91
318.76;300.84;-17.93;619.60
320.26;302.62;-17.64;622.89
320.09;301.86;-18.23;621.95
319.44;302.34;-17.11;621.78
319.55;302.75;-16.81;622.30
320.01;303.11;-16.90;623.11
319.28;303.63;-15.65;622.91
319.37;299.62;-19.75;618.99
319.72;302.38;-17.34;622.09
320.53;302.84;-17.69;623.37
319.91;301.88;-18.02;621.79
320.41;300.25;-20.16;620.65
320.08;301.66;-18.42;621.75
320.11;302.10;-18.01;622.21
319.39;301.78;-17.61;621.18
319.47;302.16;-17.31;621.63
320.06;301.41;-18.65;621.47
320.10;301.66;-18.44;621.76
317.78;301.95;-15.83;619.72
319.31;300.24;-19.08;619.55
319.48;302.19;-17.29;621.66
320.12;304.32;-15.81;624.44
320.29;303.06;-17.23;623.36
319.28;301.76;-17.52;621.04
320.31;299.73;-20.58;620.04
321.22;301.89;-19.34;623.11
319.45;301.61;-17.84;621.06
320.95;301.50;-19.45;622.45
320.68;303.54;-17.15;624.22
319.48;302.50;-16.98;621.98
320.09;302.96;-17.13;623.05
318.97;302.32;-16.65;621.29
319.32;302.51;-16.82;621.83
318.66;302.08;-16.58;620.75
319.98;302.66;-17.32;622.65
318.72;302.73;-15.99;621.45
319.20;301.72;-17.48;620.92
319.19;300.78;-18.41;619.96
319.29;302.19;-17.10;621.48
319.64;301.04;-18.60;620.68
319.19;303.03;-16.16;622.22
320.57;300.33;-20.24;620.90
319.87;301.69;-18.18;621.56
319.77;301.82;-17.95;621.59
318.70;301.44;-17.26;620.14
318.63;301.51;-17.12;620.14
320.65;301.92;-18.73;622.58
320.26;301.15;-19.11;621.42
319.67;301.46;-18.21;621.14
318.60;301.37;-17.23;619.97
319.43;302.76;-16.67;622.19
319.45;301.72;-17.72;621.17
319.81;301.91;-17.90;621.72
320.24;301.18;-19.06;621.42
319.81;301.59;-18.22;621.40
320.14;301.87;-18.26;622.01
319.35;302.32;-17.04;621.67
318.94;300.62;-18.31;619.56
319.87;302.76;-17.11;622.63
318.72;300.25;-18.46;618.97
318.90;302.22;-16.68;621.12
320.16;301.02;-19.14;621.19
318.48;301.12;-17.36;619.60
318.29;302.80;-15.49;621.09
320.28;303.12;-17.16;623.41
318.25;302.02;-16.23;620.26
318.42;301.54;-16.88;619.96
318.74;301.38;-17.36;620.11
320.24;302.20;-18.04;622.44
318.69;301.89;-16.80;620.58
319.22;302.38;-16.84;621.61
319.51;301.32;-18.18;620.83
318.54;299.82;-18.72;618.36
318.01;302.12;-15.89;620.13
319.29;302.36;-16.93;621.65
318.38;299.73;-18.65;618.11
318.66;302.09;-16.57;620.76
319.16;302.40;-16.76;621.56
319.64;303.34;-16.30;622.98
317.84;302.46;-15.37;620.30
319.72;301.35;-18.37;621.06
318.98;301.97;-17.01;620.95
319.64;302.38;-17.26;622.02
317.56;300.69;-16.86;618.25
318.78;300.84;-17.94;619.61
318.91;301.42;-17.49;620.32
319.23;301.74;-17.49;620.97
319.48;300.83;-18.65;620.31
319.78;302.12;-17.65;621.90
321.18;302.29;-18.89;623.48
319.02;301.55;-17.48;620.57
320.26;302.04;-18.22;622.29
319.14;302.23;-16.91;621.37
318.43;300.44;-17.99;618.87
319.69;299.56;-20.13;619.26
319.15;301.45;-17.71;620.60
318.76;301.99;-16.77;620.76
320.47;302.25;-18.22;622.72
318.15;302.74;-15.41;620.88
319.91;303.02;-16.88;622.93
319.09;303.36;-15.74;622.45
319.38;303.65;-15.73;623.04
318.45;301.12;-17.33;619.56
318.91;301.99;-16.92;620.91
319.52;303.76;-15.75;623.28
319.34;302.16;-17.18;621.49
319.69;301.36;-18.33;621.05
319.61;302.70;-16.91;622.31
319.81;299.89;-19.91;619.70
319.06;302.24;-16.82;621.30
318.70;300.86;-17.84;619.56
318.74;301.19;-17.55;619.93
320.28;300.08;-20.21;620.36
318.83;302.19;-16.64;621.02
319.91;302.35;-17.56;622.25
320.39;299.44;-20.95;619.82
318.55;303.17;-15.38;621.72
319.15;302.22;-16.93;621.38
319.40;303.77;-15.63;623.17
320.17;302.93;-17.24;623.10
320.44;299.93;-20.51;620.37
319.29;301.73;-17.56;621.02
319.14;300.85;-18.29;619.98
319.72;302.41;-17.31;622.14
320.34;301.45;-18.89;621.78
320.34;301.88;-18.46;622.22
320.81;302.29;-18.51;623.10
319.88;299.42;-20.45;619.30
320.08;301.76;-18.32;621.85
320.28;302.32;-17.96;622.60
320.49;301.73;-18.76;622.22
319.48;302.08;-17.41;621.56
319.23;301.24;-17.99;620.46
320.21;301.59;-18.62;621.80
320.01;302.07;-17.94;622.08
320.76;302.54;-18.22;623.30
318.64;302.82;-15.81;621.46
321.39;301.38;-20.01;622.78
318.61;301.86;-16.75;620.46
319.54;302.06;-17.47;621.60
318.68;301.21;-17.47;619.88
320.60;301.63;-18.97;622.23
319.43;300.01;-19.42;619.44
319.20;302.46;-16.74;621.66
319.85;301.48;-18.37;621.34
318.79;299.96;-18.83;618.75
319.11;303.63;-15.48;622.74
318.95;302.02;-16.93;620.96
319.22;304.22;-15.00;623.44
320.29;302.66;-17.63;622.95
320.55;303.09;-17.46;623.64
319.48;303.45;-16.04;622.93
318.28;303.79;-14.49;622.06
319.60;301.31;-18.29;620.91
319.96;301.30;-18.66;621.26
320.27;301.37;-18.90;621.64
319.38;300.39;-18.99;619.78
319.26;302.09;-17.18;621.35
320.38;302.42;-17.96;622.80
318.42;302.65;-15.77;621.08
319.31;302.21;-17.09;621.52
320.42;302.28;-18.15;622.70
318.95;302.81;-16.14;621.76
320.39;302.78;-17.61;623.17
318.56;301.69;-16.87;620.25
319.57;300.70;-18.87;620.27
321.13;302.28;-18.85;623.41
320.17;301.42;-18.75;621.59
319.90;301.99;-17.91;621.89
320.42;302.42;-18.01;622.84
321.20;302.45;-18.75;623.65
318.83;303.03;-15.80;621.86
320.37;301.67;-18.70;622.04
320.02;302.22;-17.80;622.25
319.29;302.18;-17.11;621.48
318.54;302.87;-15.67;621.41
319.49;302.20;-17.29;621.69
319.34;302.44;-16.90;621.77
318.23;302.85;-15.38;621.08
318.42;303.03;-15.39;621.45
317.46;303.40;-14.06;620.86
319.31;300.90;-18.41;620.21
319.88;302.06;-17.82;621.94
319.68;301.35;-18.33;621.02
319.12;301.76;-17.36;620.88
317.95;302.16;-15.78;620.11
319.92;300.76;-19.15;620.68
318.75;300.06;-18.68;618.81
319.05;303.61;-15.45;622.66
319.71;304.15;-15.56;623.86
318.38;301.38;-16.99;619.76
318.85;303.09;-15.76;621.94
319.11;302.26;-16.85;621.36
319.61;301.48;-18.14;621.09
318.87;301.20;-17.67;620.07
317.56;303.34;-14.23;620.90
319.86;302.44;-17.42;622.30
320.06;303.89;-16.18;623.95
318.45;302.30;-16.15;620.75
318.77;302.73;-16.04;621.50
319.84;299.98;-19.86;619.81
317.56;303.50;-14.06;621.06
318.00;302.65;-15.35;620.65
318.56;301.06;-17.50;619.62
319.12;300.42;-18.70;619.54
318.76;301.86;-16.90;620.62
321.34;302.21;-19.12;623.55
320.07;301.69;-18.38;621.76
318.76;303.15;-15.61;621.92
319.18;302.41;-16.77;621.59
319.02;302.95;-16.07;621.96
318.74;302.81;-15.93;621.54
319.38;301.81;-17.58;621.19
319.12;301.09;-18.03;620.22
318.49;302.76;-15.73;621.25
320.06;300.23;-19.83;620.29
319.21;302.42;-16.79;621.64
319.58;302.61;-16.97;622.18
318.78;301.52;-17.26;620.31
319.81;303.52;-16.29;623.32
319.45;302.14;-17.31;621.59
319.84;301.23;-18.61;621.07
319.96;301.85;-18.11;621.81
319.99;299.91;-20.09;619.90
319.61;302.34;-17.28;621.95
318.49;302.60;-15.89;621.09
318.04;303.08;-14.96;621.12
319.35;301.77;-17.58;621.12
319.84;302.25;-17.59;622.08
318.48;302.81;-15.67;621.29
319.81;301.82;-17.99;621.62
318.99;302.33;-16.66;621.32
318.45;302.72;-15.72;621.17
319.12;303.15;-15.98;622.27
319.08;303.50;-15.58;622.58
319.01;300.78;-18.24;619.79
319.06;301.99;-17.07;621.06
319.80;302.39;-17.41;622.19
319.01;300.28;-18.73;619.29
319.11;302.01;-17.10;621.11
319.65;303.56;-16.09;623.22
319.77;302.64;-17.13;622.41
320.30;303.04;-17.26;623.34
319.02;300.24;-18.78;619.25
318.65;303.78;-14.87;622.44
320.17;302.98;-17.19;623.15
319.14;302.68;-16.46;621.82
318.56;302.84;-15.72;621.41
319.31;300.07;-19.24;619.38
319.64;302.29;-17.35;621.92
319.53;300.66;-18.87;620.19
319.21;302.94;-16.26;622.15
318.85;302.29;-16.56;621.14
320.08;301.97;-18.11;622.05
319.22;302.73;-16.49;621.95
319.05;303.12;-15.94;622.17
319.15;302.28;-16.87;621.44
318.13;302.55;-15.58;620.68
320.08;301.27;-18.81;621.35
319.13;301.06;-18.07;620.19
318.91;302.20;-16.71;621.11
319.88;302.56;-17.32;622.44
320.22;303.13;-17.09;623.35
319.46;302.18;-17.29;621.64
318.10;300.22;-17.88;618.32
318.48;300.79;-17.69;619.26
321.75;299.96;-21.78;621.71
320.42;303.49;-16.93;623.92
319.28;302.23;-17.05;621.51
319.28;302.38;-16.89;621.66
318.71;302.75;-15.96;621.46
318.72;299.88;-18.84;618.59
320.08;302.26;-17.82;622.35
319.39;300.33;-19.06;619.72
319.75;301.76;-17.99;621.51
320.12;302.85;-17.27;622.98
319.02;300.28;-18.74;619.31
319.54;303.96;-15.58;623.51
319.81;302.15;-17.66;621.96
320.16;302.63;-17.54;622.79
319.95;302.98;-16.98;622.93
319.25;302.85;-16.41;622.10
319.47;302.42;-17.05;621.89
319.78;302.59;-17.19;622.37
320.41;299.92;-20.49;620.33
319.14;301.59;-17.55;620.72
319.41;301.95;-17.46;621.36
319.72;301.19;-18.54;620.91
319.26;302.69;-16.57;621.95
318.66;301.59;-17.08;620.25
319.42;300.41;-19.01;619.84
321.08;302.47;-18.61;623.55
319.91;301.66;-18.24;621.57
320.13;300.02;-20.11;620.15
319.15;303.45;-15.69;622.60
319.59;302.02;-17.57;621.61
319.64;300.81;-18.82;620.45
319.34;301.61;-17.72;620.95
318.59;301.88;-16.72;620.47
319.54;300.04;-19.50;619.58
318.46;302.75;-15.72;621.21
320.18;301.97;-18.21;622.15
320.26;302.11;-18.15;622.37
318.79;303.92;-14.87;622.71
320.04;302.37;-17.67;622.41
320.47;302.81;-17.66;623.28
320.32;301.80;-18.52;622.12
318.98;301.61;-17.37;620.58
319.36;301.31;-18.06;620.67
318.97;299.75;-19.22;618.72
319.48;303.33;-16.15;622.81
319.44;301.88;-17.56;621.32
320.26;299.59;-20.68;619.85
319.26;301.26;-18.00;620.52
319.79;302.91;-16.88;622.70
320.13;301.75;-18.38;621.88
319.08;301.13;-17.95;620.21
318.84;302.84;-16.01;621.68
320.22;303.15;-17.06;623.37
319.09;301.71;-17.38;620.81
319.84;302.16;-17.68;621.99
319.22;301.32;-17.89;620.54
318.55;302.76;-15.79;621.32
319.95;301.86;-18.09;621.81
320.15;303.28;-16.87;623.42
319.92;302.53;-17.39;622.45
318.42;300.96;-17.45;619.38
318.53;303.34;-15.19;621.87
320.35;302.41;-17.95;622.76
316.13;300.75;-15.38;616.88
319.98;304.10;-15.88;624.08
319.48;301.36;-18.11;620.84
319.03;301.64;-17.39;620.66
320.10;302.20;-17.90;622.30
319.73;302.15;-17.58;621.88
319.95;302.70;-17.25;622.65
318.63;302.84;-15.79;621.46
318.45;301.59;-16.86;620.04
319.19;301.63;-17.56;620.82
317.91;302.02;-15.89;619.94
318.46;300.97;-17.49;619.44
319.75;302.52;-17.24;622.27
318.75;301.71;-17.04;620.46
319.98;302.05;-17.94;622.03
319.25;302.44;-16.81;621.69
320.23;301.65;-18.58;621.88
318.96;299.96;-19.00;618.93
319.44;302.22;-17.22;621.66
319.16;301.80;-17.36;620.96
319.93;299.13;-20.80;619.06
320.04;300.95;-19.08;620.99
320.55;302.78;-17.78;623.33
320.95;301.54;-19.42;622.49
320.46;302.45;-18.01;622.91
319.88;302.50;-17.38;622.38
319.98;302.84;-17.14;622.82
319.08;303.38;-15.70;622.46
319.86;303.56;-16.30;623.42
319.53;303.16;-16.37;622.69
319.96;301.42;-18.54;621.38
319.05;302.99;-16.06;622.04
320.47;302.27;-18.20;622.74
317.81;302.22;-15.58;620.03
319.55;304.12;-15.43;623.66
318.78;300.16;-18.62;618.94
319.01;303.59;-15.42;622.60
318.07;301.91;-16.16;619.98
319.98;301.07;-18.91;621.05
318.71;300.34;-18.36;619.05
318.99;301.69;-17.30;620.68
319.04;302.39;-16.65;621.42
319.59;301.55;-18.04;621.14
318.68;300.98;-17.70;619.66
319.16;301.42;-17.75;620.58
319.39;300.45;-18.94;619.84
318.89;302.15;-16.74;621.05
320.31;304.60;-15.71;624.91
317.69;302.04;-15.65;619.73
319.42;300.00;-19.42;619.42
317.99;300.51;-17.48;618.51
319.74;302.95;-16.78;622.69
320.03;301.23;-18.80;621.26
319.42;301.66;-17.76;621.08
318.91;302.15;-16.76;621.05
319.47;300.04;-19.43;619.51
318.82;301.56;-17.26;620.39
319.76;301.97;-17.79;621.74
319.54;302.22;-17.32;621.75
318.80;302.88;-15.92;621.68
320.31;302.99;-17.32;623.29
319.19;302.30;-16.89;621.49
318.84;301.70;-17.14;620.54
320.99;302.44;-18.55;623.44
319.57;301.44;-18.13;621.01
320.84;302.14;-18.71;622.98
321.09;302.22;-18.87;623.32
319.60;300.46;-19.14;620.06
318.40;302.91;-15.49;621.31
318.88;301.57;-17.31;620.45
320.55;301.81;-18.75;622.36
321.44;302.07;-19.37;623.51
319.15;302.34;-16.82;621.49
319.85;301.59;-18.26;621.44
318.89;301.95;-16.94;620.85
320.81;302.35;-18.46;623.15
319.35;300.46;-18.88;619.81
320.66;301.45;-19.22;622.11
318.81;302.85;-15.96;621.65
319.46;301.97;-17.49;621.44
319.45;302.03;-17.42;621.48
320.05;302.41;-17.64;622.45
320.55;301.72;-18.83;622.28
320.64;302.11;-18.53;622.74
319.35;302.07;-17.28;621.42
320.41;302.48;-17.94;622.89
318.51;304.01;-14.49;622.52
319.29;302.15;-17.14;621.44
319.84;303.55;-16.28;623.39
319.34;302.01;-17.33;621.34
319.75;301.28;-18.47;621.04
320.08;301.76;-18.32;621.84
320.85;302.09;-18.76;622.95
319.89;302.72;-17.17;622.62
318.49;302.91;-15.58;621.41
320.26;301.46;-18.80;621.72
320.69;301.22;-19.47;621.92
319.45;302.11;-17.34;621.56
320.06;302.58;-17.48;622.64
318.94;301.73;-17.21;620.67
318.95;302.23;-16.72;621.18
319.26;302.51;-16.75;621.77
318.72;300.96;-17.75;619.68
319.50;301.39;-18.11;620.89
320.66;302.28;-18.38;622.95
319.34;302.21;-17.12;621.55
318.52;301.21;-17.31;619.74
319.65;302.84;-16.81;622.49
318.91;303.23;-15.68;622.14
319.68;301.11;-18.56;620.79
318.49;299.61;-18.88;618.09
320.03;303.08;-16.95;623.11
319.38;302.31;-17.06;621.69
318.97;303.95;-15.02;622.92
319.66;300.11;-19.55;619.76
320.15;301.68;-18.46;621.83
320.10;301.95;-18.15;622.05
320.56;302.47;-18.09;623.04
319.62;301.48;-18.14;621.10
319.30;303.22;-16.08;622.52
319.09;301.72;-17.37;620.81
321.05;302.04;-19.01;623.09
320.36;302.31;-18.05;622.66
320.02;302.62;-17.39;622.64
318.94;301.68;-17.26;620.62
319.51;302.15;-17.35;621.66
319.86;302.10;-17.76;621.96
321.00;303.01;-17.99;624.01
320.18;300.07;-20.11;620.25
319.17;301.61;-17.56;620.78
318.81;302.78;-16.03;621.58
319.64;301.10;-18.54;620.74
320.00;301.46;-18.54;621.46
319.91;301.75;-18.16;621.66
319.33;302.24;-17.09;621.57
319.39;301.52;-17.87;620.91
318.02;301.74;-16.28;619.76
318.75;303.30;-15.45;622.05
319.52;301.82;-17.70;621.34
319.06;302.31;-16.75;621.37
319.79;302.33;-17.46;622.12
319.63;301.54;-18.09;621.16
318.77;301.85;-16.92;620.62
319.18;300.35;-18.82;619.53
319.45;300.72;-18.73;620.18
319.94;302.98;-16.95;622.92
320.34;303.25;-17.09;623.58
319.25;302.38;-16.88;621.63
319.75;302.18;-17.58;621.93
320.09;302.55;-17.54;622.64
318.81;299.95;-18.86;618.76
319.12;302.25;-16.88;621.37
318.37;301.97;-16.40;620.34
319.76;300.92;-18.84;620.68
320.09;301.30;-18.79;621.39
319.02;303.40;-15.62;622.42
319.79;301.92;-17.87;621.72
321.34;302.07;-19.26;623.41
319.68;302.37;-17.31;622.05
318.92;302.66;-16.26;621.58
319.14;301.88;-17.25;621.02
318.95;302.20;-16.75;621.15
320.79;302.51;-18.29;623.30
318.39;300.89;-17.50;619.29
319.90;301.31;-18.59;621.21
318.52;301.57;-16.95;620.09
319.48;302.82;-16.66;622.29
319.29;303.28;-16.01;622.56
318.96;301.61;-17.35;620.58
320.18;301.68;-18.51;621.86
319.49;302.19;-17.29;621.68
319.38;300.55;-18.82;619.93
320.47;303.01;-17.46;623.48
318.92;303.16;-15.75;622.08
319.48;303.59;-15.89;623.07
320.15;304.12;-16.02;624.27
318.42;302.51;-15.91;620.93
319.71;302.84;-16.87;622.54
319.34;303.06;-16.28;622.41
319.08;302.24;-16.84;621.32
320.88;300.71;-20.18;621.59
319.86;303.01;-16.85;622.88
318.39;300.09;-18.31;618.48
319.42;301.90;-17.52;621.32
319.61;302.06;-17.55;621.66
318.55;299.22;-19.33;617.76
319.81;301.41;-18.41;621.22
319.08;301.77;-17.31;620.85
319.44;301.03;-18.41;620.46
318.46;302.42;-16.05;620.88
318.24;302.63;-15.61;620.86
320.02;301.35;-18.66;621.37
319.21;302.29;-16.92;621.49
318.99;300.55;-18.44;619.54
319.59;302.17;-17.42;621.76
319.55;301.43;-18.12;620.98
319.92;301.84;-18.09;621.76
320.66;302.28;-18.38;622.94
319.42;301.74;-17.68;621.15
319.23;302.86;-16.36;622.09
319.14;300.16;-18.98;619.29
319.44;299.16;-20.28;618.61
320.85;302.22;-18.63;623.06
320.17;301.05;-19.12;621.22
319.54;302.33;-17.21;621.87
319.27;301.82;-17.45;621.09
319.61;302.19;-17.42;621.80
319.72;302.34;-17.38;622.06
319.73;300.99;-18.74;620.72
320.03;303.39;-16.64;623.42
318.81;301.86;-16.94;620.67
319.48;302.33;-17.15;621.81
319.24;302.41;-16.84;621.65
321.61;299.72;-21.89;621.32
320.04;303.22;-16.81;623.26
318.08;302.29;-15.78;620.37
319.95;301.59;-18.36;621.54
318.91;303.26;-15.65;622.17
319.39;301.84;-17.55;621.22
319.39;301.85;-17.55;621.24
321.04;302.36;-18.68;623.39
320.16;302.32;-17.85;622.48
320.49;303.01;-17.49;623.50
319.08;301.72;-17.36;620.80
319.99;302.52;-17.46;622.51
320.16;300.56;-19.60;620.73
319.05;303.10;-15.95;622.15
319.09;300.21;-18.89;619.30
319.32;300.55;-18.76;619.87
319.84;302.32;-17.51;622.16
319.39;301.15;-18.24;620.54
319.78;302.94;-16.84;622.71
319.12;302.15;-16.97;621.26
319.39;302.66;-16.72;622.05
320.21;300.99;-19.22;621.20
319.36;300.14;-19.22;619.50
320.41;300.24;-20.18;620.65
319.45;298.83;-20.62;618.28
320.48;301.05;-19.43;621.54
317.67;302.91;-14.76;620.58
319.11;303.17;-15.94;622.28
319.57;302.16;-17.41;621.74
320.86;302.68;-18.18;623.55
320.08;303.14;-16.95;623.22
318.56;303.24;-15.33;621.80
319.31;302.63;-16.68;621.94
320.92;300.91;-20.01;621.84
319.57;301.53;-18.04;621.10
318.99;301.82;-17.16;620.81
319.52;302.55;-16.97;622.08
319.58;300.94;-18.64;620.51
318.15;302.05;-16.10;620.21
320.01;303.48;-16.54;623.49
320.96;302.18;-18.78;623.14
318.35;301.99;-16.36;620.34
320.11;301.57;-18.54;621.68
320.21;302.00;-18.21;622.21
318.01;303.50;-14.51;621.51
320.07;300.73;-19.34;620.80
319.12;301.09;-18.04;620.21
319.06;301.38;-17.68;620.45
319.56;301.78;-17.78;621.34
319.68;304.02;-15.65;623.70
320.33;301.16;-19.16;621.49
318.94;303.05;-15.89;621.99
319.35;302.25;-17.09;621.60
319.61;302.58;-17.03;622.18
320.12;301.04;-19.08;621.15
319.45;301.50;-17.95;620.95
320.01;300.25;-19.75;620.26
319.71;304.01;-15.69;623.72
318.52;301.16;-17.35;619.68
320.03;302.55;-17.48;622.58
319.22;301.48;-17.74;620.70
318.11;303.36;-14.75;621.48
320.63;302.33;-18.30;622.96
318.22;300.71;-17.52;618.93
318.94;300.96;-17.98;619.91
319.28;301.39;-17.89;620.67
319.00;303.59;-15.41;622.59
319.50;301.82;-17.68;621.32
319.62;301.06;-18.56;620.69
319.71;301.41;-18.30;621.11
319.77;301.69;-18.08;621.46
319.84;299.88;-19.96;619.72
320.22;302.31;-17.91;622.52
319.62;302.75;-16.87;622.38
320.23;301.81;-18.42;622.04
320.35;301.36;-18.99;621.71
319.21;302.27;-16.94;621.48
321.13;302.08;-19.05;623.21
318.38;302.14;-16.24;620.52
319.56;301.31;-18.25;620.88
319.50;301.65;-17.85;621.15
320.35;299.95;-20.39;620.30
318.34;300.58;-17.75;618.92
320.62;302.19;-18.43;622.82
319.84;300.77;-19.06;620.61
320.15;301.05;-19.10;621.19
320.42;301.45;-18.97;621.86
319.26;301.65;-17.61;620.91
319.85;302.08;-17.78;621.93
321.79;302.45;-19.34;624.24
320.03;302.73;-17.30;622.76
318.81;301.75;-17.06;620.55
318.11;301.15;-16.96;619.26
319.86;302.46;-17.41;622.32
320.28;302.58;-17.70;622.86
320.31;303.16;-17.14;623.47
319.05;300.07;-18.98;619.12
319.56;300.52;-19.05;620.08
320.34;300.89;-19.45;621.23
319.89;300.97;-18.92;620.86
320.18;302.72;-17.46;622.89
320.56;299.79;-20.78;620.35
320.19;300.08;-20.11;620.26
320.14;302.37;-17.76;622.51
319.87;302.41;-17.46;622.28
320.62;302.00;-18.62;622.62
318.44;302.44;-16.00;620.87
317.88;302.74;-15.14;620.61
318.14;300.82;-17.32;618.96
319.78;302.49;-17.29;622.28
319.00;302.93;-16.07;621.93
319.42;299.86;-19.55;619.28
319.21;301.01;-18.21;620.22
320.68;302.78;-17.90;623.45
319.97;301.09;-18.88;621.06
320.34;301.71;-18.63;622.05
319.01;300.74;-18.28;619.75
319.25;302.22;-17.04;621.47
318.38;301.44;-16.95;619.82
320.35;301.37;-18.98;621.72
320.68;302.30;-18.38;622.98
318.70;300.84;-17.86;619.54
318.93;303.01;-15.92;621.94
318.99;300.32;-18.67;619.31
318.76;301.99;-16.77;620.75
319.73;302.35;-17.38;622.08
320.14;301.60;-18.54;621.74
320.34;300.14;-20.20;620.47
319.34;301.17;-18.16;620.51
318.74;302.62;-16.11;621.36
319.88;303.19;-16.69;623.07
319.73;301.49;-18.24;621.22
319.86;301.95;-17.91;621.82
320.55;303.08;-17.47;623.62
318.52;301.30;-17.22;619.82
320.15;301.84;-18.31;621.99
320.20;301.88;-18.32;622.08
319.28;302.21;-17.08;621.49
319.63;302.69;-16.94;622.32
320.03;302.87;-17.16;622.90
320.56;301.27;-19.29;621.83
319.19;300.58;-18.62;619.77
318.98;302.29;-16.68;621.27
320.06;301.55;-18.51;621.62
320.08;301.43;-18.65;621.51
320.92;302.26;-18.66;623.18
319.78;300.86;-18.91;620.64
319.96;299.78;-20.18;619.74
320.26;301.46;-18.80;621.73
319.76;302.06;-17.70;621.82
319.44;301.08;-18.36;620.51
319.75;302.84;-16.91;622.58
319.91;302.42;-17.48;622.33
319.02;302.32;-16.70;621.35
319.81;300.55;-19.26;620.36
318.68;299.55;-19.14;618.23
318.74;299.81;-18.93;618.54
319.34;299.98;-19.35;619.32
318.73;301.92;-16.81;620.65
319.74;301.63;-18.11;621.36
319.05;301.17;-17.88;620.22
320.23;302.32;-17.91;622.55
320.02;301.62;-18.40;621.64
320.09;301.83;-18.26;621.92
319.21;300.56;-18.65;619.77
319.64;300.75;-18.89;620.39
320.15;301.16;-18.98;621.31
320.68;302.01;-18.68;622.69
320.90;301.61;-19.29;622.51
319.74;301.04;-18.70;620.78
319.66;301.23;-18.43;620.89
319.51;301.54;-17.96;621.05
318.86;301.92;-16.94;620.78
319.42;302.19;-17.23;621.62
320.08;301.53;-18.55;621.61
318.94;303.00;-15.94;621.94
319.11;301.54;-17.57;620.65
319.16;300.74;-18.43;619.90
319.45;302.37;-17.08;621.82
318.91;300.32;-18.59;619.23
318.73;302.82;-15.91;621.55
319.12;302.09;-17.02;621.21
320.61;300.88;-19.74;621.49
318.56;301.18;-17.39;619.74
319.02;303.12;-15.90;622.15
319.55;302.51;-17.04;622.06
319.45;301.19;-18.26;620.64
320.15;302.12;-18.04;622.27
318.92;301.42;-17.50;620.35
318.88;299.85;-19.02;618.73
319.26;302.29;-16.97;621.56
318.11;302.59;-15.52;620.69
319.79;302.65;-17.15;622.44
320.28;301.48;-18.80;621.76
319.21;302.45;-16.76;621.66
319.36;301.92;-17.44;621.29
318.16;302.23;-15.93;620.39
319.08;300.46;-18.61;619.54
319.28;301.93;-17.35;621.21
320.46;301.30;-19.16;621.76
318.88;302.80;-16.08;621.68
319.94;301.41;-18.54;621.35
319.31;302.12;-17.19;621.43
318.79;302.33;-16.46;621.12
319.64;302.32;-17.32;621.96
318.62;302.29;-16.33;620.91
320.26;302.67;-17.59;622.93
318.88;303.04;-15.84;621.91
319.61;302.09;-17.51;621.70
318.33;300.72;-17.61;619.05
319.94;301.79;-18.14;621.73
318.94;301.45;-17.49;620.39
320.35;302.15;-18.19;622.50
319.22;299.47;-19.75;618.69
318.30;301.36;-16.94;619.66
320.01;301.49;-18.52;621.49
319.96;301.84;-18.13;621.80
320.47;302.32;-18.15;622.79
318.50;302.63;-15.87;621.13
319.76;302.91;-16.86;622.67
318.90;301.34;-17.56;620.24
319.71;303.10;-16.61;622.81
318.57;300.58;-17.99;619.15
319.42;304.09;-15.33;623.51
318.29;302.31;-15.99;620.60
320.29;301.72;-18.58;622.01
319.82;301.76;-18.06;621.58
319.63;302.17;-17.46;621.80
319.76;302.32;-17.44;622.09
319.37;302.87;-16.50;622.24
318.32;300.99;-17.32;619.31
320.22;303.15;-17.07;623.38
319.39;300.24;-19.15;619.62
319.61;303.91;-15.69;623.52
319.21;299.06;-20.15;618.26
318.66;301.45;-17.21;620.11
319.20;302.88;-16.32;622.08
319.00;303.38;-15.62;622.38
319.66;302.08;-17.58;621.75
319.44;300.71;-18.73;620.14
319.92;302.85;-17.07;622.76
319.01;301.94;-17.07;620.94
319.26;301.73;-17.54;620.99
318.21;301.71;-16.49;619.92
319.19;302.19;-17.00;621.39
319.09;301.50;-17.59;620.59
319.70;301.62;-18.08;621.32
319.45;302.02;-17.43;621.48
319.25;303.30;-15.95;622.55
320.11;302.25;-17.86;622.35
318.58;301.87;-16.71;620.45
319.72;303.64;-16.08;623.36
318.83;302.89;-15.94;621.72
319.17;299.84;-19.33;619.01
317.29;303.04;-14.25;620.33
319.39;301.94;-17.45;621.32
319.61;302.51;-17.11;622.12
318.31;302.98;-15.33;621.28
320.77;303.38;-17.39;624.15
319.45;303.65;-15.81;623.10
319.02;302.68;-16.34;621.70
319.98;302.48;-17.51;622.46
319.54;302.76;-16.78;622.29
320.24;301.79;-18.45;622.04
319.07;302.05;-17.02;621.12
319.70;302.47;-17.23;622.17
318.48;299.58;-18.91;618.06
318.82;301.09;-17.73;619.91
319.02;303.19;-15.83;622.21
320.11;303.84;-16.27;623.95
318.44;302.25;-16.19;620.68
320.18;302.78;-17.40;622.96
319.08;301.92;-17.15;621.00
320.34;302.32;-18.02;622.65
319.65;301.25;-18.41;620.90
318.50;302.80;-15.70;621.30
318.81;301.23;-17.58;620.04
318.29;302.26;-16.03;620.56
319.50;301.54;-17.96;621.04
320.94;301.05;-19.89;621.98
319.79;301.23;-18.56;621.02
319.84;302.89;-16.94;622.73
319.34;302.14;-17.19;621.48
319.54;302.59;-16.94;622.13
319.58;302.70;-16.88;622.28
318.45;303.10;-15.35;621.55
320.34;303.34;-17.00;623.67
318.99;301.83;-17.16;620.82
317.78;302.13;-15.65;619.91
319.95;301.09;-18.86;621.05
318.46;302.84;-15.62;621.31
319.88;301.76;-18.12;621.65
320.26;302.33;-17.94;622.59
318.12;302.29;-15.82;620.41
320.91;302.78;-18.12;623.69
318.63;303.15;-15.48;621.78
319.29;302.59;-16.70;621.88
319.35;302.30;-17.05;621.65
319.92;301.51;-18.41;621.43
318.91;301.65;-17.25;620.56
319.21;301.98;-17.23;621.19
319.57;302.56;-17.01;622.14
318.51;302.96;-15.55;621.47
319.24;301.17;-18.06;620.41
318.74;301.64;-17.09;620.38
319.57;300.72;-18.85;620.29
319.61;301.11;-18.50;620.72
319.69;302.75;-16.95;622.44
319.77;301.74;-18.03;621.51
319.29;303.38;-15.91;622.68
319.46;303.78;-15.69;623.24
318.67;302.60;-16.07;621.27
320.38;303.28;-17.10;623.66
320.51;301.84;-18.66;622.35
319.21;302.71;-16.50;621.91
318.31;302.91;-15.40;621.21
319.89;301.79;-18.10;621.68
317.38;301.86;-15.51;619.24
319.58;302.45;-17.12;622.03
318.32;302.62;-15.70;620.95
318.19;302.86;-15.33;621.06
320.27;302.38;-17.89;622.65
319.31;303.72;-15.59;623.02
318.43;300.56;-17.86;618.99
320.02;303.39;-16.63;623.41
319.64;301.81;-17.84;621.45
319.06;302.01;-17.06;621.07
319.24;302.35;-16.88;621.59
319.68;302.71;-16.98;622.39
318.68;299.92;-18.75;618.60
318.89;301.35;-17.55;620.24
319.48;301.83;-17.65;621.31
319.11;300.84;-18.27;619.95
319.64;302.41;-17.22;622.05
318.94;302.83;-16.11;621.76
320.38;302.96;-17.42;623.35
317.62;303.36;-14.26;620.98
318.03;300.46;-17.57;618.49
320.11;302.48;-17.62;622.59
319.77;302.93;-16.84;622.70
318.64;300.15;-18.49;618.78
319.31;301.86;-17.44;621.17
319.89;302.19;-17.71;622.08
318.89;301.52;-17.37;620.42
319.89;301.87;-18.02;621.76
319.53;301.78;-17.75;621.31
319.69;301.42;-18.27;621.11
319.85;302.57;-17.28;622.42
319.09;301.46;-17.63;620.56
319.44;303.60;-15.84;623.04
319.89;300.88;-19.01;620.78
319.90;302.29;-17.61;622.19
318.89;299.46;-19.42;618.35
320.28;302.04;-18.24;622.32
319.32;302.33;-16.99;621.65
319.79;302.72;-17.07;622.51
318.66;301.17;-17.49;619.84
318.32;301.48;-16.84;619.79
319.46;301.99;-17.48;621.45
320.79;299.74;-21.05;620.53
320.04;301.27;-18.77;621.31
319.60;301.66;-17.94;621.26
320.19;302.40;-17.79;622.59
319.63;300.46;-19.16;620.09
320.31;301.38;-18.93;621.68
318.91;303.21;-15.71;622.12
319.71;301.49;-18.22;621.19
320.28;302.18;-18.09;622.46
319.39;302.79;-16.61;622.18
319.64;302.85;-16.79;622.49
319.01;302.19;-16.82;621.19
321.05;302.46;-18.58;623.51
318.62;302.69;-15.92;621.31
319.10;300.12;-18.98;619.22
319.30;303.41;-15.89;622.71
319.95;300.76;-19.19;620.72
319.14;301.21;-17.94;620.35
319.95;299.85;-20.10;619.81
319.35;300.19;-19.16;619.55
319.99;302.56;-17.43;622.55
320.03;300.82;-19.21;620.85
319.38;303.18;-16.20;622.56
320.18;301.49;-18.69;621.66
320.12;301.90;-18.22;622.02
319.54;300.92;-18.62;620.45
318.71;301.35;-17.36;620.06
318.81;302.82;-15.98;621.63
320.11;302.04;-18.06;622.15
320.20;300.26;-19.94;620.46
319.57;302.69;-16.88;622.26
318.79;301.83;-16.96;620.62
320.15;301.17;-18.98;621.32
319.94;301.99;-17.94;621.93
320.15;301.77;-18.38;621.92
319.48;302.36;-17.12;621.84
319.79;301.29;-18.50;621.08
320.14;301.79;-18.34;621.93
319.34;302.15;-17.19;621.48
319.65;302.26;-17.39;621.92
320.24;303.10;-17.14;623.34
320.27;303.36;-16.91;623.63
319.29;303.35;-15.94;622.65
319.77;302.68;-17.09;622.45
319.29;302.25;-17.04;621.54
320.16;301.26;-18.89;621.42
320.31;301.65;-18.65;621.96
319.48;302.21;-17.27;621.69
320.51;302.59;-17.92;623.11
319.76;302.76;-16.99;622.52
319.01;299.81;-19.21;618.82
319.12;301.42;-17.70;620.55
319.49;302.57;-16.92;622.06
319.53;302.42;-17.11;621.95
319.52;301.43;-18.09;620.95
319.69;299.73;-19.96;619.42
317.75;300.80;-16.95;618.55
319.33;300.85;-18.48;620.18
318.52;301.64;-16.88;620.15
319.09;301.96;-17.13;621.06
318.54;303.54;-14.99;622.08
321.14;303.64;-17.49;624.78
319.58;302.19;-17.38;621.77
320.03;302.57;-17.46;622.60
319.69;301.76;-17.93;621.45
318.89;301.01;-17.88;619.91
319.37;300.48;-18.89;619.85
320.08;303.02;-17.05;623.10
320.06;303.30;-16.76;623.36
319.25;301.74;-17.51;620.99
317.84;301.98;-15.85;619.82
320.16;302.22;-17.94;622.38
319.90;301.49;-18.41;621.39
320.01;301.89;-18.12;621.89
320.51;302.44;-18.06;622.95
319.99;302.62;-17.36;622.61
320.05;301.94;-18.12;621.99
319.65;300.28;-19.37;619.92
319.46;300.76;-18.71;620.22
319.30;302.41;-16.89;621.71
319.74;303.07;-16.66;622.81
320.04;302.16;-17.88;622.21
318.08;302.46;-15.62;620.54
319.01;302.88;-16.13;621.89
320.14;302.95;-17.19;623.09
320.83;303.18;-17.65;624.01
318.73;302.45;-16.28;621.18
318.72;300.69;-18.02;619.41
320.09;301.06;-19.02;621.15
320.27;303.45;-16.82;623.72
319.88;301.55;-18.34;621.43
320.10;302.13;-17.97;622.23
320.54;302.42;-18.11;622.96
319.84;299.72;-20.12;619.55
320.33;301.52;-18.81;621.85
319.38;303.51;-15.86;622.89
319.41;301.93;-17.48;621.34
319.74;302.13;-17.61;621.87
319.97;301.38;-18.59;621.35
320.12;299.65;-20.46;619.77
319.92;301.89;-18.04;621.81
317.88;303.25;-14.63;621.12
319.84;300.52;-19.32;620.36
319.65;302.95;-16.70;622.59
320.02;299.79;-20.23;619.82
320.44;300.15;-20.29;620.59
319.16;302.58;-16.59;621.74
321.02;302.90;-18.12;623.92
320.28;299.24;-21.04;619.52
318.79;302.99;-15.79;621.78
319.14;302.22;-16.92;621.36
319.54;302.61;-16.93;622.15
318.20;302.84;-15.36;621.04
318.41;301.59;-16.81;620.00
320.62;303.79;-16.82;624.41
319.66;300.83;-18.83;620.49
320.00;301.31;-18.69;621.31
318.76;299.72;-19.04;618.48
320.16;302.09;-18.08;622.25
318.64;302.51;-16.14;621.15
319.07;302.71;-16.36;621.78
318.77;301.31;-17.46;620.08
319.34;301.61;-17.73;620.95
320.19;302.85;-17.35;623.04
320.16;300.81;-19.36;620.97
318.64;302.21;-16.44;620.85
319.96;302.07;-17.89;622.03
320.15;302.38;-17.77;622.52
319.89;300.95;-18.94;620.85
321.14;301.53;-19.61;622.67
319.90;302.91;-16.99;622.81
319.21;300.98;-18.23;620.19
317.81;301.92;-15.89;619.74
318.94;302.81;-16.14;621.75
319.49;303.22;-16.28;622.71
320.04;302.89;-17.15;622.92
319.34;302.06;-17.28;621.41
319.32;301.13;-18.19;620.45
318.12;302.53;-15.59;620.65
318.69;300.15;-18.54;618.84
318.75;300.15;-18.60;618.91
319.42;302.12;-17.30;621.54
319.79;302.34;-17.45;622.14
320.10;301.37;-18.73;621.47
320.49;299.89;-20.60;620.39
319.41;300.96;-18.45;620.36
320.69;303.79;-16.89;624.48
319.80;302.67;-17.13;622.47
318.56;300.06;-18.49;618.62
319.35;302.62;-16.74;621.97
320.09;303.16;-16.93;623.25
319.19;302.81;-16.38;622.00
320.22;302.08;-18.14;622.29
319.54;302.20;-17.34;621.74
319.82;302.56;-17.25;622.38
319.26;302.29;-16.98;621.55
319.18;302.15;-17.04;621.33
321.06;301.09;-19.98;622.15
320.41;302.83;-17.58;623.24
318.83;302.02;-16.81;620.85
319.36;300.15;-19.21;619.52
318.72;302.66;-16.06;621.38
318.45;300.92;-17.53;619.38
318.38;301.35;-17.02;619.73
319.20;302.48;-16.72;621.68
319.35;299.06;-20.29;618.42
318.28;303.17;-15.11;621.45
318.99;302.08;-16.91;621.06
318.96;302.23;-16.74;621.19
319.37;302.28;-17.09;621.65
318.38;300.93;-17.45;619.31
320.15;300.02;-20.14;620.17
319.12;301.86;-17.26;620.98
321.14;302.99;-18.15;624.13
319.99;301.32;-18.67;621.32
319.72;301.57;-18.15;621.29
320.21;302.04;-18.16;622.25
319.38;303.51;-15.86;622.89
319.21;302.22;-16.98;621.43
319.75;303.22;-16.54;622.97
320.62;301.35;-19.27;621.96
319.37;301.61;-17.76;620.98
319.81;300.66;-19.15;620.47
320.18;302.58;-17.60;622.75
319.39;301.44;-17.95;620.84
320.02;299.84;-20.19;619.86
319.12;299.08;-20.04;618.21
319.96;302.18;-17.78;622.14
320.20;303.01;-17.19;623.21
319.48;301.44;-18.04;620.92
319.25;301.84;-17.41;621.08
316.66;302.14;-14.52;618.80
319.98;301.10;-18.88;621.08
319.73;301.48;-18.25;621.21
319.32;298.93;-20.39;618.25
319.43;302.26;-17.17;621.69
318.89;302.95;-15.94;621.84
318.85;301.24;-17.61;620.09
319.19;301.72;-17.46;620.91
319.75;303.81;-15.94;623.55
319.29;301.11;-18.19;620.40
319.30;302.22;-17.08;621.52
319.96;303.05;-16.91;623.01
319.95;302.14;-17.81;622.09
318.46;302.55;-15.91;621.01
319.99;300.85;-19.14;620.85
319.62;301.94;-17.69;621.56
319.34;302.48;-16.86;621.81
320.03;302.20;-17.83;622.23
319.25;302.59;-16.65;621.84
319.76;303.01;-16.75;622.77
317.61;301.86;-15.75;619.47
320.93;302.20;-18.73;623.13
318.68;302.86;-15.81;621.54
318.74;299.85;-18.89;618.59
319.15;301.85;-17.30;621.01
319.48;302.02;-17.46;621.49
319.31;301.11;-18.20;620.41
319.52;301.73;-17.79;621.25
319.54;301.95;-17.59;621.49
319.51;302.25;-17.25;621.76
318.01;300.72;-17.29;618.72
318.91;301.83;-17.08;620.74
319.44;303.35;-16.09;622.79
319.16;301.71;-17.45;620.86
319.69;302.01;-17.68;621.69
320.39;301.14;-19.25;621.54
320.37;302.85;-17.52;623.22
319.24;302.05;-17.18;621.29
319.11;300.25;-18.86;619.36
318.55;302.80;-15.75;621.35
318.79;303.00;-15.79;621.79
319.21;299.92;-19.28;619.13
319.26;303.51;-15.75;622.77
319.44;303.19;-16.25;622.62
319.27;301.53;-17.74;620.80
320.02;302.96;-17.06;622.99
320.26;302.34;-17.93;622.60
319.42;302.55;-16.88;621.97
318.84;302.91;-15.94;621.75
318.93;303.35;-15.58;622.28
319.56;301.71;-17.86;621.27
319.49;300.90;-18.59;620.39
320.22;302.55;-17.67;622.76
318.48;301.94;-16.54;620.42
319.45;301.12;-18.33;620.58
319.66;300.64;-19.02;620.30
319.92;302.76;-17.15;622.68
320.08;301.45;-18.63;621.54
320.39;301.98;-18.42;622.37
319.66;302.63;-17.03;622.29
319.79;302.65;-17.14;622.45
320.39;302.91;-17.48;623.30
319.66;303.22;-16.44;622.88
320.47;300.28;-20.19;620.75
319.89;300.78;-19.11;620.66
320.85;302.73;-18.12;623.58
319.56;303.03;-16.54;622.59
318.38;302.56;-15.82;620.95
319.36;302.26;-17.10;621.63
319.61;302.58;-17.02;622.19
318.76;302.84;-15.92;621.59
319.06;302.19;-16.88;621.25
319.43;302.10;-17.33;621.53
319.65;302.71;-16.94;622.36
321.14;300.02;-21.11;621.16
318.15;302.14;-16.01;620.29
320.05;302.02;-18.03;622.08
319.51;301.16;-18.35;620.67
319.31;302.85;-16.46;622.16
318.59;302.66;-15.93;621.26
321.02;302.06;-18.95;623.08
320.26;302.35;-17.91;622.61
318.34;302.68;-15.66;621.02
320.28;300.96;-19.31;621.24
318.45;303.32;-15.14;621.77
318.79;301.94;-16.85;620.74
319.68;302.17;-17.51;621.85
319.86;301.14;-18.73;621.00
319.93;298.99;-20.94;618.92
319.16;302.31;-16.85;621.48
319.59;302.63;-16.96;622.22
319.13;303.18;-15.95;622.31
318.76;303.20;-15.56;621.96
319.56;302.19;-17.38;621.75
318.49;302.52;-15.97;621.01
318.81;301.69;-17.12;620.49
320.55;303.38;-17.17;623.94
319.49;302.64;-16.86;622.13
318.94;302.85;-16.08;621.79
318.89;302.91;-15.99;621.80
319.31;301.65;-17.66;620.96
318.70;300.73;-17.97;619.43
319.16;301.19;-17.96;620.35
319.18;299.63;-19.55;618.81
318.62;301.59;-17.03;620.22
319.09;298.98;-20.11;618.07
319.88;302.48;-17.40;622.36
318.65;302.84;-15.81;621.49
318.99;303.21;-15.79;622.20
320.47;301.79;-18.68;622.26
318.64;303.81;-14.82;622.45
319.96;302.25;-17.72;622.21
319.95;301.08;-18.88;621.03
319.13;301.60;-17.53;620.73
320.05;301.99;-18.06;622.04
318.36;302.38;-15.99;620.74
319.75;299.52;-20.23;619.28
319.24;302.98;-16.26;622.22
320.19;301.42;-18.76;621.61
319.55;301.65;-17.89;621.20
320.66;301.86;-18.80;622.52
320.19;298.91;-21.29;619.10
319.58;301.29;-18.29;620.87
319.96;302.51;-17.45;622.46
318.91;302.16;-16.75;621.07
319.26;300.56;-18.70;619.83
320.24;301.22;-19.02;621.45
319.99;301.33;-18.66;621.32
320.81;302.68;-18.12;623.49
318.73;302.02;-16.71;620.75
321.54;301.21;-20.32;622.75
319.82;301.74;-18.09;621.56
319.44;302.17;-17.26;621.61
318.27;302.45;-15.82;620.72
319.71;301.83;-17.88;621.54
320.48;299.95;-20.52;620.43
319.20;302.10;-17.10;621.30
320.78;302.71;-18.06;623.49
321.29;303.98;-17.31;625.26
320.27;300.07;-20.20;620.34
319.19;301.63;-17.56;620.82
320.21;301.93;-18.28;622.14
320.35;299.86;-20.49;620.22
320.11;302.53;-17.58;622.64
320.24;301.18;-19.05;621.42
319.10;301.71;-17.39;620.81
320.68;301.66;-19.02;622.35
319.92;301.14;-18.79;621.06
319.54;302.72;-16.82;622.26
318.94;301.75;-17.18;620.69
319.93;302.24;-17.69;622.17
319.42;299.07;-20.35;618.49
319.00;301.79;-17.21;620.79
320.08;299.84;-20.25;619.92
320.35;303.39;-16.96;623.74
320.73;300.54;-20.19;621.27
318.08;302.14;-15.95;620.22
319.25;302.58;-16.66;621.83
320.10;302.71;-17.39;622.81
320.38;301.70;-18.68;622.08
317.90;300.46;-17.44;618.36
319.56;302.59;-16.96;622.15
319.74;299.51;-20.24;619.25
320.02;299.85;-20.18;619.87
318.83;301.86;-16.96;620.69
319.47;302.71;-16.76;622.18
319.57;302.18;-17.39;621.75
319.45;302.38;-17.06;621.83
319.86;299.43;-20.44;619.29
319.17;302.19;-16.98;621.36
319.31;300.20;-19.11;619.51
318.72;301.69;-17.03;620.41
319.92;302.86;-17.06;622.79
319.43;302.53;-16.90;621.96
319.65;301.99;-17.66;621.64
319.95;301.23;-18.72;621.18
318.39;300.33;-18.06;618.72
320.60;301.80;-18.80;622.40
318.35;302.56;-15.78;620.91
317.62;301.50;-16.12;619.12
320.14;298.69;-21.44;618.83
319.21;303.51;-15.71;622.72
319.41;302.14;-17.28;621.55
319.43;302.33;-17.10;621.76
318.63;300.55;-18.08;619.18
317.64;303.49;-14.15;621.14
320.89;302.74;-18.15;623.64
320.18;301.38;-18.80;621.56
320.82;303.75;-17.07;624.58
319.66;300.96;-18.69;620.62
320.19;301.41;-18.78;621.61
319.29;302.05;-17.25;621.34
318.20;300.71;-17.49;618.91
319.97;302.95;-17.02;622.92
319.26;300.68;-18.59;619.94
320.37;302.31;-18.06;622.68
319.59;301.79;-17.80;621.38
318.97;299.09;-19.88;618.06
321.31;300.99;-20.32;622.29
319.92;302.25;-17.67;622.16
318.56;299.32;-19.24;617.88
319.02;301.27;-17.75;620.29
319.76;301.82;-17.94;621.58
318.98;302.36;-16.61;621.34
320.03;302.70;-17.33;622.73
320.16;301.31;-18.85;621.46
319.18;301.59;-17.58;620.77
319.83;300.96;-18.86;620.79
318.49;302.81;-15.68;621.30
320.55;301.96;-18.59;622.51
319.75;302.59;-17.16;622.34
318.78;303.12;-15.65;621.90
319.18;301.75;-17.44;620.93
318.91;302.05;-16.86;620.96
319.87;301.29;-18.58;621.16
320.26;301.67;-18.59;621.93
319.36;302.26;-17.11;621.62
318.94;300.84;-18.10;619.77
320.06;302.16;-17.91;622.22
319.48;301.88;-17.60;621.36
319.29;301.51;-17.79;620.80
320.71;301.96;-18.75;622.67
320.28;302.42;-17.86;622.71
318.79;302.85;-15.94;621.64
320.30;300.34;-19.96;620.64
320.62;303.62;-17.01;624.24
318.72;302.51;-16.21;621.24
319.58;301.92;-17.66;621.49
318.08;302.55;-15.53;620.62
320.91;302.79;-18.11;623.70
320.34;302.32;-18.01;622.66
318.86;302.45;-16.41;621.32
320.64;302.38;-18.25;623.02
319.09;302.96;-16.13;622.06
319.29;302.22;-17.07;621.51
318.76;300.78;-17.98;619.54
320.00;302.75;-17.25;622.75
320.06;301.32;-18.74;621.38
319.30;301.66;-17.64;620.96
319.57;302.20;-17.37;621.77
319.22;301.04;-18.18;620.25
319.38;302.44;-16.94;621.82
319.11;301.58;-17.53;620.68
320.32;302.08;-18.24;622.40
320.33;302.32;-18.01;622.65
320.76;302.64;-18.13;623.40
319.72;301.02;-18.71;620.74
318.90;302.82;-16.08;621.72
318.60;302.45;-16.15;621.05
320.93;302.99;-17.94;623.92
320.19;302.62;-17.58;622.81
319.89;301.68;-18.22;621.57
320.54;302.22;-18.32;622.75
319.39;302.45;-16.94;621.84
319.73;302.91;-16.82;622.64
318.75;302.97;-15.78;621.72
318.54;301.55;-16.99;620.09
319.71;302.10;-17.61;621.81
319.54;302.35;-17.19;621.89
319.46;301.49;-17.96;620.95
317.43;302.88;-14.55;620.31
318.99;302.32;-16.68;621.31
320.27;302.43;-17.84;622.70
318.61;300.75;-17.86;619.35
319.39;301.66;-17.72;621.05
319.23;301.25;-17.98;620.48
319.21;303.70;-15.51;622.91
319.57;301.98;-17.59;621.55
319.65;301.30;-18.35;620.95
320.47;300.16;-20.31;620.63
320.06;301.98;-18.08;622.04
320.44;302.18;-18.26;622.62
318.75;301.56;-17.18;620.31
318.68;301.88;-16.81;620.56
318.85;301.28;-17.56;620.13
319.06;301.74;-17.32;620.79
320.84;300.72;-20.12;621.55
319.96;301.13;-18.84;621.09
319.73;302.81;-16.92;622.54
321.02;301.49;-19.53;622.52
320.94;302.12;-18.82;623.06
319.29;301.08;-18.22;620.37
320.15;299.58;-20.57;619.72
