318.72;303.18;-15.54;621.89
319.04;302.56;-16.48;621.61
318.84;303.69;-15.15;622.52
319.71;303.21;-16.50;622.92
318.74;302.65;-16.09;621.39
318.95;302.86;-16.09;621.81
317.87;303.22;-14.65;621.09
320.42;302.27;-18.15;622.69
319.65;303.92;-15.73;623.58
318.68;303.14;-15.55;621.82
319.05;302.94;-16.12;621.99
318.75;303.11;-15.65;621.86
319.04;303.65;-15.38;622.69
319.57;303.26;-16.31;622.84
318.66;303.59;-15.08;622.25
319.49;302.16;-17.33;621.65
319.75;303.71;-16.05;623.46
318.39;302.99;-15.41;621.38
318.74;303.01;-15.72;621.75
320.32;303.35;-16.97;623.68
320.71;301.92;-18.79;622.62
319.64;303.96;-15.67;623.60
319.87;302.64;-17.23;622.51
318.74;302.98;-15.76;621.71
320.18;303.13;-17.05;623.31
319.25;302.34;-16.91;621.59
319.60;302.47;-17.13;622.07
318.51;303.01;-15.50;621.51
318.64;303.30;-15.34;621.94
319.22;301.80;-17.42;621.02
319.40;302.27;-17.13;621.67
318.45;302.86;-15.59;621.31
320.11;302.59;-17.52;622.69
319.09;303.26;-15.82;622.35
319.49;302.61;-16.88;622.09
318.55;302.92;-15.63;621.48
318.89;302.99;-15.90;621.89
319.02;302.24;-16.78;621.26
319.34;302.75;-16.59;622.09
319.08;302.35;-16.72;621.43
319.82;302.78;-17.04;622.59
319.09;301.91;-17.19;621.00
320.57;303.44;-17.14;624.01
318.43;302.58;-15.85;621.01
318.49;302.98;-15.52;621.47
319.11;303.18;-15.94;622.29
319.12;302.49;-16.62;621.61
318.95;302.68;-16.28;621.63
319.38;302.50;-16.88;621.88
319.66;302.94;-16.72;622.61
319.11;301.96;-17.15;621.07
319.15;303.76;-15.39;622.92
320.04;302.75;-17.29;622.79
318.48;303.13;-15.35;621.61
320.24;303.28;-16.96;623.52
319.32;302.66;-16.66;621.98
319.65;302.17;-17.48;621.82
318.67;302.58;-16.09;621.25
319.24;303.01;-16.24;622.25
320.42;303.35;-17.07;623.78
319.36;303.39;-15.98;622.75
319.86;303.05;-16.81;622.91
318.82;302.96;-15.86;621.79
318.96;303.31;-15.65;622.27
319.58;302.26;-17.32;621.84
319.86;302.58;-17.29;622.44
318.69;302.92;-15.77;621.61
319.35;302.46;-16.89;621.82
319.95;302.80;-17.15;622.75
320.17;303.25;-16.92;623.42
319.16;302.38;-16.79;621.54
319.50;302.45;-17.05;621.95
319.86;302.73;-17.13;622.59
318.95;303.11;-15.85;622.06
320.12;303.19;-16.92;623.31
317.94;302.25;-15.68;620.19
319.93;302.65;-17.28;622.58
319.82;303.05;-16.77;622.88
319.09;303.37;-15.72;622.46
319.01;302.87;-16.14;621.88
320.28;303.44;-16.84;623.71
319.17;302.47;-16.70;621.64
319.34;303.33;-16.01;622.66
319.16;302.64;-16.53;621.80
319.39;301.62;-17.78;621.01
319.39;302.15;-17.24;621.54
321.06;302.96;-18.11;624.02
319.18;302.83;-16.35;622.01
319.12;302.21;-16.91;621.34
319.39;303.44;-15.95;622.82
319.57;303.98;-15.59;623.55
320.16;302.54;-17.62;622.69
319.01;303.12;-15.89;622.13
319.41;302.84;-16.56;622.25
319.25;302.51;-16.74;621.75
320.03;302.98;-17.05;623.01
318.99;302.08;-16.91;621.07
319.22;302.71;-16.51;621.94
319.12;302.93;-16.19;622.05
320.25;302.67;-17.58;622.92
320.56;302.95;-17.61;623.51
319.72;303.06;-16.66;622.79
319.48;302.27;-17.21;621.75
319.85;302.98;-16.87;622.82
319.44;302.84;-16.60;622.28
319.28;301.86;-17.42;621.14
319.48;301.84;-17.65;621.32
320.08;302.72;-17.35;622.80
320.45;302.76;-17.68;623.21
319.12;302.04;-17.08;621.16
319.72;302.49;-17.23;622.22
318.56;302.78;-15.78;621.35
318.98;303.16;-15.82;622.14
319.32;303.10;-16.22;622.42
319.38;302.08;-17.30;621.46
319.27;302.39;-16.88;621.66
319.61;301.68;-17.94;621.29
320.12;303.09;-17.03;623.22
320.20;303.24;-16.96;623.44
319.60;302.64;-16.96;622.24
319.89;302.61;-17.29;622.50
319.09;303.25;-15.84;622.34
319.95;303.50;-16.45;623.45
319.49;303.01;-16.48;622.49
319.59;303.15;-16.44;622.74
319.11;302.96;-16.15;622.08
320.43;302.16;-18.26;622.59
319.57;302.66;-16.91;622.24
320.49;303.02;-17.48;623.51
319.15;303.32;-15.82;622.47
319.41;303.65;-15.76;623.06
319.76;302.80;-16.96;622.56
320.02;302.47;-17.55;622.49
319.99;303.71;-16.29;623.70
320.88;303.07;-17.81;623.95
319.16;302.35;-16.82;621.51
320.81;302.67;-18.14;623.48
319.91;303.10;-16.81;623.01
318.59;302.29;-16.29;620.88
319.58;303.66;-15.92;623.24
319.58;302.37;-17.21;621.95
318.74;303.18;-15.56;621.91
319.11;302.98;-16.14;622.09
319.15;303.39;-15.76;622.55
319.54;302.48;-17.05;622.02
319.89;304.16;-15.73;624.05
318.95;303.32;-15.64;622.27
319.12;301.74;-17.38;620.86
319.09;303.74;-15.36;622.83
319.61;302.56;-17.05;622.17
319.87;302.90;-16.97;622.77
317.77;303.28;-14.49;621.05
319.64;302.16;-17.47;621.80
319.04;302.38;-16.66;621.42
319.00;303.23;-15.77;622.23
318.52;302.55;-15.98;621.07
319.12;302.82;-16.30;621.95
319.75;302.47;-17.28;622.22
319.68;302.53;-17.15;622.21
319.28;302.73;-16.55;622.01
319.11;303.40;-15.71;622.51
318.79;303.64;-15.15;622.42
318.65;302.89;-15.76;621.55
319.33;303.02;-16.31;622.35
318.91;303.39;-15.52;622.30
317.87;303.96;-13.91;621.84
320.17;302.72;-17.45;622.89
319.64;302.91;-16.73;622.55
319.28;303.35;-15.93;622.62
319.32;303.61;-15.71;622.94
319.67;303.50;-16.17;623.17
318.82;303.21;-15.62;622.03
320.49;302.48;-18.01;622.96
318.94;301.85;-17.09;620.78
319.36;303.19;-16.17;622.55
319.67;302.62;-17.05;622.29
319.85;302.91;-16.94;622.75
319.53;303.39;-16.14;622.92
319.56;301.67;-17.89;621.23
318.75;303.14;-15.61;621.88
319.02;303.38;-15.64;622.40
319.51;302.82;-16.69;622.32
319.50;304.27;-15.23;623.77
319.75;303.60;-16.15;623.35
319.16;302.06;-17.11;621.22
319.22;303.48;-15.74;622.70
318.35;302.89;-15.46;621.24
318.93;302.24;-16.69;621.17
320.61;302.54;-18.06;623.15
319.70;302.98;-16.72;622.68
319.56;303.37;-16.19;622.94
319.21;302.84;-16.37;622.05
320.60;303.42;-17.18;624.02
319.38;303.83;-15.55;623.21
319.76;302.84;-16.92;622.59
318.85;303.09;-15.76;621.95
318.92;303.66;-15.25;622.58
319.48;302.01;-17.47;621.49
319.54;303.09;-16.45;622.62
318.65;302.71;-15.95;621.36
318.94;303.02;-15.92;621.96
319.28;303.57;-15.71;622.85
318.32;302.62;-15.69;620.94
318.76;303.09;-15.67;621.85
318.85;303.43;-15.42;622.28
319.23;301.91;-17.32;621.14
319.09;303.74;-15.36;622.83
319.91;303.24;-16.66;623.15
319.71;302.92;-16.79;622.62
320.13;303.06;-17.07;623.19
319.21;303.14;-16.06;622.35
319.43;302.64;-16.79;622.06
318.52;304.13;-14.39;622.65
318.79;303.08;-15.71;621.88
319.12;303.24;-15.88;622.35
319.32;303.52;-15.80;622.85
319.31;303.14;-16.16;622.45
319.57;302.70;-16.87;622.27
318.72;302.92;-15.79;621.64
319.31;303.01;-16.30;622.31
318.58;302.26;-16.32;620.84
318.67;302.82;-15.85;621.49
318.71;303.14;-15.58;621.85
318.88;303.34;-15.54;622.21
319.51;302.83;-16.68;622.34
320.12;302.55;-17.56;622.67
320.14;303.41;-16.74;623.55
320.13;303.23;-16.90;623.36
319.14;303.42;-15.72;622.56
318.90;303.53;-15.37;622.43
320.08;303.27;-16.81;623.35
319.39;303.49;-15.89;622.88
319.32;303.92;-15.39;623.24
319.24;301.96;-17.28;621.19
318.80;302.85;-15.95;621.65
318.94;303.36;-15.58;622.31
319.38;303.26;-16.11;622.64
318.77;302.94;-15.83;621.71
318.96;303.05;-15.91;622.01
318.92;303.40;-15.52;622.32
318.98;302.88;-16.11;621.86
319.50;302.80;-16.70;622.30
319.88;301.78;-18.10;621.66
319.00;303.32;-15.68;622.32
319.18;303.21;-15.97;622.39
319.70;302.69;-17.01;622.39
318.70;303.18;-15.52;621.88
319.07;302.86;-16.21;621.93
318.85;302.07;-16.78;620.92
320.06;302.98;-17.09;623.04
318.81;302.83;-15.98;621.64
319.85;302.06;-17.79;621.91
320.44;302.12;-18.32;622.56
320.05;303.55;-16.49;623.60
319.80;302.93;-16.87;622.73
318.89;303.29;-15.59;622.18
319.11;303.51;-15.60;622.62
319.16;302.69;-16.46;621.85
318.96;302.08;-16.88;621.04
319.35;302.99;-16.36;622.34
320.17;301.78;-18.39;621.95
319.01;302.17;-16.84;621.18
319.09;303.45;-15.64;622.54
319.66;303.78;-15.88;623.44
319.76;302.89;-16.87;622.66
318.19;303.14;-15.06;621.33
319.22;302.22;-17.01;621.44
319.45;302.56;-16.88;622.01
319.85;304.05;-15.81;623.90
320.76;302.58;-18.18;623.35
319.88;301.74;-18.14;621.62
320.20;303.16;-17.04;623.36
320.64;302.49;-18.15;623.14
319.78;302.86;-16.92;622.64
318.87;301.48;-17.39;620.35
319.21;302.22;-16.99;621.42
319.50;303.35;-16.15;622.85
319.71;301.76;-17.94;621.47
319.42;301.55;-17.87;620.96
319.04;302.19;-16.84;621.23
319.34;302.18;-17.15;621.52
320.62;302.47;-18.15;623.09
320.12;302.75;-17.37;622.86
320.14;303.18;-16.96;623.32
320.59;302.22;-18.38;622.81
320.75;302.72;-18.03;623.48
319.95;302.32;-17.64;622.27
319.52;302.71;-16.81;622.23
319.02;303.09;-15.93;622.12
320.29;302.26;-18.02;622.55
319.50;302.64;-16.86;622.14
318.94;301.92;-17.02;620.85
320.32;303.02;-17.31;623.34
319.31;302.59;-16.71;621.90
319.71;302.05;-17.65;621.76
319.94;302.57;-17.36;622.51
320.14;301.56;-18.58;621.69
319.91;302.94;-16.97;622.85
319.50;302.33;-17.17;621.83
320.48;302.57;-17.91;623.05
319.65;302.19;-17.46;621.84
320.02;301.37;-18.65;621.39
318.83;303.41;-15.42;622.24
319.40;302.85;-16.55;622.25
319.85;302.34;-17.52;622.19
319.43;302.85;-16.58;622.28
320.42;303.05;-17.38;623.47
319.05;302.28;-16.76;621.33
319.46;302.71;-16.76;622.17
319.84;303.22;-16.61;623.06
319.27;301.55;-17.72;620.82
319.60;303.41;-16.19;623.01
319.66;302.82;-16.84;622.48
320.06;302.59;-17.46;622.65
318.82;302.99;-15.84;621.81
320.76;302.18;-18.59;622.94
319.56;302.13;-17.43;621.69
320.09;302.76;-17.33;622.85
318.79;301.85;-16.94;620.64
319.28;303.04;-16.24;622.32
320.72;302.56;-18.16;623.28
319.49;302.11;-17.38;621.59
320.25;302.51;-17.75;622.76
319.50;302.46;-17.04;621.96
319.82;302.79;-17.02;622.61
318.81;303.01;-15.79;621.82
319.20;303.51;-15.69;622.71
319.40;302.65;-16.75;622.05
319.86;303.10;-16.76;622.96
319.95;302.84;-17.12;622.79
319.06;303.10;-15.96;622.16
319.27;302.01;-17.26;621.28
319.26;303.32;-15.94;622.59
319.42;302.68;-16.75;622.10
319.09;303.04;-16.05;622.13
319.24;302.34;-16.91;621.58
318.52;302.86;-15.66;621.39
320.46;303.04;-17.43;623.50
318.86;303.42;-15.45;622.28
320.56;303.69;-16.87;624.25
319.12;302.29;-16.83;621.41
319.31;302.41;-16.90;621.71
319.11;302.76;-16.35;621.86
320.02;303.21;-16.81;623.22
319.30;302.26;-17.04;621.56
319.42;302.55;-16.87;621.96
318.36;302.88;-15.48;621.24
318.82;303.26;-15.55;622.08
319.23;303.32;-15.91;622.55
319.55;302.07;-17.48;621.62
319.14;302.25;-16.89;621.38
319.47;303.34;-16.13;622.81
320.27;303.26;-17.01;623.54
319.12;303.25;-15.86;622.37
320.06;302.80;-17.26;622.86
319.09;301.81;-17.29;620.90
319.35;302.93;-16.42;622.28
320.78;302.48;-18.31;623.26
320.10;303.41;-16.69;623.51
319.58;302.22;-17.36;621.81
319.85;301.45;-18.40;621.29
318.99;303.00;-15.99;621.99
319.03;302.26;-16.76;621.29
319.34;303.21;-16.12;622.55
320.34;302.25;-18.09;622.59
319.69;301.88;-17.81;621.56
319.44;302.24;-17.19;621.68
318.28;302.62;-15.66;620.91
319.60;302.61;-16.99;622.21
318.88;302.98;-15.91;621.86
320.25;301.75;-18.50;621.99
319.19;303.70;-15.49;622.89
319.28;303.57;-15.71;622.85
319.60;302.79;-16.81;622.39
319.91;303.12;-16.78;623.03
319.90;302.94;-16.96;622.84
319.36;303.01;-16.35;622.37
319.65;302.22;-17.43;621.86
319.92;302.52;-17.40;622.44
318.74;303.04;-15.70;621.77
318.74;303.25;-15.49;621.99
319.22;303.04;-16.18;622.26
319.28;303.39;-15.89;622.66
319.20;302.36;-16.84;621.56
319.35;303.24;-16.12;622.59
320.01;303.54;-16.46;623.55
320.64;303.14;-17.49;623.78
319.17;303.44;-15.74;622.61
319.94;302.57;-17.36;622.51
318.64;302.82;-15.82;621.46
318.33;303.01;-15.32;621.34
319.14;303.38;-15.76;622.51
319.29;301.61;-17.68;620.89
319.25;303.81;-15.44;623.06
319.87;302.78;-17.09;622.65
319.71;302.96;-16.74;622.67
319.19;303.15;-16.04;622.35
319.15;301.76;-17.38;620.91
319.81;302.64;-17.16;622.45
318.86;302.38;-16.48;621.24
319.39;301.45;-17.94;620.84
319.29;301.66;-17.63;620.96
318.80;302.01;-16.79;620.81
319.58;302.55;-17.03;622.14
320.06;302.72;-17.34;622.78
319.99;303.04;-16.95;623.03
318.94;302.20;-16.74;621.14
319.31;302.51;-16.79;621.82
318.55;302.45;-16.09;621.00
318.92;302.95;-15.96;621.87
318.94;303.50;-15.44;622.44
319.24;302.64;-16.61;621.88
319.15;302.94;-16.21;622.09
318.19;302.85;-15.34;621.04
318.76;303.15;-15.61;621.91
319.17;302.11;-17.06;621.28
318.00;302.56;-15.44;620.56
318.88;302.95;-15.93;621.82
318.87;303.08;-15.79;621.95
318.80;303.38;-15.42;622.18
320.59;302.38;-18.21;622.96
319.64;301.93;-17.71;621.56
318.51;303.14;-15.37;621.65
319.78;302.83;-16.95;622.61
320.11;303.12;-16.98;623.23
319.18;303.36;-15.82;622.54
318.17;303.57;-14.60;621.74
319.06;302.97;-16.09;622.03
318.39;301.76;-16.64;620.15
318.98;303.49;-15.49;622.48
318.76;303.67;-15.09;622.44
319.43;302.56;-16.87;621.99
318.69;304.18;-14.51;622.87
320.16;302.87;-17.29;623.04
320.68;303.26;-17.42;623.94
319.66;303.48;-16.18;623.14
318.15;302.75;-15.39;620.90
319.88;302.98;-16.90;622.86
318.75;302.18;-16.56;620.93
319.25;302.01;-17.24;621.25
319.01;304.08;-14.92;623.09
318.75;303.58;-15.17;622.34
318.55;302.74;-15.81;621.29
319.39;302.83;-16.56;622.22
319.49;303.75;-15.74;623.24
318.48;302.89;-15.59;621.37
320.47;303.49;-16.98;623.96
319.84;302.84;-17.00;622.67
319.87;302.54;-17.34;622.41
319.64;302.85;-16.79;622.48
319.21;303.04;-16.17;622.24
320.25;302.45;-17.79;622.70
319.46;302.55;-16.92;622.01
318.59;303.08;-15.51;621.68
319.26;303.55;-15.71;622.81
319.28;303.55;-15.73;622.82
319.66;303.96;-15.69;623.62
319.68;302.65;-17.03;622.32
319.46;303.19;-16.28;622.65
319.65;303.56;-16.09;623.21
318.39;302.87;-15.52;621.26
321.16;302.78;-18.39;623.94
319.01;303.35;-15.66;622.36
318.82;303.75;-15.07;622.56
319.13;303.17;-15.96;622.30
318.78;302.90;-15.88;621.68
319.99;303.15;-16.85;623.14
319.21;303.38;-15.84;622.59
318.34;302.68;-15.66;621.01
320.08;303.14;-16.94;623.22
319.31;302.16;-17.14;621.47
319.41;303.49;-15.92;622.89
319.69;302.18;-17.51;621.86
319.58;302.71;-16.88;622.29
319.02;302.94;-16.08;621.96
319.28;302.11;-17.18;621.39
320.52;302.34;-18.18;622.86
319.02;302.92;-16.10;621.94
318.80;303.19;-15.61;621.99
320.58;302.71;-17.86;623.29
319.35;303.84;-15.51;623.19
319.68;302.58;-17.10;622.26
319.47;302.85;-16.62;622.32
319.99;302.18;-17.81;622.18
320.24;303.43;-16.81;623.67
319.46;303.55;-15.92;623.01
319.87;301.66;-18.21;621.54
320.06;301.85;-18.21;621.91
319.26;303.41;-15.85;622.66
319.46;303.86;-15.61;623.32
319.32;301.97;-17.35;621.29
319.45;303.18;-16.27;622.64
320.42;302.92;-17.51;623.34
320.09;303.29;-16.79;623.38
320.41;302.19;-18.22;622.59
320.09;302.76;-17.32;622.85
318.68;303.17;-15.51;621.85
319.20;303.49;-15.71;622.69
317.98;302.81;-15.18;620.79
319.41;302.44;-16.97;621.85
319.84;302.96;-16.88;622.79
319.13;302.46;-16.67;621.59
319.42;303.89;-15.52;623.31
319.79;302.79;-17.00;622.59
319.19;302.56;-16.63;621.76
318.74;303.28;-15.46;622.02
319.36;303.38;-15.98;622.74
319.55;303.69;-15.86;623.24
319.89;302.67;-17.22;622.56
318.52;302.88;-15.65;621.40
319.21;302.28;-16.92;621.49
319.38;302.72;-16.66;622.11
320.04;302.72;-17.32;622.76
318.52;302.42;-16.10;620.95
319.71;302.16;-17.55;621.86
319.66;301.33;-18.34;620.99
319.81;302.72;-17.09;622.54
319.26;303.11;-16.16;622.37
320.52;303.27;-17.25;623.79
319.69;302.91;-16.78;622.61
319.24;303.15;-16.09;622.39
319.00;303.35;-15.65;622.35
319.17;303.66;-15.51;622.83
318.99;302.82;-16.17;621.82
319.25;303.11;-16.15;622.36
320.32;303.73;-16.59;624.05
320.05;303.34;-16.72;623.39
318.07;302.55;-15.52;620.62
319.64;302.91;-16.73;622.54
320.12;303.31;-16.81;623.43
319.46;303.75;-15.72;623.21
319.71;303.11;-16.61;622.82
319.58;303.22;-16.36;622.79
319.17;302.94;-16.23;622.11
319.08;302.92;-16.16;622.00
319.61;302.68;-16.93;622.29
319.25;303.05;-16.20;622.31
319.55;303.09;-16.46;622.64
318.92;301.91;-17.02;620.83
319.73;302.82;-16.91;622.55
319.40;302.60;-16.80;622.00
319.18;303.10;-16.08;622.28
319.16;302.31;-16.86;621.47
318.77;302.59;-16.18;621.36
318.80;302.83;-15.97;621.63
319.64;302.88;-16.76;622.51
319.39;302.08;-17.31;621.47
319.70;302.94;-16.76;622.64
319.67;303.47;-16.20;623.14
320.28;302.87;-17.41;623.15
319.11;303.12;-15.99;622.22
319.42;303.39;-16.02;622.81
318.69;303.04;-15.66;621.73
320.14;303.30;-16.84;623.44
319.34;302.06;-17.27;621.40
320.43;302.99;-17.44;623.42
320.09;302.31;-17.78;622.39
318.94;301.79;-17.15;620.73
320.02;303.81;-16.21;623.82
320.35;303.43;-16.92;623.78
319.86;302.36;-17.51;622.22
319.71;302.50;-17.21;622.21
318.46;304.37;-14.09;622.84
318.99;303.59;-15.41;622.58
319.31;303.39;-15.91;622.70
319.75;302.23;-17.52;621.98
319.54;302.86;-16.68;622.41
320.34;301.78;-18.55;622.12
319.48;303.26;-16.22;622.74
319.49;302.26;-17.22;621.75
319.37;302.42;-16.95;621.79
318.42;303.53;-14.89;621.95
320.11;302.96;-17.15;623.07
319.66;303.35;-16.31;623.01
319.32;302.66;-16.66;621.98
319.09;303.18;-15.92;622.27
319.96;302.66;-17.31;622.62
319.81;303.76;-16.05;623.56
319.09;303.42;-15.67;622.52
318.89;302.53;-16.36;621.42
320.01;303.08;-16.94;623.09
318.98;303.41;-15.58;622.39
319.01;302.36;-16.65;621.38
319.55;302.11;-17.44;621.66
319.28;301.56;-17.71;620.84
320.21;303.71;-16.49;623.92
319.29;302.96;-16.33;622.26
319.31;302.65;-16.65;621.96
318.35;303.58;-14.77;621.92
318.59;301.93;-16.66;620.52
319.05;303.52;-15.52;622.57
319.39;302.72;-16.66;622.11
319.45;303.45;-16.01;622.90
319.92;302.83;-17.09;622.75
319.07;301.70;-17.37;620.77
318.96;303.14;-15.82;622.10
319.13;302.24;-16.89;621.36
319.67;302.61;-17.06;622.28
319.10;302.67;-16.43;621.77
320.58;303.17;-17.41;623.75
319.16;303.11;-16.06;622.27
320.86;302.73;-18.14;623.59
319.35;303.18;-16.16;622.53
319.66;302.98;-16.68;622.64
319.99;302.92;-17.06;622.91
320.29;303.36;-16.94;623.65
319.92;302.70;-17.22;622.62
319.94;302.79;-17.15;622.74
318.93;303.05;-15.88;621.98
319.01;303.48;-15.52;622.49
319.37;303.35;-16.02;622.72
318.54;303.19;-15.34;621.73
319.53;303.48;-16.05;623.01
319.95;303.06;-16.89;623.01
319.56;303.54;-16.03;623.10
319.62;302.52;-17.10;622.14
318.49;302.78;-15.72;621.27
320.13;303.21;-16.92;623.34
319.21;301.32;-17.88;620.53
319.33;302.69;-16.64;622.02
319.90;301.26;-18.64;621.16
320.05;302.68;-17.37;622.74
319.16;302.55;-16.62;621.71
319.14;303.31;-15.83;622.45
319.43;303.52;-15.91;622.95
319.68;303.02;-16.66;622.70
320.18;301.70;-18.48;621.88
318.98;302.12;-16.85;621.10
319.50;302.71;-16.79;622.21
319.18;303.04;-16.14;622.22
320.14;302.45;-17.69;622.59
320.19;302.94;-17.26;623.13
319.20;303.39;-15.81;622.59
319.35;302.48;-16.87;621.82
319.65;302.84;-16.82;622.49
320.34;302.94;-17.40;623.28
319.18;302.22;-16.96;621.41
319.44;302.11;-17.33;621.55
319.75;302.75;-17.01;622.50
319.38;302.39;-16.98;621.77
319.92;302.98;-16.94;622.91
320.12;302.22;-17.89;622.34
319.64;302.44;-17.20;622.08
319.71;302.46;-17.25;622.18
318.89;303.68;-15.21;622.58
319.56;302.72;-16.84;622.28
319.66;302.28;-17.38;621.95
318.67;302.94;-15.74;621.61
318.92;302.83;-16.09;621.75
318.99;303.57;-15.42;622.56
318.75;302.68;-16.08;621.43
319.55;303.07;-16.48;622.62
319.67;303.49;-16.18;623.16
318.85;301.90;-16.95;620.75
319.46;302.00;-17.46;621.46
319.58;302.82;-16.76;622.40
318.66;302.82;-15.85;621.48
318.94;301.61;-17.32;620.55
318.99;302.54;-16.45;621.53
319.59;301.98;-17.62;621.57
321.50;301.48;-20.02;622.98
319.34;302.83;-16.51;622.16
319.12;302.49;-16.62;621.61
319.79;302.56;-17.24;622.35
319.79;302.96;-16.84;622.75
318.81;302.32;-16.49;621.14
319.37;302.79;-16.58;622.16
319.92;302.45;-17.47;622.38
318.88;302.73;-16.15;621.61
319.04;303.18;-15.85;622.22
320.25;302.52;-17.73;622.76
318.28;302.72;-15.56;620.99
319.11;303.14;-15.97;622.24
319.14;303.35;-15.79;622.49
318.79;302.76;-16.03;621.55
319.76;302.36;-17.40;622.12
319.86;304.48;-15.38;624.35
319.35;303.05;-16.29;622.40
321.00;302.55;-18.45;623.55
319.74;301.61;-18.14;621.35
318.91;303.24;-15.68;622.15
319.16;303.48;-15.68;622.65
319.01;303.54;-15.48;622.55
319.31;302.30;-17.01;621.61
319.43;302.87;-16.56;622.30
319.34;303.22;-16.11;622.56
319.12;302.11;-17.01;621.22
319.54;302.71;-16.82;622.25
318.57;303.22;-15.35;621.79
320.78;303.22;-17.56;623.99
319.42;302.11;-17.31;621.54
319.86;302.29;-17.57;622.16
318.71;303.03;-15.68;621.74
319.05;303.36;-15.69;622.42
319.56;301.96;-17.59;621.52
319.12;303.09;-16.03;622.22
318.83;302.88;-15.95;621.71
319.37;302.13;-17.24;621.50
319.46;301.02;-18.44;620.49
319.61;302.59;-17.01;622.20
319.62;302.88;-16.74;622.50
320.01;301.96;-18.05;621.98
319.32;303.61;-15.71;622.94
319.76;302.82;-16.95;622.58
319.39;303.31;-16.08;622.69
319.36;301.85;-17.51;621.22
319.42;302.38;-17.04;621.80
319.89;302.92;-16.97;622.81
318.65;301.84;-16.82;620.49
320.09;302.95;-17.15;623.04
319.70;302.34;-17.36;622.04
319.81;302.94;-16.87;622.74
319.98;303.10;-16.88;623.08
319.11;303.13;-15.98;622.24
319.32;303.80;-15.52;623.12
319.66;302.28;-17.38;621.94
319.58;303.45;-16.12;623.03
320.48;302.81;-17.67;623.29
319.70;302.46;-17.24;622.16
319.46;302.79;-16.66;622.25
318.46;302.93;-15.54;621.39
318.95;303.39;-15.56;622.34
318.68;302.70;-15.98;621.38
319.21;302.11;-17.10;621.32
319.32;303.36;-15.95;622.68
320.35;302.70;-17.65;623.05
320.06;302.28;-17.78;622.35
318.72;302.71;-16.01;621.42
319.95;303.07;-16.88;623.02
319.04;303.45;-15.59;622.48
318.82;302.84;-15.98;621.65
319.72;302.38;-17.35;622.10
318.71;302.62;-16.09;621.32
320.66;303.08;-17.59;623.74
319.42;303.61;-15.81;623.02
320.83;302.68;-18.15;623.51
318.58;302.93;-15.65;621.51
318.91;302.90;-16.01;621.81
318.79;302.62;-16.17;621.41
319.58;302.96;-16.62;622.54
319.16;302.39;-16.77;621.55
320.42;303.18;-17.25;623.60
320.25;303.32;-16.93;623.58
319.32;303.60;-15.72;622.92
319.59;302.69;-16.90;622.28
320.11;302.92;-17.19;623.02
318.85;303.35;-15.50;622.21
319.26;301.76;-17.50;621.02
319.08;304.00;-15.08;623.08
319.34;302.55;-16.79;621.88
319.02;303.15;-15.87;622.16
319.20;301.89;-17.31;621.09
318.32;302.24;-16.09;620.56
319.64;302.65;-16.99;622.29
318.94;303.03;-15.91;621.96
319.05;303.53;-15.52;622.58
319.41;303.57;-15.84;622.98
319.29;302.22;-17.07;621.52
319.65;302.58;-17.07;622.22
320.18;301.51;-18.67;621.68
320.33;302.84;-17.49;623.17
319.55;302.29;-17.25;621.84
319.62;302.48;-17.14;622.09
320.82;302.76;-18.05;623.58
318.92;303.27;-15.65;622.19
318.96;303.30;-15.66;622.26
319.17;303.57;-15.60;622.74
320.04;302.91;-17.13;622.95
320.11;302.59;-17.52;622.70
319.05;303.02;-16.03;622.08
319.94;301.91;-18.04;621.85
320.29;301.94;-18.35;622.23
319.13;302.42;-16.71;621.55
319.94;302.68;-17.25;622.62
318.74;302.90;-15.84;621.64
320.13;303.31;-16.82;623.44
319.25;301.62;-17.62;620.87
319.65;303.84;-15.81;623.49
319.87;302.32;-17.55;622.19
319.47;302.68;-16.79;622.15
319.91;302.94;-16.96;622.85
319.58;302.24;-17.34;621.82
319.58;301.91;-17.66;621.49
318.80;302.79;-16.01;621.59
318.86;303.12;-15.74;621.98
319.11;303.08;-16.03;622.18
318.72;303.18;-15.54;621.91
319.69;302.95;-16.74;622.64
319.52;302.55;-16.96;622.07
319.70;302.97;-16.73;622.67
319.17;302.13;-17.04;621.30
319.31;302.56;-16.74;621.87
318.53;302.96;-15.57;621.49
320.06;303.25;-16.82;623.31
319.52;301.72;-17.80;621.24
319.58;301.89;-17.69;621.46
319.52;302.96;-16.55;622.48
319.56;302.93;-16.63;622.49
319.88;301.86;-18.02;621.74
320.41;303.24;-17.18;623.65
319.49;302.67;-16.82;622.16
318.38;302.77;-15.61;621.15
320.15;303.26;-16.89;623.41
319.05;303.41;-15.64;622.46
319.44;301.89;-17.55;621.32
319.61;303.79;-15.81;623.40
318.28;303.80;-14.48;622.08
320.41;302.74;-17.67;623.15
318.64;303.18;-15.46;621.82
320.31;303.22;-17.09;623.54
318.84;302.61;-16.24;621.45
318.56;301.89;-16.67;620.46
318.96;303.28;-15.68;622.25
319.29;303.51;-15.79;622.80
319.46;302.22;-17.24;621.68
319.64;302.56;-17.08;622.21
320.92;302.89;-18.03;623.82
319.30;301.79;-17.51;621.09
320.27;302.59;-17.68;622.86
319.56;303.79;-15.77;623.35
318.48;303.15;-15.33;621.62
319.40;303.28;-16.12;622.68
320.09;302.78;-17.31;622.87
319.12;303.05;-16.07;622.18
319.96;301.57;-18.39;621.53
319.07;303.02;-16.05;622.09
319.44;303.24;-16.19;622.68
319.46;302.64;-16.82;622.10
318.35;303.00;-15.35;621.35
318.85;303.26;-15.59;622.11
318.63;303.62;-15.01;622.25
319.09;302.46;-16.64;621.55
319.12;302.03;-17.09;621.15
318.66;302.70;-15.96;621.36
319.23;302.88;-16.35;622.11
319.58;303.68;-15.90;623.25
318.46;302.91;-15.56;621.37
320.17;302.63;-17.54;622.80
319.15;302.40;-16.75;621.55
319.70;303.72;-15.98;623.42
319.75;302.40;-17.35;622.15
319.58;302.52;-17.06;622.09
320.31;302.84;-17.46;623.15
319.26;304.06;-15.20;623.32
319.50;303.43;-16.07;622.93
318.32;303.61;-14.71;621.93
319.93;302.62;-17.31;622.55
318.91;303.27;-15.64;622.18
320.42;303.32;-17.09;623.74
319.30;302.60;-16.70;621.90
319.13;302.41;-16.72;621.54
319.47;302.50;-16.97;621.97
318.65;303.05;-15.59;621.70
319.28;303.18;-16.10;622.45
319.62;303.38;-16.24;623.01
319.59;302.63;-16.96;622.22
320.11;304.24;-15.86;624.35
319.26;303.04;-16.23;622.30
319.37;303.53;-15.84;622.90
320.21;303.02;-17.19;623.22
319.98;301.35;-18.62;621.33
318.94;302.87;-16.06;621.81
317.78;302.19;-15.58;619.97
319.32;303.62;-15.70;622.94
319.62;302.82;-16.80;622.44
318.74;303.36;-15.38;622.09
318.91;303.61;-15.31;622.52
318.97;303.51;-15.46;622.48
319.11;304.06;-15.05;623.18
320.24;302.64;-17.60;622.87
318.81;302.74;-16.06;621.55
319.12;302.51;-16.61;621.63
320.01;302.58;-17.43;622.59
319.02;302.87;-16.15;621.89
318.61;303.29;-15.31;621.90
319.18;303.57;-15.61;622.75
319.46;303.79;-15.67;623.25
319.08;302.39;-16.69;621.48
319.61;302.82;-16.79;622.44
318.74;303.24;-15.51;621.98
319.16;302.59;-16.58;621.75
318.35;302.89;-15.46;621.24
318.90;303.45;-15.45;622.35
319.48;302.88;-16.61;622.36
319.41;302.72;-16.69;622.13
320.04;302.78;-17.26;622.81
319.06;302.34;-16.73;621.40
319.41;303.78;-15.62;623.19
318.89;303.04;-15.85;621.92
318.78;303.60;-15.18;622.38
319.55;302.73;-16.82;622.28
319.72;302.46;-17.26;622.18
320.27;302.88;-17.39;623.15
320.59;303.25;-17.34;623.85
319.33;302.54;-16.79;621.86
318.95;304.16;-14.79;623.12
318.79;303.25;-15.54;622.04
319.40;303.52;-15.88;622.92
318.21;302.77;-15.44;620.98
321.52;302.44;-19.08;623.96
320.30;302.51;-17.79;622.81
318.16;302.33;-15.84;620.49
319.86;302.60;-17.26;622.46
319.80;304.04;-15.76;623.84
318.82;302.92;-15.90;621.74
318.98;303.01;-15.97;621.99
319.31;303.40;-15.91;622.71
319.46;303.38;-16.08;622.84
319.06;301.61;-17.45;620.66
318.96;303.19;-15.76;622.15
319.09;301.31;-17.79;620.40
319.59;302.74;-16.85;622.34
318.52;303.08;-15.44;621.59
319.50;303.45;-16.05;622.95
319.14;303.48;-15.66;622.62
319.50;301.74;-17.76;621.24
319.81;304.01;-15.81;623.82
319.59;302.45;-17.14;622.04
320.26;303.14;-17.13;623.40
319.41;302.32;-17.08;621.73
319.32;303.62;-15.71;622.94
320.81;302.66;-18.14;623.47
318.47;302.84;-15.63;621.31
318.98;302.88;-16.10;621.85
319.28;303.66;-15.62;622.94
319.60;302.70;-16.90;622.30
319.25;302.71;-16.54;621.96
318.94;302.77;-16.17;621.71
319.92;301.87;-18.05;621.79
319.21;303.52;-15.69;622.74
319.55;302.74;-16.81;622.29
319.92;302.86;-17.06;622.78
319.09;303.34;-15.76;622.43
319.35;303.69;-15.66;623.04
319.15;302.22;-16.92;621.37
319.39;304.39;-15.00;623.78
318.79;302.74;-16.05;621.53
320.51;302.64;-17.87;623.14
319.56;302.35;-17.21;621.91
318.64;302.23;-16.41;620.86
318.91;303.16;-15.74;622.07
319.10;303.39;-15.71;622.49
319.52;303.25;-16.26;622.77
319.81;302.49;-17.32;622.30
319.64;302.16;-17.47;621.80
318.79;301.72;-17.08;620.51
320.31;302.13;-18.18;622.44
319.86;302.64;-17.23;622.50
319.75;302.99;-16.76;622.74
318.78;302.81;-15.97;621.59
319.23;303.62;-15.61;622.85
319.72;302.24;-17.49;621.96
319.98;302.85;-17.13;622.82
319.84;301.92;-17.91;621.76
319.64;302.31;-17.33;621.95
320.58;303.68;-16.90;624.25
318.67;302.97;-15.70;621.64
318.98;303.36;-15.61;622.34
319.54;303.79;-15.75;623.33
319.17;303.87;-15.30;623.04
320.24;303.36;-16.88;623.59
320.06;303.86;-16.20;623.92
318.96;302.20;-16.76;621.16
320.59;302.45;-18.14;623.05
318.50;302.95;-15.55;621.45
318.75;302.84;-15.91;621.58
319.39;303.46;-15.93;622.86
319.69;303.14;-16.55;622.84
319.42;302.64;-16.78;622.06
318.91;303.07;-15.84;621.98
319.08;303.26;-15.82;622.35
319.91;301.91;-18.01;621.82
319.66;303.89;-15.77;623.56
318.93;302.72;-16.21;621.65
319.05;303.20;-15.85;622.25
319.16;302.49;-16.66;621.65
319.31;303.86;-15.45;623.16
319.51;303.01;-16.49;622.52
319.58;302.82;-16.76;622.41
319.69;302.99;-16.69;622.68
320.06;303.09;-16.96;623.15
320.62;302.63;-17.99;623.25
319.61;302.78;-16.84;622.39
318.72;303.06;-15.65;621.78
318.96;303.05;-15.91;622.01
319.41;302.27;-17.14;621.68
321.21;304.05;-17.15;625.26
319.82;302.61;-17.21;622.42
319.58;302.66;-16.91;622.24
319.16;302.99;-16.17;622.15
319.19;302.11;-17.09;621.30
318.56;302.35;-16.22;620.91
320.15;303.16;-16.99;623.31
319.12;303.27;-15.85;622.39
319.54;302.96;-16.57;622.50
319.63;303.30;-16.33;622.93
319.01;301.64;-17.37;620.64
319.24;303.22;-16.02;622.45
319.42;303.15;-16.27;622.58
319.76;302.90;-16.86;622.66
318.58;302.63;-15.95;621.21
319.04;303.21;-15.84;622.25
319.61;302.96;-16.65;622.56
318.68;301.39;-17.29;620.08
319.14;303.14;-15.99;622.28
320.49;303.52;-16.98;624.01
319.69;302.81;-16.89;622.50
318.91;302.50;-16.41;621.41
319.17;303.51;-15.66;622.68
319.52;303.48;-16.05;623.00
319.09;302.13;-16.96;621.22
319.56;302.64;-16.92;622.20
318.62;303.66;-14.96;622.28
319.09;302.34;-16.75;621.42
319.61;302.60;-17.01;622.21
319.73;302.94;-16.79;622.66
320.28;303.12;-17.16;623.40
319.41;303.21;-16.21;622.62
319.86;303.08;-16.78;622.94
319.60;302.51;-17.09;622.11
319.92;302.91;-17.01;622.84
318.97;303.10;-15.87;622.07
317.91;303.38;-14.52;621.29
319.41;302.53;-16.88;621.94
318.96;302.91;-16.05;621.88
319.25;301.72;-17.52;620.97
319.59;303.62;-15.98;623.21
319.49;303.72;-15.77;623.21
319.99;302.76;-17.23;622.76
319.92;303.06;-16.85;622.98
320.14;302.25;-17.88;622.39
319.50;302.48;-17.02;621.98
318.72;303.02;-15.69;621.74
318.66;303.14;-15.52;621.80
319.19;301.78;-17.42;620.97
319.11;303.69;-15.42;622.79
319.75;303.32;-16.44;623.07
319.90;302.72;-17.18;622.62
319.94;302.86;-17.08;622.81
319.41;303.18;-16.23;622.58
318.05;302.67;-15.38;620.72
319.61;302.84;-16.76;622.45
318.84;302.77;-16.06;621.61
318.97;302.50;-16.47;621.47
319.22;303.34;-15.88;622.56
319.18;303.57;-15.61;622.75
319.61;302.68;-16.94;622.29
318.54;302.98;-15.55;621.52
319.31;303.31;-16.00;622.61
318.16;302.53;-15.63;620.69
318.64;302.77;-15.86;621.41
319.80;303.13;-16.67;622.93
318.82;303.22;-15.60;622.04
319.13;303.40;-15.73;622.53
319.56;303.80;-15.76;623.36
319.13;302.42;-16.71;621.55
320.14;304.17;-15.96;624.31
320.02;302.99;-17.03;623.01
318.89;303.25;-15.64;622.14
319.18;302.42;-16.76;621.60
318.23;302.76;-15.46;620.99
320.28;303.89;-16.39;624.16
318.96;302.74;-16.22;621.71
319.18;303.63;-15.55;622.81
319.48;303.59;-15.89;623.08
320.58;304.33;-16.25;624.91
320.06;302.61;-17.45;622.67
319.28;303.24;-16.04;622.51
320.52;303.62;-16.91;624.14
319.42;303.84;-15.58;623.26
318.68;303.06;-15.62;621.74
318.86;302.95;-15.91;621.81
319.25;303.71;-15.54;622.95
318.91;304.05;-14.85;622.96
319.34;302.69;-16.64;622.03
319.70;302.90;-16.80;622.60
319.37;303.38;-15.99;622.75
319.70;302.52;-17.18;622.22
319.96;301.35;-18.62;621.31
318.68;303.21;-15.46;621.89
319.61;303.64;-15.97;623.25
318.96;303.51;-15.46;622.47
319.21;302.41;-16.81;621.62
319.72;303.13;-16.59;622.85
318.88;302.90;-15.98;621.78
319.16;302.25;-16.91;621.42
318.59;302.87;-15.72;621.46
320.01;303.08;-16.94;623.09
319.13;302.04;-17.09;621.16
319.01;302.51;-16.51;621.52
319.41;303.82;-15.59;623.22
318.19;304.08;-14.12;622.27
319.65;302.79;-16.86;622.44
318.83;303.00;-15.83;621.83
320.48;303.44;-17.05;623.92
319.34;303.21;-16.12;622.55
319.53;302.98;-16.55;622.51
319.20;303.09;-16.11;622.29
319.01;303.48;-15.54;622.49
319.42;303.28;-16.14;622.71
319.59;304.08;-15.51;623.66
319.32;304.06;-15.26;623.38
319.52;303.08;-16.45;622.60
319.18;303.35;-15.84;622.53
318.98;303.48;-15.50;622.45
318.49;302.71;-15.78;621.19
318.69;303.25;-15.44;621.94
318.39;303.15;-15.24;621.55
318.95;303.58;-15.37;622.52
319.21;304.24;-14.98;623.45
319.54;302.88;-16.66;622.42
320.28;303.29;-16.99;623.58
319.16;303.25;-15.91;622.41
319.62;304.04;-15.58;623.65
318.74;303.18;-15.56;621.91
319.21;304.39;-14.82;623.60
319.42;304.12;-15.31;623.54
319.30;304.13;-15.17;623.43
318.35;302.82;-15.53;621.18
319.05;303.05;-16.00;622.11
318.94;303.44;-15.51;622.38
318.32;303.72;-14.59;622.04
318.61;302.87;-15.74;621.48
318.25;303.33;-14.92;621.58
319.15;303.45;-15.70;622.61
319.65;302.09;-17.55;621.74
319.41;303.92;-15.49;623.32
319.62;302.81;-16.81;622.43
318.82;303.14;-15.68;621.96
319.58;303.54;-16.04;623.12
319.79;302.71;-17.08;622.51
319.80;302.88;-16.92;622.68
318.91;303.26;-15.65;622.16
319.12;303.59;-15.53;622.72
319.12;302.92;-16.20;622.04
319.66;302.65;-17.01;622.31
319.99;303.05;-16.95;623.04
319.25;303.42;-15.83;622.68
319.39;302.51;-16.89;621.90
319.74;303.09;-16.65;622.84
318.84;303.27;-15.57;622.11
318.82;303.52;-15.29;622.34
318.94;302.12;-16.82;621.05
319.83;302.39;-17.44;622.22
318.51;303.81;-14.70;622.31
318.78;302.95;-15.83;621.74
318.18;303.51;-14.67;621.69
318.49;302.94;-15.55;621.43
320.26;303.20;-17.06;623.46
320.46;303.49;-16.98;623.95
320.82;303.02;-17.80;623.85
319.29;303.89;-15.40;623.18
318.72;303.61;-15.11;622.34
319.26;303.36;-15.91;622.62
319.35;302.48;-16.86;621.83
319.59;302.56;-17.03;622.15
318.65;302.85;-15.80;621.51
318.75;303.44;-15.32;622.19
318.60;301.59;-17.01;620.19
319.39;302.08;-17.32;621.47
319.58;302.42;-17.15;622.00
318.68;302.86;-15.81;621.54
319.22;303.04;-16.18;622.25
319.30;302.39;-16.91;621.69
319.49;303.86;-15.63;623.36
318.75;302.99;-15.76;621.75
318.79;303.02;-15.76;621.81
319.19;303.91;-15.29;623.10
319.27;303.11;-16.16;622.38
319.99;303.15;-16.84;623.15
320.07;303.04;-17.03;623.11
319.41;303.16;-16.24;622.57
319.25;302.14;-17.12;621.39
318.20;302.72;-15.48;620.92
318.52;302.78;-15.74;621.29
319.31;303.28;-16.03;622.58
319.31;303.14;-16.17;622.45
318.65;303.42;-15.23;622.06
319.08;303.10;-15.98;622.18
319.69;303.12;-16.57;622.82
320.23;302.68;-17.55;622.91
318.65;301.97;-16.68;620.62
319.19;303.54;-15.66;622.73
318.31;302.58;-15.73;620.89
318.62;303.26;-15.35;621.88
319.01;302.29;-16.72;621.31
319.20;303.23;-15.97;622.43
319.03;303.01;-16.02;622.04
319.42;302.58;-16.85;622.00
320.02;302.75;-17.28;622.77
320.22;303.18;-17.04;623.40
319.00;303.13;-15.87;622.13
319.41;303.41;-16.01;622.82
319.70;302.87;-16.83;622.57
318.49;302.85;-15.64;621.34
318.85;302.94;-15.91;621.78
319.21;303.30;-15.91;622.51
319.59;304.07;-15.52;623.66
319.67;304.28;-15.39;623.95
319.67;302.79;-16.88;622.46
318.99;303.00;-15.99;621.99
320.24;303.22;-17.02;623.46
319.47;303.64;-15.84;623.11
318.81;302.76;-16.05;621.58
319.98;303.17;-16.81;623.15
318.76;303.33;-15.43;622.09
318.50;302.38;-16.12;620.88
319.31;303.35;-15.96;622.66
318.31;303.84;-14.47;622.15
320.30;304.09;-16.21;624.39
319.72;304.32;-15.40;624.05
318.75;302.02;-16.74;620.77
319.15;303.50;-15.65;622.65
319.46;303.82;-15.64;623.28
318.04;302.81;-15.23;620.85
319.40;303.30;-16.10;622.70
319.38;303.41;-15.98;622.79
319.44;302.83;-16.61;622.27
319.36;303.13;-16.23;622.49
319.81;302.71;-17.09;622.52
319.85;302.64;-17.21;622.49
319.06;303.45;-15.61;622.51
319.30;303.62;-15.68;622.92
318.65;303.89;-14.76;622.54
318.75;303.20;-15.55;621.95
319.09;303.59;-15.51;622.68
319.25;303.79;-15.46;623.04
319.55;304.14;-15.41;623.68
319.40;302.82;-16.58;622.22
317.45;302.66;-14.78;620.11
318.92;303.04;-15.89;621.96
318.16;302.46;-15.71;620.62
318.29;301.25;-17.05;619.54
319.33;303.25;-16.08;622.58
319.04;303.45;-15.59;622.48
319.24;303.57;-15.66;622.81
319.61;303.01;-16.60;622.61
319.29;303.32;-15.97;622.62
320.11;303.24;-16.88;623.35
320.16;303.21;-16.95;623.38
319.11;303.44;-15.68;622.55
319.74;302.59;-17.15;622.33
319.58;304.07;-15.51;623.65
318.92;303.26;-15.65;622.18
318.92;302.53;-16.39;621.45
318.97;303.45;-15.52;622.42
319.29;303.64;-15.65;622.93
318.68;302.86;-15.82;621.54
318.81;301.95;-16.85;620.76
320.40;303.28;-17.12;623.68
319.58;303.38;-16.20;622.96
318.45;302.80;-15.65;621.25
318.81;303.36;-15.45;622.17
319.26;301.64;-17.62;620.91
319.61;302.95;-16.66;622.55
319.86;303.03;-16.84;622.89
318.74;303.15;-15.59;621.89
319.34;303.26;-16.08;622.59
319.40;303.51;-15.89;622.91
318.64;302.79;-15.85;621.42
318.75;303.07;-15.68;621.82
318.95;303.06;-15.89;622.02
318.81;303.56;-15.25;622.37
319.10;302.91;-16.19;622.01
318.64;303.26;-15.37;621.90
319.71;303.89;-15.81;623.60
319.08;303.51;-15.58;622.59
318.04;302.21;-15.82;620.25
319.48;302.79;-16.69;622.28
320.34;302.95;-17.39;623.29
318.90;303.12;-15.78;622.02
318.71;303.55;-15.16;622.25
319.64;303.98;-15.65;623.62
319.45;302.62;-16.83;622.06
320.12;302.96;-17.15;623.08
319.08;302.59;-16.49;621.68
319.02;302.96;-16.06;621.98
319.49;302.45;-17.04;621.94
319.83;302.90;-16.93;622.73
319.26;301.18;-18.08;620.45
319.40;303.46;-15.94;622.86
319.32;301.92;-17.41;621.24
319.22;301.28;-17.94;620.49
319.65;302.92;-16.74;622.57
319.98;303.04;-16.94;623.02
320.21;301.90;-18.31;622.11
320.69;303.66;-17.02;624.35
319.59;302.62;-16.97;622.21
320.57;303.09;-17.48;623.66
320.24;302.18;-18.05;622.42
319.93;303.74;-16.19;623.66
319.86;303.95;-15.92;623.81
319.76;302.46;-17.29;622.22
319.57;302.98;-16.59;622.55
319.23;302.08;-17.15;621.31
319.46;303.53;-15.94;622.99
318.82;302.89;-15.92;621.71
319.19;301.61;-17.59;620.80
319.32;303.04;-16.28;622.36
320.06;303.53;-16.53;623.59
320.16;302.01;-18.15;622.17
319.43;302.67;-16.76;622.10
319.66;302.78;-16.88;622.44
319.85;303.02;-16.82;622.87
319.41;303.27;-16.14;622.68
319.52;302.59;-16.93;622.11
319.61;302.48;-17.14;622.09
320.01;303.19;-16.81;623.20
319.19;303.61;-15.58;622.81
319.46;303.77;-15.69;623.23
320.03;303.86;-16.16;623.89
319.58;303.26;-16.32;622.84
318.84;302.25;-16.59;621.09
319.41;303.80;-15.61;623.21
318.48;303.12;-15.36;621.59
319.32;303.13;-16.19;622.45
319.21;303.42;-15.79;622.63
319.77;303.90;-15.87;623.67
319.57;303.26;-16.31;622.84
320.18;303.05;-17.12;623.23
319.29;302.03;-17.26;621.32
320.31;302.14;-18.17;622.45
319.79;302.68;-17.11;622.48
318.62;302.98;-15.64;621.61
320.36;302.94;-17.43;623.30
319.05;303.43;-15.62;622.48
319.16;303.52;-15.64;622.68
319.76;303.86;-15.90;623.63
319.97;302.44;-17.54;622.41
319.90;303.11;-16.79;623.01
319.59;303.40;-16.19;622.99
319.27;302.11;-17.16;621.38
319.76;302.91;-16.86;622.67
318.97;303.32;-15.65;622.29
319.02;303.42;-15.60;622.44
319.26;303.44;-15.82;622.69
319.18;302.87;-16.31;622.05
319.46;304.09;-15.37;623.56
320.28;302.47;-17.81;622.75
319.10;302.05;-17.05;621.15
320.21;303.71;-16.51;623.92
319.36;302.55;-16.81;621.92
320.28;303.88;-16.39;624.16
320.28;303.11;-17.17;623.39
319.16;302.46;-16.71;621.62
319.85;302.86;-16.98;622.71
319.52;304.22;-15.30;623.75
319.09;303.16;-15.92;622.25
320.46;303.38;-17.08;623.85
319.45;302.65;-16.80;622.09
319.01;302.91;-16.09;621.92
318.78;303.41;-15.38;622.19
319.79;303.49;-16.30;623.29
319.25;303.57;-15.68;622.82
319.35;303.21;-16.14;622.56
319.45;304.29;-15.16;623.75
318.94;301.86;-17.08;620.79
318.42;303.15;-15.27;621.56
319.82;302.95;-16.88;622.77
318.85;303.20;-15.65;622.05
319.04;303.66;-15.38;622.69
318.94;303.78;-15.16;622.72
319.16;302.10;-17.06;621.26
318.72;303.50;-15.22;622.22
318.89;303.25;-15.64;622.14
319.08;302.21;-16.86;621.29
318.31;302.53;-15.78;620.84
319.61;302.82;-16.79;622.43
318.73;303.32;-15.41;622.05
319.19;303.48;-15.71;622.68
318.69;303.39;-15.31;622.08
319.55;304.11;-15.45;623.66
319.94;302.70;-17.24;622.64
318.58;303.08;-15.51;621.66
319.07;302.35;-16.72;621.42
319.43;302.69;-16.74;622.12
318.59;302.97;-15.62;621.56
318.72;303.01;-15.72;621.73
319.09;302.62;-16.47;621.72
319.44;303.94;-15.49;623.38
318.69;303.16;-15.52;621.85
319.95;301.70;-18.25;621.65
317.81;303.21;-14.60;621.02
319.50;302.48;-17.02;621.98
319.65;303.73;-15.92;623.38
318.83;303.27;-15.56;622.10
318.82;303.46;-15.35;622.28
318.95;301.95;-16.99;620.90
319.17;302.95;-16.22;622.12
318.42;302.66;-15.76;621.09
318.84;303.89;-14.95;622.72
320.29;303.69;-16.60;623.99
319.45;303.59;-15.86;623.04
319.61;302.68;-16.94;622.29
318.72;303.19;-15.52;621.91
319.65;303.44;-16.22;623.09
318.65;303.54;-15.12;622.19
319.86;303.10;-16.76;622.96
318.55;301.49;-17.06;620.04
318.80;302.58;-16.22;621.38
319.31;303.23;-16.08;622.54
319.28;302.62;-16.66;621.91
319.81;302.98;-16.83;622.78
320.32;302.96;-17.36;623.28
319.44;302.64;-16.80;622.07
319.14;302.23;-16.91;621.37
320.19;302.12;-18.08;622.31
319.01;302.76;-16.25;621.77
319.07;303.55;-15.52;622.62
319.52;303.25;-16.27;622.78
318.74;302.80;-15.94;621.54
318.90;301.95;-16.95;620.85
319.09;303.60;-15.49;622.69
319.10;303.42;-15.68;622.52
319.52;302.39;-17.13;621.92
318.52;302.55;-15.98;621.07
319.02;302.87;-16.15;621.89
318.81;301.98;-16.83;620.78
319.34;302.44;-16.89;621.78
318.18;302.81;-15.37;620.99
318.52;302.75;-15.77;621.26
319.24;302.13;-17.11;621.37
319.26;303.46;-15.80;622.73
319.51;302.79;-16.72;622.29
319.36;303.97;-15.39;623.33
318.80;304.23;-14.57;623.03
318.87;301.96;-16.91;620.83
319.73;303.42;-16.31;623.15
318.08;302.82;-15.26;620.91
318.45;302.85;-15.60;621.29
320.12;303.31;-16.81;623.44
319.00;303.51;-15.49;622.51
319.59;303.52;-16.07;623.11
319.27;302.37;-16.90;621.64
319.59;302.95;-16.65;622.54
319.32;303.34;-15.98;622.66
318.50;302.55;-15.95;621.05
318.59;302.98;-15.61;621.57
318.70;301.76;-16.94;620.46
318.91;303.15;-15.76;622.05
319.11;303.41;-15.70;622.51
319.01;301.89;-17.12;620.90
318.44;302.49;-15.95;620.93
318.87;302.75;-16.12;621.62
318.60;303.08;-15.52;621.68
319.14;303.37;-15.76;622.51
318.09;303.64;-14.45;621.72
319.46;302.45;-17.01;621.91
319.71;302.99;-16.72;622.71
318.68;303.12;-15.55;621.80
319.04;303.21;-15.82;622.25
319.21;303.75;-15.46;622.96
319.47;303.95;-15.52;623.42
319.29;303.18;-16.11;622.48
318.61;302.56;-16.05;621.16
319.79;303.61;-16.18;623.39
319.34;303.07;-16.27;622.41
319.11;302.05;-17.05;621.16
318.74;303.08;-15.66;621.81
319.61;303.66;-15.95;623.28
319.99;303.92;-16.06;623.91
319.06;303.35;-15.71;622.41
319.28;303.47;-15.81;622.75
319.70;302.85;-16.85;622.55
319.80;303.33;-16.47;623.13
319.47;302.85;-16.62;622.32
319.02;303.01;-16.02;622.03
319.04;303.51;-15.53;622.55
319.49;303.69;-15.81;623.18
318.55;302.95;-15.61;621.50
318.65;303.26;-15.39;621.92
319.12;302.59;-16.53;621.72
319.50;303.84;-15.66;623.34
319.38;303.11;-16.27;622.48
320.06;302.86;-17.20;622.93
317.99;302.19;-15.80;620.18
319.08;303.44;-15.64;622.52
318.35;304.01;-14.34;622.35
319.97;303.29;-16.68;623.26
319.16;303.67;-15.49;622.84
319.39;303.82;-15.58;623.21
318.33;302.52;-15.81;620.85
318.92;302.88;-16.05;621.80
318.95;303.09;-15.86;622.04
319.04;303.50;-15.54;622.54
319.49;302.76;-16.74;622.25
318.71;303.90;-14.81;622.61
318.99;303.45;-15.54;622.44
318.90;303.48;-15.42;622.38
319.50;302.97;-16.53;622.47
318.64;303.25;-15.38;621.89
320.40;302.92;-17.48;623.32
319.07;302.35;-16.72;621.42
319.63;302.83;-16.80;622.46
318.99;303.00;-15.99;621.99
318.95;304.19;-14.76;623.14
319.03;303.50;-15.53;622.53
319.72;302.94;-16.78;622.66
318.68;302.60;-16.08;621.28
319.79;301.86;-17.93;621.66
320.20;303.19;-17.01;623.39
320.31;302.47;-17.84;622.78
319.99;302.78;-17.21;622.77
318.89;302.97;-15.92;621.86
318.99;303.22;-15.76;622.21
319.11;301.93;-17.18;621.04
319.53;303.96;-15.56;623.49
319.76;303.08;-16.69;622.84
319.55;302.65;-16.91;622.20
318.82;302.99;-15.84;621.81
319.09;301.95;-17.14;621.04
319.24;302.27;-16.96;621.51
319.42;303.85;-15.58;623.27
319.68;302.88;-16.80;622.56
320.04;303.04;-16.99;623.08
318.89;302.95;-15.94;621.84
318.78;303.14;-15.65;621.92
319.56;303.56;-16.01;623.12
319.67;302.08;-17.59;621.75
319.75;301.84;-17.91;621.59
318.87;302.35;-16.52;621.22
320.24;303.05;-17.19;623.28
320.01;303.22;-16.78;623.23
320.64;302.41;-18.24;623.05
319.88;302.69;-17.19;622.56
319.75;302.81;-16.95;622.56
318.86;303.14;-15.73;622.00
319.17;303.47;-15.70;622.64
318.91;302.08;-16.83;620.98
319.42;303.12;-16.30;622.55
319.80;301.16;-18.64;620.96
319.90;302.92;-16.98;622.82
320.39;301.94;-18.45;622.32
318.15;302.38;-15.77;620.54
318.54;302.90;-15.64;621.44
319.95;302.84;-17.11;622.79
319.31;302.29;-17.02;621.59
319.23;303.71;-15.52;622.94
319.50;302.09;-17.41;621.59
319.46;302.58;-16.88;622.04
319.75;302.99;-16.75;622.74
319.98;303.19;-16.79;623.16
319.30;303.63;-15.67;622.93
318.76;302.56;-16.20;621.32
318.48;303.18;-15.30;621.65
318.95;301.46;-17.49;620.41
319.35;303.54;-15.81;622.88
319.28;303.04;-16.24;622.31
318.43;303.25;-15.18;621.68
318.92;302.85;-16.07;621.78
318.99;302.88;-16.11;621.87
318.12;302.84;-15.28;620.96
319.34;303.13;-16.21;622.46
318.58;303.25;-15.33;621.82
319.28;303.44;-15.85;622.72
319.54;302.55;-16.99;622.08
318.84;303.11;-15.73;621.94
320.28;303.54;-16.74;623.82
319.49;302.20;-17.29;621.69
320.07;303.18;-16.89;623.25
318.46;303.36;-15.10;621.82
319.89;303.82;-16.07;623.72
319.09;302.85;-16.24;621.94
320.01;302.85;-17.16;622.85
318.83;303.05;-15.78;621.88
319.21;303.52;-15.69;622.73
318.63;302.81;-15.82;621.44
319.24;303.03;-16.21;622.26
319.26;303.10;-16.16;622.36
319.21;303.98;-15.24;623.19
319.52;303.75;-15.78;623.27
319.44;302.49;-16.95;621.93
319.05;301.81;-17.25;620.86
319.60;302.52;-17.08;622.12
318.33;302.62;-15.71;620.95
318.34;303.14;-15.20;621.48
319.26;302.37;-16.89;621.63
319.51;303.52;-15.99;623.02
318.14;304.18;-13.95;622.32
319.79;302.76;-17.04;622.55
320.28;303.21;-17.07;623.48
318.31;303.61;-14.70;621.92
318.39;303.81;-14.58;622.21
318.66;303.08;-15.58;621.75
319.59;303.55;-16.04;623.14
319.26;303.55;-15.71;622.81
318.28;304.16;-14.12;622.45
319.34;303.04;-16.29;622.38
318.85;303.07;-15.78;621.92
319.19;302.12;-17.06;621.31
319.22;302.55;-16.67;621.78
320.84;302.90;-17.94;623.74
318.88;303.28;-15.61;622.16
319.05;302.51;-16.54;621.56
319.59;303.89;-15.70;623.48
319.17;302.21;-16.96;621.38
319.33;303.48;-15.85;622.81
319.73;303.00;-16.73;622.73
319.51;303.26;-16.24;622.77
319.61;302.53;-17.08;622.14
319.84;302.32;-17.52;622.15
318.96;303.27;-15.69;622.23
319.55;302.18;-17.37;621.72
319.34;302.79;-16.55;622.14
319.16;302.15;-17.01;621.32
319.98;303.28;-16.70;623.25
318.65;302.83;-15.82;621.48
319.24;303.29;-15.95;622.52
319.52;303.69;-15.82;623.21
320.86;302.86;-18.01;623.72
318.71;303.35;-15.36;622.06
319.04;303.56;-15.47;622.60
319.09;303.88;-15.21;622.96
319.18;304.08;-15.10;623.26
319.62;302.55;-17.08;622.17
320.21;301.96;-18.25;622.16
319.23;303.34;-15.89;622.56
318.41;302.72;-15.69;621.14
318.75;301.66;-17.08;620.41
318.91;302.22;-16.69;621.12
318.64;303.68;-14.96;622.31
319.24;303.17;-16.06;622.41
319.97;302.51;-17.46;622.48
318.91;302.96;-15.95;621.88
319.07;302.03;-17.04;621.10
319.64;302.06;-17.58;621.70
319.64;302.39;-17.25;622.03
318.61;302.88;-15.73;621.49
320.35;303.38;-16.97;623.72
318.74;302.56;-16.18;621.31
319.11;304.08;-15.02;623.19
319.35;303.46;-15.89;622.81
319.93;303.08;-16.85;623.01
319.38;304.22;-15.16;623.60
319.64;302.65;-16.99;622.29
318.49;303.00;-15.49;621.49
320.28;303.22;-17.06;623.51
319.14;303.54;-15.60;622.68
318.20;303.19;-15.01;621.39
318.69;302.83;-15.86;621.52
318.74;302.11;-16.63;620.84
319.28;303.59;-15.69;622.88
319.92;302.99;-16.93;622.92
318.63;303.09;-15.54;621.72
320.18;302.99;-17.19;623.17
319.29;303.51;-15.78;622.80
319.62;303.02;-16.59;622.64
319.94;303.30;-16.64;623.24
318.41;304.66;-13.75;623.08
318.85;303.19;-15.65;622.04
319.05;303.88;-15.16;622.93
319.35;303.76;-15.59;623.12
319.09;303.09;-16.01;622.18
318.79;303.28;-15.51;622.06
320.33;302.35;-17.98;622.68
319.96;303.89;-16.08;623.85
319.34;302.95;-16.38;622.29
318.68;304.45;-14.23;623.12
320.15;302.84;-17.31;622.99
319.01;303.22;-15.79;622.23
318.44;303.39;-15.05;621.84
318.97;302.87;-16.10;621.84
318.75;303.32;-15.44;622.07
319.12;302.56;-16.56;621.69
318.65;303.46;-15.19;622.12
319.29;303.92;-15.38;623.21
320.02;302.68;-17.34;622.71
319.78;303.01;-16.78;622.79
320.04;302.03;-18.01;622.07
319.29;302.61;-16.69;621.90
318.32;302.74;-15.58;621.05
319.26;303.00;-16.26;622.26
319.14;303.55;-15.59;622.69
319.52;302.84;-16.68;622.35
319.44;303.28;-16.16;622.72
319.58;302.89;-16.69;622.48
318.79;303.13;-15.66;621.92
319.66;303.61;-16.05;623.27
319.48;302.81;-16.67;622.28
318.66;303.08;-15.58;621.75
319.63;303.39;-16.24;623.02
319.49;302.81;-16.68;622.31
319.84;302.25;-17.59;622.08
319.62;303.79;-15.82;623.41
318.88;303.40;-15.48;622.28
318.50;303.22;-15.28;621.72
320.08;302.86;-17.21;622.94
318.49;302.76;-15.74;621.25
320.62;303.62;-17.00;624.25
319.02;302.94;-16.08;621.95
319.22;302.29;-16.93;621.52
319.04;303.86;-15.18;622.90
319.24;303.29;-15.95;622.52
319.26;303.64;-15.63;622.90
319.72;303.97;-15.75;623.69
318.68;303.19;-15.48;621.87
319.26;303.33;-15.93;622.59
319.46;301.84;-17.62;621.30
319.62;303.06;-16.55;622.68
318.70;302.85;-15.85;621.55
317.96;301.92;-16.05;619.88
319.31;302.22;-17.09;621.53
319.55;302.58;-16.97;622.12
320.13;302.75;-17.38;622.88
318.44;303.45;-14.99;621.89
319.44;303.44;-16.00;622.87
319.68;303.99;-15.69;623.67
319.46;304.01;-15.45;623.48
321.08;301.71;-19.38;622.79
319.20;303.04;-16.16;622.24
319.10;303.01;-16.09;622.11
318.36;303.38;-14.98;621.74
319.12;302.95;-16.18;622.07
318.81;303.07;-15.74;621.88
319.15;302.31;-16.85;621.46
318.63;301.49;-17.14;620.12
319.76;304.31;-15.45;624.07
319.85;303.32;-16.53;623.16
319.79;301.72;-18.08;621.51
320.11;303.35;-16.76;623.46
318.07;302.28;-15.79;620.35
319.61;303.52;-16.09;623.14
319.09;302.78;-16.31;621.87
318.86;303.12;-15.74;621.98
319.18;303.54;-15.64;622.71
318.18;303.55;-14.63;621.74
319.56;303.19;-16.36;622.75
319.57;302.55;-17.02;622.12
318.94;303.04;-15.90;621.98
318.84;304.29;-14.54;623.13
319.66;303.69;-15.96;623.35
318.29;303.85;-14.45;622.14
318.16;303.12;-15.04;621.28
318.43;303.40;-15.03;621.83
318.74;303.48;-15.26;622.21
319.44;301.91;-17.54;621.35
318.36;303.69;-14.67;622.05
318.57;302.75;-15.82;621.32
319.91;302.85;-17.06;622.76
318.99;303.41;-15.59;622.40
319.29;303.15;-16.15;622.44
319.56;302.68;-16.88;622.25
318.76;303.05;-15.71;621.82
319.08;301.53;-17.55;620.61
319.29;303.21;-16.08;622.50
319.08;303.85;-15.22;622.93
319.60;302.65;-16.95;622.25
319.68;302.81;-16.88;622.49
320.35;303.16;-17.19;623.52
319.09;304.17;-14.92;623.26
320.72;302.54;-18.18;623.25
319.75;302.94;-16.82;622.69
318.93;303.23;-15.70;622.16
320.71;303.65;-17.06;624.36
319.19;302.12;-17.07;621.32
318.85;302.68;-16.18;621.53
319.50;301.77;-17.73;621.27
320.98;303.55;-17.43;624.54
319.62;302.70;-16.92;622.32
319.77;301.61;-18.16;621.38
320.44;303.00;-17.44;623.44
320.59;302.54;-18.05;623.14
319.64;302.20;-17.44;621.84
319.36;303.52;-15.85;622.88
320.02;303.61;-16.41;623.62
319.31;303.26;-16.05;622.56
319.26;302.59;-16.66;621.85
318.99;303.85;-15.14;622.84
318.64;303.19;-15.45;621.82
319.25;302.68;-16.58;621.93
319.77;302.88;-16.89;622.65
319.92;304.44;-15.48;624.35
319.09;303.12;-15.97;622.22
319.45;303.04;-16.41;622.48
319.92;302.62;-17.29;622.54
320.05;303.29;-16.76;623.35
320.61;302.02;-18.59;622.62
319.53;302.94;-16.59;622.47
319.31;302.65;-16.66;621.96
318.83;302.75;-16.08;621.58
319.94;302.11;-17.83;622.05
320.47;302.22;-18.25;622.69
318.56;302.70;-15.86;621.26
318.78;303.22;-15.55;622.00
319.15;303.56;-15.58;622.71
319.52;302.28;-17.24;621.81
319.44;303.05;-16.39;622.48
320.19;301.75;-18.45;621.94
319.98;301.96;-18.01;621.94
319.36;302.47;-16.89;621.84
318.49;302.94;-15.55;621.43
318.72;303.27;-15.45;621.99
319.19;303.33;-15.86;622.52
318.82;303.72;-15.09;622.54
318.54;303.29;-15.25;621.84
319.50;303.05;-16.45;622.55
318.96;302.17;-16.79;621.13
319.31;302.63;-16.68;621.94
319.89;302.55;-17.35;622.44
318.92;302.89;-16.03;621.81
319.24;301.84;-17.41;621.08
319.16;303.12;-16.05;622.28
318.56;301.54;-17.03;620.10
320.51;301.99;-18.51;622.50
320.70;303.48;-17.22;624.18
320.07;302.72;-17.35;622.79
318.93;303.31;-15.62;622.24
318.84;303.22;-15.62;622.05
319.69;303.74;-15.95;623.42
318.41;302.68;-15.73;621.09
319.95;301.64;-18.31;621.58
320.06;302.01;-18.06;622.07
319.73;302.31;-17.42;622.04
319.84;302.99;-16.85;622.84
319.51;303.16;-16.35;622.67
319.18;303.34;-15.84;622.52
319.57;302.81;-16.76;622.38
319.94;302.32;-17.61;622.26
319.87;301.53;-18.34;621.40
320.59;302.99;-17.60;623.59
319.42;302.00;-17.42;621.42
320.07;302.30;-17.77;622.37
318.98;302.59;-16.38;621.57
320.32;302.01;-18.31;622.34
319.39;302.09;-17.30;621.49
319.90;302.52;-17.38;622.42
319.49;302.72;-16.76;622.21
320.05;302.96;-17.09;623.02
321.18;302.35;-18.83;623.52
319.93;302.59;-17.34;622.52
319.09;301.70;-17.39;620.79
318.98;303.40;-15.58;622.38
319.88;303.58;-16.29;623.46
319.53;302.72;-16.81;622.25
319.32;302.82;-16.50;622.14
320.22;302.94;-17.28;623.16
319.18;302.25;-16.93;621.44
319.31;302.50;-16.81;621.81
319.05;300.96;-18.09;620.02
319.33;303.24;-16.09;622.56
319.37;302.77;-16.60;622.14
319.52;302.68;-16.84;622.19
318.95;302.83;-16.12;621.78
319.15;302.14;-17.02;621.29
319.98;302.59;-17.39;622.56
320.06;303.28;-16.78;623.34
319.22;302.59;-16.63;621.81
319.77;302.49;-17.28;622.26
320.29;303.04;-17.25;623.33
319.58;302.35;-17.23;621.94
319.64;302.82;-16.82;622.45
319.09;303.20;-15.89;622.29
320.64;301.79;-18.85;622.42
319.64;302.36;-17.28;621.99
320.31;302.73;-17.58;623.04
320.18;302.13;-18.05;622.31
319.28;302.61;-16.67;621.89
319.76;302.39;-17.37;622.15
320.14;302.81;-17.32;622.95
319.28;302.42;-16.85;621.70
320.72;302.63;-18.09;623.35
319.78;302.07;-17.71;621.85
320.30;302.42;-17.88;622.72
319.11;301.59;-17.51;620.70
319.51;303.08;-16.43;622.58
319.55;302.10;-17.45;621.65
320.12;303.14;-16.99;623.26
320.76;303.44;-17.32;624.20
319.38;302.01;-17.36;621.39
319.45;303.78;-15.68;623.23
320.04;301.31;-18.73;621.35
319.01;301.84;-17.16;620.85
319.42;301.98;-17.44;621.41
321.54;302.36;-19.17;623.90
319.52;303.02;-16.51;622.54
320.39;303.05;-17.34;623.45
319.03;301.93;-17.10;620.96
319.46;302.54;-16.92;622.00
319.69;302.85;-16.84;622.55
319.86;302.55;-17.32;622.41
319.90;301.75;-18.15;621.65
320.99;302.18;-18.81;623.16
319.64;302.55;-17.09;622.19
319.86;302.84;-17.02;622.70
318.97;303.25;-15.72;622.22
319.26;301.79;-17.47;621.05
319.34;302.95;-16.39;622.28
321.18;302.27;-18.91;623.45
319.65;302.59;-17.06;622.24
319.87;303.08;-16.79;622.95
320.17;303.53;-16.64;623.70
319.28;302.57;-16.71;621.85
319.58;302.52;-17.06;622.10
320.11;301.42;-18.69;621.53
320.29;302.19;-18.10;622.49
319.18;301.74;-17.44;620.92
319.51;302.37;-17.14;621.88
319.89;302.55;-17.35;622.44
318.74;302.81;-15.94;621.55
319.99;303.18;-16.81;623.18
319.31;302.65;-16.66;621.95
320.12;302.69;-17.44;622.81
319.05;303.03;-16.02;622.08
319.02;302.22;-16.81;621.24
319.16;303.66;-15.50;622.83
318.14;303.01;-15.13;621.14
319.44;303.58;-15.86;623.01
318.95;301.84;-17.12;620.79
320.26;303.36;-16.89;623.62
319.53;301.93;-17.60;621.46
318.63;302.54;-16.09;621.17
319.01;303.04;-15.98;622.05
319.59;303.40;-16.19;622.99
319.62;304.04;-15.58;623.66
320.08;301.71;-18.37;621.78
319.13;302.44;-16.69;621.56
319.18;302.29;-16.89;621.47
319.75;302.55;-17.20;622.31
319.88;302.98;-16.91;622.86
319.10;303.08;-16.02;622.18
319.28;303.49;-15.79;622.77
319.45;302.94;-16.52;622.39
320.08;302.48;-17.60;622.55
319.57;302.95;-16.62;622.52
319.41;303.37;-16.04;622.78
319.99;302.52;-17.48;622.51
318.69;302.86;-15.83;621.55
319.00;303.20;-15.80;622.20
319.18;303.17;-16.01;622.35
319.55;303.74;-15.81;623.29
319.81;302.18;-17.64;621.99
320.80;302.63;-18.17;623.43
318.72;302.82;-15.89;621.54
319.34;302.21;-17.13;621.54
319.51;303.88;-15.64;623.39
319.24;303.20;-16.04;622.44
320.32;303.39;-16.92;623.71
319.05;303.26;-15.79;622.32
319.61;303.02;-16.58;622.63
319.48;302.69;-16.79;622.16
319.85;302.96;-16.89;622.81
319.02;302.35;-16.67;621.36
319.46;302.74;-16.72;622.19
320.24;302.78;-17.46;623.02
318.81;303.52;-15.29;622.32
319.40;303.79;-15.61;623.19
318.18;304.01;-14.18;622.19
319.39;302.79;-16.60;622.19
318.85;301.71;-17.14;620.56
319.11;303.35;-15.76;622.45
319.62;303.75;-15.87;623.36
319.01;303.06;-15.95;622.06
318.68;303.36;-15.32;622.05
319.05;303.71;-15.34;622.76
318.98;303.79;-15.19;622.76
319.48;302.72;-16.75;622.20
317.41;303.24;-14.18;620.65
318.81;302.01;-16.81;620.82
318.12;303.29;-14.83;621.42
319.56;302.75;-16.81;622.31
319.89;304.22;-15.67;624.11
319.02;303.11;-15.91;622.12
319.43;302.04;-17.39;621.47
319.16;303.99;-15.16;623.15
319.45;302.71;-16.74;622.16
319.87;301.78;-18.09;621.65
320.15;303.24;-16.92;623.39
318.43;303.77;-14.66;622.20
319.76;303.05;-16.71;622.81
320.31;303.28;-17.03;623.58
318.76;301.75;-17.01;620.52
318.96;302.74;-16.23;621.70
319.81;301.21;-18.60;621.01
319.57;302.78;-16.79;622.35
318.85;303.23;-15.62;622.08
319.04;303.19;-15.84;622.23
319.25;302.32;-16.93;621.56
319.75;302.69;-17.06;622.45
318.70;303.24;-15.46;621.94
319.06;303.03;-16.04;622.09
320.04;303.42;-16.61;623.46
319.24;302.39;-16.85;621.62
318.75;303.48;-15.27;622.22
319.97;303.86;-16.11;623.84
319.72;303.36;-16.36;623.08
318.16;302.67;-15.49;620.84
320.01;303.32;-16.68;623.33
319.05;303.71;-15.35;622.76
319.09;302.84;-16.26;621.93
318.52;302.62;-15.89;621.14
319.96;303.04;-16.92;623.01
319.21;303.58;-15.63;622.79
320.94;302.58;-18.36;623.51
318.56;303.04;-15.52;621.59
319.05;303.31;-15.75;622.36
319.23;302.76;-16.47;621.99
319.63;302.22;-17.41;621.85
319.89;303.33;-16.56;623.22
318.76;303.18;-15.59;621.94
318.90;303.36;-15.54;622.26
