341.04;328.48;-12.56;669.52
340.46;327.81;-12.65;668.26
340.74;328.04;-12.71;668.78
340.98;327.97;-13.01;668.95
340.55;327.93;-12.62;668.48
340.74;328.46;-12.28;669.19
340.57;328.16;-12.41;668.74
340.16;326.61;-13.55;666.78
340.09;328.03;-12.06;668.12
340.52;328.39;-12.13;668.91
340.55;328.92;-11.64;669.47
340.49;328.89;-11.59;669.38
340.74;328.01;-12.72;668.75
340.61;328.26;-12.35;668.88
341.64;327.52;-14.12;669.16
340.59;327.69;-12.90;668.29
340.73;329.04;-11.69;669.76
341.42;328.23;-13.19;669.65
340.64;328.96;-11.67;669.60
340.60;328.15;-12.45;668.75
340.36;328.96;-11.41;669.32
340.54;328.18;-12.35;668.72
340.65;328.87;-11.78;669.52
340.59;327.97;-12.62;668.56
341.27;328.16;-13.11;669.44
340.61;328.06;-12.55;668.68
340.49;327.82;-12.67;668.32
340.36;328.17;-12.19;668.54
340.25;328.48;-11.77;668.72
340.89;327.89;-13.01;668.78
340.08;328.78;-11.29;668.86
339.89;327.62;-12.27;667.52
339.92;328.16;-11.76;668.09
341.21;327.86;-13.35;669.06
340.96;327.90;-13.06;668.86
341.01;328.34;-12.68;669.35
341.01;327.96;-13.04;668.97
341.19;327.18;-14.01;668.36
340.65;327.91;-12.74;668.55
341.36;328.75;-12.61;670.12
341.57;328.84;-12.74;670.41
341.55;328.36;-13.19;669.91
341.61;328.08;-13.53;669.69
340.66;328.02;-12.65;668.68
341.07;328.25;-12.82;669.32
341.41;327.53;-13.88;668.94
340.64;327.88;-12.75;668.52
340.90;328.15;-12.75;669.05
341.69;327.65;-14.04;669.34
340.44;327.82;-12.62;668.26
340.40;328.08;-12.32;668.48
341.24;327.84;-13.41;669.08
341.58;327.99;-13.59;669.58
340.91;328.09;-12.82;668.99
340.58;327.68;-12.91;668.26
341.35;328.79;-12.56;670.14
341.29;328.38;-12.92;669.67
341.17;328.96;-12.21;670.14
341.17;327.66;-13.51;668.83
340.73;328.29;-12.44;669.02
340.91;328.15;-12.76;669.06
341.11;328.35;-12.75;669.46
340.75;327.41;-13.34;668.16
340.82;328.36;-12.46;669.19
340.68;328.15;-12.53;668.82
340.74;328.51;-12.23;669.25
340.81;328.36;-12.44;669.17
340.87;328.59;-12.28;669.46
340.90;328.56;-12.34;669.46
340.51;328.09;-12.42;668.60
340.61;327.88;-12.73;668.49
340.80;328.00;-12.80;668.80
340.60;328.14;-12.46;668.74
340.18;327.65;-12.52;667.83
340.54;328.61;-11.94;669.15
341.15;328.68;-12.46;669.83
340.39;329.20;-11.19;669.59
340.37;328.02;-12.35;668.39
340.28;328.55;-11.73;668.82
340.24;328.94;-11.30;669.18
340.13;327.91;-12.22;668.04
341.02;328.19;-12.83;669.22
341.01;327.57;-13.44;668.58
339.88;327.94;-11.95;667.82
341.01;328.02;-12.98;669.03
339.76;327.85;-11.92;667.61
339.64;328.46;-11.17;668.10
339.68;328.89;-10.79;668.56
340.83;328.84;-11.99;669.67
340.85;329.02;-11.83;669.88
340.85;329.04;-11.81;669.89
340.70;328.29;-12.41;668.99
341.15;327.84;-13.31;668.99
341.46;329.71;-11.75;671.17
341.39;328.52;-12.86;669.91
341.12;328.59;-12.53;669.71
340.78;328.06;-12.72;668.84
340.55;328.21;-12.34;668.76
341.10;328.23;-12.87;669.33
339.08;328.59;-10.49;667.67
341.39;329.14;-12.26;670.53
341.14;329.00;-12.14;670.14
340.43;328.38;-12.05;668.81
340.75;328.02;-12.72;668.77
340.81;328.95;-11.86;669.75
340.52;329.02;-11.51;669.54
340.41;328.94;-11.47;669.35
340.41;328.79;-11.62;669.19
340.23;328.78;-11.45;669.01
341.05;327.41;-13.64;668.46
340.29;328.68;-11.61;668.96
340.70;327.95;-12.75;668.65
340.54;329.17;-11.37;669.71
340.71;329.15;-11.56;669.85
340.67;328.94;-11.73;669.61
340.46;328.54;-11.92;669.00
340.38;328.95;-11.44;669.33
340.12;328.39;-11.72;668.51
339.68;329.24;-10.44;668.91
340.88;329.07;-11.81;669.95
340.97;329.06;-11.91;670.04
340.68;328.59;-12.09;669.27
340.33;329.18;-11.15;669.51
340.85;328.31;-12.54;669.16
340.58;328.75;-11.83;669.32
340.39;329.25;-11.14;669.65
340.22;328.24;-11.98;668.46
340.66;329.16;-11.49;669.82
340.66;328.19;-12.46;668.85
340.49;328.84;-11.65;669.32
340.45;328.37;-12.08;668.82
340.49;328.35;-12.15;668.84
340.09;328.22;-11.87;668.31
340.04;328.02;-12.02;668.06
340.40;328.53;-11.87;668.93
340.31;328.99;-11.32;669.31
340.46;328.85;-11.61;669.31
340.54;328.14;-12.39;668.68
340.59;328.23;-12.36;668.82
340.25;328.05;-12.19;668.30
340.35;328.11;-12.24;668.46
340.41;328.99;-11.42;669.39
340.29;328.59;-11.71;668.88
340.36;329.08;-11.28;669.45
341.09;328.03;-13.06;669.12
340.23;327.88;-12.35;668.11
340.22;328.58;-11.64;668.80
340.11;328.82;-11.29;668.93
339.89;328.65;-11.24;668.55
340.01;328.89;-11.11;668.90
340.02;328.68;-11.35;668.70
339.57;328.02;-11.55;667.59
339.72;328.99;-10.73;668.72
339.61;328.44;-11.18;668.05
339.57;328.46;-11.11;668.04
341.10;328.71;-12.39;669.81
340.71;328.36;-12.35;669.06
341.06;328.30;-12.76;669.36
340.74;327.48;-13.26;668.22
341.06;328.66;-12.39;669.72
340.69;329.41;-11.28;670.11
340.32;327.96;-12.36;668.28
340.77;329.41;-11.36;670.18
340.82;329.42;-11.40;670.25
340.86;328.01;-12.85;668.88
340.28;329.59;-10.69;669.86
339.14;329.46;-9.68;668.61
341.08;328.49;-12.58;669.57
338.88;328.56;-10.32;667.45
341.08;328.55;-12.53;669.64
341.74;328.29;-13.45;670.03
340.91;327.84;-13.08;668.75
338.77;327.62;-11.15;666.39
341.09;329.10;-11.99;670.19
341.18;328.39;-12.79;669.57
340.59;327.57;-13.02;668.16
341.25;328.60;-12.65;669.85
341.25;327.66;-13.59;668.91
341.21;327.93;-13.28;669.14
340.56;328.52;-12.04;669.08
341.08;327.78;-13.30;668.85
341.01;328.39;-12.62;669.40
340.72;328.49;-12.24;669.21
340.54;328.61;-11.94;669.15
340.41;328.50;-11.91;668.91
340.81;328.27;-12.54;669.08
340.75;328.47;-12.28;669.22
340.84;329.09;-11.75;669.92
340.79;328.45;-12.34;669.24
340.61;328.39;-12.22;668.99
340.34;328.39;-11.95;668.74
340.50;328.14;-12.36;668.64
340.36;328.14;-12.22;668.50
340.55;328.34;-12.21;668.88
340.84;327.87;-12.96;668.71
340.45;328.04;-12.41;668.48
340.76;328.35;-12.41;669.11
340.69;328.34;-12.35;669.04
340.59;327.86;-12.73;668.45
340.35;328.02;-12.32;668.37
340.29;328.17;-12.12;668.46
340.19;328.61;-11.58;668.79
340.07;327.95;-12.12;668.02
340.11;328.38;-11.72;668.49
340.08;328.52;-11.56;668.59
339.98;328.17;-11.81;668.15
340.05;328.27;-11.78;668.32
341.01;328.61;-12.40;669.62
339.77;328.22;-11.55;667.99
341.17;328.49;-12.68;669.66
339.72;328.36;-11.36;668.09
339.79;328.60;-11.19;668.39
340.40;328.10;-12.30;668.50
340.61;328.44;-12.18;669.05
341.06;328.37;-12.69;669.44
340.82;328.32;-12.50;669.14
340.75;328.42;-12.32;669.17
340.61;329.05;-11.56;669.65
340.56;329.50;-11.06;670.06
340.38;328.78;-11.59;669.16
341.01;328.26;-12.75;669.28
339.44;327.98;-11.46;667.42
339.24;328.52;-10.72;667.76
339.36;326.95;-12.41;666.31
341.15;328.71;-12.45;669.86
341.26;329.46;-11.80;670.73
340.16;328.01;-12.16;668.17
340.86;327.91;-12.96;668.77
340.85;328.26;-12.59;669.12
341.12;328.65;-12.47;669.78
340.13;328.48;-11.65;668.61
340.80;328.95;-11.85;669.75
340.68;329.02;-11.66;669.70
341.02;327.48;-13.54;668.49
340.89;328.06;-12.84;668.95
340.44;329.34;-11.11;669.78
341.24;328.65;-12.59;669.89
340.85;327.86;-12.99;668.71
340.91;328.58;-12.33;669.49
341.01;328.99;-12.02;670.01
340.62;329.04;-11.58;669.66
340.46;328.85;-11.61;669.32
341.05;328.85;-12.20;669.91
340.29;328.39;-11.90;668.68
339.92;328.79;-11.14;668.71
339.82;329.24;-10.59;669.06
340.91;328.77;-12.14;669.68
340.07;328.70;-11.37;668.77
340.56;329.34;-11.22;669.89
340.78;329.05;-11.72;669.83
340.30;328.66;-11.64;668.96
340.07;328.84;-11.23;668.91
340.33;328.76;-11.56;669.09
340.66;328.44;-12.22;669.10
340.87;328.66;-12.21;669.53
340.91;328.69;-12.22;669.60
340.16;329.41;-10.75;669.57
340.99;328.05;-12.94;669.04
340.69;328.51;-12.18;669.20
340.99;328.45;-12.54;669.44
340.94;328.42;-12.52;669.35
340.64;328.56;-12.08;669.21
340.74;328.94;-11.80;669.68
340.46;328.94;-11.53;669.40
340.79;329.47;-11.32;670.26
340.66;328.24;-12.42;668.90
340.30;329.05;-11.25;669.35
340.55;329.29;-11.25;669.84
340.15;328.75;-11.40;668.91
339.84;328.34;-11.51;668.18
340.26;328.84;-11.42;669.11
340.00;329.01;-10.99;669.01
340.19;328.34;-11.85;668.53
340.81;328.66;-12.15;669.46
341.11;328.78;-12.34;669.89
339.79;328.69;-11.11;668.48
339.93;328.99;-10.94;668.92
339.87;328.61;-11.26;668.48
340.98;328.41;-12.57;669.39
340.52;328.79;-11.74;669.31
341.24;328.51;-12.73;669.75
339.58;329.12;-10.46;668.69
339.42;328.95;-10.47;668.38
339.38;328.75;-10.62;668.13
340.68;329.10;-11.58;669.78
340.44;328.69;-11.75;669.14
340.54;328.56;-11.98;669.11
340.12;329.05;-11.06;669.17
341.09;330.18;-10.91;671.26
340.42;328.98;-11.45;669.40
340.60;328.11;-12.49;668.71
340.15;328.25;-11.90;668.39
340.43;328.99;-11.44;669.42
340.79;327.42;-13.37;668.21
341.50;328.51;-12.99;670.01
341.41;328.52;-12.89;669.94
340.37;328.56;-11.81;668.94
340.41;328.21;-12.20;668.61
340.96;328.40;-12.56;669.36
340.54;327.96;-12.58;668.51
340.96;328.59;-12.37;669.55
340.39;328.84;-11.56;669.23
340.72;328.44;-12.28;669.16
340.93;329.76;-11.16;670.69
340.74;327.76;-12.98;668.51
340.74;327.91;-12.83;668.64
340.48;327.75;-12.73;668.24
340.62;328.41;-12.21;669.02
341.48;328.69;-12.79;670.18
341.12;328.72;-12.40;669.85
340.44;328.18;-12.26;668.62
341.54;328.02;-13.52;669.55
341.01;328.79;-12.21;669.80
341.00;327.89;-13.11;668.89
341.12;328.42;-12.71;669.54
340.69;328.04;-12.65;668.72
339.79;328.05;-11.74;667.85
341.01;328.61;-12.39;669.62
341.84;328.55;-13.29;670.38
339.44;328.22;-11.22;667.65
340.55;328.74;-11.81;669.28
341.27;327.95;-13.32;669.22
340.59;327.98;-12.61;668.56
340.56;329.09;-11.47;669.66
340.71;329.18;-11.53;669.89
338.89;328.08;-10.82;666.97
341.16;329.42;-11.75;670.58
341.15;328.36;-12.79;669.51
339.66;328.12;-11.55;667.78
338.86;327.71;-11.15;666.56
340.32;328.37;-11.95;668.69
340.79;329.18;-11.61;669.96
340.21;328.56;-11.65;668.78
340.49;328.23;-12.26;668.72
340.92;328.12;-12.80;669.04
340.98;328.02;-12.96;668.99
340.63;328.69;-11.94;669.32
340.34;327.81;-12.53;668.15
340.66;328.10;-12.56;668.76
341.18;328.09;-13.09;669.27
340.29;327.32;-12.98;667.61
341.09;327.72;-13.36;668.81
340.46;328.68;-11.78;669.14
341.15;329.08;-12.08;670.23
341.22;328.58;-12.64;669.80
341.06;328.61;-12.45;669.67
340.52;328.49;-12.03;669.02
340.06;328.69;-11.37;668.76
339.99;327.89;-12.11;667.88
340.69;328.52;-12.17;669.22
340.90;328.49;-12.41;669.39
340.55;328.99;-11.55;669.54
340.69;328.68;-12.02;669.37
340.39;328.42;-11.97;668.81
340.59;329.01;-11.58;669.61
341.00;328.71;-12.29;669.71
340.95;327.62;-13.33;668.58
341.19;328.49;-12.70;669.68
340.91;328.50;-12.41;669.41
341.13;328.02;-13.11;669.15
340.27;328.10;-12.17;668.37
340.73;328.07;-12.66;668.80
341.03;328.32;-12.71;669.35
340.95;328.39;-12.55;669.34
340.90;328.33;-12.57;669.23
340.76;328.41;-12.35;669.17
340.62;328.82;-11.81;669.44
340.32;328.06;-12.25;668.38
340.42;327.81;-12.61;668.23
340.84;329.15;-11.69;669.99
340.19;328.47;-11.72;668.66
340.12;328.25;-11.86;668.37
340.66;328.25;-12.41;668.92
339.85;327.93;-11.92;667.78
340.75;327.86;-12.88;668.61
340.80;328.24;-12.56;669.04
340.88;328.25;-12.64;669.13
340.59;327.95;-12.64;668.54
341.69;328.18;-13.51;669.88
339.22;328.19;-11.04;667.41
340.99;327.60;-13.39;668.59
339.05;328.56;-10.49;667.61
341.10;327.89;-13.21;668.99
341.43;328.30;-13.13;669.73
340.64;327.81;-12.83;668.44
341.79;328.26;-13.52;670.05
341.44;327.71;-13.73;669.15
341.42;328.56;-12.86;669.98
341.08;328.58;-12.51;669.66
341.16;328.69;-12.47;669.86
340.85;328.54;-12.31;669.39
341.21;327.34;-13.87;668.55
341.12;328.16;-12.96;669.29
341.03;328.03;-13.00;669.06
341.09;327.99;-13.10;669.08
341.08;328.18;-12.90;669.26
340.78;327.81;-12.96;668.59
341.26;328.09;-13.17;669.36
340.66;327.37;-13.29;668.04
340.65;328.03;-12.62;668.68
340.69;328.26;-12.43;668.95
341.08;328.05;-13.02;669.13
340.46;328.06;-12.41;668.52
341.31;327.78;-13.53;669.09
340.26;327.54;-12.72;667.81
340.05;328.07;-11.98;668.12
341.34;328.11;-13.22;669.45
340.80;328.39;-12.41;669.19
341.42;328.16;-13.26;669.58
339.84;328.32;-11.51;668.16
341.18;327.98;-13.21;669.16
341.49;327.65;-13.84;669.14
341.58;328.49;-13.09;670.08
341.47;327.29;-14.18;668.76
340.64;327.05;-13.59;667.69
340.85;327.86;-12.99;668.72
340.74;328.96;-11.78;669.69
341.70;328.83;-12.87;670.53
341.82;327.97;-13.85;669.79
341.24;327.94;-13.31;669.18
341.01;326.85;-14.16;667.86
341.06;327.91;-13.15;668.96
341.98;327.79;-14.19;669.77
341.81;327.71;-14.10;669.52
341.00;328.02;-12.98;669.02
341.23;327.66;-13.57;668.89
341.16;328.75;-12.41;669.91
341.03;329.48;-11.55;670.51
341.35;327.99;-13.35;669.34
340.86;328.24;-12.62;669.11
340.16;327.61;-12.56;667.77
340.62;328.34;-12.28;668.96
341.05;328.38;-12.67;669.44
341.04;328.34;-12.70;669.38
340.87;329.55;-11.32;670.42
340.71;328.94;-11.76;669.65
340.14;328.03;-12.11;668.16
340.55;328.33;-12.22;668.88
340.76;328.35;-12.41;669.11
340.68;328.56;-12.11;669.24
340.61;327.91;-12.70;668.51
340.68;327.72;-12.95;668.40
340.69;328.63;-12.06;669.32
340.42;327.87;-12.55;668.29
340.48;328.39;-12.09;668.87
340.43;328.16;-12.26;668.59
340.28;328.04;-12.24;668.31
340.48;328.65;-11.83;669.14
340.16;328.52;-11.64;668.69
340.24;328.69;-11.55;668.94
340.21;328.76;-11.45;668.96
340.95;329.07;-11.88;670.02
340.24;328.82;-11.42;669.06
340.34;328.55;-11.79;668.88
341.24;328.38;-12.85;669.62
339.96;328.85;-11.11;668.82
340.94;328.77;-12.16;669.71
339.78;327.58;-12.19;667.36
339.70;328.74;-10.96;668.44
340.73;328.48;-12.25;669.21
341.20;328.19;-13.01;669.39
340.50;328.26;-12.24;668.76
339.40;328.24;-11.16;667.64
340.97;328.78;-12.19;669.75
341.19;327.36;-13.82;668.55
340.24;328.72;-11.52;668.95
341.08;328.52;-12.56;669.61
341.10;329.01;-12.09;670.11
338.87;328.53;-10.34;667.40
340.34;328.16;-12.18;668.49
340.98;327.46;-13.52;668.45
338.61;328.69;-9.92;667.31
340.95;328.16;-12.79;669.11
340.80;328.81;-11.99;669.61
341.03;328.88;-12.15;669.91
340.90;327.46;-13.44;668.36
341.21;327.98;-13.24;669.19
340.82;327.93;-12.89;668.75
340.77;327.91;-12.86;668.68
340.05;328.67;-11.38;668.72
341.32;327.69;-13.63;669.01
341.58;328.55;-13.02;670.13
341.54;328.58;-12.96;670.12
340.51;328.52;-11.99;669.04
341.64;328.12;-13.52;669.76
340.96;328.60;-12.36;669.56
340.93;328.39;-12.54;669.32
340.56;328.64;-11.92;669.19
340.04;328.59;-11.45;668.64
341.13;328.68;-12.45;669.81
340.58;328.61;-11.97;669.18
340.80;328.47;-12.33;669.27
341.39;328.16;-13.24;669.55
340.48;327.90;-12.58;668.38
341.15;328.32;-12.82;669.47
340.16;328.19;-11.96;668.35
341.42;328.66;-12.76;670.09
340.96;328.66;-12.29;669.62
341.34;328.24;-13.10;669.57
341.28;328.12;-13.15;669.40
340.76;327.47;-13.29;668.24
340.76;328.14;-12.62;668.89
341.66;327.83;-13.83;669.49
341.14;329.01;-12.14;670.15
341.16;328.61;-12.56;669.77
340.52;328.81;-11.71;669.32
341.01;328.94;-12.08;669.95
340.56;328.36;-12.20;668.93
340.59;328.80;-11.79;669.39
340.53;327.88;-12.65;668.41
340.36;328.25;-12.11;668.61
340.40;327.94;-12.46;668.34
340.34;328.02;-12.32;668.36
341.80;328.53;-13.27;670.33
341.53;328.99;-12.54;670.52
340.31;328.45;-11.86;668.76
340.35;328.80;-11.55;669.15
340.29;327.71;-12.58;668.00
341.35;328.26;-13.09;669.61
340.12;328.71;-11.41;668.83
341.45;328.41;-13.04;669.86
341.48;327.86;-13.61;669.34
339.99;327.91;-12.08;667.91
339.95;328.34;-11.61;668.28
339.89;328.29;-11.60;668.19
341.25;328.05;-13.21;669.30
340.69;327.93;-12.76;668.62
340.76;328.24;-12.53;669.00
339.55;328.46;-11.08;668.01
341.06;328.24;-12.82;669.31
340.50;328.24;-12.26;668.74
341.15;328.58;-12.57;669.72
341.02;327.52;-13.49;668.54
341.24;329.16;-12.07;670.40
341.04;328.64;-12.41;669.68
341.19;327.85;-13.34;669.04
341.31;328.45;-12.86;669.75
341.11;328.27;-12.84;669.38
341.20;328.59;-12.61;669.79
341.06;327.56;-13.51;668.62
340.49;328.96;-11.54;669.45
341.10;327.95;-13.15;669.05
340.92;327.86;-13.05;668.78
340.79;327.91;-12.88;668.70
341.16;328.52;-12.64;669.69
340.85;328.50;-12.35;669.35
340.74;327.16;-13.58;667.91
340.81;327.64;-13.16;668.45
340.80;327.52;-13.28;668.32
340.81;328.51;-12.29;669.32
340.82;328.00;-12.82;668.82
340.42;328.03;-12.39;668.45
340.75;328.39;-12.36;669.14
340.71;328.11;-12.59;668.82
340.54;328.06;-12.48;668.61
340.46;327.55;-12.91;668.01
340.34;328.31;-12.03;668.64
340.28;327.78;-12.50;668.06
341.45;328.64;-12.81;670.09
341.48;328.87;-12.61;670.35
341.32;328.24;-13.09;669.56
341.46;327.60;-13.86;669.06
340.90;328.18;-12.72;669.08
339.88;328.69;-11.19;668.56
341.42;328.24;-13.18;669.66
342.16;327.42;-14.74;669.58
341.35;327.95;-13.39;669.30
341.44;328.52;-12.92;669.96
341.67;327.94;-13.73;669.61
341.10;328.26;-12.84;669.36
340.59;329.04;-11.55;669.64
340.58;328.22;-12.35;668.80
341.66;327.64;-14.02;669.30
341.66;328.04;-13.63;669.70
341.12;328.14;-12.98;669.26
340.87;328.45;-12.42;669.32
341.24;328.15;-13.09;669.38
340.42;328.02;-12.41;668.44
341.75;328.54;-13.21;670.28
340.93;328.16;-12.77;669.09
340.75;328.56;-12.19;669.32
340.92;328.76;-12.15;669.68
341.12;328.74;-12.38;669.86
341.31;327.31;-14.00;668.61
341.27;328.36;-12.91;669.64
341.25;328.07;-13.18;669.32
341.31;328.16;-13.14;669.47
341.17;328.92;-12.25;670.09
340.77;328.12;-12.65;668.89
340.87;328.98;-11.89;669.85
340.85;328.18;-12.67;669.04
340.90;328.68;-12.22;669.58
340.49;327.58;-12.91;668.06
340.69;327.49;-13.19;668.18
341.08;327.44;-13.64;668.52
340.87;328.97;-11.90;669.84
340.65;328.09;-12.56;668.74
340.89;328.15;-12.75;669.04
340.71;328.31;-12.39;669.02
340.76;328.36;-12.39;669.12
340.71;328.68;-12.03;669.39
340.58;328.12;-12.45;668.70
340.52;328.76;-11.76;669.28
340.49;328.82;-11.67;669.31
340.54;327.85;-12.69;668.38
340.05;328.00;-12.05;668.05
341.16;328.51;-12.65;669.66
340.36;328.28;-12.08;668.65
340.20;328.52;-11.68;668.72
340.14;328.62;-11.52;668.76
340.02;329.12;-10.90;669.15
339.97;328.38;-11.59;668.35
339.96;328.52;-11.44;668.49
339.92;328.04;-11.88;667.96
341.05;327.83;-13.22;668.88
339.86;328.06;-11.80;667.93
341.71;328.92;-12.78;670.63
339.88;328.17;-11.71;668.05
341.04;327.84;-13.20;668.88
341.22;328.83;-12.39;670.05
340.89;328.35;-12.54;669.24
341.25;328.16;-13.09;669.41
340.49;328.26;-12.22;668.75
340.63;327.82;-12.81;668.45
340.66;328.43;-12.24;669.09
341.20;327.71;-13.49;668.91
341.03;328.86;-12.16;669.89
340.94;329.34;-11.60;670.28
338.74;327.67;-11.07;666.41
340.78;328.12;-12.66;668.89
340.79;327.64;-13.15;668.43
340.71;329.05;-11.66;669.75
340.65;328.65;-12.01;669.30
340.70;328.25;-12.45;668.95
341.15;328.18;-12.96;669.33
341.19;326.99;-14.20;668.18
340.89;328.28;-12.61;669.17
340.47;328.05;-12.42;668.52
340.83;328.42;-12.41;669.25
340.44;327.99;-12.45;668.44
340.36;327.92;-12.44;668.28
340.76;327.72;-13.04;668.48
340.88;328.58;-12.30;669.46
340.42;327.96;-12.46;668.38
340.59;328.00;-12.59;668.59
340.45;328.40;-12.05;668.85
340.72;328.18;-12.54;668.90
340.19;328.82;-11.37;669.02
341.35;329.18;-12.16;670.53
340.41;327.91;-12.50;668.31
340.28;328.59;-11.69;668.87
340.30;328.74;-11.56;669.04
340.22;327.81;-12.41;668.03
341.39;328.52;-12.86;669.91
341.46;328.23;-13.24;669.69
340.64;328.19;-12.44;668.83
340.89;328.66;-12.24;669.55
341.45;328.63;-12.82;670.08
339.96;328.79;-11.17;668.76
341.73;328.75;-12.98;670.48
341.17;327.51;-13.66;668.68
339.94;327.91;-12.02;667.85
340.56;328.06;-12.50;668.63
341.09;328.36;-12.72;669.45
341.63;328.04;-13.59;669.66
340.91;328.14;-12.78;669.05
341.16;328.13;-13.04;669.29
341.21;328.17;-13.04;669.38
341.32;328.32;-13.00;669.64
340.86;328.33;-12.53;669.19
341.63;327.95;-13.68;669.58
341.18;328.26;-12.92;669.45
341.02;327.43;-13.59;668.45
339.21;328.40;-10.81;667.61
341.25;327.89;-13.35;669.14
340.82;327.97;-12.85;668.79
340.76;329.04;-11.72;669.81
341.48;327.99;-13.48;669.47
341.36;328.15;-13.21;669.51
340.85;327.87;-12.98;668.72
341.02;328.01;-13.01;669.02
340.92;327.36;-13.55;668.28
341.48;327.86;-13.61;669.34
341.09;327.96;-13.13;669.06
340.81;328.53;-12.28;669.34
341.39;328.68;-12.71;670.08
340.13;329.07;-11.06;669.20
341.44;328.58;-12.85;670.02
340.91;328.62;-12.29;669.52
341.05;328.49;-12.56;669.55
340.69;328.56;-12.13;669.26
340.90;328.40;-12.50;669.30
340.69;327.92;-12.76;668.61
340.64;328.31;-12.33;668.94
341.16;327.82;-13.35;668.98
340.98;327.37;-13.61;668.35
340.92;327.72;-13.21;668.64
341.40;328.80;-12.60;670.20
341.27;328.09;-13.18;669.36
340.92;328.37;-12.55;669.29
340.74;327.72;-13.02;668.46
340.57;328.11;-12.46;668.68
340.90;327.82;-13.08;668.72
341.13;327.97;-13.16;669.10
340.85;328.09;-12.76;668.94
340.51;328.56;-11.94;669.07
340.13;329.09;-11.04;669.22
341.27;328.31;-12.96;669.58
341.06;328.96;-12.11;670.02
340.66;329.24;-11.43;669.90
340.74;328.04;-12.70;668.77
341.21;329.52;-11.68;670.73
339.16;329.28;-9.89;668.44
340.51;328.51;-12.00;669.02
341.35;329.31;-12.04;670.66
340.92;327.72;-13.19;668.64
341.22;328.79;-12.43;670.01
341.19;328.66;-12.53;669.85
340.99;328.39;-12.59;669.38
339.46;328.32;-11.14;667.79
340.54;328.36;-12.17;668.90
340.82;328.10;-12.72;668.92
340.36;327.04;-13.32;667.40
341.55;328.06;-13.49;669.62
340.93;328.22;-12.71;669.15
340.35;328.15;-12.20;668.51
339.16;328.06;-11.10;667.22
340.71;327.87;-12.84;668.58
340.62;328.44;-12.18;669.06
340.42;329.18;-11.25;669.60
341.11;327.78;-13.34;668.89
340.37;328.98;-11.39;669.35
340.76;328.50;-12.26;669.26
340.76;328.35;-12.41;669.11
340.89;329.02;-11.87;669.91
340.88;328.85;-12.04;669.73
340.95;329.06;-11.89;670.02
341.12;328.52;-12.60;669.65
340.93;327.49;-13.44;668.42
341.12;328.81;-12.32;669.93
340.43;328.64;-11.79;669.07
340.80;328.22;-12.58;669.02
340.82;328.01;-12.82;668.83
340.98;328.26;-12.72;669.25
340.88;328.19;-12.68;669.07
340.88;328.14;-12.74;669.02
340.81;328.35;-12.46;669.15
340.68;328.29;-12.38;668.97
340.40;328.58;-11.82;668.98
340.56;328.49;-12.07;669.06
340.42;328.14;-12.28;668.55
340.52;328.36;-12.15;668.88
341.17;328.05;-13.12;669.22
340.48;328.26;-12.22;668.74
341.44;328.46;-12.97;669.90
340.15;328.25;-11.89;668.40
340.22;328.04;-12.19;668.26
340.22;328.28;-11.94;668.49
341.46;328.07;-13.39;669.54
340.04;327.92;-12.12;667.96
340.91;328.14;-12.77;669.05
340.96;328.09;-12.86;669.05
340.78;327.65;-13.13;668.42
341.89;327.73;-14.16;669.62
340.98;328.20;-12.78;669.18
341.18;328.19;-12.99;669.37
341.01;328.08;-12.92;669.09
340.62;327.56;-13.06;668.18
341.41;327.98;-13.44;669.39
338.98;327.66;-11.31;666.64
338.93;327.94;-10.99;666.86
341.35;327.09;-14.25;668.44
340.87;328.89;-11.98;669.76
340.42;327.82;-12.60;668.25
341.52;328.10;-13.42;669.62
341.04;327.36;-13.68;668.41
340.81;327.92;-12.89;668.74
341.28;327.61;-13.68;668.89
341.01;327.96;-13.05;668.97
341.16;327.35;-13.82;668.51
341.05;328.67;-12.38;669.72
340.24;328.11;-12.13;668.35
340.58;328.48;-12.11;669.06
341.18;328.50;-12.68;669.68
341.11;327.63;-13.48;668.74
341.64;328.48;-13.16;670.12
340.90;328.41;-12.49;669.31
340.97;328.56;-12.41;669.53
340.68;328.50;-12.18;669.18
341.02;328.97;-12.05;669.99
341.00;328.38;-12.62;669.38
341.12;328.85;-12.27;669.98
340.90;328.52;-12.38;669.42
340.77;328.35;-12.42;669.12
340.65;327.61;-13.04;668.26
341.06;327.35;-13.71;668.41
340.91;329.18;-11.73;670.08
341.18;328.12;-13.06;669.31
341.05;328.10;-12.95;669.15
340.59;328.45;-12.15;669.04
340.93;328.59;-12.34;669.52
341.10;328.95;-12.15;670.05
340.46;328.08;-12.39;668.54
340.91;328.82;-12.08;669.73
340.99;328.66;-12.33;669.65
340.76;328.36;-12.40;669.12
340.93;328.36;-12.56;669.29
340.69;328.01;-12.68;668.71
340.35;328.17;-12.18;668.52
340.71;328.11;-12.60;668.82
340.48;328.12;-12.35;668.60
340.64;328.49;-12.15;669.14
340.97;328.66;-12.31;669.64
340.26;328.07;-12.19;668.33
340.89;328.04;-12.85;668.94
340.41;327.71;-12.70;668.12
340.76;329.12;-11.64;669.88
340.52;328.22;-12.30;668.74
340.60;328.21;-12.39;668.81
340.46;327.88;-12.58;668.34
340.53;328.69;-11.84;669.22
340.18;328.14;-12.04;668.32
340.61;328.56;-12.05;669.16
340.33;328.45;-11.88;668.78
340.35;328.68;-11.68;669.03
340.26;328.57;-11.69;668.83
340.28;328.59;-11.68;668.87
341.42;328.57;-12.85;669.99
341.67;328.19;-13.48;669.86
340.04;328.13;-11.91;668.16
341.29;328.42;-12.87;669.71
340.37;327.66;-12.71;668.04
341.34;327.20;-14.14;668.54
341.19;327.54;-13.66;668.73
339.71;328.06;-11.65;667.76
341.55;327.91;-13.65;669.46
341.44;328.18;-13.26;669.62
340.95;328.86;-12.08;669.81
341.65;328.19;-13.46;669.84
340.77;328.75;-12.02;669.52
340.37;328.59;-11.78;668.96
341.03;326.75;-14.28;667.78
340.90;328.02;-12.88;668.92
339.09;328.29;-10.79;667.38
341.95;328.63;-13.32;670.58
341.07;328.41;-12.66;669.48
340.68;329.01;-11.67;669.68
340.82;328.34;-12.48;669.15
341.03;328.41;-12.62;669.44
340.68;329.11;-11.58;669.79
340.77;328.21;-12.56;668.98
341.24;327.71;-13.53;668.95
340.28;328.38;-11.89;668.66
340.66;327.62;-13.04;668.28
338.89;328.29;-10.59;667.18
340.36;327.72;-12.64;668.08
340.58;327.76;-12.81;668.34
340.98;328.26;-12.72;669.25
341.06;327.85;-13.21;668.91
340.52;328.21;-12.31;668.74
340.61;328.89;-11.72;669.50
340.62;327.51;-13.12;668.13
341.18;328.68;-12.51;669.86
340.92;328.86;-12.05;669.78
340.73;329.13;-11.60;669.86
340.81;328.39;-12.42;669.19
340.74;328.75;-11.98;669.49
340.88;327.72;-13.16;668.59
340.79;328.61;-12.18;669.39
340.82;327.53;-13.29;668.35
341.15;328.24;-12.91;669.39
340.95;329.25;-11.70;670.19
340.88;328.76;-12.12;669.64
340.92;328.30;-12.62;669.22
340.83;328.61;-12.22;669.44
340.86;328.25;-12.61;669.11
340.41;329.01;-11.40;669.41
340.29;327.41;-12.88;667.70
340.43;328.29;-12.14;668.72
340.63;328.06;-12.56;668.69
340.59;329.32;-11.26;669.91
339.95;327.79;-12.15;667.74
340.61;328.22;-12.38;668.83
340.57;328.32;-12.25;668.89
340.41;327.96;-12.45;668.38
340.41;327.82;-12.58;668.23
341.29;327.95;-13.34;669.24
340.11;328.04;-12.07;668.14
340.30;328.17;-12.13;668.47
340.22;328.05;-12.17;668.28
340.38;327.77;-12.61;668.15
340.37;329.19;-11.18;669.56
340.44;328.14;-12.29;668.58
340.40;328.47;-11.93;668.87
340.31;327.99;-12.32;668.29
341.48;327.60;-13.88;669.08
341.63;327.56;-14.07;669.19
341.23;328.35;-12.88;669.58
341.94;328.67;-13.26;670.61
341.02;328.48;-12.54;669.50
341.69;327.80;-13.89;669.49
341.26;328.37;-12.89;669.64
340.25;327.74;-12.51;667.99
340.04;327.82;-12.22;667.86
341.09;327.80;-13.29;668.89
340.09;328.86;-11.23;668.96
340.21;328.19;-12.02;668.40
340.05;327.96;-12.09;668.02
341.62;327.86;-13.76;669.49
340.14;328.84;-11.30;668.98
341.01;328.08;-12.93;669.09
341.17;327.83;-13.34;669.00
340.60;328.41;-12.19;669.01
340.28;327.59;-12.69;667.87
340.24;325.98;-14.26;666.22
340.26;328.42;-11.84;668.69
340.27;328.57;-11.70;668.84
341.02;328.24;-12.78;669.26
340.09;328.56;-11.54;668.65
341.24;328.35;-12.89;669.58
340.95;328.73;-12.22;669.68
340.14;328.18;-11.96;668.32
341.29;328.81;-12.48;670.11
340.67;328.38;-12.29;669.05
340.01;328.44;-11.56;668.45
340.10;327.63;-12.47;667.73
341.32;327.65;-13.66;668.97
340.16;328.22;-11.94;668.39
340.09;328.53;-11.56;668.62
341.32;328.25;-13.07;669.56
340.05;327.52;-12.53;667.58
341.51;328.10;-13.41;669.61
339.86;328.32;-11.54;668.18
339.86;328.19;-11.68;668.05
340.71;327.40;-13.31;668.11
340.95;328.21;-12.74;669.16
339.86;328.05;-11.82;667.91
341.59;328.26;-13.33;669.85
340.92;327.46;-13.46;668.38
340.74;328.21;-12.54;668.95
341.35;328.44;-12.91;669.78
340.98;327.38;-13.59;668.36
341.32;327.88;-13.44;669.21
341.20;328.36;-12.84;669.56
341.08;327.81;-13.27;668.89
340.73;328.14;-12.59;668.86
340.54;328.51;-12.04;669.05
341.20;327.97;-13.23;669.17
339.40;328.25;-11.15;667.65
341.25;328.58;-12.68;669.83
341.06;328.28;-12.78;669.34
341.73;328.11;-13.62;669.84
341.25;328.51;-12.74;669.76
340.98;327.74;-13.24;668.72
341.16;328.39;-12.76;669.55
341.52;327.66;-13.85;669.18
341.35;328.01;-13.35;669.36
341.75;328.01;-13.75;669.76
341.26;328.63;-12.64;669.89
341.14;326.78;-14.36;667.92
341.48;328.25;-13.24;669.73
340.91;328.07;-12.84;668.98
340.90;327.85;-13.05;668.75
341.06;327.73;-13.33;668.79
341.39;326.75;-14.64;668.14
338.95;328.94;-10.02;667.89
341.19;328.88;-12.32;670.07
340.76;327.64;-13.12;668.39
340.54;328.39;-12.14;668.93
341.16;327.69;-13.47;668.85
341.07;327.46;-13.61;668.53
341.89;327.58;-14.31;669.46
341.11;328.63;-12.48;669.74
341.44;328.16;-13.27;669.60
340.96;327.68;-13.28;668.64
341.49;327.76;-13.72;669.25
340.87;327.51;-13.36;668.38
341.58;327.35;-14.23;668.94
341.48;326.95;-14.52;668.43
340.98;327.21;-13.77;668.18
341.45;327.46;-13.98;668.91
341.52;328.01;-13.52;669.53
341.81;327.59;-14.21;669.40
341.64;327.71;-13.92;669.35
341.67;327.21;-14.46;668.88
340.98;327.22;-13.76;668.21
340.88;327.85;-13.03;668.74
341.14;327.36;-13.78;668.49
341.01;327.33;-13.68;668.34
341.24;328.61;-12.63;669.84
341.52;329.07;-12.45;670.59
340.91;327.94;-12.97;668.85
341.08;327.16;-13.92;668.25
340.56;328.44;-12.12;668.99
341.36;328.44;-12.92;669.81
341.24;328.36;-12.88;669.61
341.08;327.65;-13.43;668.74
341.28;326.92;-14.35;668.20
341.24;328.32;-12.92;669.56
341.14;328.35;-12.79;669.49
340.74;327.41;-13.33;668.14
340.93;327.37;-13.56;668.30
341.07;328.25;-12.82;669.32
341.06;328.25;-12.81;669.31
340.83;328.59;-12.24;669.42
340.64;327.85;-12.78;668.49
340.42;328.42;-12.01;668.84
340.48;328.15;-12.34;668.63
340.40;327.96;-12.44;668.36
340.42;328.11;-12.31;668.54
340.40;327.76;-12.64;668.16
340.49;328.56;-11.93;669.06
340.42;327.81;-12.61;668.23
340.34;327.92;-12.42;668.26
341.20;328.54;-12.66;669.74
341.45;328.19;-13.26;669.65
341.64;327.67;-13.96;669.31
341.23;328.26;-12.96;669.49
339.93;328.23;-11.70;668.16
341.47;328.79;-12.68;670.26
339.89;327.92;-11.98;667.81
341.75;328.45;-13.31;670.20
340.76;328.82;-11.95;669.58
341.84;327.74;-14.11;669.58
340.92;328.30;-12.62;669.22
341.34;328.37;-12.97;669.71
340.99;328.01;-12.99;669.00
340.96;327.52;-13.45;668.48
339.80;328.34;-11.46;668.14
339.66;327.84;-11.82;667.51
341.68;328.34;-13.34;670.02
341.64;328.02;-13.62;669.65
339.72;327.41;-12.32;667.13
340.85;328.42;-12.43;669.26
341.02;327.85;-13.18;668.87
341.71;327.31;-14.41;669.02
341.65;327.98;-13.67;669.64
339.62;327.16;-12.45;666.78
342.15;327.81;-14.34;669.95
339.51;328.46;-11.04;667.97
340.75;328.22;-12.52;668.97
341.01;328.32;-12.69;669.34
341.78;328.38;-13.39;670.16
341.21;327.50;-13.71;668.71
340.92;328.09;-12.83;669.01
339.33;327.64;-11.69;666.96
341.02;328.03;-12.99;669.05
340.93;328.28;-12.65;669.21
340.00;327.88;-12.12;667.88
340.85;327.59;-13.26;668.44
340.92;327.65;-13.27;668.58
341.15;328.06;-13.09;669.21
340.51;328.12;-12.39;668.62
341.06;328.03;-13.04;669.09
341.65;328.05;-13.60;669.71
340.60;328.12;-12.48;668.72
341.02;328.76;-12.26;669.78
340.99;328.03;-12.96;669.02
341.24;328.62;-12.62;669.86
341.24;327.53;-13.71;668.76
341.02;327.52;-13.50;668.55
341.57;326.77;-14.80;668.34
342.05;328.23;-13.82;670.28
340.54;329.14;-11.40;669.68
341.08;328.55;-12.54;669.63
341.75;327.62;-14.12;669.37
340.93;328.09;-12.84;669.02
341.47;327.54;-13.94;669.01
341.09;327.81;-13.28;668.90
341.31;326.81;-14.50;668.12
341.65;328.34;-13.32;669.99
341.12;328.49;-12.64;669.61
340.74;328.51;-12.23;669.25
341.33;328.44;-12.89;669.76
341.39;327.84;-13.56;669.23
341.22;328.14;-13.09;669.36
341.01;327.62;-13.39;668.63
341.22;328.26;-12.96;669.49
341.59;328.79;-12.80;670.38
341.10;327.62;-13.48;668.72
341.59;328.77;-12.82;670.36
341.36;327.28;-14.09;668.64
340.88;328.52;-12.36;669.40
340.60;327.76;-12.84;668.36
341.05;328.32;-12.73;669.38
340.98;328.75;-12.23;669.74
340.05;327.48;-12.56;667.53
340.76;328.42;-12.34;669.18
340.55;328.38;-12.17;668.94
340.81;328.74;-12.07;669.55
340.66;327.85;-12.82;668.51
340.59;328.03;-12.56;668.62
340.46;328.02;-12.44;668.48
340.14;328.02;-12.11;668.16
340.16;329.01;-11.15;669.17
340.20;328.51;-11.69;668.71
340.95;328.36;-12.59;669.31
340.01;328.65;-11.36;668.66
339.92;328.28;-11.64;668.20
339.91;328.11;-11.79;668.02
339.92;328.82;-11.10;668.74
339.94;328.75;-11.19;668.68
339.89;327.58;-12.31;667.48
341.11;328.36;-12.74;669.47
341.28;327.90;-13.38;669.18
340.58;329.11;-11.47;669.68
340.77;329.20;-11.57;669.97
340.76;327.36;-13.40;668.13
339.69;328.64;-11.05;668.32
340.87;328.62;-12.25;669.49
340.41;329.05;-11.35;669.46
339.51;327.82;-11.69;667.34
341.26;328.35;-12.91;669.61
341.34;329.59;-11.74;670.93
340.48;328.13;-12.35;668.61
341.44;329.24;-12.20;670.67
340.61;327.83;-12.78;668.44
341.24;328.53;-12.71;669.76
340.51;328.84;-11.67;669.34
340.54;328.15;-12.39;668.69
340.67;328.05;-12.62;668.72
340.58;328.08;-12.50;668.66
340.85;328.82;-12.04;669.67
340.66;328.91;-11.76;669.57
341.16;328.58;-12.58;669.75
340.45;328.43;-12.02;668.88
341.15;328.43;-12.72;669.58
340.31;328.28;-12.04;668.59
341.22;329.26;-11.96;670.48
341.00;328.78;-12.22;669.78
340.72;327.93;-12.79;668.65
340.93;328.58;-12.35;669.51
340.95;328.27;-12.68;669.22
341.91;328.33;-13.58;670.24
340.64;328.01;-12.63;668.64
340.60;328.32;-12.28;668.92
340.54;327.70;-12.84;668.24
340.48;328.11;-12.38;668.59
341.03;327.51;-13.52;668.54
340.87;327.72;-13.15;668.59
340.19;327.83;-12.36;668.02
340.90;328.61;-12.29;669.51
341.12;328.82;-12.30;669.95
340.62;328.89;-11.72;669.51
341.62;327.88;-13.74;669.51
341.11;328.02;-13.09;669.13
341.24;328.25;-12.99;669.49
340.23;328.46;-11.76;668.69
341.10;327.97;-13.13;669.07
339.62;327.96;-11.65;667.58
340.72;328.30;-12.42;669.02
340.38;328.32;-12.05;668.70
340.70;328.65;-12.05;669.35
339.37;328.01;-11.36;667.38
340.85;327.91;-12.94;668.76
340.93;328.18;-12.75;669.11
341.34;328.27;-13.06;669.61
339.51;327.05;-12.45;666.56
341.06;327.87;-13.19;668.93
341.66;328.48;-13.18;670.15
341.25;327.93;-13.32;669.18
340.88;328.68;-12.20;669.55
341.36;327.97;-13.39;669.33
340.48;327.82;-12.66;668.31
341.56;328.04;-13.52;669.59
341.52;328.12;-13.39;669.64
339.88;328.48;-11.40;668.35
341.26;328.09;-13.18;669.35
339.97;327.68;-12.29;667.65
340.05;328.87;-11.18;668.92
341.11;328.12;-12.99;669.23
341.19;328.47;-12.72;669.66
340.65;328.87;-11.78;669.52
339.96;328.59;-11.37;668.56
340.05;327.75;-12.30;667.81
340.03;328.57;-11.46;668.60
340.14;329.04;-11.10;669.17
340.05;328.29;-11.76;668.34
340.75;327.81;-12.94;668.56
341.32;328.31;-13.01;669.62
341.49;327.84;-13.65;669.33
341.05;328.19;-12.86;669.25
341.21;328.16;-13.04;669.37
340.04;328.20;-11.84;668.24
341.45;327.67;-13.78;669.12
341.17;327.71;-13.46;668.88
340.65;328.45;-12.19;669.10
341.28;328.02;-13.25;669.30
341.64;328.40;-13.24;670.04
340.17;328.56;-11.61;668.74
341.38;328.01;-13.36;669.39
340.31;327.79;-12.52;668.11
340.29;328.47;-11.82;668.76
340.35;328.02;-12.32;668.37
340.48;328.48;-12.01;668.96
340.32;328.91;-11.41;669.23
340.36;327.96;-12.39;668.32
340.38;327.45;-12.93;667.84
341.11;327.92;-13.18;669.03
341.62;328.55;-13.07;670.18
340.21;327.68;-12.54;667.89
340.20;328.56;-11.64;668.76
341.52;328.29;-13.22;669.81
340.14;327.82;-12.31;667.96
341.15;327.67;-13.48;668.82
339.88;327.70;-12.18;667.58
340.74;328.03;-12.71;668.76
341.11;328.51;-12.61;669.62
340.76;327.53;-13.23;668.29
339.85;328.97;-10.88;668.82
341.15;328.64;-12.51;669.79
340.85;328.31;-12.54;669.16
341.61;328.48;-13.13;670.09
341.16;327.57;-13.59;668.73
341.23;329.49;-11.74;670.72
341.04;328.02;-13.01;669.06
340.41;327.93;-12.48;668.34
340.42;327.71;-12.72;668.13
341.72;328.82;-12.90;670.54
341.01;328.69;-12.32;669.70
340.86;328.21;-12.65;669.06
341.36;327.88;-13.48;669.24
340.90;328.42;-12.48;669.32
340.69;327.56;-13.13;668.26
341.08;328.41;-12.67;669.48
341.34;328.28;-13.06;669.62
341.22;328.78;-12.44;670.01
341.08;327.82;-13.26;668.89
341.28;329.42;-11.85;670.70
340.94;327.38;-13.56;668.32
338.49;328.11;-10.38;666.61
340.54;328.88;-11.66;669.41
340.99;327.97;-13.02;668.96
340.54;329.02;-11.51;669.56
341.11;328.56;-12.54;669.67
341.11;327.94;-13.17;669.04
340.54;328.44;-12.09;668.98
341.43;327.66;-13.77;669.09
340.87;328.29;-12.58;669.16
340.95;328.16;-12.79;669.11
340.72;328.60;-12.12;669.32
341.02;328.25;-12.77;669.28
340.98;327.30;-13.68;668.28
341.16;328.31;-12.85;669.46
341.01;328.55;-12.46;669.56
340.96;328.65;-12.31;669.61
340.51;327.54;-12.98;668.05
340.75;328.68;-12.07;669.42
340.88;327.92;-12.96;668.81
340.64;329.11;-11.53;669.75
340.62;327.94;-12.68;668.56
340.72;327.86;-12.86;668.59
341.33;327.92;-13.41;669.25
340.66;327.85;-12.81;668.51
340.59;327.99;-12.60;668.59
340.54;329.32;-11.22;669.86
341.44;328.04;-13.41;669.48
341.40;328.15;-13.25;669.55
340.34;327.75;-12.58;668.09
340.35;327.00;-13.35;667.35
341.61;328.99;-12.62;670.60
341.31;328.31;-13.00;669.61
340.14;328.24;-11.90;668.38
341.08;328.92;-12.16;669.99
340.96;328.46;-12.50;669.42
340.05;328.63;-11.42;668.68
339.82;328.41;-11.42;668.23
339.96;327.54;-12.43;667.50
339.82;328.05;-11.77;667.86
339.83;328.05;-11.78;667.88
341.01;328.47;-12.54;669.48
339.53;328.16;-11.37;667.69
340.84;328.17;-12.67;669.01
341.11;328.21;-12.90;669.31
339.25;327.61;-11.64;666.85
340.83;326.92;-13.91;667.75
339.18;328.56;-10.62;667.74
340.61;328.46;-12.15;669.08
341.25;329.14;-12.11;670.39
341.79;327.68;-14.11;669.48
341.29;327.65;-13.65;668.94
340.77;327.49;-13.28;668.26
341.21;327.45;-13.76;668.65
341.46;327.48;-13.99;668.94
341.12;328.73;-12.39;669.85
341.05;327.81;-13.24;668.86
340.81;328.31;-12.49;669.12
341.07;328.65;-12.42;669.72
340.12;328.08;-12.05;668.20
341.30;328.50;-12.80;669.80
341.35;328.48;-12.87;669.84
341.30;328.35;-12.95;669.65
340.45;327.68;-12.78;668.13
340.70;328.56;-12.14;669.26
341.05;328.81;-12.24;669.86
341.03;328.05;-12.98;669.08
341.04;328.04;-13.00;669.07
340.72;328.87;-11.85;669.59
340.79;328.36;-12.42;669.15
340.57;327.63;-12.94;668.20
340.99;327.86;-13.12;668.85
341.98;328.68;-13.30;670.65
341.41;327.61;-13.81;669.02
341.78;327.65;-14.13;669.42
341.16;327.73;-13.44;668.89
341.54;327.87;-13.67;669.41
340.99;327.51;-13.48;668.50
341.70;328.07;-13.63;669.77
339.89;328.08;-11.81;667.98
340.99;328.31;-12.68;669.31
341.64;328.21;-13.44;669.85
341.02;327.95;-13.07;668.96
341.49;328.51;-12.98;669.99
341.41;327.29;-14.11;668.70
341.53;328.39;-13.14;669.92
341.47;327.84;-13.63;669.31
341.81;327.75;-14.06;669.56
341.24;327.15;-14.09;668.39
341.69;327.76;-13.93;669.46
341.69;328.06;-13.63;669.75
341.58;327.02;-14.56;668.61
340.89;327.90;-12.99;668.79
341.26;327.07;-14.19;668.34
341.11;327.39;-13.72;668.49
341.36;327.81;-13.55;669.18
341.07;327.19;-13.88;668.26
341.32;327.78;-13.54;669.11
341.85;328.16;-13.68;670.01
341.14;327.39;-13.75;668.54
341.86;327.62;-14.24;669.48
341.60;327.99;-13.61;669.59
341.60;328.10;-13.50;669.70
341.18;327.89;-13.29;669.07
341.65;327.18;-14.48;668.83
341.35;327.19;-14.16;668.54
340.99;327.84;-13.15;668.83
341.35;328.45;-12.91;669.80
341.39;328.34;-13.06;669.73
341.07;327.72;-13.35;668.79
341.25;328.41;-12.84;669.66
341.24;327.38;-13.86;668.61
341.10;327.92;-13.18;669.02
341.15;328.48;-12.67;669.64
340.99;327.96;-13.03;668.95
341.11;327.96;-13.15;669.08
342.17;327.82;-14.35;669.99
340.68;329.07;-11.61;669.75
340.55;328.12;-12.43;668.68
340.45;327.45;-13.00;667.91
340.27;327.91;-12.36;668.18
341.41;327.61;-13.80;669.02
341.81;328.25;-13.56;670.06
340.31;327.58;-12.72;667.89
340.22;327.81;-12.41;668.03
341.20;328.44;-12.76;669.64
340.96;327.72;-13.24;668.68
341.31;328.16;-13.15;669.46
341.39;328.38;-13.01;669.77
341.35;328.42;-12.93;669.76
341.15;327.55;-13.60;668.69
341.25;328.22;-13.03;669.46
341.49;327.83;-13.66;669.32
341.68;328.24;-13.44;669.92
340.55;327.97;-12.58;668.52
341.42;328.51;-12.91;669.92
341.21;329.11;-12.10;670.32
339.71;327.40;-12.31;667.11
339.64;328.25;-11.39;667.89
341.52;328.19;-13.34;669.71
341.24;328.92;-12.32;670.15
339.41;328.58;-10.84;667.99
340.71;327.71;-13.00;668.41
340.49;328.29;-12.19;668.78
341.25;327.71;-13.54;668.96
339.18;328.11;-11.07;667.29
340.68;328.55;-12.13;669.22
340.79;327.39;-13.40;668.18
340.70;327.74;-12.96;668.44
341.37;327.95;-13.42;669.32
341.24;328.30;-12.94;669.54
341.61;327.81;-13.79;669.42
341.58;327.58;-14.00;669.16
339.25;328.20;-11.05;667.45
340.78;328.25;-12.52;669.03
340.72;328.47;-12.25;669.19
341.08;328.12;-12.96;669.21
341.25;328.77;-12.48;670.02
340.43;327.74;-12.69;668.17
340.94;327.99;-12.95;668.94
341.37;328.36;-13.01;669.74
340.46;328.62;-11.84;669.08
340.57;327.70;-12.87;668.27
340.82;328.46;-12.36;669.28
340.34;328.78;-11.56;669.12
338.82;328.32;-10.50;667.14
341.23;328.09;-13.14;669.32
340.98;328.04;-12.95;669.02
341.59;328.01;-13.58;669.61
341.46;327.92;-13.54;669.39
341.06;327.71;-13.36;668.77
340.72;327.54;-13.18;668.25
340.64;328.22;-12.42;668.85
340.85;328.14;-12.71;668.99
341.25;328.24;-13.01;669.49
341.09;328.93;-12.16;670.02
341.29;327.32;-13.98;668.61
341.18;327.52;-13.66;668.70
340.74;328.52;-12.22;669.26
341.31;328.46;-12.84;669.77
341.18;328.21;-12.96;669.39
340.99;328.22;-12.76;669.21
340.99;329.13;-11.86;670.12
341.04;327.94;-13.10;668.98
340.89;328.10;-12.79;668.99
340.90;328.41;-12.49;669.31
340.80;328.01;-12.79;668.81
340.75;328.67;-12.08;669.42
341.01;328.19;-12.82;669.20
340.69;327.80;-12.89;668.49
340.78;328.74;-12.04;669.52
340.51;328.43;-12.08;668.94
341.62;328.52;-13.10;670.14
340.31;328.24;-12.07;668.54
341.04;328.00;-13.04;669.04
340.53;327.56;-12.97;668.09
340.49;328.86;-11.64;669.35
340.40;328.02;-12.38;668.42
340.40;328.64;-11.76;669.04
341.15;328.65;-12.50;669.81
341.79;329.09;-12.70;670.88
340.09;327.91;-12.19;668.00
341.32;328.24;-13.08;669.56
341.08;328.54;-12.54;669.62
341.09;327.49;-13.61;668.58
341.28;327.44;-13.84;668.72
339.83;327.91;-11.92;667.74
339.70;327.86;-11.84;667.56
340.59;328.14;-12.45;668.74
342.01;328.42;-13.59;670.43
341.94;327.74;-14.21;669.68
341.51;328.50;-13.01;670.01
340.60;328.16;-12.44;668.76
340.52;328.35;-12.17;668.88
340.86;327.62;-13.25;668.48
340.72;328.42;-12.31;669.14
341.46;328.50;-12.96;669.96
341.40;328.39;-13.01;669.79
341.18;328.32;-12.86;669.50
341.62;327.61;-14.01;669.23
341.05;327.79;-13.26;668.85
341.25;327.94;-13.32;669.19
340.84;327.98;-12.86;668.82
341.26;328.58;-12.68;669.84
341.29;329.46;-11.83;670.76
340.81;328.13;-12.68;668.94
341.19;328.26;-12.92;669.45
340.92;328.44;-12.48;669.35
341.01;327.92;-13.09;668.93
340.71;327.98;-12.72;668.69
340.89;328.06;-12.82;668.95
341.51;328.66;-12.84;670.17
340.68;328.44;-12.24;669.11
340.61;328.85;-11.76;669.45
340.44;328.12;-12.32;668.55
340.41;328.00;-12.41;668.41
340.38;327.76;-12.61;668.14
340.28;328.56;-11.72;668.85
340.26;327.86;-12.39;668.12
340.16;328.96;-11.21;669.12
341.19;329.37;-11.82;670.56
339.85;328.06;-11.78;667.91
341.13;328.25;-12.88;669.38
340.84;327.94;-12.90;668.78
341.09;327.49;-13.60;668.58
341.13;328.13;-13.00;669.26
340.54;328.71;-11.82;669.25
339.88;328.67;-11.21;668.55
339.99;328.18;-11.82;668.17
339.96;328.72;-11.24;668.69
341.64;328.12;-13.51;669.76
341.68;328.66;-13.02;670.34
340.25;327.91;-12.35;668.16
340.26;328.90;-11.36;669.16
340.23;328.79;-11.44;669.02
340.34;328.52;-11.82;668.85
340.43;328.59;-11.84;669.02
340.36;328.66;-11.70;669.03
340.32;328.03;-12.29;668.35
340.37;328.66;-11.71;669.04
341.31;328.49;-12.81;669.80
340.37;328.00;-12.37;668.37
340.98;327.88;-13.10;668.86
341.04;328.15;-12.89;669.19
340.22;327.92;-12.29;668.14
340.12;328.38;-11.74;668.49
340.09;328.50;-11.59;668.59
341.09;328.87;-12.22;669.96
341.56;328.42;-13.14;669.99
339.79;328.81;-10.98;668.59
339.73;327.82;-11.91;667.55
341.22;328.28;-12.95;669.50
341.26;328.41;-12.86;669.67
340.76;328.14;-12.62;668.89
340.64;328.07;-12.57;668.71
340.68;328.02;-12.65;668.70
341.11;328.78;-12.33;669.88
339.30;328.48;-10.82;667.78
341.52;327.58;-13.94;669.09
340.88;328.78;-12.10;669.66
341.67;328.27;-13.40;669.94
340.74;329.16;-11.58;669.89
339.02;328.53;-10.49;667.55
340.98;327.85;-13.14;668.83
340.95;327.59;-13.35;668.54
340.88;328.72;-12.15;669.60
341.31;327.36;-13.94;668.67
340.78;327.06;-13.72;667.84
341.00;327.90;-13.10;668.90
341.24;328.91;-12.32;670.15
341.49;327.75;-13.75;669.24
338.45;328.19;-10.26;666.64
340.75;327.29;-13.46;668.05
341.00;328.84;-12.16;669.84
340.88;328.48;-12.39;669.36
341.08;327.68;-13.40;668.75
340.39;328.66;-11.73;669.05
341.19;328.20;-12.99;669.39
340.71;328.42;-12.29;669.12
341.02;328.67;-12.35;669.69
341.01;328.98;-12.03;669.98
340.76;328.76;-11.99;669.52
340.75;328.83;-11.92;669.58
339.99;328.71;-11.28;668.71
340.88;328.31;-12.58;669.19
340.96;328.83;-12.13;669.79
340.52;328.44;-12.09;668.96
340.95;328.22;-12.72;669.17
340.96;326.80;-14.16;667.76
340.39;328.28;-12.11;668.67
341.21;328.37;-12.84;669.58
340.76;328.31;-12.45;669.08
340.66;328.19;-12.47;668.86
341.14;327.98;-13.16;669.12
341.92;328.68;-13.24;670.60
340.59;328.84;-11.75;669.42
340.65;328.62;-12.02;669.27
340.22;328.24;-11.98;668.45
340.58;328.81;-11.78;669.39
340.52;328.10;-12.42;668.62
340.50;328.03;-12.47;668.53
340.30;328.79;-11.51;669.09
340.24;329.25;-10.99;669.49
341.46;327.80;-13.66;669.26
340.07;328.45;-11.62;668.52
340.12;328.11;-12.01;668.23
340.86;328.24;-12.62;669.09
341.32;328.68;-12.64;669.99
339.69;328.02;-11.66;667.71
340.85;328.24;-12.61;669.09
341.21;328.29;-12.92;669.49
339.48;327.68;-11.80;667.15
340.92;328.24;-12.68;669.16
341.28;327.92;-13.35;669.20
340.85;328.49;-12.35;669.34
340.70;328.32;-12.38;669.02
340.91;328.85;-12.06;669.76
341.16;327.36;-13.79;668.52
340.76;327.61;-13.16;668.37
340.72;328.25;-12.47;668.96
340.76;328.21;-12.56;668.97
341.32;327.36;-13.95;668.68
340.98;327.98;-12.99;668.96
341.14;328.44;-12.71;669.58
340.56;327.85;-12.71;668.42
340.96;328.58;-12.38;669.55
340.68;328.98;-11.70;669.66
341.30;328.17;-13.13;669.47
340.88;327.58;-13.29;668.46
341.17;327.39;-13.78;668.56
340.75;327.93;-12.82;668.68
340.94;327.98;-12.96;668.92
340.58;328.17;-12.41;668.75
340.68;327.96;-12.72;668.64
340.59;328.15;-12.44;668.74
341.26;328.07;-13.19;669.34
341.67;327.73;-13.94;669.40
341.37;328.38;-12.99;669.75
340.07;328.07;-12.00;668.14
341.15;328.76;-12.39;669.91
339.89;328.21;-11.69;668.10
341.46;327.79;-13.66;669.25
339.62;328.02;-11.60;667.64
340.47;327.85;-12.62;668.32
341.35;328.28;-13.08;669.63
341.51;327.88;-13.63;669.38
340.89;328.34;-12.55;669.23
341.26;328.15;-13.11;669.41
341.68;327.14;-14.54;668.81
340.67;327.39;-13.28;668.06
340.92;328.58;-12.34;669.49
341.43;328.58;-12.85;670.01
341.29;327.79;-13.50;669.09
340.81;327.79;-13.02;668.60
341.05;328.37;-12.68;669.42
341.22;327.79;-13.44;669.01
340.84;328.55;-12.29;669.39
340.58;326.91;-13.67;667.49
341.07;327.49;-13.58;668.56
340.53;327.31;-13.22;667.84
340.85;328.32;-12.52;669.17
340.80;328.89;-11.91;669.69
341.05;328.36;-12.69;669.42
341.00;328.75;-12.25;669.75
340.74;327.96;-12.78;668.69
340.66;327.76;-12.90;668.43
340.34;328.19;-12.15;668.53
340.51;327.86;-12.65;668.38
340.94;327.91;-13.04;668.85
340.19;327.79;-12.39;667.98
340.69;327.65;-13.04;668.34
341.26;328.16;-13.11;669.42
341.26;328.34;-12.92;669.59
340.07;328.02;-12.05;668.09
340.64;328.95;-11.69;669.59
339.94;328.71;-11.23;668.65
339.99;327.40;-12.59;667.39
340.45;328.47;-11.98;668.92
340.77;328.45;-12.32;669.22
341.05;328.59;-12.46;669.65
339.78;328.04;-11.75;667.82
341.09;328.35;-12.74;669.45
340.75;328.08;-12.68;668.83
341.46;327.72;-13.74;669.18
341.35;328.68;-12.67;670.02
340.73;328.20;-12.53;668.93
341.42;328.41;-13.01;669.84
341.20;328.02;-13.18;669.22
341.40;327.99;-13.41;669.39
340.45;327.42;-13.03;667.88
341.01;328.60;-12.41;669.61
340.54;327.84;-12.70;668.38
340.57;327.75;-12.82;668.32
341.21;328.64;-12.57;669.84
341.24;327.70;-13.54;668.94
340.63;328.22;-12.41;668.85
341.28;327.60;-13.68;668.88
340.86;328.55;-12.31;669.41
341.34;328.34;-13.00;669.68
341.29;328.87;-12.42;670.16
341.12;328.45;-12.68;669.57
340.74;327.48;-13.25;668.22
340.89;327.39;-13.50;668.28
340.37;328.62;-11.75;668.99
340.72;327.55;-13.17;668.28
340.31;328.45;-11.86;668.75
340.78;328.40;-12.38;669.18
340.81;328.46;-12.35;669.26
340.93;328.76;-12.17;669.69
340.39;328.55;-11.85;668.94
340.72;328.78;-11.95;669.50
340.27;327.52;-12.75;667.79
340.56;329.12;-11.45;669.68
341.21;328.36;-12.85;669.58
340.44;328.22;-12.22;668.66
340.21;328.38;-11.83;668.59
340.38;328.73;-11.65;669.11
340.35;328.57;-11.78;668.92
339.94;327.94;-12.01;667.88
340.19;328.15;-12.05;668.34
340.15;328.62;-11.52;668.77
341.18;329.02;-12.16;670.21
339.95;328.41;-11.55;668.36
340.09;328.80;-11.29;668.89
339.98;328.66;-11.32;668.64
339.97;328.62;-11.35;668.59
340.47;328.18;-12.29;668.65
341.26;327.81;-13.45;669.06
340.91;328.94;-11.97;669.85
340.69;328.08;-12.61;668.77
338.97;328.34;-10.64;667.31
341.06;328.95;-12.11;670.01
340.81;328.56;-12.25;669.37
340.74;328.46;-12.28;669.19
340.92;328.69;-12.22;669.61
340.83;328.74;-12.09;669.57
340.45;328.47;-11.98;668.92
341.01;328.24;-12.76;669.25
340.28;328.74;-11.54;669.01
340.84;328.40;-12.44;669.24
340.31;329.24;-11.08;669.55
341.62;328.55;-13.06;670.17
340.66;328.25;-12.41;668.92
340.48;328.30;-12.18;668.78
340.32;328.58;-11.74;668.91
340.40;327.86;-12.54;668.26
340.08;328.69;-11.39;668.76
340.56;327.82;-12.74;668.39
341.10;328.42;-12.68;669.52
340.44;328.01;-12.43;668.44
340.75;328.12;-12.63;668.88
340.89;328.14;-12.75;669.04
340.52;327.94;-12.58;668.46
341.57;327.54;-14.03;669.11
340.98;326.94;-14.04;667.91
340.96;328.15;-12.82;669.11
341.24;327.60;-13.64;668.84
341.24;328.02;-13.21;669.26
340.65;327.82;-12.82;668.47
341.22;328.70;-12.52;669.92
340.62;328.54;-12.09;669.16
340.45;328.66;-11.79;669.12
340.78;328.02;-12.76;668.79
340.63;328.20;-12.43;668.83
341.08;328.67;-12.41;669.75
340.91;328.43;-12.48;669.34
341.14;328.16;-12.98;669.30
340.84;328.68;-12.15;669.52
341.12;328.85;-12.27;669.98
340.88;328.38;-12.49;669.26
340.68;328.29;-12.39;668.96
340.79;327.94;-12.85;668.73
340.85;328.26;-12.59;669.11
340.58;328.52;-12.05;669.10
340.73;328.65;-12.08;669.38
340.58;328.05;-12.53;668.64
340.54;328.34;-12.20;668.87
340.49;327.86;-12.63;668.35
340.33;327.96;-12.36;668.29
340.23;328.72;-11.51;668.95
340.14;328.48;-11.65;668.62
341.05;328.65;-12.41;669.70
340.74;328.15;-12.59;668.88
341.12;329.12;-12.00;670.25
339.69;327.60;-12.09;667.29
340.34;328.97;-11.36;669.31
341.10;328.24;-12.86;669.34
340.87;327.46;-13.41;668.34
339.51;328.65;-10.86;668.16
341.32;327.94;-13.38;669.26
339.39;328.21;-11.18;667.60
341.34;327.52;-13.82;668.86
341.22;327.86;-13.36;669.08
340.94;327.75;-13.18;668.69
341.31;327.82;-13.49;669.12
341.51;328.05;-13.46;669.56
341.26;328.42;-12.85;669.68
341.40;327.88;-13.52;669.28
341.25;327.45;-13.80;668.69
341.31;327.52;-13.79;668.83
341.52;327.91;-13.61;669.42
341.73;328.25;-13.48;669.98
341.21;327.82;-13.39;669.04
340.79;327.85;-12.94;668.64
341.61;328.58;-13.04;670.19
341.40;328.57;-12.83;669.97
341.19;328.55;-12.64;669.74
341.48;327.23;-14.25;668.71
341.42;328.88;-12.55;670.30
341.25;328.36;-12.89;669.61
341.28;328.15;-13.14;669.43
341.19;327.17;-14.02;668.36
340.65;327.97;-12.68;668.62
340.93;327.24;-13.69;668.17
341.06;327.99;-13.07;669.06
340.72;326.41;-14.31;667.13
340.66;328.18;-12.48;668.85
340.63;328.19;-12.44;668.82
340.34;328.52;-11.82;668.86
341.81;328.45;-13.36;670.26
341.37;327.58;-13.79;668.95
341.15;328.10;-13.05;669.25
340.04;327.65;-12.39;667.68
340.99;328.95;-12.04;669.94
340.89;327.50;-13.39;668.39
339.95;327.22;-12.73;667.16
339.78;328.41;-11.37;668.19
341.24;328.45;-12.78;669.69
341.72;327.86;-13.86;669.58
339.64;328.21;-11.43;667.85
340.92;327.75;-13.16;668.67
341.82;328.01;-13.81;669.84
341.42;327.69;-13.73;669.11
341.52;327.63;-13.89;669.15
341.04;328.30;-12.74;669.34
341.08;327.39;-13.69;668.46
341.84;328.69;-13.14;670.53
341.31;328.26;-13.05;669.56
341.00;328.65;-12.35;669.65
340.49;327.40;-13.09;667.89
340.76;327.35;-13.41;668.12
340.91;327.41;-13.50;668.31
340.83;327.94;-12.89;668.76
341.11;328.10;-13.01;669.21
340.92;328.29;-12.62;669.21
341.11;328.24;-12.86;669.35
341.02;328.24;-12.78;669.25
341.26;328.72;-12.55;669.98
340.54;328.04;-12.50;668.57
340.77;328.62;-12.15;669.39
340.92;327.83;-13.09;668.75
340.23;328.44;-11.79;668.66
341.28;329.18;-12.10;670.46
341.29;328.31;-12.98;669.61
340.98;328.49;-12.49;669.46
340.91;328.45;-12.46;669.36
340.68;328.01;-12.66;668.69
341.96;328.91;-13.06;670.87
340.62;328.10;-12.52;668.72
341.76;328.99;-12.76;670.75
340.38;327.93;-12.45;668.31
340.36;327.86;-12.49;668.22
340.16;328.28;-11.88;668.45
340.05;327.68;-12.37;667.74
340.93;328.05;-12.88;668.98
341.38;328.22;-13.16;669.59
341.11;328.52;-12.58;669.63
340.55;327.55;-13.00;668.11
341.44;329.08;-12.36;670.52
339.74;327.85;-11.88;667.59
340.85;327.79;-13.06;668.65
341.20;328.53;-12.67;669.73
341.38;328.42;-12.96;669.79
341.07;328.46;-12.61;669.53
339.34;329.49;-9.85;668.82
341.21;327.95;-13.25;669.16
341.75;328.58;-13.16;670.33
341.66;329.19;-12.47;670.86
341.17;328.63;-12.54;669.80
340.51;328.35;-12.16;668.85
341.52;327.86;-13.66;669.39
340.96;327.90;-13.06;668.86
341.36;327.44;-13.92;668.80
341.38;327.96;-13.41;669.34
340.89;328.28;-12.61;669.17
340.99;327.67;-13.32;668.66
341.11;329.26;-11.84;670.37
341.25;327.56;-13.69;668.82
340.89;328.51;-12.38;669.41
340.64;328.46;-12.18;669.11
341.07;327.52;-13.55;668.59
340.88;328.52;-12.36;669.39
341.10;328.10;-13.00;669.20
340.95;328.68;-12.27;669.64
340.90;327.87;-13.03;668.77
340.88;326.48;-14.40;667.36
341.75;327.05;-14.69;668.80
340.65;328.35;-12.31;669.00
340.74;327.70;-13.04;668.44
340.50;327.93;-12.57;668.43
341.64;327.66;-13.98;669.29
341.32;327.76;-13.56;669.08
340.49;327.49;-13.00;667.98
340.45;328.79;-11.66;669.25
340.46;327.89;-12.57;668.36
341.44;327.92;-13.52;669.36
340.26;327.59;-12.66;667.85
340.12;328.26;-11.85;668.38
341.94;328.36;-13.57;670.30
339.92;327.44;-12.48;667.36
342.08;328.00;-14.08;670.08
339.66;328.55;-11.11;668.22
341.35;328.67;-12.68;670.02
341.42;328.02;-13.40;669.44
341.52;327.95;-13.58;669.47
340.58;327.79;-12.79;668.38
341.18;328.26;-12.92;669.44
341.10;328.09;-13.01;669.19
340.96;327.60;-13.36;668.56
340.60;327.98;-12.62;668.58
341.05;327.55;-13.50;668.61
341.52;327.82;-13.70;669.34
341.52;328.66;-12.85;670.18
341.46;328.38;-13.09;669.84
340.79;327.29;-13.49;668.08
341.04;328.85;-12.19;669.88
341.39;327.57;-13.82;668.96
341.21;328.68;-12.54;669.89
340.77;327.56;-13.21;668.33
341.22;328.39;-12.82;669.61
341.04;328.46;-12.58;669.50
340.98;327.39;-13.59;668.36
340.82;327.89;-12.92;668.71
340.78;327.59;-13.18;668.37
340.74;328.22;-12.52;668.96
340.79;328.61;-12.19;669.40
340.78;328.16;-12.62;668.95
341.65;327.96;-13.69;669.61
340.57;327.74;-12.83;668.31
340.34;328.05;-12.29;668.39
340.35;327.96;-12.39;668.31
340.36;328.52;-11.84;668.88
340.30;329.33;-10.97;669.63
340.13;327.82;-12.31;667.95
341.60;328.40;-13.20;670.00
341.39;327.85;-13.54;669.25
340.06;327.83;-12.23;667.89
340.11;328.71;-11.39;668.82
341.19;328.47;-12.72;669.66
339.86;328.08;-11.79;667.94
341.30;328.94;-12.36;670.24
341.90;327.89;-14.01;669.79
341.12;328.08;-13.04;669.21
341.22;327.55;-13.68;668.77
341.19;327.93;-13.26;669.12
341.21;328.02;-13.19;669.23
340.83;327.97;-12.86;668.80
341.02;327.68;-13.34;668.70
340.18;327.81;-12.36;667.99
341.54;327.71;-13.83;669.25
340.05;327.59;-12.45;667.64
341.19;328.08;-13.11;669.26
341.60;328.26;-13.34;669.86
341.40;328.46;-12.94;669.86
341.38;327.80;-13.58;669.18
341.36;327.59;-13.76;668.95
341.24;328.13;-13.11;669.36
340.93;327.89;-13.04;668.82
341.77;327.79;-13.98;669.56
339.25;328.04;-11.21;667.28
341.39;328.35;-13.04;669.74
341.19;328.28;-12.91;669.48
341.78;328.56;-13.22;670.34
341.31;327.75;-13.55;669.06
341.38;327.62;-13.76;669.00
340.79;328.28;-12.51;669.06
341.60;328.16;-13.44;669.76
341.41;327.88;-13.52;669.29
340.58;327.49;-13.09;668.06
341.62;327.68;-13.94;669.31
341.31;328.52;-12.79;669.84
341.30;326.14;-15.16;667.44
340.77;327.75;-13.02;668.52
341.46;327.20;-14.26;668.66
341.15;325.80;-15.35;666.95
340.86;326.64;-14.22;667.49
341.12;328.09;-13.04;669.21
341.04;328.24;-12.80;669.27
340.85;327.16;-13.69;668.01
341.46;327.92;-13.54;669.38
340.82;327.71;-13.11;668.53
342.26;327.64;-14.62;669.90
341.75;328.65;-13.10;670.39
341.36;327.05;-14.31;668.41
340.55;327.73;-12.82;668.28
341.95;327.96;-13.98;669.91
340.48;328.12;-12.36;668.59
341.54;327.91;-13.62;669.45
340.33;328.21;-12.12;668.54
340.16;328.12;-12.04;668.29
340.03;327.54;-12.49;667.57
341.48;328.52;-12.96;669.99
342.05;326.66;-15.38;668.71
341.91;328.57;-13.34;670.48
341.12;326.87;-14.25;667.99
341.35;326.89;-14.45;668.24
341.09;327.78;-13.31;668.87
341.51;327.68;-13.84;669.19
341.66;327.19;-14.46;668.85
341.21;327.84;-13.37;669.05
341.51;327.52;-13.99;669.02
341.48;327.90;-13.58;669.38
340.82;328.41;-12.41;669.22
341.20;328.11;-13.09;669.31
341.21;327.49;-13.72;668.70
341.15;327.74;-13.41;668.89
341.04;327.55;-13.49;668.59
341.15;327.23;-13.92;668.38
340.94;328.13;-12.81;669.06
341.02;328.61;-12.41;669.64
340.77;328.41;-12.36;669.18
340.88;328.31;-12.58;669.19
340.79;327.74;-13.05;668.53
340.71;328.15;-12.56;668.85
341.09;328.12;-12.97;669.22
341.21;327.84;-13.36;669.05
341.72;327.53;-14.19;669.25
340.59;326.93;-13.66;667.52
342.11;328.00;-14.11;670.11
340.46;327.73;-12.74;668.19
341.61;327.96;-13.65;669.57
340.35;327.92;-12.42;668.27
341.30;327.54;-13.76;668.84
341.41;327.97;-13.44;669.38
340.23;327.74;-12.49;667.97
341.57;327.44;-14.13;669.01
341.93;327.84;-14.09;669.76
341.44;327.44;-14.00;668.88
341.60;327.28;-14.32;668.88
341.68;328.81;-12.86;670.49
341.19;326.95;-14.25;668.14
341.62;328.05;-13.58;669.67
341.04;327.58;-13.46;668.62
340.99;327.80;-13.19;668.79
341.39;327.21;-14.18;668.60
342.16;327.89;-14.27;670.05
340.97;327.19;-13.78;668.16
341.51;327.57;-13.94;669.08
340.98;327.87;-13.11;668.85
341.00;327.84;-13.16;668.84
341.49;327.70;-13.79;669.19
