351.76;337.60;-14.16;689.36
351.74;337.81;-13.94;689.55
351.93;338.29;-13.64;690.22
351.74;338.11;-13.64;689.85
353.18;338.28;-14.90;691.45
351.98;338.14;-13.84;690.12
352.80;338.82;-13.98;691.62
351.91;338.85;-13.06;690.75
353.68;338.99;-14.68;692.67
351.51;337.82;-13.68;689.33
351.69;337.57;-14.12;689.26
351.75;337.74;-14.01;689.49
353.09;338.84;-14.26;691.93
353.29;337.95;-15.34;691.24
351.55;338.93;-12.62;690.48
354.42;338.62;-15.81;693.04
353.55;338.09;-15.46;691.64
353.05;338.17;-14.88;691.22
352.61;336.66;-15.94;689.27
353.46;336.74;-16.72;690.20
351.14;338.34;-12.79;689.48
352.88;338.01;-14.88;690.89
351.04;338.09;-12.95;689.12
352.28;338.24;-14.04;690.52
351.06;337.88;-13.18;688.94
350.94;337.92;-13.01;688.86
352.85;337.75;-15.09;690.60
350.84;337.82;-13.02;688.66
352.75;338.31;-14.44;691.05
353.39;338.01;-15.38;691.40
352.74;337.32;-15.41;690.06
352.40;337.77;-14.63;690.17
351.80;337.91;-13.89;689.71
350.46;337.82;-12.64;688.29
353.16;337.66;-15.49;690.82
350.45;337.66;-12.79;688.11
352.21;338.74;-13.46;690.95
353.41;338.29;-15.12;691.70
353.08;337.97;-15.11;691.05
353.21;338.61;-14.59;691.82
352.14;337.65;-14.49;689.79
351.77;337.61;-14.16;689.38
352.85;337.52;-15.32;690.37
353.08;337.39;-15.69;690.47
352.65;337.21;-15.44;689.86
352.22;337.70;-14.52;689.92
352.12;337.13;-14.99;689.25
352.66;337.40;-15.26;690.06
352.57;337.91;-14.66;690.48
352.45;337.52;-14.93;689.96
351.85;338.67;-13.18;690.52
352.14;338.09;-14.04;690.23
351.08;337.92;-13.16;689.00
353.34;338.38;-14.96;691.72
351.80;338.49;-13.31;690.29
351.99;337.59;-14.39;689.58
352.04;338.32;-13.72;690.36
351.94;337.58;-14.35;689.52
351.81;338.67;-13.14;690.48
351.61;337.24;-14.37;688.84
351.71;339.06;-12.65;690.78
351.64;337.27;-14.37;688.91
353.39;337.35;-16.04;690.74
352.72;338.69;-14.02;691.41
351.51;337.68;-13.82;689.19
351.38;338.83;-12.55;690.21
351.27;337.52;-13.75;688.79
351.26;338.48;-12.78;689.74
351.18;338.10;-13.08;689.28
351.13;338.21;-12.92;689.34
350.96;338.36;-12.60;689.32
352.09;337.92;-14.17;690.02
352.59;337.72;-14.88;690.31
350.83;338.44;-12.39;689.26
350.80;339.28;-11.52;690.08
353.16;338.38;-14.78;691.54
352.97;338.20;-14.77;691.17
350.64;338.12;-12.51;688.76
350.71;337.70;-13.01;688.41
353.19;338.05;-15.15;691.24
352.24;337.85;-14.38;690.09
350.52;338.02;-12.50;688.55
352.81;338.01;-14.81;690.82
352.81;338.62;-14.19;691.44
353.34;338.68;-14.66;692.01
350.15;338.50;-11.65;688.65
350.11;338.29;-11.82;688.40
351.42;338.23;-13.19;689.65
352.92;337.22;-15.70;690.14
352.43;337.58;-14.85;690.01
350.05;338.29;-11.76;688.34
351.72;338.62;-13.11;690.34
352.26;337.54;-14.72;689.80
350.04;338.85;-11.19;688.89
352.59;338.14;-14.45;690.72
349.75;339.14;-10.61;688.89
351.43;338.54;-12.89;689.97
352.31;338.59;-13.72;690.91
352.62;337.86;-14.76;690.49
352.74;338.26;-14.48;691.00
351.87;338.76;-13.11;690.64
349.70;338.49;-11.21;688.19
351.56;338.46;-13.10;690.02
352.76;337.99;-14.76;690.75
352.04;337.68;-14.36;689.71
352.53;338.04;-14.49;690.57
352.39;338.78;-13.62;691.17
352.41;338.19;-14.22;690.60
351.74;338.08;-13.65;689.82
352.48;337.77;-14.71;690.25
349.21;338.74;-10.47;687.94
352.27;337.95;-14.32;690.22
351.96;339.24;-12.73;691.20
352.03;337.79;-14.24;689.82
351.92;338.33;-13.59;690.25
352.16;339.35;-12.81;691.51
352.06;338.16;-13.90;690.22
352.02;338.16;-13.86;690.18
351.90;337.58;-14.32;689.48
351.81;337.58;-14.23;689.38
351.77;338.94;-12.83;690.71
351.44;338.82;-12.62;690.26
351.66;338.81;-12.86;690.47
351.65;337.34;-14.31;688.99
351.45;338.78;-12.67;690.24
351.52;337.69;-13.83;689.21
351.42;338.48;-12.94;689.90
351.40;338.39;-13.01;689.79
353.15;337.09;-16.06;690.25
353.35;338.36;-14.98;691.71
353.39;337.84;-15.55;691.22
353.26;338.67;-14.59;691.94
350.91;339.07;-11.84;689.98
350.76;337.89;-12.88;688.65
350.69;338.08;-12.61;688.77
353.31;338.21;-15.09;691.52
350.57;338.27;-12.30;688.84
352.08;337.98;-14.09;690.06
353.42;338.05;-15.37;691.46
352.88;337.91;-14.97;690.78
352.67;337.81;-14.86;690.48
353.15;338.27;-14.88;691.42
351.76;338.55;-13.22;690.31
352.38;337.86;-14.52;690.24
351.79;338.43;-13.36;690.22
351.54;337.24;-14.30;688.77
352.72;337.80;-14.92;690.52
352.45;337.56;-14.89;690.01
352.56;337.91;-14.65;690.46
352.32;338.66;-13.66;690.98
352.05;337.99;-14.06;690.04
351.68;337.39;-14.29;689.07
353.18;338.19;-14.99;691.38
351.79;338.06;-13.73;689.85
352.04;338.31;-13.74;690.35
352.16;338.07;-14.09;690.23
352.03;337.69;-14.34;689.72
351.90;337.51;-14.39;689.41
351.72;338.01;-13.71;689.73
351.67;337.92;-13.75;689.59
351.68;338.81;-12.87;690.48
353.25;338.76;-14.49;692.02
353.16;338.43;-14.73;691.59
351.49;338.58;-12.91;690.06
351.43;338.28;-13.15;689.71
352.61;338.37;-14.24;690.98
351.18;338.29;-12.89;689.47
351.09;339.12;-11.97;690.21
350.97;338.30;-12.67;689.27
351.01;338.56;-12.44;689.57
352.84;338.19;-14.64;691.03
352.68;337.74;-14.94;690.42
352.66;338.18;-14.49;690.84
352.74;338.49;-14.25;691.23
353.21;337.91;-15.29;691.12
352.40;337.72;-14.68;690.12
352.89;338.05;-14.85;690.94
350.18;338.75;-11.42;688.93
350.09;338.96;-11.14;689.05
352.34;337.39;-14.95;689.74
353.02;337.85;-15.17;690.86
352.38;337.60;-14.78;689.98
352.05;338.44;-13.61;690.49
352.75;337.28;-15.46;690.03
352.82;337.82;-15.00;690.65
352.86;337.66;-15.21;690.52
352.54;337.68;-14.85;690.22
352.08;338.91;-13.17;690.99
352.37;337.50;-14.87;689.87
352.33;338.79;-13.54;691.12
352.19;339.25;-12.94;691.45
352.25;337.78;-14.47;690.02
352.26;338.56;-13.71;690.82
353.31;337.60;-15.71;690.91
353.38;339.06;-14.32;692.44
352.12;337.69;-14.43;689.81
351.93;337.39;-14.54;689.32
351.78;337.62;-14.16;689.41
351.55;337.32;-14.23;688.88
351.67;337.84;-13.83;689.51
353.26;338.34;-14.92;691.60
353.78;337.65;-16.14;691.43
351.35;338.29;-13.06;689.64
353.62;337.16;-16.45;690.78
351.22;338.04;-13.18;689.26
352.88;337.31;-15.58;690.19
352.31;338.29;-14.02;690.59
352.89;337.34;-15.55;690.22
350.84;337.83;-13.01;688.66
352.36;337.83;-14.54;690.19
350.67;337.59;-13.08;688.26
353.63;337.43;-16.20;691.06
352.74;337.68;-15.06;690.41
352.99;338.03;-14.96;691.02
352.21;337.96;-14.25;690.17
351.77;337.81;-13.96;689.58
351.67;337.92;-13.75;689.59
352.84;337.09;-15.75;689.94
352.33;337.44;-14.89;689.77
352.51;337.55;-14.96;690.06
351.72;337.60;-14.12;689.32
353.12;337.14;-15.98;690.25
351.94;338.35;-13.59;690.29
352.74;338.07;-14.66;690.81
352.36;337.57;-14.79;689.94
352.72;338.03;-14.69;690.75
352.76;337.54;-15.22;690.31
351.87;338.14;-13.74;690.01
352.51;338.61;-13.89;691.12
351.98;337.69;-14.29;689.68
352.68;337.36;-15.31;690.04
351.25;338.29;-12.95;689.54
353.21;337.62;-15.59;690.83
352.22;337.40;-14.82;689.62
352.50;337.46;-15.04;689.96
352.31;337.93;-14.38;690.24
351.72;337.87;-13.85;689.59
352.98;338.58;-14.39;691.56
352.18;337.48;-14.69;689.66
352.40;338.22;-14.18;690.62
351.21;338.08;-13.13;689.28
352.68;338.13;-14.55;690.81
352.09;337.97;-14.12;690.06
351.42;337.92;-13.50;689.34
351.68;337.96;-13.71;689.64
351.64;337.49;-14.15;689.14
351.99;338.05;-13.94;690.04
352.39;337.92;-14.48;690.31
351.98;338.15;-13.82;690.13
352.36;337.86;-14.50;690.22
352.21;338.44;-13.77;690.64
352.12;337.61;-14.51;689.74
352.19;337.82;-14.37;690.01
352.12;337.40;-14.72;689.52
352.16;337.84;-14.32;689.99
352.19;337.72;-14.46;689.91
353.35;337.64;-15.71;690.98
351.92;339.02;-12.90;690.94
351.65;338.21;-13.45;689.86
353.15;338.65;-14.50;691.79
351.40;337.75;-13.65;689.15
352.61;337.75;-14.86;690.36
351.52;337.70;-13.82;689.22
351.39;337.60;-13.79;688.99
352.64;338.74;-13.90;691.38
352.65;336.76;-15.89;689.42
353.41;338.86;-14.55;692.28
351.08;338.23;-12.85;689.31
350.96;336.81;-14.15;687.76
352.18;338.43;-13.75;690.61
350.88;338.14;-12.74;689.01
352.26;338.14;-14.12;690.40
352.28;337.92;-14.35;690.20
352.34;338.11;-14.23;690.44
352.81;338.06;-14.75;690.87
350.47;338.27;-12.20;688.74
352.08;338.03;-14.05;690.11
352.56;337.78;-14.79;690.34
352.92;337.98;-14.94;690.91
351.72;338.04;-13.69;689.76
351.91;338.15;-13.76;690.06
352.80;338.25;-14.55;691.05
353.03;337.56;-15.47;690.59
352.78;338.66;-14.12;691.44
352.08;337.24;-14.85;689.32
352.36;338.18;-14.18;690.54
352.41;337.56;-14.84;689.97
351.63;338.60;-13.03;690.23
351.95;338.00;-13.95;689.95
351.44;337.72;-13.72;689.15
352.28;339.18;-13.10;691.45
351.87;337.91;-13.96;689.78
351.84;338.48;-13.36;690.32
351.86;338.19;-13.66;690.05
351.95;337.66;-14.29;689.61
351.95;337.85;-14.11;689.80
351.83;337.21;-14.62;689.04
351.53;338.74;-12.79;690.27
351.54;338.65;-12.89;690.19
351.52;338.65;-12.87;690.16
351.56;338.49;-13.06;690.05
351.53;337.73;-13.80;689.26
351.38;338.41;-12.98;689.79
351.26;339.04;-12.23;690.30
352.69;338.32;-14.38;691.01
351.07;338.66;-12.41;689.73
352.46;338.31;-14.16;690.77
350.86;337.65;-13.22;688.51
351.48;337.73;-13.75;689.21
350.66;338.31;-12.35;688.96
351.87;337.74;-14.14;689.61
353.27;338.09;-15.18;691.36
350.46;338.02;-12.44;688.48
350.28;337.99;-12.29;688.26
350.31;338.42;-11.89;688.74
351.61;338.54;-13.06;690.15
352.18;337.49;-14.68;689.67
352.04;338.64;-13.40;690.68
351.90;338.53;-13.37;690.43
353.01;337.45;-15.56;690.46
352.25;338.02;-14.24;690.27
352.38;337.88;-14.49;690.26
352.22;338.16;-14.06;690.38
352.71;338.75;-13.96;691.46
351.88;337.79;-14.08;689.67
352.19;338.26;-13.94;690.45
351.42;338.56;-12.86;689.98
352.15;338.49;-13.66;690.65
352.14;338.25;-13.88;690.39
352.04;338.94;-13.10;690.97
351.07;338.80;-12.27;689.87
351.54;338.76;-12.77;690.30
351.19;338.29;-12.90;689.48
351.52;337.80;-13.72;689.32
352.82;338.96;-13.86;691.78
351.07;339.14;-11.94;690.21
351.41;338.60;-12.81;690.01
351.40;338.16;-13.24;689.56
351.29;338.48;-12.81;689.78
352.61;338.16;-14.44;690.77
351.09;337.90;-13.19;688.99
350.94;337.86;-13.07;688.80
353.25;338.01;-15.24;691.25
352.81;337.90;-14.91;690.71
352.50;337.66;-14.84;690.16
352.32;338.00;-14.32;690.32
352.71;338.44;-14.26;691.15
350.36;338.46;-11.89;688.82
351.51;337.92;-13.59;689.42
350.32;337.86;-12.46;688.19
350.12;337.80;-12.32;687.92
350.18;338.52;-11.66;688.71
350.16;338.31;-11.86;688.47
352.72;338.83;-13.89;691.55
352.08;338.66;-13.41;690.74
352.82;338.59;-14.22;691.41
351.54;338.39;-13.15;689.93
352.23;338.50;-13.73;690.73
352.64;338.43;-14.21;691.07
351.76;338.56;-13.19;690.32
352.26;338.22;-14.04;690.48
351.61;338.65;-12.95;690.26
352.22;338.15;-14.07;690.36
351.84;337.81;-14.03;689.65
352.35;338.06;-14.28;690.41
352.21;337.91;-14.29;690.12
352.21;339.20;-13.01;691.41
351.73;337.74;-13.99;689.47
351.74;338.95;-12.79;690.69
351.74;337.44;-14.30;689.18
351.72;338.64;-13.08;690.36
351.58;339.04;-12.54;690.61
352.99;338.52;-14.46;691.51
352.18;337.84;-14.34;690.01
351.44;338.88;-12.56;690.32
351.31;338.38;-12.92;689.69
350.68;338.46;-12.21;689.14
351.20;338.32;-12.88;689.52
351.19;338.69;-12.50;689.89
352.76;338.55;-14.21;691.32
351.13;338.15;-12.98;689.28
350.96;338.12;-12.84;689.08
352.22;338.32;-13.90;690.54
351.02;338.12;-12.90;689.15
350.98;338.03;-12.95;689.01
352.51;336.52;-15.99;689.03
350.80;337.85;-12.95;688.65
352.39;337.85;-14.54;690.24
350.85;338.36;-12.49;689.21
351.67;338.54;-13.13;690.21
350.59;337.89;-12.69;688.48
350.39;337.96;-12.44;688.35
352.21;338.69;-13.52;690.90
352.63;338.56;-14.06;691.19
351.88;337.95;-13.93;689.84
351.91;338.48;-13.42;690.39
352.90;337.81;-15.09;690.71
351.99;338.28;-13.72;690.27
352.74;338.08;-14.66;690.82
352.41;337.93;-14.48;690.34
351.92;338.20;-13.72;690.12
352.94;338.00;-14.94;690.94
352.94;338.38;-14.56;691.32
352.65;337.98;-14.68;690.63
352.72;337.77;-14.95;690.49
352.09;338.21;-13.88;690.31
351.91;338.26;-13.64;690.17
352.27;338.39;-13.88;690.66
351.75;338.22;-13.54;689.97
352.45;337.19;-15.26;689.65
352.36;337.79;-14.57;690.15
352.30;338.36;-13.94;690.66
352.39;338.78;-13.61;691.16
351.91;338.20;-13.71;690.11
352.53;338.10;-14.43;690.63
352.41;338.66;-13.75;691.07
352.52;338.58;-13.94;691.11
351.87;338.77;-13.10;690.64
352.38;337.89;-14.48;690.27
352.27;338.41;-13.86;690.68
351.90;338.42;-13.48;690.32
351.81;339.19;-12.61;691.00
352.05;338.15;-13.90;690.19
352.78;339.28;-13.49;692.06
351.82;338.05;-13.77;689.88
351.53;337.53;-14.00;689.06
351.74;338.47;-13.27;690.21
351.52;338.84;-12.69;690.36
351.63;338.03;-13.60;689.66
351.46;339.00;-12.46;690.46
351.52;338.54;-12.98;690.06
352.18;337.72;-14.46;689.90
351.28;338.71;-12.58;689.99
351.28;338.28;-13.00;689.56
351.28;338.34;-12.94;689.62
351.18;338.37;-12.81;689.55
351.11;339.19;-11.92;690.30
351.13;338.02;-13.11;689.15
350.83;338.45;-12.38;689.28
350.96;338.42;-12.54;689.38
352.34;338.09;-14.25;690.43
350.85;338.21;-12.64;689.06
350.99;339.46;-11.53;690.46
352.08;338.76;-13.32;690.84
352.16;339.19;-12.98;691.35
350.96;338.62;-12.34;689.58
352.75;339.01;-13.74;691.76
352.68;338.33;-14.35;691.01
350.81;338.83;-11.98;689.64
350.62;339.15;-11.48;689.77
350.71;338.21;-12.50;688.92
352.43;338.59;-13.84;691.02
352.89;338.39;-14.49;691.28
351.01;337.96;-13.05;688.98
352.41;337.87;-14.54;690.28
350.04;338.61;-11.43;688.65
352.59;338.21;-14.38;690.80
349.78;338.58;-11.20;688.35
351.98;337.84;-14.15;689.82
351.89;338.77;-13.12;690.66
351.81;338.44;-13.38;690.25
352.39;338.28;-14.11;690.68
352.02;338.09;-13.94;690.11
352.67;338.09;-14.58;690.76
352.11;338.17;-13.94;690.28
352.67;338.36;-14.31;691.03
352.09;338.12;-13.97;690.21
352.02;338.63;-13.39;690.65
352.35;336.94;-15.41;689.28
352.11;338.36;-13.75;690.48
351.65;337.88;-13.78;689.53
352.08;338.29;-13.79;690.37
352.05;339.07;-12.98;691.12
351.94;339.09;-12.85;691.02
351.96;338.22;-13.74;690.18
352.06;338.22;-13.84;690.28
351.09;338.88;-12.21;689.97
351.99;338.73;-13.26;690.72
351.85;338.78;-13.07;690.62
351.85;338.05;-13.80;689.91
351.61;338.68;-12.93;690.28
353.19;338.42;-14.77;691.61
351.44;338.61;-12.83;690.04
351.14;338.51;-12.63;689.65
351.20;338.34;-12.86;689.54
351.12;338.28;-12.84;689.40
352.84;338.05;-14.79;690.89
352.36;337.21;-15.16;689.57
351.89;337.73;-14.16;689.62
350.89;338.19;-12.69;689.08
351.93;338.42;-13.51;690.35
352.62;338.22;-14.39;690.84
350.69;336.47;-14.22;687.16
350.70;338.17;-12.53;688.87
351.78;338.60;-13.18;690.38
350.46;338.48;-11.98;688.94
352.89;338.25;-14.64;691.15
352.68;337.66;-15.01;690.34
350.28;338.35;-11.93;688.64
353.38;337.64;-15.74;691.01
352.61;337.74;-14.88;690.35
352.26;337.97;-14.29;690.23
351.97;338.05;-13.92;690.02
351.92;338.71;-13.21;690.64
351.78;337.40;-14.38;689.18
351.85;338.42;-13.44;690.27
352.69;338.19;-14.51;690.88
352.28;337.73;-14.55;690.01
352.24;338.24;-14.01;690.48
353.29;338.27;-15.02;691.56
352.30;338.54;-13.76;690.84
352.37;339.62;-12.75;691.99
352.27;338.24;-14.04;690.51
352.17;338.45;-13.72;690.62
352.21;337.68;-14.52;689.89
352.75;338.40;-14.35;691.15
352.06;338.85;-13.21;690.91
352.02;339.17;-12.85;691.19
351.95;338.91;-13.05;690.86
351.74;338.65;-13.09;690.39
351.65;338.40;-13.25;690.05
351.65;338.41;-13.25;690.06
350.98;338.59;-12.39;689.56
351.39;338.34;-13.05;689.72
351.32;338.37;-12.95;689.69
352.88;338.54;-14.34;691.42
351.23;338.15;-13.08;689.38
351.15;338.71;-12.45;689.86
351.07;338.36;-12.71;689.43
352.64;338.37;-14.26;691.01
352.51;337.78;-14.74;690.29
350.66;338.11;-12.55;688.77
350.54;337.96;-12.58;688.51
352.59;337.69;-14.89;690.28
352.57;337.92;-14.65;690.49
350.26;337.91;-12.35;688.16
352.78;337.90;-14.88;690.68
350.13;337.65;-12.48;687.78
352.36;340.12;-12.24;692.49
352.69;337.95;-14.75;690.64
352.30;338.46;-13.84;690.76
351.75;338.34;-13.42;690.09
351.76;338.60;-13.16;690.36
352.51;338.54;-13.96;691.05
352.61;338.54;-14.08;691.15
352.32;337.86;-14.46;690.18
351.88;337.94;-13.94;689.82
351.72;339.21;-12.52;690.93
352.14;338.14;-14.01;690.28
351.41;339.01;-12.40;690.42
351.56;337.79;-13.78;689.35
351.41;337.16;-14.24;688.57
351.46;337.71;-13.75;689.18
351.22;338.76;-12.46;689.98
351.09;338.70;-12.39;689.79
352.49;338.32;-14.18;690.81
352.01;338.00;-14.01;690.01
350.84;337.82;-13.02;688.65
352.08;337.92;-14.16;689.99
352.59;337.75;-14.84;690.34
350.63;337.59;-13.04;688.22
350.45;337.91;-12.55;688.36
353.55;337.92;-15.64;691.47
353.10;337.47;-15.63;690.57
352.82;337.83;-14.99;690.65
352.21;338.93;-13.28;691.14
352.84;338.84;-13.99;691.68
352.31;338.18;-14.13;690.49
352.78;338.15;-14.63;690.94
352.78;337.97;-14.81;690.75
352.78;337.86;-14.92;690.65
352.69;338.42;-14.27;691.11
352.32;338.23;-14.09;690.55
351.78;338.22;-13.56;689.99
352.46;337.92;-14.55;690.38
352.31;338.14;-14.16;690.45
352.34;338.48;-13.86;690.82
352.37;338.49;-13.88;690.86
352.61;337.59;-15.02;690.19
351.77;338.45;-13.32;690.22
352.08;337.96;-14.12;690.05
352.47;337.62;-14.85;690.09
352.41;338.61;-13.81;691.02
352.19;337.78;-14.41;689.97
352.15;338.27;-13.88;690.42
352.10;338.77;-13.33;690.87
351.94;338.02;-13.92;689.96
351.88;338.72;-13.16;690.61
351.83;338.02;-13.81;689.85
351.39;338.69;-12.70;690.08
351.69;338.54;-13.15;690.24
351.65;338.64;-13.02;690.29
351.16;338.65;-12.51;689.81
351.55;336.00;-15.55;687.55
351.46;338.49;-12.96;689.95
351.38;339.65;-11.73;691.04
351.28;339.14;-12.15;690.42
351.32;338.81;-12.51;690.14
351.32;338.64;-12.68;689.95
351.22;338.95;-12.26;690.17
351.28;338.65;-12.63;689.92
352.32;337.98;-14.34;690.29
350.97;338.32;-12.65;689.29
352.35;337.86;-14.49;690.21
352.32;337.89;-14.43;690.21
352.04;337.97;-14.06;690.01
350.76;338.04;-12.72;688.80
352.05;338.51;-13.54;690.56
350.80;338.12;-12.68;688.92
350.73;338.28;-12.45;689.01
352.22;338.29;-13.93;690.51
352.34;338.21;-14.12;690.55
352.06;338.66;-13.40;690.73
351.64;338.03;-13.61;689.67
352.19;338.41;-13.78;690.59
352.05;338.43;-13.62;690.48
350.21;338.49;-11.72;688.71
352.97;337.56;-15.41;690.53
352.18;338.31;-13.87;690.48
352.79;337.73;-15.06;690.52
352.95;338.29;-14.66;691.25
351.84;337.59;-14.24;689.43
351.49;337.92;-13.57;689.42
352.21;338.31;-13.91;690.52
352.21;338.23;-13.98;690.44
353.29;338.37;-14.92;691.66
351.88;337.99;-13.88;689.87
351.81;337.00;-14.81;688.81
351.49;337.88;-13.61;689.38
351.49;338.44;-13.05;689.92
351.99;338.48;-13.52;690.47
351.14;338.22;-12.92;689.36
353.20;338.01;-15.19;691.21
350.90;338.47;-12.43;689.37
350.78;338.07;-12.71;688.85
350.60;338.12;-12.48;688.72
350.54;338.50;-12.04;689.04
351.91;337.81;-14.11;689.72
351.79;337.60;-14.19;689.39
352.44;338.29;-14.15;690.73
351.72;337.99;-13.73;689.72
352.18;338.32;-13.86;690.49
351.99;337.98;-14.01;689.96
351.69;338.14;-13.55;689.83
351.66;338.79;-12.87;690.45
351.50;339.59;-11.91;691.09
351.34;338.52;-12.81;689.86
351.18;338.14;-13.04;689.32
351.06;338.89;-12.18;689.95
350.98;338.48;-12.51;689.46
350.84;338.42;-12.42;689.26
350.72;338.20;-12.52;688.92
352.55;338.59;-13.96;691.14
352.64;338.74;-13.89;691.38
351.76;338.54;-13.22;690.30
351.69;338.79;-12.89;690.48
351.86;339.04;-12.82;690.89
350.22;337.81;-12.41;688.02
351.45;338.66;-12.79;690.11
349.99;338.24;-11.76;688.23
351.79;338.63;-13.16;690.42
352.45;338.71;-13.74;691.16
351.95;339.17;-12.78;691.12
351.38;338.41;-12.97;689.79
351.89;338.85;-13.04;690.75
352.27;338.22;-14.05;690.49
352.16;338.55;-13.62;690.71
352.26;339.25;-13.02;691.51
351.27;339.28;-11.99;690.55
351.12;338.39;-12.72;689.51
351.99;339.08;-12.91;691.08
351.34;339.01;-12.32;690.35
352.91;339.31;-13.60;692.21
351.81;339.37;-12.44;691.18
351.69;338.59;-13.10;690.29
351.65;338.58;-13.06;690.23
351.29;338.28;-13.02;689.57
351.32;338.69;-12.64;690.01
351.32;338.45;-12.87;689.76
351.91;338.23;-13.68;690.14
352.76;336.71;-16.05;689.47
352.87;338.47;-14.40;691.34
350.88;337.86;-13.01;688.74
352.29;338.29;-14.01;690.58
350.52;338.09;-12.43;688.62
351.25;337.64;-13.61;688.89
352.24;338.46;-13.78;690.70
352.24;337.74;-14.50;689.97
351.94;338.18;-13.76;690.12
352.62;338.72;-13.90;691.35
352.21;339.11;-13.10;691.31
351.65;337.34;-14.31;688.98
352.54;338.21;-14.33;690.75
351.72;338.51;-13.21;690.23
352.58;339.36;-13.22;691.94
349.24;338.17;-11.06;687.41
351.38;338.78;-12.60;690.16
353.12;338.23;-14.89;691.35
352.10;337.75;-14.35;689.85
351.90;337.64;-14.26;689.54
351.62;337.84;-13.78;689.46
351.52;338.60;-12.92;690.12
352.96;338.76;-14.20;691.73
352.46;338.06;-14.41;690.52
351.14;337.37;-13.77;688.51
351.04;337.87;-13.17;688.91
352.62;337.96;-14.66;690.58
350.85;338.36;-12.49;689.21
353.03;338.20;-14.83;691.23
350.60;338.46;-12.14;689.06
353.45;338.99;-14.46;692.44
352.05;338.97;-13.08;691.02
352.61;338.30;-14.31;690.91
352.70;338.49;-14.21;691.19
352.13;337.60;-14.53;689.73
352.39;338.08;-14.31;690.46
353.52;337.96;-15.56;691.49
352.82;338.60;-14.22;691.42
352.42;338.41;-14.02;690.83
351.88;337.55;-14.32;689.43
352.48;337.65;-14.83;690.12
352.22;337.87;-14.35;690.09
352.29;337.88;-14.41;690.17
352.16;337.88;-14.28;690.05
352.08;338.56;-13.52;690.64
352.01;337.56;-14.45;689.56
353.31;337.47;-15.84;690.78
351.79;338.69;-13.09;690.48
351.66;337.70;-13.96;689.36
351.52;338.51;-13.02;690.03
351.37;337.59;-13.78;688.96
351.21;337.44;-13.78;688.65
351.06;338.72;-12.35;689.78
351.08;338.13;-12.95;689.21
351.01;338.56;-12.44;689.57
350.86;338.06;-12.81;688.92
353.79;338.09;-15.70;691.89
353.15;338.00;-15.15;691.15
352.41;338.11;-14.31;690.52
352.75;337.79;-14.96;690.54
352.84;337.82;-15.02;690.66
352.54;337.85;-14.68;690.39
352.31;337.85;-14.45;690.16
351.99;337.66;-14.33;689.65
352.58;338.11;-14.47;690.69
353.09;338.59;-14.50;691.68
352.02;338.29;-13.74;690.31
351.98;337.44;-14.54;689.41
352.34;337.74;-14.59;690.08
352.62;338.07;-14.55;690.69
352.23;337.81;-14.42;690.04
352.15;337.81;-14.35;689.96
351.94;337.25;-14.69;689.18
351.96;338.07;-13.89;690.04
352.13;338.74;-13.39;690.86
351.65;338.00;-13.65;689.65
351.71;337.74;-13.97;689.45
351.38;337.99;-13.39;689.37
351.51;338.28;-13.23;689.79
352.97;337.54;-15.44;690.51
351.09;337.33;-13.76;688.42
351.09;338.59;-12.49;689.68
352.35;338.13;-14.22;690.48
352.61;337.83;-14.78;690.44
350.80;338.34;-12.46;689.14
350.69;337.75;-12.95;688.44
353.00;337.76;-15.24;690.76
352.82;337.66;-15.16;690.49
351.56;337.81;-13.75;689.37
353.03;337.79;-15.24;690.82
352.26;337.21;-15.05;689.46
352.83;337.89;-14.94;690.72
352.09;337.80;-14.29;689.89
352.72;338.23;-14.49;690.95
352.30;337.89;-14.41;690.19
353.09;337.38;-15.72;690.47
352.60;337.51;-15.09;690.11
352.53;337.41;-15.12;689.94
352.49;338.14;-14.35;690.64
352.39;338.37;-14.02;690.76
352.12;337.65;-14.47;689.76
352.04;339.00;-13.04;691.04
351.85;337.98;-13.87;689.82
353.59;337.55;-16.04;691.14
351.69;336.57;-15.12;688.26
351.82;337.34;-14.49;689.16
354.12;337.69;-16.43;691.81
353.72;337.46;-16.25;691.18
351.36;338.11;-13.26;689.47
352.35;338.62;-13.74;690.97
350.96;337.34;-13.62;688.29
353.28;337.72;-15.55;691.00
352.58;338.34;-14.24;690.92
353.28;338.02;-15.25;691.30
353.11;337.95;-15.15;691.06
352.87;337.72;-15.15;690.59
350.15;337.71;-12.44;687.86
352.22;337.41;-14.81;689.63
352.81;337.51;-15.29;690.32
352.42;338.11;-14.31;690.54
352.80;338.21;-14.59;691.01
352.51;337.46;-15.04;689.97
352.51;337.95;-14.56;690.46
352.36;337.25;-15.11;689.61
352.32;337.85;-14.48;690.17
351.96;337.68;-14.28;689.65
352.08;337.78;-14.30;689.85
353.76;338.91;-14.85;692.67
354.05;338.21;-15.84;692.26
351.60;337.95;-13.65;689.55
353.34;338.62;-14.71;691.96
351.36;336.96;-14.41;688.32
351.18;338.06;-13.12;689.25
351.15;338.02;-13.13;689.16
350.88;337.89;-12.99;688.77
353.11;338.21;-14.91;691.32
350.57;338.08;-12.49;688.65
353.51;337.39;-16.11;690.90
350.31;337.69;-12.62;687.99
352.22;337.70;-14.52;689.92
352.32;337.82;-14.50;690.15
352.14;337.88;-14.26;690.01
352.00;337.92;-14.08;689.92
352.39;337.71;-14.69;690.10
352.28;338.08;-14.19;690.36
351.49;338.00;-13.49;689.49
352.02;337.61;-14.41;689.64
352.00;338.01;-13.99;690.01
351.88;339.04;-12.84;690.92
351.58;338.72;-12.86;690.30
351.36;337.64;-13.72;688.99
351.24;338.25;-12.99;689.49
352.94;338.18;-14.76;691.12
351.03;337.96;-13.06;688.99
351.79;337.73;-14.06;689.52
353.50;338.29;-15.21;691.79
352.12;337.88;-14.24;689.99
352.19;338.12;-14.07;690.32
352.14;337.56;-14.58;689.71
352.76;338.33;-14.44;691.09
350.32;337.75;-12.57;688.08
352.35;338.36;-13.99;690.71
352.40;337.49;-14.91;689.89
352.88;338.02;-14.86;690.89
352.44;337.23;-15.21;689.66
351.80;338.91;-12.89;690.71
351.49;337.72;-13.78;689.21
352.64;338.21;-14.43;690.85
352.55;338.89;-13.66;691.44
351.91;338.74;-13.17;690.65
352.45;338.09;-14.36;690.55
351.71;339.87;-11.84;691.58
351.26;337.86;-13.40;689.12
352.05;339.16;-12.89;691.22
351.65;338.29;-13.36;689.95
352.01;338.29;-13.72;690.30
353.57;337.45;-16.12;691.02
351.56;337.91;-13.65;689.46
351.66;338.93;-12.73;690.59
351.45;337.61;-13.84;689.05
351.37;337.64;-13.74;689.01
351.17;338.08;-13.09;689.25
351.14;338.14;-13.01;689.28
353.00;338.18;-14.82;691.18
351.01;338.32;-12.69;689.34
352.33;338.16;-14.16;690.49
350.71;338.41;-12.29;689.12
350.75;338.32;-12.44;689.07
353.12;338.65;-14.46;691.77
352.83;337.95;-14.88;690.78
352.86;338.65;-14.21;691.51
353.38;338.28;-15.10;691.66
352.47;338.18;-14.29;690.65
351.96;337.32;-14.65;689.28
352.59;337.99;-14.60;690.58
352.31;337.32;-14.99;689.63
352.40;337.27;-15.13;689.67
351.48;338.16;-13.32;689.64
352.79;337.65;-15.14;690.44
352.08;337.72;-14.35;689.80
352.32;337.58;-14.75;689.90
352.20;337.28;-14.92;689.48
352.44;337.30;-15.14;689.74
353.61;337.75;-15.86;691.36
352.26;337.19;-15.06;689.45
351.81;337.51;-14.29;689.32
352.04;337.86;-14.18;689.90
352.05;337.18;-14.88;689.23
351.92;337.84;-14.08;689.75
353.56;337.27;-16.29;690.83
352.66;339.02;-13.64;691.68
351.48;338.46;-13.02;689.94
352.77;338.62;-14.15;691.39
353.62;338.25;-15.37;691.88
352.46;338.64;-13.82;691.09
351.12;338.54;-12.58;689.65
353.42;337.38;-16.04;690.80
352.40;338.05;-14.35;690.45
352.34;336.72;-15.62;689.06
353.06;337.54;-15.52;690.59
352.55;337.49;-15.06;690.04
352.05;338.29;-13.76;690.34
352.61;338.53;-14.08;691.14
352.26;337.59;-14.66;689.85
352.41;337.97;-14.44;690.38
352.27;337.81;-14.46;690.08
352.21;338.57;-13.64;690.78
352.14;338.25;-13.88;690.39
351.99;338.26;-13.72;690.25
351.85;337.38;-14.47;689.24
351.75;338.68;-13.08;690.43
351.65;337.11;-14.55;688.76
351.46;339.16;-12.30;690.63
351.32;338.30;-13.02;689.62
351.32;337.55;-13.78;688.87
351.14;338.16;-12.98;689.31
351.06;338.07;-12.99;689.14
352.18;338.03;-14.15;690.21
352.99;338.18;-14.81;691.17
352.45;337.68;-14.78;690.13
353.76;337.80;-15.96;691.56
352.93;337.08;-15.85;690.01
350.32;337.55;-12.77;687.86
351.97;337.38;-14.59;689.35
353.02;338.21;-14.81;691.22
352.97;338.01;-14.96;690.98
353.00;337.35;-15.65;690.35
351.98;338.36;-13.62;690.34
352.54;337.04;-15.50;689.57
352.76;337.75;-15.01;690.51
351.95;338.41;-13.54;690.36
352.03;338.26;-13.77;690.29
352.22;337.65;-14.56;689.87
352.50;337.65;-14.85;690.15
352.38;338.18;-14.21;690.56
352.16;336.81;-15.36;688.97
351.53;337.88;-13.65;689.41
353.08;337.68;-15.40;690.75
353.39;337.79;-15.60;691.19
353.65;338.94;-14.71;692.58
353.11;337.55;-15.55;690.66
353.16;338.08;-15.08;691.24
351.60;337.57;-14.03;689.17
351.55;338.42;-13.12;689.97
353.21;337.44;-15.77;690.64
351.37;337.84;-13.54;689.21
351.31;338.28;-13.03;689.58
353.07;338.23;-14.84;691.30
352.22;337.07;-15.15;689.29
352.62;337.99;-14.62;690.61
352.26;338.32;-13.94;690.58
353.10;336.65;-16.45;689.75
352.56;337.78;-14.78;690.34
353.44;337.32;-16.12;690.75
352.54;337.28;-15.26;689.82
353.25;337.97;-15.28;691.22
352.77;337.42;-15.35;690.19
353.02;338.27;-14.75;691.29
352.08;337.91;-14.17;689.99
352.84;337.68;-15.16;690.52
352.67;337.39;-15.28;690.06
352.20;337.99;-14.21;690.19
352.33;338.63;-13.70;690.96
352.40;338.44;-13.96;690.84
352.26;337.95;-14.31;690.22
352.14;337.52;-14.62;689.66
353.67;337.52;-16.15;691.19
351.87;337.34;-14.53;689.21
353.80;337.66;-16.14;691.46
351.58;337.56;-14.02;689.15
353.49;338.34;-15.16;691.83
351.30;337.92;-13.38;689.22
352.81;338.01;-14.81;690.82
351.04;338.01;-13.04;689.05
350.91;338.24;-12.66;689.15
353.10;337.71;-15.39;690.81
350.81;337.95;-12.86;688.76
352.71;338.28;-14.43;690.99
352.64;337.81;-14.82;690.45
352.49;337.73;-14.76;690.22
350.81;337.01;-13.79;687.82
351.81;337.91;-13.90;689.71
350.52;337.93;-12.59;688.45
352.59;337.87;-14.72;690.46
352.61;337.29;-15.31;689.90
353.01;337.32;-15.69;690.34
352.61;338.13;-14.48;690.74
352.43;337.95;-14.48;690.38
352.85;337.16;-15.69;690.01
352.72;337.64;-15.09;690.36
352.76;337.70;-15.06;690.46
352.01;337.45;-14.55;689.46
352.26;337.47;-14.79;689.73
352.05;338.51;-13.54;690.56
352.13;337.82;-14.31;689.95
352.01;337.69;-14.32;689.71
351.94;337.51;-14.43;689.45
351.69;338.81;-12.88;690.49
352.55;337.88;-14.67;690.44
351.59;337.93;-13.66;689.52
351.54;338.76;-12.78;690.30
353.45;338.26;-15.19;691.71
351.30;337.38;-13.92;688.68
353.15;337.24;-15.91;690.38
353.72;337.02;-16.70;690.75
353.39;338.11;-15.28;691.50
352.49;337.99;-14.51;690.48
352.76;337.59;-15.18;690.35
352.85;337.64;-15.22;690.49
353.45;337.48;-15.96;690.93
352.01;337.99;-14.02;690.01
352.74;338.17;-14.57;690.91
352.85;337.46;-15.39;690.31
352.37;337.94;-14.43;690.31
352.05;337.49;-14.56;689.55
352.56;337.78;-14.78;690.35
352.21;338.21;-14.01;690.42
351.87;338.31;-13.56;690.18
352.51;336.45;-16.06;688.95
352.01;337.65;-14.36;689.65
353.95;337.20;-16.75;691.15
351.62;337.62;-13.99;689.24
351.61;337.64;-13.98;689.25
353.26;337.26;-16.01;690.52
351.26;337.34;-13.93;688.60
353.78;338.59;-15.18;692.37
351.20;338.24;-12.96;689.44
351.19;336.83;-14.36;688.02
351.07;337.37;-13.70;688.44
350.98;338.05;-12.93;689.04
350.93;337.99;-12.94;688.92
350.81;338.57;-12.24;689.38
353.14;337.85;-15.29;690.99
352.22;338.39;-13.83;690.61
352.43;338.14;-14.29;690.56
353.36;337.78;-15.58;691.14
352.39;337.08;-15.32;689.47
352.08;337.98;-14.09;690.06
352.21;337.95;-14.26;690.15
352.66;337.96;-14.71;690.62
352.02;337.14;-14.88;689.15
352.44;337.45;-14.99;689.89
351.96;338.19;-13.77;690.16
351.49;337.74;-13.75;689.22
352.07;338.23;-13.84;690.30
352.01;338.94;-13.08;690.95
351.85;337.42;-14.44;689.27
351.84;337.88;-13.96;689.72
351.76;338.89;-12.86;690.65
352.43;338.70;-13.73;691.13
351.59;337.35;-14.24;688.94
351.55;337.19;-14.36;688.74
351.48;336.92;-14.56;688.39
352.58;338.53;-14.05;691.11
352.38;338.24;-14.14;690.62
353.20;336.76;-16.44;689.96
352.82;338.33;-14.49;691.15
353.11;338.02;-15.09;691.12
352.05;339.03;-13.02;691.08
350.52;338.53;-11.99;689.05
352.86;337.75;-15.11;690.61
351.47;338.51;-12.96;689.98
352.00;337.76;-14.24;689.76
351.66;337.59;-14.07;689.25
353.03;337.99;-15.04;691.02
352.61;338.06;-14.55;690.67
352.15;338.18;-13.96;690.33
352.65;338.15;-14.51;690.80
352.64;337.69;-14.95;690.32
352.49;337.87;-14.62;690.36
351.96;338.09;-13.88;690.05
351.85;338.25;-13.61;690.10
352.39;338.04;-14.36;690.43
352.03;338.61;-13.42;690.64
350.57;337.89;-12.68;688.46
352.05;338.15;-13.91;690.20
352.05;338.19;-13.86;690.25
351.69;339.16;-12.52;690.85
351.41;338.67;-12.74;690.08
352.77;338.32;-14.45;691.09
351.35;337.85;-13.50;689.19
351.26;337.59;-13.67;688.86
353.67;338.04;-15.64;691.71
353.29;338.50;-14.79;691.79
350.87;338.94;-11.93;689.81
353.08;338.17;-14.91;691.25
352.27;337.93;-14.34;690.20
352.16;338.24;-13.93;690.40
352.25;338.04;-14.22;690.29
352.66;337.76;-14.90;690.43
352.77;338.56;-14.21;691.34
352.05;338.02;-14.04;690.07
350.09;338.54;-11.55;688.63
351.59;337.57;-14.02;689.16
351.12;337.95;-13.16;689.07
352.51;338.46;-14.05;690.96
352.20;338.30;-13.90;690.50
352.45;338.25;-14.19;690.70
352.38;337.81;-14.58;690.19
352.33;338.09;-14.24;690.42
352.59;337.79;-14.81;690.38
351.82;338.30;-13.52;690.12
351.84;338.24;-13.59;690.08
352.61;337.55;-15.06;690.16
352.14;338.26;-13.88;690.41
353.52;338.05;-15.46;691.57
352.06;336.82;-15.24;688.88
352.25;337.91;-14.34;690.16
352.22;337.82;-14.40;690.04
351.93;339.28;-12.65;691.21
352.03;339.31;-12.72;691.34
352.18;339.12;-13.06;691.31
352.09;337.82;-14.27;689.92
352.19;337.25;-14.94;689.44
352.03;337.88;-14.15;689.91
352.30;337.89;-14.41;690.19
352.07;337.68;-14.39;689.75
351.94;337.69;-14.25;689.64
352.01;338.53;-13.48;690.54
352.09;338.26;-13.83;690.36
351.91;337.81;-14.09;689.72
351.70;338.06;-13.64;689.76
351.73;337.47;-14.26;689.20
351.55;338.86;-12.69;690.42
351.42;338.40;-13.02;689.82
351.30;337.70;-13.60;689.00
351.31;338.13;-13.18;689.44
352.36;338.60;-13.76;690.96
352.96;338.26;-14.70;691.22
351.18;338.17;-13.01;689.35
351.05;338.08;-12.97;689.14
350.94;337.94;-13.00;688.87
350.89;338.16;-12.72;689.05
350.82;338.01;-12.82;688.83
350.96;337.84;-13.12;688.79
351.01;338.00;-13.01;689.01
350.98;337.77;-13.21;688.75
353.26;337.95;-15.31;691.21
352.60;337.92;-14.68;690.52
350.92;337.90;-13.02;688.82
352.44;338.02;-14.42;690.46
350.74;338.15;-12.58;688.89
350.70;338.11;-12.59;688.81
352.98;337.65;-15.32;690.63
353.42;338.51;-14.91;691.93
352.19;338.45;-13.74;690.64
352.90;337.74;-15.16;690.64
350.14;338.31;-11.83;688.44
351.99;337.79;-14.21;689.78
351.91;338.20;-13.71;690.11
353.00;337.73;-15.27;690.73
352.32;338.12;-14.20;690.44
352.42;337.63;-14.79;690.05
351.60;338.45;-13.15;690.05
352.81;337.62;-15.18;690.43
352.41;339.00;-13.41;691.41
353.49;338.11;-15.39;691.60
353.46;337.82;-15.64;691.28
351.66;339.22;-12.44;690.88
352.25;337.19;-15.06;689.45
352.14;337.79;-14.35;689.93
351.85;339.05;-12.81;690.90
351.98;338.94;-13.05;690.92
351.57;339.18;-12.39;690.75
353.06;338.06;-15.00;691.12
351.54;337.77;-13.76;689.31
351.52;337.82;-13.69;689.34
351.57;338.71;-12.86;690.28
351.49;337.80;-13.69;689.29
352.78;338.30;-14.48;691.08
352.54;338.25;-14.29;690.79
351.19;337.68;-13.51;688.88
351.05;338.51;-12.55;689.56
350.99;338.08;-12.91;689.07
350.99;338.46;-12.52;689.45
352.21;337.25;-14.96;689.46
352.75;337.60;-15.15;690.35
350.82;338.06;-12.76;688.89
350.79;337.02;-13.77;687.81
350.66;337.71;-12.95;688.38
352.24;337.92;-14.32;690.15
353.19;338.09;-15.10;691.28
352.24;338.08;-14.16;690.31
352.16;338.04;-14.13;690.20
352.32;337.68;-14.65;690.00
353.10;338.76;-14.34;691.86
352.22;337.63;-14.59;689.85
349.95;338.21;-11.75;688.16
351.82;338.60;-13.22;690.42
351.82;338.57;-13.25;690.39
352.34;338.47;-13.86;690.81
352.61;338.22;-14.39;690.82
349.56;338.41;-11.15;687.97
352.57;338.30;-14.27;690.87
351.32;337.65;-13.68;688.97
351.54;338.22;-13.32;689.76
352.21;338.37;-13.84;690.58
351.05;337.86;-13.18;688.91
351.98;337.45;-14.54;689.43
351.82;337.79;-14.03;689.61
351.49;338.71;-12.78;690.20
351.55;338.39;-13.15;689.94
352.47;338.44;-14.03;690.91
351.38;338.16;-13.22;689.54
353.66;338.41;-15.25;692.06
353.04;338.46;-14.58;691.51
351.92;337.98;-13.95;689.90
351.92;338.22;-13.70;690.14
351.85;338.60;-13.25;690.45
353.29;338.37;-14.92;691.66
352.66;337.70;-14.96;690.36
352.16;337.66;-14.50;689.83
351.32;337.61;-13.71;688.94
351.83;337.58;-14.25;689.41
352.37;338.18;-14.19;690.55
351.93;338.52;-13.41;690.45
352.90;337.45;-15.45;690.35
352.14;338.36;-13.78;690.51
352.65;338.28;-14.38;690.93
351.95;338.36;-13.59;690.31
352.54;338.24;-14.30;690.77
352.29;338.43;-13.86;690.72
352.18;337.49;-14.68;689.67
351.76;338.54;-13.22;690.30
351.66;338.72;-12.94;690.38
351.58;338.33;-13.25;689.91
351.29;338.34;-12.95;689.64
351.14;338.01;-13.14;689.15
352.91;338.38;-14.52;691.29
353.36;338.35;-15.02;691.71
353.24;338.01;-15.23;691.25
350.45;337.91;-12.55;688.36
350.34;338.94;-11.40;689.27
350.08;338.31;-11.77;688.39
352.50;338.17;-14.33;690.67
351.62;337.96;-13.65;689.58
349.87;337.92;-11.95;687.79
352.16;338.43;-13.74;690.59
352.71;337.22;-15.49;689.94
351.96;338.44;-13.53;690.40
352.58;338.16;-14.42;690.74
352.43;338.75;-13.68;691.18
351.44;338.35;-13.09;689.78
352.24;338.43;-13.81;690.66
352.07;338.40;-13.67;690.47
351.88;337.54;-14.34;689.42
351.71;338.99;-12.72;690.69
352.53;338.94;-13.59;691.47
351.34;338.44;-12.90;689.78
351.32;338.32;-13.00;689.64
351.05;338.28;-12.78;689.33
351.04;338.04;-12.99;689.08
353.31;338.23;-15.08;691.54
350.81;337.72;-13.09;688.53
350.69;337.79;-12.90;688.48
350.55;338.10;-12.45;688.65
350.44;339.01;-11.44;689.45
352.74;338.70;-14.04;691.44
352.76;338.85;-13.91;691.61
352.59;337.53;-15.06;690.12
352.41;338.84;-13.58;691.25
351.75;337.63;-14.12;689.38
352.77;337.57;-15.20;690.34
351.75;338.04;-13.72;689.79
351.27;338.15;-13.12;689.42
352.99;337.29;-15.71;690.28
352.71;337.95;-14.75;690.66
352.19;338.82;-13.37;691.02
352.10;337.78;-14.32;689.88
351.44;339.70;-11.74;691.14
352.45;338.03;-14.42;690.48
352.36;337.94;-14.42;690.31
352.18;338.03;-14.15;690.21
352.01;338.41;-13.60;690.42
351.72;338.17;-13.55;689.89
351.74;338.90;-12.84;690.64
351.85;338.91;-12.95;690.76
351.75;337.54;-14.22;689.29
352.92;338.65;-14.27;691.58
351.49;338.44;-13.05;689.92
351.47;337.16;-14.31;688.63
351.35;337.05;-14.30;688.41
351.36;337.51;-13.85;688.88
351.27;338.29;-12.98;689.56
351.18;338.27;-12.91;689.45
352.91;338.21;-14.71;691.12
350.99;336.59;-14.39;687.58
350.87;337.85;-13.02;688.72
352.60;338.44;-14.16;691.04
350.64;338.34;-12.31;688.98
352.25;338.27;-13.98;690.52
351.98;338.60;-13.38;690.58
352.37;338.04;-14.34;690.41
352.69;337.89;-14.81;690.58
352.41;338.19;-14.22;690.60
353.12;337.48;-15.64;690.61
352.73;337.67;-15.06;690.40
353.30;337.51;-15.79;690.81
349.89;338.76;-11.13;688.66
352.91;337.24;-15.67;690.15
352.28;338.29;-13.99;690.58
352.76;338.13;-14.64;690.89
352.70;337.57;-15.13;690.27
353.35;336.92;-16.43;690.26
352.04;338.56;-13.48;690.60
352.34;337.84;-14.51;690.18
353.50;337.08;-16.42;690.58
353.56;338.11;-15.45;691.67
351.96;337.68;-14.29;689.64
351.92;338.75;-13.18;690.67
351.74;338.00;-13.74;689.74
351.58;338.49;-13.09;690.06
354.00;338.74;-15.26;692.74
351.36;338.34;-13.03;689.70
352.63;338.48;-14.15;691.11
351.07;338.42;-12.65;689.49
352.86;338.06;-14.81;690.92
350.65;336.89;-13.76;687.54
352.38;338.02;-14.35;690.40
353.35;337.98;-15.37;691.32
353.17;337.28;-15.89;690.45
352.62;337.91;-14.72;690.53
353.24;337.15;-16.09;690.38
353.28;337.59;-15.69;690.86
352.65;337.94;-14.71;690.59
349.94;337.80;-12.14;687.74
352.29;337.21;-15.08;689.49
352.66;337.24;-15.42;689.90
352.45;337.09;-15.36;689.54
352.49;338.39;-14.11;690.88
352.66;338.20;-14.46;690.86
352.51;337.64;-14.86;690.15
352.54;337.78;-14.76;690.31
352.36;337.96;-14.39;690.32
352.25;337.62;-14.62;689.87
352.43;337.55;-14.88;689.98
352.27;337.85;-14.42;690.12
352.05;338.55;-13.50;690.61
351.95;337.52;-14.44;689.47
351.73;338.58;-13.15;690.31
351.57;337.14;-14.44;688.71
353.68;337.83;-15.85;691.51
351.32;337.50;-13.82;688.82
353.00;338.12;-14.88;691.12
353.03;337.39;-15.64;690.42
353.02;337.19;-15.83;690.21
353.61;337.96;-15.65;691.57
352.96;338.04;-14.92;690.99
353.40;337.85;-15.55;691.25
352.24;337.91;-14.32;690.15
352.81;338.08;-14.74;690.89
353.11;337.81;-15.31;690.92
351.88;337.25;-14.64;689.13
352.58;337.53;-15.05;690.11
352.78;337.46;-15.32;690.25
351.82;337.47;-14.35;689.29
352.72;337.79;-14.93;690.52
352.82;337.79;-15.04;690.61
352.68;337.89;-14.79;690.58
352.09;338.26;-13.82;690.35
352.52;338.64;-13.88;691.16
352.35;337.79;-14.55;690.14
352.26;337.66;-14.60;689.92
352.06;337.65;-14.41;689.72
351.97;337.51;-14.46;689.48
351.85;337.51;-14.34;689.36
351.60;338.72;-12.88;690.32
351.58;337.22;-14.35;688.80
353.02;337.54;-15.49;690.56
351.95;337.37;-14.58;689.32
353.26;337.95;-15.32;691.21
350.96;338.39;-12.56;689.35
350.84;338.97;-11.86;689.81
350.57;336.84;-13.73;687.41
352.10;338.13;-13.97;690.23
353.03;338.31;-14.72;691.34
352.18;337.84;-14.34;690.01
352.51;338.84;-13.66;691.35
351.98;337.35;-14.64;689.33
352.04;337.79;-14.25;689.83
351.88;337.42;-14.46;689.30
353.59;337.97;-15.62;691.56
353.42;338.14;-15.28;691.55
351.62;337.84;-13.78;689.45
351.51;338.64;-12.87;690.14
352.83;337.28;-15.55;690.11
352.97;338.25;-14.72;691.22
351.03;337.76;-13.27;688.79
352.56;338.33;-14.24;690.89
353.32;337.78;-15.54;691.11
352.82;337.86;-14.96;690.68
352.44;338.31;-14.13;690.75
352.77;338.14;-14.63;690.91
350.71;338.02;-12.69;688.74
352.14;337.71;-14.43;689.84
351.94;338.04;-13.91;689.98
350.33;337.87;-12.46;688.20
353.29;337.76;-15.54;691.05
353.21;337.79;-15.42;691.01
352.56;338.20;-14.36;690.76
349.86;338.41;-11.45;688.26
352.90;337.97;-14.93;690.87
352.25;337.98;-14.28;690.23
352.54;338.16;-14.37;690.70
351.75;338.47;-13.28;690.22
353.81;337.88;-15.93;691.68
352.23;338.12;-14.11;690.35
353.91;338.38;-15.52;692.29
351.97;337.78;-14.19;689.75
353.79;337.61;-16.18;691.39
351.78;338.77;-13.01;690.55
353.98;338.12;-15.86;692.09
353.65;338.65;-15.00;692.31
351.78;338.65;-13.13;690.44
351.28;338.41;-12.87;689.69
352.64;338.36;-14.28;691.00
351.28;337.47;-13.81;688.75
351.15;338.34;-12.82;689.49
353.05;337.06;-15.99;690.12
352.95;338.13;-14.82;691.08
350.61;337.83;-12.78;688.44
353.36;338.17;-15.19;691.54
353.11;338.06;-15.05;691.17
353.40;337.51;-15.89;690.91
352.62;337.88;-14.74;690.49
351.97;338.05;-13.92;690.02
352.56;338.37;-14.19;690.94
352.65;338.61;-14.04;691.26
351.74;338.09;-13.65;689.83
353.08;337.20;-15.88;690.28
352.05;337.86;-14.19;689.91
352.33;338.39;-13.94;690.72
352.34;338.41;-13.93;690.75
352.72;338.11;-14.61;690.83
352.51;337.41;-15.10;689.92
352.58;338.11;-14.47;690.69
352.24;338.58;-13.66;690.82
352.28;337.94;-14.34;690.22
352.08;338.44;-13.64;690.51
351.74;337.51;-14.23;689.24
352.14;337.56;-14.58;689.71
352.08;336.95;-15.12;689.03
351.96;338.22;-13.75;690.18
351.82;337.44;-14.38;689.26
351.71;337.91;-13.81;689.62
351.68;338.52;-13.16;690.21
351.61;338.56;-13.05;690.16
351.97;338.93;-13.04;690.90
351.51;337.91;-13.60;689.42
351.46;337.78;-13.68;689.25
351.37;337.65;-13.72;689.02
352.99;337.24;-15.75;690.23
351.19;338.64;-12.56;689.83
352.50;337.30;-15.20;689.80
350.99;338.93;-12.06;689.92
352.84;336.69;-16.15;689.52
350.91;337.21;-13.70;688.11
350.85;337.68;-13.16;688.53
353.76;337.68;-16.08;691.44
352.88;337.74;-15.14;690.61
352.22;337.75;-14.46;689.97
352.74;337.42;-15.32;690.16
353.09;338.31;-14.78;691.41
351.87;338.41;-13.46;690.28
352.68;338.09;-14.59;690.78
352.37;338.74;-13.64;691.11
352.28;337.24;-15.04;689.52
352.75;337.85;-14.89;690.60
352.80;337.81;-14.99;690.61
351.94;338.14;-13.80;690.08
352.59;337.89;-14.70;690.48
352.55;338.02;-14.52;690.57
352.27;337.87;-14.40;690.14
352.43;337.73;-14.70;690.16
352.72;337.14;-15.58;689.86
352.06;338.46;-13.60;690.52
351.16;337.69;-13.48;688.85
352.64;338.11;-14.52;690.75
352.78;337.81;-14.96;690.59
352.39;338.34;-14.05;690.72
352.24;338.08;-14.15;690.32
352.06;338.54;-13.52;690.61
352.74;337.65;-15.09;690.39
350.00;337.99;-12.01;687.99
352.16;337.77;-14.39;689.94
352.51;337.59;-14.92;690.11
352.23;338.81;-13.42;691.04
351.89;338.31;-13.58;690.20
352.04;338.19;-13.85;690.23
350.52;338.19;-12.32;688.71
350.73;338.29;-12.44;689.02
352.50;338.23;-14.27;690.73
353.31;338.54;-14.77;691.84
352.21;338.32;-13.88;690.53
352.78;338.65;-14.13;691.42
351.04;338.80;-12.24;689.84
351.31;338.55;-12.76;689.86
352.16;338.31;-13.85;690.47
351.39;337.71;-13.68;689.11
352.75;338.59;-14.15;691.34
351.64;338.79;-12.85;690.43
351.52;338.71;-12.81;690.23
351.71;337.99;-13.72;689.70
351.82;338.22;-13.59;690.04
351.79;338.88;-12.91;690.67
351.94;338.85;-13.09;690.78
352.04;338.21;-13.84;690.25
351.45;338.28;-13.17;689.74
351.72;338.59;-13.14;690.31
352.58;337.20;-15.38;689.78
352.17;337.95;-14.22;690.12
349.79;338.75;-11.04;688.54
352.27;338.42;-13.85;690.69
351.97;338.89;-13.08;690.86
351.59;336.38;-15.21;687.96
350.16;338.38;-11.79;688.54
352.68;337.42;-15.25;690.10
352.90;337.96;-14.94;690.86
351.87;337.76;-14.11;689.63
350.74;338.21;-12.54;688.95
350.82;338.25;-12.57;689.06
350.89;338.15;-12.74;689.04
352.39;339.20;-13.19;691.59
351.04;338.42;-12.62;689.46
352.61;338.75;-13.86;691.36
351.47;337.68;-13.79;689.15
352.74;338.52;-14.21;691.26
352.85;338.72;-14.13;691.58
351.69;337.96;-13.74;689.65
351.66;338.65;-13.01;690.31
351.85;338.08;-13.77;689.92
352.01;338.43;-13.58;690.44
351.72;338.00;-13.72;689.72
352.18;338.19;-13.99;690.36
351.99;339.01;-12.99;691.00
351.92;339.14;-12.78;691.06
351.94;337.54;-14.40;689.48
351.92;338.01;-13.91;689.94
352.59;338.09;-14.50;690.68
353.68;337.94;-15.75;691.62
352.70;337.79;-14.91;690.49
351.54;338.13;-13.41;689.67
353.26;336.91;-16.36;690.17
352.88;338.40;-14.48;691.28
351.16;338.18;-12.98;689.34
352.19;337.98;-14.21;690.16
352.02;337.62;-14.40;689.65
353.41;337.99;-15.42;691.39
353.07;338.08;-14.99;691.15
351.22;337.91;-13.32;689.13
351.55;337.64;-13.91;689.19
352.79;337.94;-14.85;690.74
353.51;338.18;-15.34;691.69
352.96;337.95;-15.01;690.92
352.22;338.66;-13.56;690.88
352.40;337.84;-14.56;690.24
350.32;337.35;-12.98;687.67
353.24;337.82;-15.42;691.06
352.56;338.14;-14.43;690.70
352.14;338.43;-13.71;690.57
352.54;338.20;-14.34;690.74
352.54;337.27;-15.27;689.81
351.86;338.15;-13.71;690.01
352.03;338.15;-13.88;690.18
352.68;338.09;-14.59;690.78
351.92;338.16;-13.76;690.08
352.28;336.71;-15.56;688.99
352.19;338.40;-13.79;690.59
352.12;338.11;-14.02;690.23
352.97;338.59;-14.38;691.56
351.86;337.81;-14.06;689.67
352.79;338.41;-14.39;691.20
352.79;337.58;-15.21;690.36
352.59;338.11;-14.48;690.69
352.48;337.49;-14.99;689.96
352.42;337.34;-15.09;689.76
352.41;337.74;-14.67;690.15
352.11;337.92;-14.18;690.03
352.28;338.02;-14.25;690.30
352.14;337.64;-14.49;689.78
352.21;338.49;-13.71;690.70
352.29;337.65;-14.64;689.94
352.21;337.33;-14.88;689.54
352.11;338.18;-13.92;690.29
352.01;337.15;-14.86;689.16
353.61;337.32;-16.29;690.92
352.18;337.66;-14.52;689.84
352.11;337.89;-14.22;690.00
353.92;336.39;-17.54;690.31
352.21;337.78;-14.43;689.99
353.74;337.82;-15.91;691.56
352.41;337.01;-15.40;689.42
352.39;337.69;-14.70;690.09
352.65;337.62;-15.04;690.27
353.48;337.86;-15.62;691.35
351.79;338.63;-13.16;690.42
351.92;337.76;-14.16;689.68
352.25;337.16;-15.08;689.41
353.25;338.14;-15.11;691.39
351.94;338.12;-13.82;690.05
351.69;337.10;-14.59;688.79
353.88;336.66;-17.22;690.55
351.58;337.57;-14.01;689.15
351.48;337.05;-14.43;688.54
351.38;338.29;-13.08;689.67
351.89;338.16;-13.73;690.05
351.15;338.08;-13.07;689.24
352.50;338.05;-14.45;690.55
351.21;337.94;-13.27;689.15
351.05;337.42;-13.63;688.46
351.03;337.82;-13.21;688.85
353.31;337.18;-16.13;690.49
353.15;337.78;-15.37;690.92
350.78;338.17;-12.61;688.95
352.39;337.91;-14.48;690.29
352.64;337.99;-14.65;690.63
353.72;337.86;-15.85;691.58
353.22;338.08;-15.14;691.31
353.31;337.61;-15.70;690.92
352.39;337.59;-14.80;689.98
352.86;337.88;-14.99;690.74
352.24;337.27;-14.97;689.51
353.27;337.59;-15.68;690.86
353.02;337.48;-15.54;690.50
352.25;337.66;-14.59;689.91
352.24;338.55;-13.69;690.79
351.95;337.76;-14.19;689.71
352.79;337.15;-15.64;689.94
352.48;338.21;-14.26;690.69
352.55;337.49;-15.06;690.04
352.58;338.11;-14.47;690.68
352.47;337.08;-15.39;689.55
350.96;338.21;-12.75;689.16
352.16;336.79;-15.37;688.96
352.12;337.92;-14.21;690.04
352.33;337.93;-14.40;690.26
351.56;337.99;-13.57;689.56
352.37;337.82;-14.55;690.19
353.91;337.69;-16.22;691.60
353.69;337.82;-15.87;691.52
351.58;338.14;-13.45;689.72
351.98;338.32;-13.66;690.30
351.93;337.53;-14.40;689.46
351.84;338.10;-13.74;689.94
352.89;338.02;-14.87;690.91
354.08;337.32;-16.76;691.41
353.77;337.43;-16.34;691.20
353.14;337.25;-15.89;690.38
351.59;338.68;-12.91;690.28
353.96;336.98;-16.98;690.95
351.52;337.17;-14.35;688.69
353.25;337.02;-16.24;690.27
353.42;337.62;-15.81;691.04
351.25;338.31;-12.95;689.56
352.48;338.15;-14.33;690.64
352.75;338.23;-14.52;690.98
353.52;338.05;-15.48;691.57
352.87;337.84;-15.04;690.71
353.67;337.24;-16.43;690.91
352.85;336.59;-16.26;689.44
350.99;338.00;-12.99;688.99
352.14;338.88;-13.25;691.02
351.94;338.07;-13.86;690.01
350.78;338.74;-12.04;689.52
353.06;338.15;-14.91;691.21
352.64;337.95;-14.69;690.58
352.58;337.46;-15.12;690.05
353.05;337.93;-15.12;690.98
352.44;337.67;-14.77;690.11
351.69;337.81;-13.89;689.50
352.25;337.68;-14.57;689.92
352.98;338.11;-14.87;691.08
352.20;337.97;-14.23;690.17
352.90;338.52;-14.38;691.42
351.96;338.01;-13.95;689.97
352.45;338.58;-13.88;691.03
352.82;337.87;-14.95;690.69
352.57;337.97;-14.60;690.54
352.63;337.79;-14.84;690.42
352.79;338.23;-14.56;691.02
352.68;337.95;-14.73;690.64
351.95;338.22;-13.74;690.17
352.61;338.16;-14.45;690.77
352.71;337.81;-14.91;690.52
352.73;337.22;-15.51;689.95
352.57;337.13;-15.44;689.70
352.61;337.77;-14.84;690.38
352.47;337.48;-14.99;689.95
352.09;338.19;-13.90;690.29
352.41;337.26;-15.15;689.67
352.08;339.37;-12.71;691.45
353.62;338.21;-15.41;691.83
352.18;338.19;-13.98;690.37
353.45;337.81;-15.64;691.26
351.99;338.15;-13.84;690.14
351.75;337.87;-13.88;689.62
351.73;337.94;-13.79;689.67
351.56;336.99;-14.57;688.56
353.21;338.26;-14.95;691.47
351.41;338.45;-12.96;689.85
353.04;336.97;-16.06;690.01
352.59;338.66;-13.94;691.25
351.21;338.48;-12.74;689.69
352.95;336.94;-16.02;689.89
352.91;338.12;-14.79;691.03
352.91;338.45;-14.46;691.36
351.06;338.12;-12.94;689.18
350.94;337.93;-13.01;688.86
352.99;338.10;-14.89;691.09
352.91;337.72;-15.19;690.64
352.81;338.05;-14.76;690.86
351.44;338.17;-13.26;689.61
352.53;337.29;-15.24;689.82
352.75;337.48;-15.28;690.23
351.88;337.89;-13.99;689.76
351.91;337.31;-14.60;689.22
351.78;338.06;-13.71;689.84
353.05;338.41;-14.64;691.46
353.23;338.41;-14.82;691.64
351.74;337.59;-14.15;689.34
352.65;338.72;-13.93;691.38
352.36;337.99;-14.38;690.35
352.96;338.07;-14.89;691.03
351.94;338.01;-13.93;689.95
353.18;338.17;-15.01;691.35
352.61;337.64;-14.97;690.25
349.99;337.64;-12.35;687.64
352.25;337.45;-14.79;689.70
352.29;337.62;-14.67;689.92
352.85;337.49;-15.36;690.35
352.99;337.72;-15.27;690.71
351.72;337.91;-13.81;689.63
352.78;338.09;-14.69;690.87
352.07;337.23;-14.84;689.30
351.95;338.11;-13.84;690.05
352.36;338.49;-13.87;690.86
352.78;337.29;-15.49;690.07
352.85;337.28;-15.58;690.13
352.78;337.74;-15.05;690.52
352.65;338.01;-14.64;690.66
352.67;338.18;-14.49;690.85
353.36;338.42;-14.94;691.79
352.52;337.80;-14.72;690.32
352.31;338.10;-14.21;690.41
352.84;337.39;-15.45;690.23
352.34;337.24;-15.10;689.57
352.14;338.04;-14.10;690.17
351.79;337.78;-14.01;689.56
351.91;338.32;-13.59;690.22
352.09;337.70;-14.39;689.79
352.08;338.24;-13.84;690.31
352.03;337.75;-14.28;689.78
351.19;338.32;-12.88;689.51
351.83;338.14;-13.69;689.97
353.27;337.43;-15.84;690.70
351.62;337.45;-14.16;689.07
351.83;337.99;-13.84;689.82
351.96;338.31;-13.65;690.28
351.79;337.70;-14.09;689.49
353.01;337.38;-15.63;690.39
353.57;337.71;-15.86;691.28
351.52;338.49;-13.02;690.01
351.33;338.02;-13.31;689.35
351.32;338.18;-13.15;689.50
351.24;338.76;-12.48;689.99
352.85;338.17;-14.68;691.02
351.18;338.16;-13.02;689.34
352.22;337.27;-14.95;689.49
353.93;338.09;-15.84;692.02
352.20;337.74;-14.46;689.94
352.39;338.30;-14.09;690.69
352.40;337.65;-14.75;690.05
352.85;338.27;-14.58;691.12
352.24;337.79;-14.45;690.04
352.34;337.79;-14.55;690.13
352.19;337.38;-14.81;689.57
352.54;337.49;-15.05;690.04
352.01;337.61;-14.40;689.62
353.15;338.22;-14.92;691.37
352.99;337.21;-15.78;690.21
352.95;336.96;-15.99;689.91
352.48;337.32;-15.16;689.81
352.37;337.21;-15.16;689.58
352.19;337.12;-15.07;689.31
352.81;337.98;-14.83;690.79
352.78;337.09;-15.69;689.87
352.83;336.55;-16.28;689.38
352.74;337.59;-15.15;690.32
352.44;338.15;-14.28;690.59
352.48;337.98;-14.50;690.45
351.46;336.91;-14.55;688.36
352.39;337.56;-14.83;689.96
351.96;338.00;-13.96;689.96
352.26;337.78;-14.48;690.04
353.44;337.84;-15.60;691.28
352.04;337.86;-14.18;689.90
353.48;337.34;-16.15;690.82
352.04;339.04;-13.00;691.08
351.72;336.32;-15.39;688.04
351.84;337.55;-14.28;689.39
351.79;339.02;-12.76;690.81
351.71;338.64;-13.06;690.35
351.58;337.22;-14.36;688.79
351.37;338.44;-12.93;689.81
352.54;338.35;-14.19;690.89
351.26;338.11;-13.16;689.37
351.11;338.55;-12.56;689.65
350.96;337.99;-12.97;688.96
350.74;338.22;-12.51;688.96
352.41;337.93;-14.48;690.34
350.65;337.69;-12.95;688.34
352.58;337.81;-14.77;690.39
352.82;337.35;-15.46;690.17
350.11;338.19;-11.92;688.31
351.81;339.21;-12.59;691.02
351.78;337.61;-14.18;689.39
352.92;337.82;-15.10;690.74
351.85;338.10;-13.75;689.95
351.67;338.56;-13.11;690.24
352.34;337.88;-14.45;690.22
352.35;338.44;-13.91;690.78
352.18;337.44;-14.74;689.62
352.22;336.94;-15.29;689.16
352.74;338.08;-14.66;690.82
351.81;337.86;-13.95;689.66
350.17;338.19;-11.98;688.36
351.70;337.74;-13.96;689.44
352.12;337.65;-14.46;689.77
352.19;337.49;-14.71;689.68
353.01;337.88;-15.13;690.88
352.77;337.81;-14.96;690.58
353.04;337.51;-15.53;690.55
352.01;337.78;-14.23;689.78
353.14;338.28;-14.85;691.42
352.08;337.69;-14.39;689.76
352.32;338.01;-14.31;690.34
352.30;337.25;-15.05;689.55
352.75;337.78;-14.96;690.53
352.97;338.30;-14.67;691.27
352.70;337.83;-14.87;690.53
352.52;338.09;-14.42;690.61
352.11;338.10;-14.01;690.21
352.25;337.68;-14.57;689.94
352.02;338.46;-13.56;690.49
351.82;338.26;-13.56;690.08
351.91;337.97;-13.94;689.88
352.56;337.82;-14.74;690.38
351.65;337.38;-14.26;689.03
351.76;337.80;-13.96;689.56
351.63;337.76;-13.86;689.39
351.70;337.35;-14.35;689.05
353.29;338.74;-14.55;692.03
351.54;338.49;-13.05;690.04
353.37;337.69;-15.68;691.06
353.16;337.34;-15.82;690.50
352.71;338.09;-14.62;690.79
353.30;337.99;-15.31;691.29
351.01;337.08;-13.93;688.09
350.78;338.22;-12.55;689.00
352.88;337.67;-15.21;690.55
352.90;337.89;-15.01;690.79
352.18;337.94;-14.24;690.12
353.01;337.68;-15.33;690.69
351.58;338.05;-13.53;689.64
351.85;338.21;-13.64;690.06
352.51;338.07;-14.44;690.58
351.45;337.21;-14.24;688.66
352.63;337.69;-14.94;690.32
352.51;337.66;-14.85;690.17
351.62;338.59;-13.03;690.22
352.44;337.56;-14.87;690.00
352.15;337.76;-14.39;689.91
352.22;338.31;-13.91;690.53
351.95;338.54;-13.41;690.49
353.14;338.03;-15.11;691.17
351.37;338.89;-12.48;690.26
351.70;337.68;-14.02;689.38
351.65;337.22;-14.42;688.87
353.15;336.99;-16.16;690.14
351.36;338.14;-13.22;689.49
351.32;338.21;-13.11;689.54
352.26;338.34;-13.92;690.60
351.04;337.96;-13.08;688.99
353.22;336.85;-16.38;690.07
352.22;336.48;-15.74;688.71
352.71;338.06;-14.65;690.77
352.41;338.14;-14.28;690.55
352.83;337.76;-15.06;690.59
352.38;337.93;-14.45;690.31
352.56;338.87;-13.69;691.43
350.19;338.30;-11.89;688.49
353.34;338.36;-14.97;691.70
352.10;337.92;-14.18;690.02
352.14;338.34;-13.80;690.47
352.24;338.45;-13.79;690.69
352.06;338.44;-13.63;690.50
352.44;337.37;-15.07;689.81
352.45;337.90;-14.55;690.35
351.65;338.54;-13.12;690.19
352.44;337.48;-14.96;689.91
352.38;338.16;-14.21;690.54
352.42;337.45;-14.97;689.86
352.20;336.84;-15.36;689.04
351.63;337.92;-13.71;689.55
352.29;338.86;-13.42;691.15
352.26;338.02;-14.24;690.28
351.67;337.48;-14.19;689.15
352.12;338.24;-13.88;690.36
352.36;338.09;-14.26;690.45
352.35;338.01;-14.34;690.35
351.49;337.94;-13.56;689.43
352.18;338.35;-13.83;690.52
351.80;337.32;-14.48;689.12
351.84;337.54;-14.29;689.38
353.37;338.08;-15.29;691.45
353.15;337.86;-15.29;691.01
351.95;338.19;-13.75;690.14
351.55;337.57;-13.98;689.12
351.44;339.04;-12.39;690.48
352.74;337.62;-15.12;690.36
351.76;337.99;-13.76;689.75
351.77;336.92;-14.85;688.69
351.68;337.58;-14.10;689.25
351.61;338.06;-13.55;689.66
351.58;336.91;-14.67;688.49
353.00;338.73;-14.27;691.73
351.62;338.43;-13.19;690.05
351.51;338.69;-12.82;690.21
351.46;338.51;-12.96;689.97
351.32;338.43;-12.89;689.75
351.52;337.65;-13.88;689.17
351.52;338.87;-12.65;690.39
351.40;338.29;-13.11;689.69
351.24;338.89;-12.35;690.14
352.68;338.52;-14.16;691.20
351.14;337.52;-13.62;688.65
352.47;338.68;-13.79;691.15
353.35;338.15;-15.20;691.51
352.42;337.85;-14.56;690.27
352.04;338.51;-13.53;690.55
353.30;338.28;-15.02;691.58
350.74;337.99;-12.74;688.73
351.99;337.64;-14.36;689.63
352.79;338.03;-14.76;690.82
350.51;338.72;-11.79;689.24
352.75;337.76;-14.99;690.51
351.51;337.74;-13.77;689.24
351.37;337.56;-13.81;688.93
350.08;337.64;-12.44;687.72
352.68;337.89;-14.79;690.56
352.68;337.22;-15.46;689.91
352.05;338.73;-13.32;690.78
351.94;338.55;-13.39;690.49
352.16;337.69;-14.47;689.85
352.79;338.48;-14.31;691.27
352.05;338.22;-13.84;690.27
352.23;338.64;-13.59;690.87
352.33;337.65;-14.68;689.98
351.98;337.92;-14.06;689.89
353.20;336.54;-16.66;689.74
350.63;339.31;-11.32;689.94
351.74;338.16;-13.58;689.90
351.88;338.80;-13.08;690.68
352.96;337.86;-15.09;690.82
351.56;338.28;-13.28;689.85
351.48;338.44;-13.04;689.92
353.19;338.58;-14.61;691.78
351.37;338.78;-12.59;690.15
351.21;338.35;-12.85;689.56
351.15;338.77;-12.38;689.92
351.14;338.09;-13.05;689.22
352.55;337.92;-14.63;690.46
352.11;338.25;-13.86;690.36
352.32;338.14;-14.19;690.46
352.32;337.66;-14.65;689.98
350.46;337.91;-12.55;688.38
351.39;338.52;-12.87;689.92
352.45;337.98;-14.47;690.42
352.56;338.61;-13.95;691.18
352.38;338.18;-14.20;690.56
352.01;338.60;-13.41;690.61
352.67;338.16;-14.51;690.84
352.46;338.86;-13.60;691.33
351.92;338.24;-13.68;690.15
352.11;338.18;-13.93;690.28
352.38;337.91;-14.46;690.29
351.69;337.98;-13.72;689.67
352.12;337.84;-14.28;689.96
353.34;339.02;-14.32;692.35
353.14;337.86;-15.27;691.00
350.56;338.64;-11.92;689.19
351.54;338.73;-12.81;690.27
351.55;337.85;-13.70;689.39
351.39;338.78;-12.62;690.17
351.31;338.28;-13.03;689.59
351.20;338.53;-12.67;689.73
351.04;338.03;-13.01;689.07
350.92;338.04;-12.89;688.96
352.32;337.76;-14.55;690.08
352.42;338.36;-14.06;690.78
