357.25;345.21;-12.04;702.46
357.16;345.63;-11.54;702.79
357.76;342.76;-14.99;700.52
357.15;345.19;-11.96;702.34
356.25;345.15;-11.10;701.41
356.49;343.01;-13.49;699.50
356.85;345.47;-11.38;702.32
356.92;345.28;-11.64;702.21
356.69;345.75;-10.95;702.44
356.63;345.26;-11.37;701.89
357.64;345.95;-11.69;703.59
357.05;344.82;-12.23;701.88
359.09;345.12;-13.97;704.22
358.98;345.93;-13.05;704.91
356.68;345.84;-10.84;702.52
356.89;346.19;-10.70;703.09
356.69;345.31;-11.38;701.99
356.99;345.64;-11.36;702.63
357.28;343.70;-13.58;700.98
357.21;345.05;-12.16;702.26
356.28;346.68;-9.61;702.96
356.90;344.41;-12.49;701.31
356.65;344.90;-11.75;701.55
356.52;345.53;-10.99;702.05
357.00;343.01;-13.99;700.01
356.12;343.69;-12.42;699.81
358.34;346.08;-12.26;704.42
357.35;345.98;-11.37;703.34
357.45;346.11;-11.34;703.55
356.40;345.85;-10.55;702.25
357.06;346.12;-10.95;703.18
357.33;345.00;-12.33;702.33
356.52;344.16;-12.35;700.68
356.37;344.76;-11.61;701.13
355.28;345.71;-9.57;700.99
356.55;345.70;-10.85;702.25
356.99;345.29;-11.70;702.28
356.22;345.81;-10.42;702.03
356.45;345.64;-10.82;702.09
357.35;341.34;-16.01;698.68
355.87;345.39;-10.48;701.26
357.62;345.08;-12.54;702.70
355.52;346.09;-9.42;701.61
358.39;345.47;-12.92;703.86
357.64;344.15;-13.49;701.79
356.59;346.22;-10.37;702.81
355.84;346.02;-9.82;701.86
356.52;345.69;-10.83;702.22
356.57;345.78;-10.79;702.35
357.01;344.34;-12.67;701.35
357.01;346.42;-10.59;703.43
357.65;344.46;-13.19;702.11
356.82;345.94;-10.89;702.76
359.71;345.94;-13.76;705.65
357.49;345.75;-11.74;703.24
356.17;346.50;-9.67;702.67
357.25;345.58;-11.66;702.83
356.01;343.06;-12.95;699.08
360.05;344.88;-15.17;704.94
357.19;345.24;-11.95;702.42
357.14;345.91;-11.22;703.05
357.10;343.32;-13.78;700.42
355.41;342.46;-12.95;697.88
356.77;346.12;-10.65;702.89
357.33;345.67;-11.66;703.00
357.01;345.56;-11.45;702.58
356.42;346.48;-9.94;702.89
357.08;344.82;-12.25;701.90
356.47;343.36;-13.11;699.83
357.02;344.58;-12.44;701.61
356.55;345.37;-11.18;701.92
356.31;343.47;-12.84;699.78
356.64;345.38;-11.25;702.02
357.66;345.77;-11.89;703.43
356.99;346.14;-10.85;703.12
356.46;343.05;-13.42;699.51
360.30;345.52;-14.78;705.82
356.15;345.81;-10.35;701.96
359.42;343.42;-16.00;702.85
356.45;345.57;-10.88;702.02
356.32;345.58;-10.74;701.89
356.69;344.94;-11.75;701.63
356.35;345.52;-10.83;701.88
357.26;344.26;-12.99;701.52
359.02;346.26;-12.76;705.29
357.08;345.81;-11.28;702.89
357.09;345.37;-11.72;702.46
356.88;345.28;-11.60;702.16
356.83;345.64;-11.19;702.46
357.47;345.79;-11.68;703.26
357.50;346.06;-11.44;703.56
357.33;345.99;-11.34;703.32
356.60;346.76;-9.84;703.36
358.90;345.36;-13.54;704.26
356.34;344.91;-11.43;701.25
356.24;345.64;-10.61;701.88
360.69;343.87;-16.82;704.56
357.21;345.47;-11.74;702.68
357.42;345.95;-11.47;703.36
356.33;345.89;-10.44;702.22
356.95;344.15;-12.79;701.10
356.69;344.10;-12.59;700.79
356.33;345.24;-11.09;701.56
356.28;344.93;-11.35;701.21
357.05;345.81;-11.25;702.86
356.99;344.89;-12.10;701.89
357.81;346.38;-11.44;704.19
357.74;345.61;-12.13;703.34
356.66;344.85;-11.81;701.51
357.09;343.63;-13.46;700.72
358.24;344.04;-14.19;702.28
357.23;346.65;-10.58;703.88
356.21;345.65;-10.55;701.86
357.38;345.73;-11.65;703.11
358.23;344.26;-13.96;702.49
356.79;344.49;-12.29;701.28
357.21;343.62;-13.59;700.82
359.33;345.39;-13.94;704.72
356.84;345.19;-11.64;702.03
356.85;345.43;-11.42;702.28
357.14;345.16;-11.98;702.31
356.57;343.39;-13.18;699.96
356.97;345.07;-11.90;702.04
356.45;345.56;-10.88;702.01
356.88;343.18;-13.70;700.06
356.99;344.09;-12.89;701.08
356.72;345.26;-11.46;701.98
357.26;344.46;-12.80;701.73
356.34;346.24;-10.11;702.58
356.72;344.30;-12.42;701.02
356.18;345.01;-11.17;701.19
356.74;344.12;-12.62;700.86
357.61;345.69;-11.92;703.29
357.36;346.05;-11.31;703.42
357.43;345.09;-12.34;702.52
357.15;343.81;-13.34;700.96
355.88;344.75;-11.12;700.63
359.56;343.55;-16.02;703.11
359.95;344.91;-15.04;704.86
357.23;345.46;-11.77;702.69
358.78;345.56;-13.22;704.34
357.23;344.86;-12.36;702.09
357.45;344.84;-12.61;702.29
357.28;345.36;-11.91;702.64
357.03;345.36;-11.67;702.39
357.73;344.73;-13.00;702.46
359.94;346.00;-13.94;705.94
357.65;344.65;-13.01;702.30
357.24;346.28;-10.95;703.52
356.07;345.45;-10.62;701.52
357.95;343.36;-14.59;701.32
357.27;343.66;-13.61;700.94
357.58;346.37;-11.21;703.95
356.96;344.43;-12.54;701.39
357.68;342.91;-14.76;700.59
358.74;344.82;-13.92;703.56
356.42;344.64;-11.78;701.06
356.53;345.36;-11.16;701.89
356.96;346.29;-10.66;703.25
356.75;341.28;-15.47;698.04
356.44;345.39;-11.05;701.82
356.44;344.02;-12.42;700.45
357.21;346.45;-10.76;703.65
356.85;345.31;-11.55;702.16
355.81;343.96;-11.85;699.77
356.76;345.79;-10.96;702.55
359.62;346.01;-13.61;705.63
357.14;345.25;-11.88;702.39
358.51;347.29;-11.22;705.80
357.58;346.26;-11.31;703.84
357.36;345.19;-12.17;702.55
357.27;343.21;-14.06;700.48
356.75;344.62;-12.13;701.38
356.74;347.08;-9.66;703.82
357.61;344.91;-12.69;702.52
358.05;345.90;-12.15;703.95
356.11;345.81;-10.29;701.92
359.01;346.16;-12.84;705.17
357.86;346.26;-11.60;704.12
357.21;344.99;-12.21;702.20
356.71;346.24;-10.48;702.95
356.64;343.11;-13.53;699.75
357.75;344.28;-13.46;702.03
357.16;345.39;-11.77;702.56
357.21;345.06;-12.15;702.26
357.84;344.62;-13.22;702.45
360.09;342.44;-17.65;702.54
357.89;344.94;-12.96;702.83
358.81;344.64;-14.17;703.45
356.77;345.03;-11.74;701.80
357.28;346.07;-11.21;703.35
356.99;343.80;-13.19;700.79
357.41;345.71;-11.70;703.11
356.58;344.59;-11.99;701.18
356.95;345.44;-11.52;702.39
356.70;344.25;-12.45;700.95
356.74;344.71;-12.03;701.44
359.75;344.76;-14.99;704.51
356.63;345.38;-11.25;702.01
360.28;344.53;-15.75;704.81
358.29;344.09;-14.20;702.38
356.99;345.12;-11.87;702.12
357.82;345.46;-12.35;703.28
357.85;343.53;-14.32;701.38
357.12;345.62;-11.50;702.74
357.99;345.05;-12.94;703.05
358.15;345.29;-12.85;703.44
357.05;344.97;-12.08;702.02
359.38;344.76;-14.61;704.14
356.91;344.21;-12.70;701.12
356.55;343.49;-13.06;700.05
356.76;342.58;-14.18;699.34
357.44;345.63;-11.81;703.07
357.39;343.51;-13.89;700.90
356.64;342.88;-13.76;699.52
357.44;344.92;-12.52;702.36
357.53;345.57;-11.96;703.10
357.49;345.49;-12.01;702.98
357.42;345.14;-12.28;702.56
357.35;345.32;-12.02;702.67
358.71;344.76;-13.95;703.47
358.58;344.54;-14.05;703.12
356.96;345.16;-11.80;702.12
355.86;344.81;-11.05;700.67
357.37;344.55;-12.82;701.92
357.96;345.26;-12.69;703.22
356.88;342.45;-14.43;699.34
357.79;345.29;-12.51;703.08
358.09;345.35;-12.75;703.44
357.52;345.52;-11.99;703.04
357.47;345.33;-12.14;702.80
357.34;343.62;-13.72;700.96
356.99;343.32;-13.66;700.31
356.99;343.78;-13.21;700.76
357.72;342.98;-14.74;700.70
357.33;345.16;-12.16;702.49
357.88;345.22;-12.66;703.10
360.26;345.15;-15.11;705.41
357.02;342.95;-14.07;699.98
359.58;345.16;-14.42;704.74
357.14;343.99;-13.15;701.13
356.46;345.79;-10.68;702.25
357.91;345.69;-12.22;703.59
357.57;345.54;-12.03;703.11
361.14;346.19;-14.95;707.33
355.89;346.16;-9.73;702.05
356.75;344.96;-11.78;701.71
357.48;345.99;-11.49;703.46
358.38;344.52;-13.86;702.91
357.26;344.90;-12.36;702.16
356.96;345.08;-11.88;702.04
357.33;343.64;-13.69;700.97
357.14;344.71;-12.43;701.84
360.08;345.15;-14.94;705.23
357.54;343.52;-14.02;701.05
359.60;345.75;-13.85;705.35
357.28;344.19;-13.08;701.47
357.77;345.09;-12.68;702.86
357.36;343.68;-13.68;701.04
357.00;344.38;-12.62;701.38
359.98;345.19;-14.79;705.18
359.09;345.83;-13.26;704.92
356.27;345.42;-10.85;701.69
357.58;345.19;-12.39;702.77
357.26;344.33;-12.94;701.59
356.61;344.70;-11.91;701.31
356.94;346.21;-10.74;703.15
357.91;345.32;-12.58;703.23
358.14;345.14;-13.00;703.28
358.12;346.22;-11.90;704.34
359.26;341.86;-17.39;701.12
359.74;343.96;-15.78;703.70
360.99;345.71;-15.28;706.71
357.15;345.94;-11.21;703.09
357.03;344.72;-12.31;701.75
356.72;344.39;-12.33;701.11
357.46;344.09;-13.36;701.55
360.24;343.89;-16.35;704.12
356.54;345.09;-11.44;701.63
359.35;344.71;-14.64;704.05
359.98;345.02;-14.96;704.99
356.75;345.40;-11.35;702.15
358.96;345.78;-13.18;704.75
356.40;345.71;-10.69;702.11
356.11;344.01;-12.11;700.12
357.68;346.51;-11.17;704.18
358.61;345.03;-13.58;703.64
357.08;344.69;-12.39;701.76
357.08;345.33;-11.75;702.41
356.66;345.49;-11.16;702.15
358.49;343.48;-15.02;701.97
356.57;343.45;-13.12;700.02
356.80;344.51;-12.29;701.31
356.64;342.98;-13.66;699.61
360.54;343.88;-16.66;704.41
356.72;345.68;-11.04;702.41
357.27;346.03;-11.24;703.30
358.75;345.17;-13.58;703.92
356.58;344.87;-11.71;701.45
357.02;345.51;-11.52;702.53
357.64;345.89;-11.75;703.54
357.71;344.19;-13.52;701.91
356.41;344.95;-11.46;701.35
359.55;345.23;-14.32;704.78
356.26;344.47;-11.79;700.74
357.13;345.83;-11.30;702.96
356.99;345.64;-11.35;702.62
356.66;346.05;-10.61;702.72
359.18;345.85;-13.33;705.04
356.87;345.71;-11.16;702.58
357.82;345.39;-12.43;703.22
357.46;345.65;-11.81;703.12
356.66;346.17;-10.49;702.84
356.24;345.16;-11.08;701.40
357.28;344.15;-13.13;701.42
356.80;345.65;-11.15;702.45
357.50;342.94;-14.56;700.44
356.54;345.45;-11.08;701.99
356.81;345.61;-11.20;702.41
356.71;344.46;-12.25;701.17
357.29;346.78;-10.52;704.07
357.91;345.64;-12.26;703.55
357.31;342.12;-15.19;699.42
360.09;344.98;-15.11;705.07
358.47;345.55;-12.92;704.02
357.43;343.72;-13.71;701.15
357.32;345.08;-12.24;702.40
357.27;342.74;-14.53;700.01
357.52;345.81;-11.71;703.32
358.21;346.59;-11.62;704.79
357.12;343.92;-13.20;701.05
356.73;344.76;-11.96;701.49
356.56;345.44;-11.12;702.00
357.26;345.69;-11.57;702.96
357.49;346.25;-11.24;703.74
357.66;345.78;-11.88;703.45
359.78;345.46;-14.31;705.24
357.19;345.39;-11.80;702.59
357.91;344.38;-13.53;702.28
357.09;345.05;-12.04;702.14
359.86;345.35;-14.52;705.21
356.65;345.29;-11.35;701.94
358.22;345.09;-13.13;703.31
359.95;345.33;-14.62;705.28
358.29;342.88;-15.41;701.17
357.89;344.76;-13.12;702.65
356.62;345.56;-11.05;702.18
356.48;345.80;-10.68;702.28
356.29;343.89;-12.40;700.19
359.41;343.93;-15.48;703.34
357.15;345.24;-11.91;702.38
355.88;343.69;-12.19;699.56
357.84;344.89;-12.95;702.72
357.02;344.59;-12.43;701.61
358.01;345.43;-12.58;703.44
356.42;343.49;-12.92;699.91
357.80;345.35;-12.45;703.15
357.03;345.87;-11.16;702.90
360.55;345.12;-15.43;705.66
356.99;347.22;-9.78;704.21
357.53;345.52;-12.01;703.05
357.24;344.94;-12.30;702.18
357.48;346.69;-10.79;704.17
359.39;343.52;-15.87;702.92
357.00;345.19;-11.81;702.19
357.12;345.01;-12.11;702.14
357.12;343.31;-13.81;700.43
356.97;343.30;-13.67;700.27
357.89;344.30;-13.59;702.19
356.86;346.14;-10.72;702.99
356.55;346.83;-9.72;703.38
357.15;345.82;-11.34;702.97
356.90;345.11;-11.79;702.01
357.69;345.03;-12.66;702.72
356.54;343.54;-13.00;700.07
355.99;346.41;-9.58;702.39
355.93;346.25;-9.68;702.18
356.57;345.32;-11.25;701.89
356.28;345.99;-10.28;702.27
356.34;343.85;-12.49;700.19
356.60;346.02;-10.58;702.62
356.55;345.82;-10.73;702.36
356.51;345.24;-11.27;701.74
356.19;344.97;-11.22;701.16
357.64;344.60;-13.04;702.24
358.00;345.37;-12.63;703.37
356.05;346.05;-10.00;702.09
356.32;346.36;-9.95;702.68
356.62;344.31;-12.31;700.94
356.43;344.04;-12.39;700.47
356.22;345.77;-10.45;701.99
357.16;346.32;-10.85;703.48
355.78;343.88;-11.90;699.66
357.91;346.38;-11.53;704.28
358.05;344.82;-13.23;702.88
356.58;346.35;-10.22;702.93
358.14;342.99;-15.14;701.13
356.44;346.38;-10.06;702.82
356.11;345.44;-10.66;701.55
356.09;345.18;-10.91;701.26
356.72;345.37;-11.35;702.09
356.72;344.62;-12.10;701.34
357.58;346.25;-11.33;703.84
356.38;345.31;-11.08;701.69
356.34;345.06;-11.28;701.41
356.01;346.21;-9.80;702.22
357.09;344.69;-12.40;701.78
359.69;344.69;-15.00;704.39
357.11;344.82;-12.28;701.93
357.35;345.66;-11.69;703.02
356.99;345.25;-11.75;702.24
357.26;345.20;-12.06;702.46
357.05;344.96;-12.09;702.01
357.25;345.32;-11.93;702.56
356.66;343.64;-13.02;700.30
356.82;345.55;-11.27;702.38
358.09;345.74;-12.35;703.84
359.06;344.00;-15.06;703.06
357.59;345.82;-11.77;703.42
359.31;344.44;-14.87;703.74
357.66;345.95;-11.71;703.62
357.30;344.90;-12.40;702.20
357.31;346.32;-10.99;703.64
359.52;343.95;-15.57;703.46
356.38;343.65;-12.74;700.03
356.72;343.45;-13.27;700.18
356.97;343.14;-13.83;700.11
356.50;346.31;-10.19;702.81
356.42;343.34;-13.08;699.75
356.92;346.14;-10.78;703.06
356.84;345.93;-10.91;702.77
357.47;345.38;-12.09;702.85
358.82;346.41;-12.41;705.24
356.94;343.48;-13.46;700.42
357.61;346.23;-11.38;703.84
357.60;346.20;-11.40;703.80
357.84;345.46;-12.38;703.31
356.84;343.54;-13.29;700.38
357.89;345.26;-12.63;703.15
357.45;346.64;-10.81;704.08
357.08;345.14;-11.94;702.21
357.22;345.21;-12.01;702.44
356.62;345.10;-11.52;701.72
356.77;342.95;-13.82;699.72
359.19;345.35;-13.85;704.54
356.95;345.75;-11.19;702.70
359.29;345.52;-13.77;704.81
358.62;345.89;-12.73;704.52
357.14;343.71;-13.42;700.85
356.75;345.31;-11.45;702.06
357.88;345.06;-12.82;702.94
358.41;344.88;-13.52;703.29
357.26;344.95;-12.31;702.21
358.04;344.25;-13.79;702.29
356.27;344.32;-11.95;700.59
356.71;344.71;-11.99;701.42
357.21;344.86;-12.34;702.07
356.32;345.35;-10.97;701.68
357.36;346.32;-11.04;703.68
357.18;345.11;-12.07;702.28
357.31;345.41;-11.91;702.72
356.48;345.33;-11.15;701.81
358.09;346.17;-11.92;704.26
356.91;345.55;-11.36;702.46
357.10;345.59;-11.51;702.69
357.31;344.74;-12.57;702.05
357.65;345.58;-12.08;703.23
356.60;344.94;-11.66;701.54
357.35;345.58;-11.77;702.94
357.04;345.79;-11.25;702.83
356.77;343.64;-13.13;700.41
357.56;346.22;-11.34;703.79
356.88;343.78;-13.10;700.65
358.20;345.41;-12.79;703.61
356.94;345.15;-11.78;702.09
357.35;345.45;-11.90;702.81
357.58;345.48;-12.10;703.05
356.89;345.49;-11.40;702.39
358.46;345.42;-13.04;703.88
357.09;344.53;-12.56;701.62
356.68;344.77;-11.91;701.45
358.59;344.62;-13.96;703.21
357.14;345.46;-11.67;702.60
359.38;345.41;-13.98;704.79
357.85;345.85;-11.99;703.70
359.96;343.16;-16.79;703.12
360.74;345.46;-15.28;706.19
356.68;344.32;-12.35;701.00
360.42;343.89;-16.52;704.31
357.44;342.76;-14.68;700.21
357.20;344.15;-13.05;701.35
357.61;344.96;-12.65;702.58
356.68;345.52;-11.16;702.20
357.79;343.34;-14.45;701.13
359.21;344.28;-14.92;703.49
359.21;345.94;-13.26;705.15
357.88;344.98;-12.89;702.86
358.66;344.85;-13.82;703.51
356.90;345.81;-11.09;702.71
356.89;345.26;-11.62;702.15
357.66;345.29;-12.37;702.96
357.19;345.45;-11.75;702.64
357.55;345.08;-12.47;702.64
356.91;345.52;-11.39;702.43
357.55;344.56;-12.99;702.11
356.88;345.50;-11.38;702.38
357.16;344.79;-12.37;701.95
357.47;343.35;-14.12;700.82
357.32;344.76;-12.56;702.08
356.88;345.38;-11.51;702.26
357.65;345.01;-12.64;702.66
357.34;345.69;-11.65;703.02
357.37;343.24;-14.14;700.61
357.55;345.34;-12.22;702.89
357.40;344.90;-12.50;702.30
357.28;343.89;-13.39;701.16
358.52;343.65;-14.87;702.18
356.88;345.45;-11.44;702.33
356.95;345.48;-11.46;702.43
356.69;346.81;-9.88;703.49
356.38;345.07;-11.31;701.45
357.34;343.73;-13.61;701.06
357.53;345.15;-12.38;702.68
357.53;343.82;-13.71;701.35
358.61;345.50;-13.11;704.11
356.03;344.64;-11.39;700.66
358.21;345.59;-12.62;703.81
356.51;345.09;-11.41;701.60
356.50;345.25;-11.25;701.75
357.39;345.75;-11.65;703.14
357.25;343.38;-13.86;700.63
357.68;345.12;-12.55;702.80
357.25;344.84;-12.41;702.09
359.68;343.75;-15.93;703.42
356.16;343.15;-13.01;699.31
357.67;345.08;-12.59;702.75
356.78;345.08;-11.71;701.86
357.04;342.94;-14.10;699.97
359.51;345.22;-14.29;704.74
357.62;345.17;-12.45;702.79
356.99;345.37;-11.62;702.36
357.16;344.83;-12.34;701.99
357.35;345.16;-12.19;702.52
357.22;345.39;-11.83;702.61
357.54;345.26;-12.27;702.80
357.68;343.59;-14.09;701.28
356.44;344.92;-11.52;701.35
357.17;344.82;-12.35;701.99
356.84;343.61;-13.22;700.45
357.31;342.43;-14.88;699.74
356.62;344.91;-11.71;701.52
357.67;345.45;-12.22;703.12
357.28;344.96;-12.32;702.24
357.86;345.51;-12.36;703.37
357.42;344.55;-12.86;701.97
357.02;345.38;-11.64;702.40
357.91;344.79;-13.12;702.69
357.87;344.98;-12.89;702.85
357.40;344.76;-12.64;702.16
357.55;344.24;-13.32;701.79
357.11;345.02;-12.08;702.13
357.30;345.19;-12.11;702.49
358.22;343.76;-14.46;701.98
357.89;345.33;-12.56;703.22
356.75;343.56;-13.19;700.32
356.98;344.83;-12.15;701.81
357.41;346.08;-11.33;703.48
357.22;343.17;-14.05;700.39
357.89;345.09;-12.80;702.98
356.79;345.50;-11.29;702.29
357.06;345.76;-11.29;702.82
360.47;343.86;-16.61;704.33
357.21;345.32;-11.88;702.53
358.97;346.00;-12.97;704.97
357.33;346.11;-11.22;703.44
357.47;343.42;-14.05;700.89
357.90;345.09;-12.81;702.99
357.09;346.29;-10.81;703.38
356.52;345.14;-11.38;701.65
357.22;344.80;-12.42;702.02
356.86;344.95;-11.91;701.81
356.70;346.21;-10.49;702.91
357.08;346.78;-10.31;703.86
357.45;344.89;-12.56;702.34
356.95;345.30;-11.65;702.25
356.90;344.64;-12.26;701.54
357.52;344.97;-12.55;702.49
357.01;344.86;-12.15;701.88
357.77;344.53;-13.24;702.30
357.89;345.62;-12.28;703.51
360.02;344.88;-15.14;704.91
360.94;345.45;-15.49;706.38
357.41;344.36;-13.05;701.77
358.06;345.14;-12.92;703.20
356.93;345.15;-11.78;702.08
356.64;345.88;-10.76;702.52
360.38;344.05;-16.33;704.42
357.35;344.21;-13.14;701.56
357.35;342.78;-14.57;700.14
356.71;344.99;-11.72;701.70
357.05;344.73;-12.32;701.78
357.51;342.26;-15.24;699.77
357.42;344.92;-12.49;702.34
357.57;345.19;-12.38;702.76
357.04;345.03;-12.01;702.07
358.11;343.49;-14.62;701.60
358.60;344.25;-14.35;702.85
357.00;346.31;-10.69;703.31
356.71;345.05;-11.66;701.76
356.74;344.82;-11.92;701.56
357.24;344.28;-12.95;701.52
357.05;343.54;-13.51;700.59
357.09;344.84;-12.25;701.94
359.60;343.98;-15.62;703.58
358.36;345.72;-12.64;704.09
359.81;345.17;-14.64;704.98
356.97;345.15;-11.82;702.12
356.44;345.22;-11.22;701.66
358.11;345.00;-13.11;703.11
358.06;345.46;-12.59;703.52
357.75;343.39;-14.36;701.15
357.53;345.21;-12.32;702.74
356.74;344.86;-11.88;701.59
357.62;344.90;-12.72;702.52
358.14;344.94;-13.19;703.08
356.76;346.37;-10.39;703.13
359.22;345.29;-13.92;704.51
357.58;345.06;-12.52;702.65
359.29;344.99;-14.29;704.28
357.68;344.75;-12.94;702.43
356.85;342.92;-13.92;699.77
358.01;344.29;-13.71;702.30
358.06;343.26;-14.80;701.32
356.89;345.46;-11.43;702.35
356.94;345.22;-11.72;702.16
357.17;343.51;-13.66;700.68
357.65;345.72;-11.93;703.36
357.86;345.29;-12.58;703.15
356.55;345.67;-10.88;702.22
357.47;342.45;-15.02;699.92
356.84;345.72;-11.11;702.56
358.28;343.85;-14.44;702.13
358.95;345.13;-13.82;704.08
356.59;344.74;-11.85;701.34
359.58;344.51;-15.07;704.09
356.66;343.11;-13.55;699.77
357.99;342.90;-15.09;700.89
357.90;344.92;-12.98;702.82
357.58;346.22;-11.36;703.79
357.21;343.79;-13.42;701.01
357.18;344.96;-12.21;702.14
356.61;342.64;-13.98;699.25
359.66;344.83;-14.83;704.49
357.50;345.34;-12.16;702.84
357.66;345.39;-12.28;703.05
357.02;344.28;-12.74;701.31
358.24;345.14;-13.10;703.38
357.60;345.72;-11.88;703.32
356.26;346.25;-10.01;702.51
357.34;345.55;-11.79;702.88
357.95;345.78;-12.18;703.73
357.55;345.17;-12.38;702.72
357.23;345.95;-11.28;703.18
356.89;345.14;-11.75;702.03
356.59;345.74;-10.85;702.33
357.66;345.69;-11.97;703.36
357.15;343.64;-13.51;700.78
357.31;343.46;-13.85;700.76
356.39;346.18;-10.21;702.58
359.08;345.33;-13.75;704.41
357.56;345.22;-12.35;702.78
360.46;345.01;-15.45;705.47
357.86;344.99;-12.88;702.85
357.22;346.35;-10.88;703.57
357.86;344.55;-13.31;702.41
357.04;344.41;-12.64;701.45
358.34;345.36;-12.98;703.69
357.73;344.48;-13.25;702.21
357.28;344.66;-12.62;701.95
357.18;345.11;-12.06;702.29
357.18;345.88;-11.30;703.06
357.95;345.83;-12.12;703.78
358.31;345.55;-12.76;703.85
356.86;345.76;-11.09;702.62
357.75;344.26;-13.48;702.01
357.06;345.30;-11.76;702.36
357.64;345.59;-12.05;703.22
356.26;342.18;-14.08;698.44
358.29;343.48;-14.81;701.78
356.98;345.12;-11.86;702.11
356.70;346.07;-10.63;702.77
356.91;345.21;-11.70;702.11
356.82;346.24;-10.58;703.06
357.04;345.98;-11.06;703.01
355.67;345.84;-9.83;701.51
357.71;345.56;-12.15;703.27
357.28;344.57;-12.71;701.85
356.92;346.29;-10.63;703.22
358.34;344.92;-13.42;703.26
357.44;346.03;-11.41;703.46
357.28;345.34;-11.94;702.61
357.05;345.05;-12.00;702.11
357.81;345.03;-12.78;702.84
356.67;344.75;-11.92;701.42
357.89;346.42;-11.48;704.31
357.71;344.34;-13.36;702.05
358.32;345.29;-13.03;703.61
356.76;344.99;-11.78;701.75
357.14;343.71;-13.43;700.84
357.29;343.17;-14.12;700.46
357.32;344.89;-12.42;702.21
357.06;344.98;-12.08;702.04
357.29;345.41;-11.89;702.70
357.04;344.78;-12.26;701.82
356.90;345.19;-11.71;702.09
358.09;344.84;-13.25;702.92
356.51;342.15;-14.35;698.66
359.56;344.89;-14.67;704.46
359.44;345.49;-13.94;704.93
358.42;345.00;-13.42;703.42
356.92;345.24;-11.69;702.16
356.66;346.23;-10.44;702.89
358.56;345.58;-12.98;704.14
356.72;345.64;-11.09;702.36
357.10;343.39;-13.71;700.49
359.27;345.36;-13.91;704.64
357.84;344.05;-13.79;701.89
356.86;344.50;-12.36;701.36
357.33;345.38;-11.95;702.71
358.13;345.22;-12.91;703.35
356.81;345.12;-11.69;701.94
357.59;344.85;-12.75;702.44
357.98;345.23;-12.75;703.21
357.14;345.63;-11.51;702.77
358.14;345.00;-13.14;703.14
357.51;345.71;-11.81;703.22
357.40;344.93;-12.47;702.33
356.55;344.85;-11.69;701.40
357.26;344.52;-12.75;701.78
360.52;345.21;-15.31;705.72
357.86;343.38;-14.49;701.24
358.72;343.96;-14.76;702.68
359.96;345.28;-14.69;705.24
357.46;345.61;-11.85;703.07
357.06;343.39;-13.67;700.45
358.34;344.79;-13.55;703.12
356.55;342.68;-13.87;699.22
356.90;345.09;-11.81;701.99
357.26;345.29;-11.96;702.55
357.34;344.95;-12.39;702.29
357.05;344.71;-12.35;701.76
358.52;343.93;-14.59;702.45
356.56;345.68;-10.88;702.24
357.14;344.97;-12.16;702.11
357.66;345.03;-12.64;702.69
357.24;344.26;-12.97;701.50
357.06;344.58;-12.48;701.64
357.31;345.11;-12.19;702.42
357.85;344.69;-13.15;702.54
357.40;343.21;-14.19;700.61
359.28;345.28;-13.99;704.56
356.89;343.72;-13.16;700.61
357.35;345.16;-12.19;702.51
359.69;345.03;-14.66;704.72
359.69;344.61;-15.08;704.31
359.54;341.31;-18.23;700.85
357.12;344.95;-12.16;702.07
357.68;343.56;-14.12;701.24
358.00;346.12;-11.88;704.12
357.24;344.24;-13.00;701.48
357.25;344.79;-12.46;702.04
357.05;343.14;-13.91;700.18
356.84;344.24;-12.61;701.08
357.72;344.73;-12.99;702.45
357.96;345.42;-12.54;703.38
359.11;344.11;-15.00;703.21
357.45;343.79;-13.66;701.24
358.12;345.75;-12.36;703.87
358.24;344.78;-13.46;703.02
357.36;344.64;-12.72;702.00
358.10;345.21;-12.89;703.31
356.84;345.59;-11.25;702.43
358.84;344.75;-14.08;703.59
357.26;345.40;-11.86;702.66
356.73;344.10;-12.63;700.83
357.81;344.93;-12.88;702.74
359.91;344.80;-15.11;704.71
357.96;344.68;-13.28;702.64
357.93;343.98;-13.95;701.91
357.10;344.82;-12.28;701.92
357.04;345.16;-11.87;702.20
358.54;343.85;-14.68;702.39
357.78;345.32;-12.45;703.10
356.56;344.61;-11.95;701.17
358.09;345.24;-12.85;703.33
356.97;344.39;-12.58;701.36
357.92;346.03;-11.89;703.95
357.17;344.76;-12.41;701.94
356.44;345.67;-10.77;702.11
357.22;345.37;-11.85;702.59
357.19;344.96;-12.24;702.15
360.21;345.12;-15.09;705.32
358.19;342.85;-15.34;701.04
356.03;342.93;-13.10;698.96
357.22;345.55;-11.67;702.76
357.74;343.52;-14.21;701.26
357.35;344.21;-13.15;701.56
356.82;344.26;-12.56;701.08
356.74;346.04;-10.70;702.77
357.07;345.35;-11.72;702.42
356.70;345.66;-11.04;702.36
355.45;343.22;-12.22;698.67
358.15;343.32;-14.83;701.46
360.21;345.35;-14.86;705.56
358.03;345.31;-12.72;703.34
360.61;344.18;-16.43;704.78
357.28;344.98;-12.30;702.25
356.50;344.91;-11.59;701.41
357.71;344.78;-12.94;702.49
359.85;344.72;-15.13;704.58
357.41;345.85;-11.56;703.26
356.42;343.85;-12.57;700.28
357.66;346.24;-11.42;703.89
358.03;345.26;-12.77;703.29
358.87;345.15;-13.72;704.02
357.76;346.76;-11.01;704.52
357.54;344.49;-13.05;702.03
356.69;345.69;-11.01;702.38
359.34;345.06;-14.28;704.39
357.68;345.49;-12.19;703.16
357.47;343.91;-13.56;701.38
357.16;345.45;-11.72;702.61
359.75;345.36;-14.39;705.11
356.50;344.41;-12.09;700.91
357.61;345.93;-11.68;703.54
357.59;345.49;-12.09;703.08
358.66;345.39;-13.26;704.05
356.86;343.90;-12.96;700.76
356.77;345.09;-11.68;701.86
357.47;345.82;-11.65;703.29
356.28;346.06;-10.22;702.35
356.79;343.80;-12.99;700.59
356.81;345.35;-11.46;702.16
356.58;342.85;-13.74;699.43
357.34;345.48;-11.86;702.82
356.41;344.73;-11.68;701.14
356.39;345.11;-11.28;701.50
357.19;344.95;-12.24;702.14
356.79;345.81;-10.99;702.60
358.65;343.85;-14.79;702.50
356.45;344.61;-11.85;701.06
358.04;345.58;-12.45;703.62
356.32;341.98;-14.35;698.30
356.19;345.66;-10.52;701.85
358.08;345.51;-12.57;703.59
355.81;344.69;-11.12;700.50
356.51;346.36;-10.15;702.87
357.83;346.84;-10.99;704.67
356.91;345.42;-11.49;702.34
355.01;343.74;-11.28;698.75
357.14;344.49;-12.65;701.64
356.52;345.62;-10.91;702.14
360.43;343.11;-17.32;703.54
357.45;345.25;-12.20;702.69
357.55;345.76;-11.78;703.31
356.70;345.71;-10.99;702.41
357.09;345.71;-11.38;702.81
357.24;345.48;-11.76;702.71
356.61;345.23;-11.38;701.84
356.69;342.84;-13.85;699.53
356.53;345.43;-11.10;701.96
356.41;346.66;-9.75;703.07
357.08;345.71;-11.36;702.79
357.63;345.48;-12.15;703.11
356.94;343.69;-13.25;700.63
356.79;345.75;-11.04;702.54
356.91;344.14;-12.78;701.05
356.34;344.69;-11.65;701.03
356.85;344.41;-12.44;701.26
356.74;346.22;-10.52;702.96
356.43;345.88;-10.55;702.31
357.02;345.60;-11.42;702.62
356.71;345.74;-10.98;702.45
357.04;344.86;-12.17;701.90
357.13;346.15;-10.98;703.28
357.55;345.78;-11.77;703.34
359.35;345.21;-14.14;704.56
357.02;343.94;-13.08;700.96
357.12;344.48;-12.64;701.60
356.72;345.72;-11.00;702.44
357.55;344.68;-12.87;702.24
356.89;345.88;-11.01;702.76
356.29;344.89;-11.40;701.18
356.31;346.05;-10.26;702.36
356.89;346.48;-10.41;703.36
357.06;345.60;-11.46;702.66
357.35;344.71;-12.64;702.06
359.14;345.49;-13.65;704.63
356.96;344.91;-12.06;701.87
356.65;345.25;-11.41;701.90
356.65;342.95;-13.70;699.59
356.64;345.48;-11.16;702.11
358.49;346.20;-12.29;704.69
359.42;346.20;-13.22;705.62
357.08;343.96;-13.12;701.04
357.01;342.93;-14.08;699.94
356.47;344.45;-12.02;700.92
356.71;345.43;-11.28;702.14
357.75;344.95;-12.81;702.70
357.42;345.58;-11.84;703.01
359.95;346.15;-13.79;706.10
358.58;345.79;-12.79;704.38
357.40;346.56;-10.84;703.96
357.48;345.12;-12.36;702.61
356.69;345.96;-10.73;702.65
357.73;345.52;-12.21;703.25
360.61;346.30;-14.31;706.91
356.24;345.51;-10.73;701.74
358.14;345.31;-12.84;703.45
359.65;345.57;-14.08;705.22
356.99;344.86;-12.14;701.85
357.93;343.75;-14.18;701.68
359.74;345.44;-14.29;705.18
361.22;344.49;-16.73;705.71
357.08;346.27;-10.81;703.35
355.78;345.01;-10.77;700.78
357.61;345.01;-12.60;702.62
357.12;345.82;-11.31;702.94
357.22;344.60;-12.62;701.82
357.50;345.99;-11.51;703.49
356.81;345.51;-11.29;702.32
356.95;345.38;-11.57;702.34
360.01;346.56;-13.45;706.58
357.65;346.28;-11.37;703.92
356.72;346.27;-10.45;702.99
358.58;344.22;-14.36;702.81
357.62;345.65;-11.96;703.27
356.56;346.02;-10.54;702.58
356.35;344.71;-11.64;701.06
357.68;344.25;-13.42;701.93
359.08;346.53;-12.55;705.61
357.31;345.84;-11.46;703.15
356.34;345.42;-10.92;701.76
356.98;344.08;-12.90;701.05
356.00;345.55;-10.45;701.55
355.97;345.46;-10.51;701.44
356.38;345.55;-10.83;701.94
357.02;345.12;-11.90;702.15
357.12;345.42;-11.69;702.54
357.41;343.94;-13.47;701.35
356.38;345.92;-10.46;702.31
357.55;345.32;-12.24;702.87
357.11;344.87;-12.24;701.98
359.24;346.50;-12.74;705.74
356.67;345.79;-10.88;702.46
357.83;344.76;-13.07;702.59
356.35;345.62;-10.74;701.97
357.25;345.15;-12.09;702.40
356.41;345.52;-10.88;701.93
356.30;343.62;-12.68;699.92
357.00;345.62;-11.38;702.62
356.84;344.28;-12.56;701.11
357.36;345.84;-11.52;703.20
358.95;344.82;-14.13;703.78
357.17;344.91;-12.26;702.08
357.35;344.42;-12.93;701.78
356.41;345.21;-11.19;701.62
357.89;345.02;-12.87;702.92
356.52;345.15;-11.38;701.67
356.79;346.04;-10.75;702.84
357.61;345.66;-11.95;703.27
357.99;344.83;-13.16;702.82
358.78;345.81;-12.96;704.59
357.43;342.93;-14.50;700.36
357.45;345.85;-11.61;703.30
357.45;344.82;-12.62;702.27
357.50;346.08;-11.42;703.58
356.78;345.03;-11.75;701.81
357.39;344.82;-12.58;702.21
357.50;344.67;-12.83;702.17
360.52;344.26;-16.26;704.78
360.20;343.31;-16.89;703.51
358.34;345.71;-12.63;704.04
356.56;344.92;-11.64;701.48
360.02;345.31;-14.71;705.33
356.45;343.83;-12.62;700.28
356.12;346.23;-9.89;702.35
355.99;344.86;-11.13;700.85
360.41;343.16;-17.25;703.58
357.12;343.56;-13.56;700.68
356.53;342.86;-13.66;699.39
360.48;345.36;-15.11;705.84
358.09;343.04;-15.05;701.13
357.54;344.04;-13.50;701.57
357.02;344.54;-12.48;701.56
357.98;343.02;-14.95;701.00
357.85;347.22;-10.63;705.06
358.28;345.94;-12.35;704.22
357.44;344.99;-12.45;702.44
356.81;344.39;-12.42;701.20
357.15;346.15;-11.01;703.30
359.43;345.02;-14.41;704.45
358.04;344.87;-13.16;702.91
358.48;345.84;-12.65;704.32
358.08;345.59;-12.49;703.66
356.94;345.86;-11.08;702.79
357.10;344.74;-12.36;701.84
356.56;344.73;-11.83;701.29
357.05;346.28;-10.78;703.33
357.70;342.85;-14.85;700.55
357.21;344.46;-12.75;701.68
357.22;345.48;-11.75;702.70
359.14;342.73;-16.41;701.86
357.57;345.06;-12.51;702.64
359.70;343.87;-15.83;703.57
357.82;344.46;-13.36;702.29
357.19;344.76;-12.43;701.96
357.36;346.05;-11.31;703.41
357.09;344.21;-12.88;701.31
356.83;344.84;-11.99;701.66
357.38;342.34;-15.04;699.72
355.79;345.16;-10.62;700.95
357.40;344.54;-12.86;701.94
358.81;345.07;-13.74;703.88
357.41;345.56;-11.85;702.98
357.08;344.32;-12.75;701.40
357.54;344.64;-12.90;702.18
357.37;345.47;-11.90;702.84
356.92;346.33;-10.59;703.25
357.15;345.51;-11.64;702.66
357.41;342.59;-14.81;700.00
357.20;345.72;-11.48;702.92
359.91;344.00;-15.91;703.91
356.69;342.49;-14.19;699.18
357.26;344.78;-12.48;702.04
358.28;344.35;-13.92;702.63
357.90;343.12;-14.78;701.02
356.59;345.25;-11.34;701.84
359.55;343.65;-15.91;703.20
358.28;345.47;-12.81;703.75
360.84;345.25;-15.58;706.09
357.69;344.70;-12.99;702.39
356.71;346.45;-10.26;703.16
357.89;344.87;-13.02;702.76
357.08;344.71;-12.38;701.79
357.19;345.10;-12.09;702.29
357.15;346.49;-10.66;703.64
357.72;344.49;-13.23;702.22
357.14;345.30;-11.84;702.44
357.55;343.40;-14.15;700.95
357.62;346.75;-10.86;704.37
356.77;345.01;-11.76;701.78
357.42;346.04;-11.38;703.46
357.72;345.71;-12.01;703.44
359.72;343.83;-15.89;703.55
357.61;344.81;-12.80;702.41
359.76;344.47;-15.29;704.24
356.95;345.04;-11.92;701.99
359.89;346.08;-13.81;705.96
357.41;346.03;-11.38;703.44
357.32;345.31;-12.01;702.63
356.44;343.59;-12.85;700.04
356.68;345.78;-10.90;702.45
357.42;344.09;-13.32;701.51
356.73;345.75;-10.98;702.48
356.99;345.69;-11.30;702.69
357.00;344.25;-12.75;701.25
356.63;345.58;-11.05;702.21
357.22;345.02;-12.19;702.24
357.78;345.20;-12.58;702.98
356.82;346.28;-10.55;703.10
356.48;346.07;-10.41;702.55
356.35;345.80;-10.55;702.15
357.15;343.56;-13.59;700.72
358.84;345.89;-12.95;704.74
356.94;346.24;-10.70;703.18
356.56;343.26;-13.30;699.83
356.47;344.13;-12.34;700.60
358.08;345.54;-12.54;703.62
357.43;345.63;-11.80;703.06
357.01;345.21;-11.80;702.22
357.17;345.45;-11.72;702.62
357.11;344.73;-12.38;701.84
356.88;342.48;-14.41;699.36
358.84;343.74;-15.11;702.58
356.92;344.21;-12.71;701.14
356.95;343.04;-13.91;699.99
359.86;344.64;-15.23;704.50
357.47;345.87;-11.60;703.34
360.04;343.48;-16.56;703.52
357.82;342.44;-15.38;700.26
358.06;344.09;-13.96;702.15
357.55;345.19;-12.35;702.74
357.19;345.02;-12.17;702.21
358.13;345.29;-12.84;703.42
357.01;344.85;-12.16;701.86
357.68;343.14;-14.54;700.82
357.24;344.78;-12.46;702.02
356.48;342.71;-13.77;699.18
359.40;344.51;-14.89;703.91
357.36;344.15;-13.22;701.51
356.66;345.06;-11.59;701.72
357.35;345.66;-11.69;703.02
358.09;343.39;-14.69;701.48
360.04;346.25;-13.79;706.29
356.82;345.46;-11.36;702.29
358.35;344.95;-13.41;703.30
357.44;344.41;-13.03;701.84
358.67;344.84;-13.83;703.51
357.49;345.24;-12.26;702.73
357.60;341.65;-15.95;699.25
357.04;344.22;-12.82;701.25
357.59;345.46;-12.13;703.06
355.89;345.92;-9.97;701.81
357.19;344.92;-12.26;702.11
358.24;345.48;-12.75;703.72
357.18;345.68;-11.50;702.86
357.81;344.68;-13.12;702.49
357.55;343.72;-13.83;701.28
358.59;346.16;-12.43;704.75
357.00;345.35;-11.65;702.35
356.68;344.92;-11.76;701.61
357.62;343.86;-13.76;701.48
356.09;345.27;-10.82;701.36
358.66;345.88;-12.78;704.54
358.91;345.01;-13.90;703.92
357.11;346.19;-10.92;703.30
356.51;345.22;-11.29;701.74
357.92;345.47;-12.45;703.39
357.61;345.26;-12.35;702.87
357.29;344.97;-12.32;702.26
360.49;344.79;-15.70;705.28
358.22;344.52;-13.70;702.74
357.70;346.86;-10.84;704.56
357.48;344.36;-13.11;701.84
357.66;345.12;-12.55;702.78
357.32;342.72;-14.61;700.04
359.68;342.28;-17.41;701.96
356.84;345.48;-11.36;702.32
357.06;345.45;-11.61;702.51
356.71;342.76;-13.95;699.46
357.42;344.63;-12.79;702.05
357.23;346.01;-11.22;703.24
356.61;344.83;-11.78;701.44
356.59;344.44;-12.15;701.03
360.62;345.15;-15.47;705.76
358.55;344.81;-13.74;703.35
356.84;345.21;-11.64;702.05
357.48;345.68;-11.81;703.16
356.46;344.49;-11.96;700.95
356.59;344.10;-12.49;700.69
356.82;346.41;-10.42;703.23
357.41;343.58;-13.82;700.99
356.89;344.64;-12.25;701.54
356.78;344.86;-11.92;701.65
357.23;343.23;-14.00;700.46
357.04;343.64;-13.41;700.68
356.83;344.11;-12.72;700.94
357.24;346.34;-10.90;703.57
356.41;344.68;-11.73;701.08
358.11;344.32;-13.78;702.43
356.68;342.60;-14.08;699.28
358.16;344.63;-13.53;702.79
357.20;345.16;-12.04;702.36
357.02;345.20;-11.82;702.22
357.44;345.65;-11.79;703.09
357.12;345.81;-11.31;702.93
359.41;344.52;-14.89;703.92
357.54;343.92;-13.62;701.45
357.93;345.02;-12.91;702.95
357.37;343.47;-13.90;700.84
357.51;344.52;-12.99;702.03
357.88;344.20;-13.68;702.08
360.07;345.42;-14.65;705.49
357.42;344.34;-13.08;701.76
357.91;344.16;-13.74;702.07
357.75;344.94;-12.81;702.69
356.55;344.62;-11.93;701.18
357.54;344.23;-13.31;701.77
356.16;343.92;-12.24;700.08
357.73;343.51;-14.22;701.24
358.11;345.27;-12.84;703.38
359.42;345.84;-13.58;705.25
358.15;345.38;-12.77;703.54
360.04;344.64;-15.40;704.67
357.46;345.66;-11.80;703.12
357.28;345.06;-12.21;702.34
357.16;344.95;-12.22;702.11
357.61;342.68;-14.92;700.29
359.59;344.99;-14.60;704.58
357.32;343.32;-14.00;700.65
357.06;344.67;-12.39;701.74
357.08;344.01;-13.07;701.08
357.38;344.88;-12.50;702.26
357.46;344.68;-12.78;702.14
358.16;345.87;-12.29;704.03
356.75;344.21;-12.54;700.96
358.12;345.16;-12.95;703.28
360.51;344.86;-15.64;705.37
357.41;345.75;-11.66;703.16
357.14;345.05;-12.08;702.19
357.60;343.91;-13.69;701.51
357.53;343.24;-14.29;700.76
359.66;343.24;-16.43;702.90
357.03;343.83;-13.20;700.86
356.91;344.96;-11.95;701.87
356.55;343.67;-12.88;700.22
357.59;344.27;-13.32;701.86
357.86;344.35;-13.52;702.21
356.84;346.22;-10.61;703.06
357.04;345.09;-11.94;702.13
357.75;345.61;-12.15;703.36
356.79;344.69;-12.11;701.48
359.87;345.23;-14.64;705.10
357.89;345.06;-12.84;702.95
360.54;344.78;-15.76;705.32
357.36;344.69;-12.68;702.05
357.43;344.85;-12.58;702.28
357.08;343.43;-13.65;700.51
356.81;344.21;-12.60;701.01
356.79;343.16;-13.64;699.95
356.38;344.88;-11.50;701.26
357.79;343.89;-13.89;701.68
360.46;343.62;-16.84;704.08
358.11;345.18;-12.93;703.29
357.10;343.40;-13.70;700.50
360.78;344.55;-16.24;705.33
360.59;345.74;-14.86;706.33
355.23;345.49;-9.74;700.72
357.32;343.05;-14.26;700.37
357.64;344.06;-13.58;701.69
357.65;346.29;-11.36;703.94
357.91;342.41;-15.50;700.31
356.57;344.76;-11.81;701.33
356.91;344.88;-12.04;701.79
356.61;344.28;-12.32;700.89
357.62;345.45;-12.17;703.08
357.38;344.32;-13.06;701.69
355.93;343.85;-12.08;699.78
356.33;345.12;-11.21;701.45
357.94;346.29;-11.65;704.22
355.25;342.68;-12.58;697.93
356.61;343.18;-13.43;699.79
356.93;344.85;-12.08;701.78
357.79;344.88;-12.91;702.67
358.31;344.86;-13.45;703.18
358.75;345.46;-13.29;704.21
359.48;345.08;-14.40;704.56
359.57;344.94;-14.63;704.51
357.61;345.64;-11.98;703.25
357.95;343.27;-14.68;701.22
357.85;345.26;-12.59;703.12
357.09;346.50;-10.59;703.59
356.66;344.99;-11.67;701.66
356.68;345.33;-11.35;702.01
356.27;345.03;-11.24;701.30
357.95;344.91;-13.04;702.85
360.29;345.35;-14.94;705.65
357.43;344.57;-12.86;702.00
357.47;344.55;-12.92;702.02
357.18;345.36;-11.82;702.54
358.28;345.92;-12.36;704.19
357.36;344.98;-12.38;702.34
357.29;344.41;-12.88;701.71
356.32;345.43;-10.89;701.75
357.46;345.23;-12.24;702.69
360.59;345.24;-15.35;705.82
357.64;345.94;-11.69;703.58
358.89;346.78;-12.12;705.67
357.56;344.70;-12.86;702.26
357.54;344.44;-13.10;701.98
357.54;344.82;-12.72;702.36
357.00;345.26;-11.74;702.26
357.16;343.80;-13.36;700.96
357.28;343.54;-13.74;700.82
357.12;344.31;-12.81;701.44
359.10;345.66;-13.44;704.76
359.96;343.78;-16.18;703.74
356.56;345.58;-10.98;702.15
357.11;345.11;-12.00;702.21
356.68;345.24;-11.44;701.92
357.15;345.33;-11.82;702.48
356.82;343.73;-13.09;700.55
357.11;346.92;-10.18;704.03
360.21;345.99;-14.22;706.19
356.27;345.64;-10.64;701.91
356.64;343.67;-12.96;700.31
356.86;343.89;-12.96;700.75
360.61;343.00;-17.61;703.61
357.15;345.56;-11.59;702.71
356.85;343.21;-13.64;700.06
356.69;345.52;-11.17;702.22
356.24;344.43;-11.81;700.67
357.12;345.17;-11.95;702.29
356.81;346.70;-10.11;703.51
357.75;346.28;-11.46;704.03
357.09;345.14;-11.96;702.23
355.51;345.78;-9.73;701.29
358.66;345.65;-13.01;704.32
356.97;345.48;-11.49;702.45
356.92;345.26;-11.66;702.19
356.02;346.68;-9.35;702.70
356.84;346.01;-10.82;702.85
357.56;343.22;-14.34;700.79
357.06;345.63;-11.44;702.69
356.82;345.29;-11.54;702.11
356.98;345.10;-11.88;702.08
357.71;346.23;-11.48;703.94
356.34;345.72;-10.62;702.05
357.23;344.41;-12.82;701.64
355.94;344.14;-11.80;700.08
356.80;345.21;-11.59;702.01
355.54;346.40;-9.14;701.94
356.89;345.68;-11.21;702.58
359.18;345.72;-13.46;704.89
357.33;344.94;-12.39;702.26
357.26;343.14;-14.12;700.39
357.28;346.97;-10.31;704.25
356.10;345.46;-10.64;701.56
356.56;344.18;-12.38;700.75
356.52;345.54;-10.99;702.06
356.51;345.94;-10.57;702.45
356.21;346.34;-9.86;702.55
357.29;346.10;-11.19;703.39
358.65;346.08;-12.56;704.73
356.68;345.63;-11.05;702.31
356.92;345.50;-11.42;702.42
356.19;345.38;-10.81;701.58
359.32;344.96;-14.36;704.28
356.81;345.39;-11.42;702.21
357.19;342.61;-14.58;699.79
360.32;344.92;-15.40;705.25
357.52;345.43;-12.09;702.95
357.20;344.16;-13.04;701.36
356.33;345.34;-10.99;701.66
359.19;345.49;-13.70;704.69
357.54;342.78;-14.76;700.32
356.71;346.05;-10.66;702.76
357.30;346.02;-11.28;703.32
358.02;345.05;-12.96;703.07
356.14;343.22;-12.92;699.36
356.35;345.65;-10.70;702.01
357.11;346.52;-10.59;703.62
357.12;344.75;-12.36;701.87
360.04;344.98;-15.06;705.01
357.07;344.58;-12.49;701.65
356.74;345.01;-11.73;701.74
357.36;345.26;-12.10;702.62
357.28;343.69;-13.58;700.97
356.68;345.30;-11.38;701.98
356.89;342.59;-14.30;699.49
355.97;344.31;-11.66;700.28
356.55;343.86;-12.69;700.41
357.45;345.60;-11.85;703.05
356.78;345.06;-11.72;701.84
356.77;345.25;-11.52;702.02
356.56;344.99;-11.57;701.55
356.49;344.02;-12.47;700.52
358.02;345.66;-12.36;703.69
355.78;346.46;-9.32;702.24
356.94;343.59;-13.34;700.53
358.60;345.55;-13.05;704.15
357.25;345.20;-12.05;702.45
356.27;344.16;-12.11;700.44
356.46;343.56;-12.91;700.02
356.72;343.46;-13.26;700.18
357.02;346.25;-10.77;703.28
356.62;344.98;-11.64;701.59
359.81;345.81;-14.01;705.62
357.45;345.03;-12.42;702.48
357.95;346.05;-11.90;703.99
355.65;346.12;-9.52;701.77
357.86;345.61;-12.25;703.46
357.18;345.89;-11.28;703.07
357.25;345.06;-12.19;702.32
357.64;345.71;-11.93;703.34
359.64;345.66;-13.98;705.31
357.14;346.59;-10.54;703.73
356.92;345.89;-11.04;702.81
357.21;345.32;-11.89;702.53
357.28;344.51;-12.77;701.78
356.19;346.18;-10.01;702.37
357.24;345.33;-11.91;702.57
355.58;345.91;-9.67;701.48
357.65;344.87;-12.78;702.52
359.26;345.88;-13.38;705.14
356.99;344.99;-12.01;701.98
359.89;344.82;-15.07;704.72
356.51;345.69;-10.82;702.20
360.35;345.42;-14.93;705.78
357.02;344.50;-12.52;701.52
356.67;345.79;-10.88;702.46
357.89;344.58;-13.31;702.47
357.55;345.35;-12.20;702.91
357.61;342.36;-15.25;699.98
358.98;345.34;-13.64;704.32
357.24;345.35;-11.89;702.59
356.72;345.83;-10.89;702.55
357.34;345.76;-11.57;703.10
357.18;345.82;-11.36;703.01
357.06;345.26;-11.80;702.32
357.49;344.12;-13.37;701.61
359.62;345.46;-14.16;705.08
357.28;344.96;-12.31;702.24
357.06;343.49;-13.57;700.55
357.66;345.49;-12.18;703.15
356.53;345.53;-11.00;702.06
357.89;344.19;-13.70;702.08
357.56;345.77;-11.79;703.34
357.58;344.44;-13.14;702.02
358.00;342.39;-15.61;700.39
356.84;343.79;-13.05;700.62
361.95;345.04;-16.91;706.98
357.43;345.01;-12.42;702.44
358.24;345.51;-12.73;703.75
356.57;345.29;-11.28;701.86
357.64;345.81;-11.82;703.45
360.07;344.78;-15.29;704.85
356.78;344.79;-11.98;701.57
357.11;346.14;-10.97;703.24
356.73;345.58;-11.15;702.31
358.94;344.09;-14.84;703.03
357.64;345.71;-11.93;703.34
356.74;343.14;-13.61;699.88
356.98;345.24;-11.74;702.22
356.52;345.92;-10.60;702.45
358.19;344.82;-13.37;703.02
356.87;345.62;-11.25;702.49
356.61;345.24;-11.38;701.85
357.86;344.97;-12.89;702.83
357.41;343.56;-13.84;700.97
356.45;345.65;-10.80;702.09
357.21;345.54;-11.66;702.75
356.95;344.12;-12.83;701.08
358.06;344.24;-13.82;702.30
356.48;346.19;-10.29;702.68
356.25;345.19;-11.06;701.45
359.35;344.14;-15.21;703.49
356.51;345.91;-10.59;702.42
356.21;344.96;-11.25;701.18
360.97;345.57;-15.40;706.54
357.50;345.35;-12.15;702.85
356.34;345.50;-10.84;701.84
355.91;343.39;-12.52;699.29
356.22;345.23;-10.99;701.45
357.50;343.26;-14.24;700.76
357.28;345.76;-11.52;703.05
356.97;346.22;-10.75;703.19
356.81;345.02;-11.79;701.82
356.61;346.09;-10.52;702.69
357.04;344.92;-12.12;701.95
357.25;345.65;-11.60;702.91
357.36;345.22;-12.14;702.58
357.40;345.79;-11.61;703.19
357.40;344.68;-12.72;702.08
357.55;345.24;-12.31;702.78
358.03;344.24;-13.79;702.26
358.53;345.91;-12.62;704.44
357.26;346.58;-10.68;703.84
357.18;346.85;-10.33;704.02
356.82;345.39;-11.43;702.21
356.78;345.00;-11.78;701.78
357.51;345.13;-12.38;702.64
357.22;344.91;-12.31;702.12
359.15;344.89;-14.25;704.04
358.78;343.81;-14.96;702.59
358.05;346.24;-11.81;704.29
356.84;346.10;-10.74;702.94
357.12;344.76;-12.35;701.88
357.09;346.39;-10.71;703.48
357.02;344.63;-12.39;701.65
357.50;345.10;-12.40;702.60
356.69;345.58;-11.11;702.28
357.27;345.68;-11.59;702.95
356.29;345.13;-11.16;701.42
356.64;345.35;-11.28;701.99
356.77;345.15;-11.62;701.92
356.73;345.91;-10.82;702.64
356.85;342.91;-13.95;699.76
359.89;346.13;-13.76;706.02
357.59;345.59;-12.00;703.18
356.79;344.79;-11.99;701.58
357.09;345.76;-11.33;702.85
356.94;345.16;-11.78;702.11
359.95;344.85;-15.09;704.80
359.43;344.53;-14.90;703.96
358.85;345.62;-13.24;704.47
358.16;346.14;-12.02;704.30
357.62;345.39;-12.24;703.01
357.88;345.20;-12.68;703.08
356.58;345.66;-10.92;702.24
357.25;345.54;-11.71;702.79
357.46;343.21;-14.26;700.67
357.95;345.49;-12.46;703.44
357.62;343.45;-14.16;701.07
358.15;343.72;-14.44;701.87
356.85;345.41;-11.45;702.26
356.97;344.59;-12.38;701.56
358.04;345.49;-12.55;703.54
357.59;346.04;-11.55;703.64
358.58;346.08;-12.50;704.66
357.66;342.54;-15.13;700.20
356.26;345.70;-10.56;701.96
356.71;345.42;-11.29;702.12
355.94;345.35;-10.59;701.28
357.38;345.19;-12.19;702.58
357.39;346.01;-11.38;703.39
357.32;345.65;-11.67;702.98
357.16;343.76;-13.41;700.92
357.42;344.48;-12.94;701.89
357.80;345.48;-12.32;703.28
356.33;345.25;-11.08;701.58
357.39;345.55;-11.84;702.94
357.18;345.35;-11.83;702.52
359.53;344.41;-15.12;703.94
357.29;346.08;-11.21;703.36
357.22;345.42;-11.80;702.64
358.88;346.45;-12.43;705.34
357.41;345.44;-11.97;702.85
356.84;343.59;-13.25;700.43
356.64;345.79;-10.85;702.42
358.06;345.33;-12.73;703.39
357.07;344.94;-12.13;702.01
356.42;345.98;-10.44;702.39
359.85;345.48;-14.37;705.32
357.14;345.49;-11.65;702.64
357.99;345.17;-12.82;703.16
356.96;345.62;-11.34;702.58
356.79;345.91;-10.88;702.71
359.95;343.69;-16.26;703.64
356.51;344.70;-11.81;701.21
357.55;345.62;-11.93;703.16
357.07;346.11;-10.96;703.18
357.11;345.01;-12.09;702.12
356.69;344.82;-11.86;701.51
355.98;345.67;-10.31;701.65
357.14;345.31;-11.84;702.45
357.39;343.80;-13.59;701.19
360.05;344.75;-15.31;704.80
359.44;345.75;-13.68;705.19
357.39;345.40;-11.99;702.79
359.26;345.41;-13.85;704.66
356.59;344.89;-11.71;701.48
357.32;343.15;-14.16;700.47
357.29;345.56;-11.72;702.85
359.17;344.83;-14.34;704.00
357.34;345.12;-12.22;702.46
358.86;345.77;-13.09;704.64
356.80;343.34;-13.46;700.14
358.12;343.25;-14.86;701.37
357.48;344.21;-13.27;701.69
359.54;344.11;-15.43;703.64
356.71;343.74;-12.97;700.44
356.60;345.07;-11.53;701.67
357.16;344.30;-12.86;701.46
360.11;345.05;-15.06;705.16
356.76;344.61;-12.16;701.37
356.73;345.05;-11.68;701.78
356.55;344.56;-11.99;701.11
357.37;344.02;-13.35;701.39
356.99;345.49;-11.51;702.48
357.30;343.57;-13.73;700.87
357.62;345.29;-12.34;702.91
356.89;345.29;-11.60;702.18
356.69;344.64;-12.05;701.33
357.45;343.91;-13.55;701.36
358.11;346.21;-11.90;704.31
356.79;345.81;-10.98;702.61
357.25;342.73;-14.52;699.98
356.68;344.20;-12.48;700.88
358.26;345.75;-12.52;704.01
357.29;345.76;-11.53;703.06
357.81;345.36;-12.45;703.16
356.97;344.93;-12.04;701.90
356.69;345.39;-11.30;702.09
357.21;345.32;-11.88;702.53
357.09;345.39;-11.70;702.48
357.87;345.19;-12.68;703.06
359.02;344.94;-14.09;703.96
356.98;345.48;-11.50;702.46
356.86;345.98;-10.88;702.85
356.36;345.24;-11.12;701.61
360.08;343.18;-16.89;703.26
356.75;344.74;-12.01;701.49
356.51;345.17;-11.34;701.68
360.51;343.48;-17.02;703.99
356.82;344.35;-12.47;701.16
356.82;345.60;-11.22;702.42
358.43;344.21;-14.22;702.64
357.28;345.15;-12.12;702.43
355.95;345.27;-10.68;701.22
359.51;343.08;-16.44;702.59
356.62;344.82;-11.79;701.44
356.88;345.29;-11.59;702.17
357.34;346.32;-11.02;703.66
357.19;343.71;-13.48;700.89
357.67;344.56;-13.11;702.24
357.40;345.20;-12.20;702.60
358.04;345.08;-12.96;703.12
357.82;345.52;-12.29;703.34
356.39;345.28;-11.11;701.66
357.15;345.05;-12.10;702.21
357.85;345.15;-12.70;703.01
357.04;343.34;-13.70;700.38
356.45;345.01;-11.45;701.46
357.89;345.47;-12.42;703.36
357.08;345.42;-11.66;702.51
357.65;344.22;-13.44;701.87
359.79;345.71;-14.08;705.50
356.82;344.95;-11.87;701.78
357.23;344.02;-13.21;701.25
356.82;347.19;-9.62;704.01
356.59;345.36;-11.22;701.95
357.51;345.30;-12.21;702.81
357.29;345.41;-11.88;702.70
358.81;345.27;-13.54;704.08
358.14;344.99;-13.15;703.14
357.36;343.52;-13.84;700.88
357.44;345.88;-11.56;703.32
356.52;346.02;-10.51;702.54
357.72;343.25;-14.47;700.98
357.35;345.59;-11.76;702.94
357.22;343.98;-13.25;701.20
359.36;345.35;-14.01;704.72
357.11;344.09;-13.02;701.21
356.97;343.93;-13.04;700.90
356.19;345.64;-10.55;701.84
356.63;343.45;-13.18;700.08
357.56;344.79;-12.78;702.35
355.42;344.88;-10.54;700.29
357.11;343.77;-13.34;700.88
356.15;345.85;-10.31;702.00
360.61;344.72;-15.89;705.33
357.41;345.74;-11.66;703.15
357.31;344.14;-13.17;701.44
356.49;343.18;-13.31;699.67
356.78;345.57;-11.21;702.35
356.59;344.66;-11.93;701.25
358.06;346.23;-11.83;704.29
356.94;346.07;-10.87;703.01
357.36;345.94;-11.43;703.30
357.51;343.03;-14.48;700.54
356.32;344.56;-11.76;700.89
356.84;345.98;-10.85;702.82
357.25;345.19;-12.05;702.44
360.39;344.94;-15.46;705.33
357.89;342.94;-14.96;700.83
357.08;345.33;-11.75;702.41
356.75;344.38;-12.38;701.13
356.52;344.80;-11.72;701.32
359.34;343.42;-15.92;702.76
357.35;345.58;-11.78;702.93
357.21;345.44;-11.76;702.65
359.50;340.61;-18.89;700.11
358.18;344.64;-13.54;702.81
357.14;344.75;-12.39;701.89
357.42;345.63;-11.79;703.05
357.45;344.87;-12.58;702.32
358.12;345.38;-12.74;703.50
357.23;344.71;-12.52;701.94
358.50;345.56;-12.94;704.06
357.26;344.36;-12.90;701.62
357.06;345.16;-11.90;702.23
356.95;344.57;-12.38;701.52
356.85;345.17;-11.68;702.02
357.92;344.17;-13.75;702.09
356.42;343.39;-13.03;699.81
357.18;345.44;-11.74;702.62
357.04;346.23;-10.81;703.26
357.85;346.64;-11.21;704.48
356.93;344.88;-12.05;701.81
357.45;345.46;-11.99;702.92
360.26;345.22;-15.04;705.48
357.02;343.78;-13.24;700.79
360.30;345.28;-15.02;705.58
357.31;343.07;-14.24;700.38
357.21;345.36;-11.85;702.58
356.84;345.75;-11.09;702.59
357.69;344.15;-13.54;701.85
356.33;345.84;-10.49;702.17
357.12;344.60;-12.52;701.72
356.72;344.92;-11.80;701.64
356.99;345.04;-11.95;702.02
359.78;345.68;-14.10;705.45
357.52;345.32;-12.19;702.84
357.30;344.39;-12.91;701.69
356.77;345.88;-10.89;702.65
357.51;343.98;-13.52;701.49
357.57;345.03;-12.54;702.60
358.11;345.74;-12.36;703.85
356.91;345.34;-11.58;702.25
356.46;346.05;-10.41;702.52
356.49;344.71;-11.78;701.19
356.26;345.26;-11.01;701.52
357.28;344.11;-13.18;701.39
357.16;344.91;-12.26;702.07
357.31;344.99;-12.32;702.29
356.98;342.99;-13.98;699.97
358.05;346.56;-11.49;704.61
356.87;345.86;-11.01;702.73
357.29;345.66;-11.62;702.95
357.51;345.14;-12.37;702.64
356.46;345.48;-10.98;701.95
357.53;343.69;-13.84;701.22
356.60;345.59;-11.01;702.19
357.21;346.59;-10.62;703.80
357.05;344.28;-12.77;701.34
356.62;343.73;-12.89;700.35
357.26;345.23;-12.03;702.49
358.17;345.71;-12.46;703.88
356.07;345.04;-11.04;701.11
359.08;345.51;-13.57;704.58
356.39;345.03;-11.36;701.42
356.89;346.41;-10.49;703.30
357.36;344.41;-12.95;701.78
356.99;345.31;-11.68;702.31
357.91;345.85;-12.06;703.76
356.45;345.44;-11.01;701.88
356.84;343.86;-12.97;700.70
356.96;342.26;-14.70;699.23
357.66;344.90;-12.76;702.56
357.39;345.13;-12.26;702.52
357.24;342.87;-14.36;700.11
358.08;344.58;-13.50;702.65
357.74;342.90;-14.84;700.64
356.67;343.32;-13.35;699.99
359.63;344.66;-14.96;704.29
358.21;343.96;-14.25;702.17
357.01;344.01;-13.01;701.02
357.01;343.42;-13.59;700.42
357.22;345.14;-12.09;702.36
356.74;345.71;-11.03;702.45
359.66;344.47;-15.19;704.14
357.43;345.91;-11.52;703.34
357.39;343.25;-14.14;700.64
357.43;343.04;-14.39;700.46
357.04;345.34;-11.70;702.38
357.44;345.48;-11.96;702.91
357.28;342.42;-14.85;699.70
357.09;345.34;-11.75;702.42
357.10;345.37;-11.73;702.47
357.96;342.96;-15.01;700.92
356.71;344.19;-12.52;700.91
356.50;344.71;-11.79;701.21
356.30;343.34;-12.96;699.64
359.48;344.86;-14.62;704.35
357.58;344.56;-13.02;702.15
357.84;344.59;-13.24;702.43
357.67;344.79;-12.88;702.46
358.30;345.81;-12.49;704.11
357.60;346.06;-11.54;703.66
357.59;345.78;-11.81;703.37
357.48;345.73;-11.75;703.21
357.33;344.53;-12.80;701.86
357.32;342.79;-14.52;700.11
357.71;344.25;-13.46;701.95
357.51;345.44;-12.07;702.94
357.68;344.86;-12.82;702.54
357.24;345.02;-12.22;702.26
356.28;345.56;-10.72;701.84
356.04;344.76;-11.27;700.80
358.11;346.04;-12.08;704.15
358.87;345.11;-13.76;703.98
357.22;344.88;-12.34;702.09
358.29;343.18;-15.11;701.46
357.32;345.19;-12.12;702.51
357.76;345.56;-12.19;703.32
357.56;345.09;-12.46;702.65
358.35;345.16;-13.18;703.51
358.15;344.86;-13.29;703.01
357.55;344.44;-13.12;701.99
357.22;344.62;-12.59;701.84
357.89;344.18;-13.72;702.07
357.90;344.86;-13.04;702.76
356.92;344.78;-12.14;701.71
356.59;345.88;-10.71;702.48
357.44;345.67;-11.76;703.11
357.78;345.44;-12.34;703.21
359.33;342.34;-16.99;701.66
358.37;343.48;-14.89;701.85
358.56;345.03;-13.53;703.59
357.22;344.97;-12.25;702.19
358.48;345.95;-12.53;704.42
360.57;345.44;-15.14;706.01
357.72;345.08;-12.64;702.79
357.42;345.62;-11.80;703.05
357.63;345.09;-12.54;702.72
357.55;343.13;-14.42;700.68
357.11;345.44;-11.67;702.55
357.11;343.26;-13.85;700.38
357.51;343.06;-14.45;700.58
357.36;344.79;-12.58;702.15
359.42;343.14;-16.28;702.56
357.41;342.92;-14.49;700.32
359.04;345.32;-13.72;704.36
357.69;344.82;-12.88;702.51
356.85;344.98;-11.87;701.82
357.41;344.77;-12.64;702.18
356.32;345.19;-11.14;701.51
356.98;345.40;-11.58;702.38
360.52;343.79;-16.72;704.31
357.16;345.01;-12.15;702.17
357.19;345.02;-12.18;702.21
356.89;343.16;-13.73;700.06
356.61;344.96;-11.64;701.57
357.19;344.35;-12.84;701.55
357.33;343.46;-13.86;700.79
359.31;346.54;-12.77;705.84
358.23;346.01;-12.22;704.24
357.41;345.16;-12.25;702.58
357.21;345.69;-11.52;702.90
357.12;345.42;-11.69;702.54
356.98;342.98;-14.00;699.96
357.40;344.11;-13.29;701.51
360.01;341.86;-18.15;701.88
358.09;345.42;-12.67;703.52
357.01;344.78;-12.24;701.79
358.62;344.45;-14.17;703.08
356.62;344.75;-11.87;701.36
356.85;346.31;-10.55;703.16
357.85;344.29;-13.56;702.14
357.47;343.66;-13.81;701.14
357.32;344.71;-12.61;702.02
356.76;345.89;-10.87;702.66
356.76;344.19;-12.56;700.95
357.54;343.33;-14.21;700.86
358.70;344.61;-14.09;703.31
357.15;345.69;-11.46;702.84
356.19;346.22;-9.96;702.41
356.86;344.94;-11.92;701.80
357.73;345.53;-12.20;703.26
356.38;345.82;-10.56;702.19
357.23;345.78;-11.45;703.01
356.00;345.14;-10.86;701.14
359.86;346.54;-13.32;706.39
357.40;344.81;-12.59;702.21
356.74;345.98;-10.75;702.72
357.64;346.37;-11.27;704.01
360.07;345.93;-14.14;706.00
356.68;346.19;-10.49;702.86
359.76;343.46;-16.31;703.22
357.01;346.11;-10.90;703.12
356.00;343.98;-12.02;699.98
356.56;345.78;-10.78;702.34
359.38;345.46;-13.92;704.85
357.29;344.54;-12.76;701.83
356.99;345.68;-11.31;702.68
357.61;345.43;-12.18;703.04
357.45;345.29;-12.16;702.74
357.12;344.96;-12.16;702.09
357.56;344.89;-12.67;702.46
356.49;345.57;-10.92;702.06
356.60;345.56;-11.04;702.16
356.92;344.23;-12.69;701.15
357.58;344.81;-12.77;702.39
356.35;343.22;-13.13;699.58
360.17;344.91;-15.26;705.08
357.21;344.16;-13.05;701.36
356.83;345.02;-11.81;701.85
359.69;345.42;-14.28;705.11
356.39;344.61;-11.78;701.01
360.12;343.56;-16.56;703.68
355.81;346.08;-9.74;701.89
355.65;345.82;-9.84;701.47
357.12;345.56;-11.55;702.68
357.82;345.35;-12.48;703.17
359.71;345.24;-14.46;704.95
358.04;345.62;-12.42;703.65
356.41;346.09;-10.32;702.50
356.44;343.68;-12.76;700.12
360.28;345.11;-15.17;705.39
357.84;346.02;-11.82;703.86
356.62;346.21;-10.41;702.83
357.64;345.56;-12.07;703.20
357.71;344.45;-13.26;702.16
358.64;346.59;-12.05;705.22
358.53;345.29;-13.24;703.82
356.50;346.35;-10.15;702.85
355.98;346.06;-9.92;702.04
360.35;344.52;-15.82;704.87
357.15;345.59;-11.56;702.75
356.87;344.49;-12.38;701.36
359.53;345.22;-14.31;704.75
356.36;345.19;-11.17;701.56
356.89;345.20;-11.69;702.09
358.46;345.68;-12.78;704.14
356.48;346.71;-9.78;703.19
356.14;345.76;-10.38;701.91
357.13;345.48;-11.65;702.61
357.01;346.26;-10.74;703.27
357.61;346.18;-11.43;703.79
356.44;346.59;-9.85;703.02
359.86;346.23;-13.63;706.09
357.96;346.04;-11.92;703.99
360.31;345.24;-15.07;705.54
356.64;345.48;-11.15;702.12
359.72;344.21;-15.51;703.94
356.85;345.15;-11.70;702.01
357.21;344.36;-12.85;701.57
357.85;342.78;-15.07;700.62
360.55;344.49;-16.06;705.05
356.05;346.28;-9.77;702.34
357.55;341.86;-15.69;699.41
358.71;345.80;-12.91;704.51
358.36;346.34;-12.02;704.71
357.14;345.75;-11.39;702.88
357.19;344.11;-13.08;701.30
356.89;345.02;-11.88;701.91
357.31;346.19;-11.11;703.50
356.46;344.93;-11.54;701.39
356.69;345.62;-11.07;702.32
356.55;344.55;-12.00;701.11
356.27;345.44;-10.83;701.71
356.01;343.02;-12.99;699.02
356.61;343.13;-13.48;699.74
356.79;345.74;-11.05;702.54
356.69;345.36;-11.34;702.05
356.77;344.14;-12.63;700.91
357.48;345.31;-12.17;702.79
360.12;344.76;-15.36;704.89
356.58;346.47;-10.11;703.05
357.21;344.55;-12.66;701.75
356.71;345.04;-11.66;701.75
356.61;345.01;-11.60;701.62
356.56;345.41;-11.15;701.98
356.15;345.50;-10.65;701.65
356.99;345.35;-11.64;702.34
358.45;345.34;-13.11;703.79
357.84;345.81;-12.02;703.65
357.16;344.91;-12.26;702.07
357.45;346.54;-10.91;703.99
356.28;345.39;-10.89;701.66
357.08;345.21;-11.87;702.28
357.48;344.94;-12.54;702.42
356.95;345.05;-11.89;702.00
357.31;345.75;-11.56;703.06
357.12;346.20;-10.92;703.32
356.87;344.54;-12.34;701.41
356.72;343.75;-12.97;700.46
356.52;344.95;-11.57;701.48
356.35;345.85;-10.51;702.20
356.19;346.21;-9.98;702.40
357.04;346.09;-10.95;703.13
356.49;346.26;-10.22;702.75
357.32;346.18;-11.14;703.50
357.08;345.57;-11.51;702.65
356.25;342.98;-13.27;699.24
359.39;344.35;-15.04;703.74
357.84;345.56;-12.28;703.39
356.64;343.97;-12.66;700.61
357.39;344.71;-12.68;702.11
357.26;346.54;-10.72;703.81
357.11;344.19;-12.92;701.31
356.84;346.26;-10.58;703.10
356.77;345.76;-11.01;702.54
357.02;344.56;-12.46;701.58
357.25;344.28;-12.98;701.53
356.09;346.29;-9.80;702.38
355.82;344.44;-11.38;700.26
356.49;343.68;-12.81;700.18
358.47;346.04;-12.43;704.51
357.89;346.10;-11.79;703.99
359.02;345.70;-13.32;704.72
359.52;345.95;-13.57;705.46
357.38;345.48;-11.90;702.86
357.24;345.32;-11.92;702.56
356.88;346.26;-10.62;703.14
356.73;345.80;-10.93;702.53
356.51;343.53;-12.98;700.04
356.19;345.79;-10.39;701.98
355.92;345.39;-10.52;701.31
357.48;345.91;-11.57;703.39
357.27;342.59;-14.68;699.86
357.02;344.00;-13.02;701.02
357.33;345.84;-11.49;703.16
357.31;343.02;-14.29;700.34
357.97;342.72;-15.25;700.69
357.62;344.75;-12.88;702.37
356.33;345.77;-10.56;702.10
356.30;345.19;-11.11;701.49
357.56;343.61;-13.95;701.18
356.74;344.70;-12.04;701.44
357.79;343.69;-14.09;701.48
356.69;345.58;-11.11;702.28
356.51;346.91;-9.61;703.42
357.25;342.96;-14.29;700.22
356.49;346.25;-10.24;702.75
358.54;344.83;-13.71;703.36
356.74;344.62;-12.12;701.36
356.62;344.98;-11.64;701.60
357.39;343.89;-13.50;701.29
356.71;345.72;-10.98;702.43
357.34;345.15;-12.19;702.49
357.05;345.09;-11.96;702.15
356.46;346.34;-10.12;702.79
357.19;344.18;-13.01;701.38
357.31;346.63;-10.68;703.94
357.68;344.42;-13.25;702.10
358.97;346.25;-12.72;705.22
358.93;346.11;-12.82;705.04
