350.98;336.26;-14.71;687.24
351.80;336.12;-15.68;687.92
352.28;335.43;-16.85;687.71
351.64;336.40;-15.24;688.04
352.56;336.19;-16.36;688.75
352.41;334.92;-17.49;687.32
352.39;335.85;-16.54;688.24
349.58;336.45;-13.13;686.04
352.41;335.59;-16.82;688.01
352.34;335.37;-16.97;687.71
352.11;338.27;-13.84;690.38
351.93;336.28;-15.65;688.21
351.29;336.69;-14.60;687.99
351.83;336.60;-15.23;688.43
351.51;336.16;-15.35;687.68
352.96;335.05;-17.92;688.01
352.31;333.90;-18.41;686.21
353.12;336.15;-16.97;689.26
350.69;336.84;-13.85;687.52
352.48;335.37;-17.11;687.85
352.39;335.08;-17.32;687.47
352.99;335.92;-17.06;688.91
351.71;337.78;-13.93;689.49
352.81;335.73;-17.08;688.54
352.00;335.58;-16.42;687.58
351.38;335.31;-16.06;686.69
352.11;336.20;-15.91;688.31
351.87;334.78;-17.09;686.65
352.89;334.65;-18.24;687.55
353.28;334.45;-18.84;687.73
351.39;334.32;-17.08;685.71
353.74;336.09;-17.65;689.82
352.36;336.69;-15.66;689.05
352.65;335.65;-17.00;688.31
352.76;336.59;-16.17;689.35
353.44;336.41;-17.03;689.85
353.09;335.16;-17.94;688.25
352.53;335.52;-17.01;688.05
353.96;336.64;-17.33;690.60
352.94;335.78;-17.15;688.72
353.82;336.49;-17.33;690.31
352.38;336.25;-16.13;688.64
351.96;336.04;-15.92;688.00
352.10;335.84;-16.26;687.94
351.83;336.07;-15.76;687.90
352.97;336.08;-16.89;689.05
351.54;334.48;-17.06;686.01
351.29;336.10;-15.19;687.39
351.11;335.83;-15.28;686.94
351.01;333.92;-17.09;684.93
350.82;336.81;-14.01;687.64
350.46;336.29;-14.16;686.75
351.91;338.54;-13.38;690.45
352.08;336.28;-15.80;688.35
351.94;335.99;-15.95;687.93
349.94;336.76;-13.18;686.69
351.87;335.82;-16.05;687.69
352.43;334.32;-18.11;686.75
352.27;335.45;-16.82;687.72
352.11;335.21;-16.89;687.32
352.09;336.23;-15.86;688.32
354.29;336.19;-18.09;690.48
351.73;336.65;-15.08;688.38
351.44;336.69;-14.75;688.12
354.21;335.68;-18.53;689.89
351.09;336.64;-14.45;687.73
352.81;333.86;-18.95;686.67
352.70;335.70;-17.00;688.40
353.59;335.51;-18.08;689.11
350.40;335.37;-15.03;685.77
352.32;335.38;-16.94;687.70
352.56;335.32;-17.25;687.88
352.25;335.16;-17.09;687.42
353.21;336.13;-17.08;689.34
353.02;335.99;-17.03;689.01
352.91;335.77;-17.14;688.68
351.80;335.50;-16.30;687.30
351.61;335.45;-16.16;687.06
352.06;335.12;-16.94;687.19
352.04;335.89;-16.15;687.93
352.88;335.01;-17.86;687.89
351.84;333.59;-18.25;685.42
352.45;335.99;-16.45;688.44
351.52;335.91;-15.61;687.43
351.29;336.37;-14.92;687.66
351.28;336.00;-15.28;687.28
352.58;336.09;-16.49;688.68
353.14;336.02;-17.12;689.15
353.44;335.74;-17.70;689.17
352.64;336.37;-16.26;689.01
352.83;336.10;-16.73;688.93
353.05;335.46;-17.59;688.51
352.99;335.85;-17.14;688.84
353.43;336.29;-17.14;689.72
351.91;336.09;-15.82;688.01
352.20;335.99;-16.21;688.19
352.91;335.75;-17.16;688.66
352.75;335.02;-17.73;687.76
352.46;335.40;-17.06;687.86
352.32;335.12;-17.20;687.44
352.08;335.73;-16.35;687.81
353.04;336.26;-16.77;689.30
351.59;335.92;-15.66;687.51
351.36;335.87;-15.49;687.23
353.18;335.99;-17.19;689.18
350.84;335.70;-15.14;686.54
352.47;336.64;-15.84;689.11
353.64;336.40;-17.24;690.04
353.19;336.15;-17.04;689.34
352.58;335.93;-16.65;688.51
352.35;337.77;-14.58;690.12
352.35;336.26;-16.09;688.61
352.18;335.16;-17.01;687.34
352.04;336.46;-15.58;688.51
351.89;336.14;-15.75;688.02
353.74;337.86;-15.88;691.60
351.61;335.91;-15.69;687.52
352.60;335.05;-17.55;687.65
352.33;336.75;-15.58;689.08
352.84;335.85;-16.98;688.69
352.11;335.49;-16.62;687.60
353.86;336.51;-17.35;690.38
354.32;336.61;-17.71;690.94
353.05;335.71;-17.35;688.76
351.71;334.90;-16.81;686.61
351.49;335.86;-15.63;687.36
352.84;335.66;-17.18;688.50
351.88;336.90;-14.98;688.78
351.59;335.26;-16.34;686.85
351.68;338.19;-13.48;689.87
351.78;336.15;-15.64;687.93
351.59;336.10;-15.49;687.69
352.79;334.42;-18.36;687.21
351.24;336.16;-15.08;687.40
351.05;336.94;-14.11;687.98
350.92;337.12;-13.79;688.04
352.66;335.66;-17.00;688.33
350.50;335.53;-14.97;686.03
351.62;336.02;-15.60;687.64
353.06;336.49;-16.57;689.56
353.42;334.98;-18.44;688.41
352.11;335.79;-16.32;687.90
352.12;334.69;-17.43;686.81
352.75;336.56;-16.18;689.31
352.40;336.18;-16.22;688.58
352.28;335.42;-16.86;687.69
354.57;336.65;-17.92;691.22
352.08;335.82;-16.26;687.89
353.18;336.01;-17.17;689.18
351.80;334.84;-16.96;686.64
351.77;334.78;-16.99;686.55
353.09;335.57;-17.52;688.66
354.31;334.38;-19.94;688.69
352.67;335.64;-17.04;688.31
351.24;335.29;-15.95;686.54
351.08;335.97;-15.11;687.05
354.26;335.15;-19.11;689.42
353.09;336.20;-16.89;689.29
353.46;335.64;-17.82;689.11
352.48;336.56;-15.92;689.04
353.27;335.32;-17.95;688.59
353.42;336.04;-17.38;689.46
353.22;335.75;-17.47;688.96
352.86;335.73;-17.14;688.59
352.41;336.33;-16.08;688.74
352.62;335.52;-17.10;688.14
352.28;335.25;-17.03;687.52
352.15;335.86;-16.29;688.01
352.01;334.91;-17.09;686.92
351.86;335.64;-16.22;687.49
351.69;335.42;-16.27;687.11
351.56;335.72;-15.84;687.29
354.39;335.32;-19.06;689.71
353.56;335.76;-17.81;689.32
354.04;335.38;-18.66;689.42
352.86;335.94;-16.93;688.80
352.33;336.48;-15.85;688.81
350.24;336.32;-13.91;686.56
353.22;335.68;-17.54;688.89
352.51;334.85;-17.66;687.35
352.74;335.92;-16.82;688.66
352.68;335.01;-17.68;687.69
352.44;336.35;-16.09;688.79
352.48;335.28;-17.20;687.75
352.23;335.90;-16.33;688.13
352.17;336.82;-15.35;688.99
351.91;335.62;-16.28;687.53
351.75;335.68;-16.08;687.43
353.92;336.39;-17.52;690.31
351.55;336.30;-15.25;687.85
354.19;336.12;-18.07;690.31
352.50;334.83;-17.67;687.33
350.89;336.71;-14.18;687.59
353.01;335.66;-17.35;688.68
352.59;336.04;-16.55;688.64
352.31;335.55;-16.76;687.85
352.29;335.44;-16.85;687.73
352.41;335.62;-16.79;688.04
352.30;335.65;-16.65;687.95
352.43;335.67;-16.76;688.10
352.48;336.21;-16.28;688.69
352.32;335.27;-17.05;687.59
352.40;336.11;-16.29;688.51
352.79;338.21;-14.59;691.00
352.02;335.72;-16.30;687.75
353.67;333.57;-20.10;687.24
351.67;334.55;-17.12;686.22
354.05;335.19;-18.86;689.25
351.23;336.08;-15.15;687.31
352.07;335.36;-16.71;687.43
353.66;333.70;-19.96;687.36
352.88;335.33;-17.55;688.21
352.29;335.94;-16.36;688.23
353.05;335.58;-17.46;688.63
352.25;335.87;-16.38;688.12
352.50;335.76;-16.74;688.26
351.90;337.48;-14.42;689.38
352.38;337.68;-14.69;690.06
352.16;335.72;-16.45;687.88
352.01;334.85;-17.15;686.86
353.61;336.31;-17.30;689.92
352.38;334.64;-17.74;687.02
353.63;334.65;-18.98;688.28
351.50;336.35;-15.15;687.85
351.31;336.24;-15.06;687.55
353.06;335.85;-17.21;688.91
353.58;336.01;-17.58;689.59
351.99;335.92;-16.06;687.91
352.01;336.43;-15.58;688.44
351.74;335.52;-16.21;687.26
352.39;335.36;-17.02;687.75
353.21;336.29;-16.92;689.51
352.98;335.89;-17.08;688.87
351.84;335.91;-15.92;687.75
351.58;336.56;-15.01;688.14
351.89;334.42;-17.47;686.31
352.42;335.37;-17.05;687.79
352.16;335.15;-17.02;687.31
351.92;334.94;-16.98;686.85
352.05;334.96;-17.09;687.02
351.92;335.76;-16.16;687.68
353.49;335.45;-18.05;688.94
351.67;335.79;-15.88;687.46
351.66;334.48;-17.18;686.14
352.64;336.48;-16.15;689.12
351.49;336.26;-15.22;687.75
351.42;336.32;-15.11;687.74
352.49;336.02;-16.48;688.51
351.05;336.99;-14.06;688.04
352.06;335.80;-16.26;687.86
350.75;335.62;-15.14;686.37
352.44;335.39;-17.05;687.84
350.21;335.62;-14.59;685.84
352.64;338.18;-14.46;690.82
353.12;335.97;-17.15;689.09
352.92;335.89;-17.02;688.81
352.79;335.67;-17.12;688.46
352.64;336.28;-16.35;688.92
352.12;335.15;-16.96;687.27
351.96;335.03;-16.94;686.99
351.86;336.83;-15.03;688.69
351.58;336.22;-15.36;687.80
351.42;334.29;-17.12;685.71
351.14;336.34;-14.80;687.48
350.90;337.11;-13.79;688.01
352.55;335.49;-17.06;688.05
352.36;335.34;-17.02;687.69
353.41;335.06;-18.35;688.48
352.79;336.13;-16.66;688.92
352.66;336.62;-16.04;689.28
352.75;335.50;-17.25;688.25
351.90;336.06;-15.84;687.96
354.03;336.53;-17.50;690.56
351.80;336.29;-15.51;688.09
351.65;335.89;-15.75;687.54
351.51;335.84;-15.67;687.34
353.25;336.32;-16.92;689.57
351.36;334.16;-17.19;685.52
352.56;333.86;-18.70;686.43
353.12;335.66;-17.46;688.78
353.84;336.32;-17.51;690.16
352.96;335.84;-17.12;688.80
354.22;336.22;-17.99;690.44
352.58;336.75;-15.82;689.33
350.96;336.03;-14.93;686.99
352.34;336.44;-15.91;688.78
352.49;336.34;-16.15;688.84
353.85;335.25;-18.60;689.11
352.08;335.18;-16.90;687.25
351.80;335.15;-16.65;686.95
352.01;334.94;-17.08;686.95
352.69;336.76;-15.93;689.45
351.82;336.60;-15.22;688.42
351.60;336.17;-15.43;687.77
353.78;336.24;-17.54;690.02
353.59;337.14;-16.45;690.73
352.91;335.85;-17.06;688.75
353.16;333.70;-19.46;686.86
350.63;335.55;-15.08;686.18
352.22;336.44;-15.78;688.66
350.35;335.26;-15.09;685.61
351.26;335.62;-15.64;686.88
353.23;338.09;-15.14;691.32
351.12;334.88;-16.24;685.99
352.70;335.88;-16.82;688.58
352.64;335.69;-16.95;688.34
351.95;335.56;-16.39;687.51
351.65;335.36;-16.29;687.01
351.54;335.14;-16.40;686.67
351.91;336.38;-15.54;688.29
351.88;336.75;-15.12;688.63
351.28;334.54;-16.74;685.81
352.69;336.35;-16.34;689.04
351.25;336.08;-15.18;687.33
350.93;335.84;-15.09;686.76
353.16;335.91;-17.26;689.07
352.35;335.89;-16.46;688.24
353.39;336.08;-17.31;689.46
353.44;336.39;-17.05;689.82
352.37;335.03;-17.34;687.40
352.38;336.02;-16.36;688.40
352.19;335.75;-16.44;687.94
351.78;335.49;-16.29;687.26
351.56;335.42;-16.15;686.98
352.26;338.18;-14.09;690.44
352.18;335.25;-16.93;687.42
351.99;336.35;-15.65;688.34
354.05;335.88;-18.16;689.93
351.58;336.15;-15.43;687.72
352.05;335.06;-16.99;687.11
351.99;337.71;-14.28;689.71
351.78;336.63;-15.15;688.41
351.51;335.75;-15.76;687.26
351.38;336.08;-15.29;687.46
353.12;336.02;-17.09;689.14
352.14;336.12;-16.02;688.25
352.22;336.28;-15.94;688.49
352.68;336.41;-16.27;689.08
352.88;335.98;-16.90;688.86
353.02;335.91;-17.11;688.93
352.13;335.40;-16.73;687.53
352.29;336.71;-15.59;689.00
351.60;338.25;-13.35;689.85
352.05;336.38;-15.68;688.43
351.88;336.68;-15.20;688.56
352.61;336.18;-16.44;688.79
351.65;336.44;-15.21;688.09
351.51;336.48;-15.03;687.98
351.38;334.28;-17.10;685.65
352.72;335.95;-16.78;688.67
350.98;336.42;-14.55;687.40
350.73;335.57;-15.16;686.30
352.35;335.99;-16.36;688.35
352.92;335.99;-16.93;688.91
352.99;336.10;-16.89;689.09
352.87;336.02;-16.85;688.89
351.85;335.68;-16.18;687.53
352.46;336.36;-16.09;688.82
353.29;335.82;-17.47;689.11
354.91;336.81;-18.10;691.72
351.76;336.29;-15.47;688.06
351.74;335.89;-15.85;687.64
351.43;336.79;-14.64;688.22
351.16;336.39;-14.78;687.55
352.08;335.88;-16.19;687.96
351.98;336.12;-15.86;688.09
353.08;336.82;-16.26;689.90
352.42;336.53;-15.89;688.95
352.34;336.45;-15.89;688.78
351.88;336.12;-15.76;688.00
349.85;335.99;-13.86;685.84
352.50;335.83;-16.67;688.33
352.54;337.68;-14.86;690.21
352.50;335.96;-16.54;688.46
352.11;336.54;-15.57;688.64
352.69;334.87;-17.82;687.56
351.84;335.92;-15.92;687.76
351.69;335.34;-16.36;687.03
354.45;336.25;-18.20;690.69
352.31;336.19;-16.12;688.50
352.56;336.52;-16.05;689.08
352.74;336.69;-16.04;689.43
352.26;335.92;-16.34;688.18
351.35;336.24;-15.11;687.58
352.89;336.09;-16.80;688.98
349.68;336.61;-13.08;686.29
352.01;337.93;-14.08;689.94
352.62;336.22;-16.40;688.84
352.25;335.36;-16.89;687.62
351.41;336.38;-15.04;687.79
352.08;335.01;-17.07;687.08
351.89;336.19;-15.70;688.08
351.65;335.58;-16.08;687.23
352.09;336.05;-16.04;688.15
351.44;336.38;-15.06;687.81
351.29;336.24;-15.06;687.53
351.10;337.17;-13.93;688.27
351.61;337.05;-14.56;688.65
353.19;335.98;-17.21;689.18
352.79;336.73;-16.06;689.52
352.05;336.35;-15.69;688.40
352.02;336.25;-15.78;688.27
352.11;335.75;-16.36;687.86
352.31;335.85;-16.45;688.16
352.04;335.48;-16.56;687.52
351.46;335.16;-16.30;686.63
351.92;336.62;-15.29;688.54
351.88;336.79;-15.09;688.68
351.59;336.41;-15.18;688.00
351.31;334.27;-17.04;685.58
350.99;336.95;-14.04;687.94
350.84;336.88;-13.96;687.72
350.58;335.56;-15.02;686.14
352.69;336.34;-16.36;689.03
353.64;338.26;-15.37;691.90
353.14;336.31;-16.84;689.45
352.91;335.63;-17.28;688.54
352.59;335.73;-16.86;688.32
352.36;336.31;-16.05;688.68
352.50;335.58;-16.92;688.08
352.23;335.82;-16.41;688.05
353.30;336.81;-16.49;690.11
351.45;336.19;-15.26;687.64
352.83;336.87;-15.96;689.70
351.31;336.27;-15.04;687.58
351.02;336.38;-14.64;687.41
350.74;336.74;-14.01;687.48
352.21;335.97;-16.24;688.18
350.26;336.39;-13.86;686.65
349.95;336.02;-13.93;685.98
351.91;335.75;-16.16;687.66
351.31;335.48;-15.82;686.79
351.94;338.33;-13.61;690.27
352.08;336.67;-15.41;688.75
351.68;336.99;-14.69;688.67
351.74;336.46;-15.28;688.21
351.66;336.50;-15.16;688.16
351.53;336.35;-15.18;687.88
353.24;336.74;-16.51;689.98
351.05;336.52;-14.53;687.56
352.06;339.17;-12.89;691.24
352.48;336.17;-16.31;688.65
352.64;336.28;-16.36;688.92
352.34;337.56;-14.78;689.91
351.89;336.21;-15.69;688.10
349.84;334.92;-14.92;684.76
351.65;335.91;-15.74;687.56
349.51;335.74;-13.76;685.25
351.76;335.47;-16.29;687.24
351.91;336.88;-15.03;688.79
352.09;336.71;-15.39;688.80
351.60;336.93;-14.67;688.53
353.41;336.55;-16.86;689.95
351.44;336.89;-14.55;688.34
351.25;336.09;-15.15;687.34
350.98;336.71;-14.26;687.69
352.30;336.49;-15.81;688.79
353.42;336.78;-16.64;690.19
350.51;335.95;-14.56;686.46
353.42;336.30;-17.12;689.72
353.16;336.26;-16.90;689.43
351.87;335.99;-15.88;687.86
352.25;335.75;-16.50;688.01
352.68;335.54;-17.14;688.21
352.39;336.18;-16.21;688.56
352.71;337.03;-15.68;689.74
353.31;336.81;-16.49;690.12
351.78;337.23;-14.55;689.01
351.58;334.49;-17.08;686.07
351.41;334.38;-17.03;685.78
352.99;335.68;-17.31;688.66
351.06;336.06;-14.99;687.12
352.85;335.76;-17.08;688.61
352.18;335.65;-16.54;687.83
351.48;335.14;-16.35;686.62
352.86;335.99;-16.86;688.85
352.44;335.83;-16.61;688.27
352.89;335.72;-17.17;688.61
352.67;337.02;-15.65;689.69
352.48;337.49;-14.99;689.97
352.34;335.84;-16.51;688.18
352.16;335.91;-16.25;688.07
351.89;335.65;-16.24;687.54
351.71;335.59;-16.12;687.31
351.50;335.69;-15.81;687.19
354.01;336.12;-17.88;690.13
352.46;336.56;-15.89;689.02
354.02;336.22;-17.81;690.24
352.77;336.33;-16.44;689.10
351.86;335.82;-16.04;687.68
352.44;335.92;-16.52;688.36
353.44;335.30;-18.14;688.74
352.34;338.95;-13.39;691.28
353.15;335.94;-17.21;689.08
352.54;335.91;-16.64;688.45
351.84;335.78;-16.06;687.62
352.58;336.75;-15.82;689.33
352.61;336.24;-16.37;688.85
352.03;334.32;-17.71;686.35
353.08;336.18;-16.90;689.25
354.04;335.08;-18.96;689.12
353.85;335.68;-18.18;689.53
351.76;335.58;-16.18;687.34
351.61;334.68;-16.94;686.29
351.49;334.34;-17.15;685.82
354.00;334.10;-19.90;688.10
352.39;336.01;-16.39;688.40
352.96;336.32;-16.64;689.29
352.81;336.25;-16.56;689.06
350.47;336.29;-14.18;686.76
353.28;336.48;-16.79;689.76
352.67;336.19;-16.48;688.86
352.73;335.90;-16.83;688.63
352.11;335.82;-16.29;687.92
354.04;336.34;-17.70;690.37
352.52;336.22;-16.30;688.74
352.44;336.12;-16.32;688.55
352.16;336.11;-16.05;688.27
352.68;336.50;-16.18;689.18
351.65;335.79;-15.86;687.45
353.02;336.65;-16.37;689.66
351.69;336.41;-15.29;688.10
351.39;336.11;-15.28;687.49
351.25;337.28;-13.96;688.53
350.94;337.24;-13.69;688.18
353.53;335.78;-17.75;689.31
350.55;336.38;-14.17;686.94
350.46;335.28;-15.19;685.74
353.04;335.72;-17.31;688.76
351.60;334.99;-16.61;686.59
352.74;335.82;-16.91;688.56
352.72;336.45;-16.27;689.16
352.14;335.35;-16.79;687.49
351.86;335.29;-16.57;687.15
352.06;335.81;-16.25;687.88
351.86;336.13;-15.74;687.99
351.52;335.78;-15.74;687.30
352.69;336.94;-15.75;689.62
351.07;335.89;-15.18;686.96
352.58;336.87;-15.71;689.45
351.44;336.58;-14.85;688.02
351.60;334.72;-16.88;686.32
352.24;336.39;-15.85;688.62
351.52;336.15;-15.37;687.68
351.72;336.10;-15.62;687.82
352.95;336.56;-16.39;689.52
352.88;335.68;-17.21;688.56
352.59;335.11;-17.48;687.71
352.24;335.27;-16.96;687.51
352.02;336.04;-15.98;688.06
351.92;336.43;-15.49;688.35
353.68;336.11;-17.57;689.79
351.49;336.48;-15.01;687.98
351.42;337.47;-13.95;688.89
352.85;336.04;-16.81;688.89
352.15;336.05;-16.10;688.19
353.88;336.59;-17.29;690.48
353.58;335.64;-17.95;689.22
352.94;336.19;-16.74;689.13
353.45;338.59;-14.85;692.04
352.54;336.38;-16.16;688.91
352.26;335.39;-16.86;687.65
352.47;336.75;-15.72;689.22
352.39;335.75;-16.64;688.14
352.82;335.71;-17.11;688.53
352.58;336.33;-16.25;688.91
352.43;335.35;-17.08;687.78
352.18;333.96;-18.22;686.14
352.01;333.84;-18.17;685.85
351.78;334.78;-17.00;686.55
354.17;336.02;-18.15;690.19
351.48;336.28;-15.21;687.76
351.32;334.19;-17.14;685.51
352.91;335.82;-17.09;688.74
353.61;335.75;-17.86;689.36
350.59;336.54;-14.06;687.13
350.39;335.92;-14.46;686.31
352.08;336.18;-15.90;688.25
352.22;335.39;-16.83;687.62
352.91;335.93;-16.98;688.84
352.20;335.61;-16.59;687.81
352.57;334.45;-18.12;687.02
353.24;335.31;-17.93;688.55
352.45;335.22;-17.22;687.67
352.15;335.94;-16.21;688.09
351.94;335.58;-16.36;687.52
353.59;336.40;-17.19;689.99
351.64;335.39;-16.24;687.03
351.46;336.92;-14.54;688.38
351.34;334.22;-17.11;685.56
351.09;333.96;-17.12;685.05
353.35;336.25;-17.10;689.61
353.09;335.74;-17.35;688.84
353.16;335.46;-17.71;688.62
353.45;335.31;-18.15;688.76
352.56;336.41;-16.15;688.98
351.85;336.17;-15.68;688.02
351.82;336.07;-15.75;687.89
352.68;337.64;-15.04;690.32
351.85;335.39;-16.46;687.24
352.38;335.62;-16.76;688.00
352.17;336.68;-15.49;688.85
352.31;335.35;-16.96;687.65
352.36;336.02;-16.34;688.38
352.30;336.06;-16.24;688.36
354.49;335.91;-18.58;690.40
351.38;335.69;-15.69;687.06
351.82;334.82;-17.00;686.65
351.85;336.14;-15.71;687.99
353.64;336.01;-17.64;689.65
352.57;335.81;-16.76;688.38
353.12;335.54;-17.58;688.65
353.41;336.26;-17.14;689.67
353.46;336.04;-17.42;689.51
352.98;335.26;-17.72;688.24
352.78;335.64;-17.14;688.42
353.74;335.33;-18.41;689.07
353.46;336.26;-17.20;689.73
352.70;335.02;-17.68;687.72
352.36;335.95;-16.42;688.31
354.67;336.01;-18.66;690.68
351.53;336.45;-15.08;687.98
352.85;334.46;-18.39;687.32
352.48;334.27;-18.21;686.75
352.29;335.41;-16.88;687.69
352.22;336.01;-16.22;688.23
352.14;336.02;-16.12;688.15
354.15;333.74;-20.41;687.89
354.16;335.62;-18.54;689.78
353.95;336.07;-17.88;690.02
353.12;335.76;-17.35;688.88
353.85;336.17;-17.68;690.02
351.07;334.84;-16.24;685.91
353.32;335.84;-17.48;689.15
352.05;335.53;-16.52;687.58
350.40;338.31;-12.09;688.71
353.24;335.07;-18.16;688.31
352.18;336.08;-16.11;688.26
351.87;335.79;-16.08;687.66
352.90;335.64;-17.26;688.54
353.70;335.47;-18.23;689.17
352.46;336.05;-16.42;688.51
352.24;336.64;-15.60;688.88
354.38;335.79;-18.58;690.17
351.39;336.25;-15.14;687.64
351.46;335.89;-15.58;687.35
351.36;336.18;-15.18;687.54
351.92;335.06;-16.86;686.99
351.20;336.22;-14.98;687.42
351.07;335.77;-15.30;686.84
352.45;335.60;-16.85;688.05
353.58;335.13;-18.45;688.71
352.36;335.83;-16.54;688.19
352.26;335.70;-16.56;687.96
352.65;335.58;-17.07;688.24
352.19;335.14;-17.05;687.33
352.02;334.84;-17.18;686.86
351.68;336.37;-15.31;688.05
351.37;336.08;-15.29;687.45
351.08;336.29;-14.79;687.36
353.00;336.41;-16.59;689.41
352.34;336.44;-15.89;688.78
352.51;335.16;-17.35;687.68
352.82;335.00;-17.82;687.82
352.78;335.95;-16.83;688.74
352.74;335.88;-16.86;688.62
352.11;335.81;-16.31;687.92
352.54;335.57;-16.97;688.11
352.45;335.54;-16.92;687.99
352.65;336.19;-16.46;688.84
352.22;336.55;-15.68;688.77
352.18;335.94;-16.24;688.12
351.95;335.71;-16.25;687.66
351.71;336.69;-15.02;688.39
351.65;335.99;-15.66;687.64
351.44;336.46;-14.98;687.89
352.90;336.26;-16.64;689.16
351.19;338.74;-12.45;689.92
353.55;336.25;-17.29;689.80
353.76;336.33;-17.43;690.09
352.14;335.56;-16.58;687.70
352.97;336.17;-16.80;689.14
352.69;336.14;-16.55;688.82
352.51;335.57;-16.94;688.08
352.81;335.58;-17.23;688.38
352.45;336.34;-16.11;688.79
352.49;335.30;-17.19;687.79
352.19;335.20;-16.99;687.39
353.94;335.81;-18.13;689.74
352.57;336.57;-16.00;689.14
351.68;336.46;-15.22;688.14
351.42;336.59;-14.82;688.01
351.32;334.29;-17.03;685.62
352.34;336.59;-15.74;688.93
352.58;335.81;-16.78;688.39
352.81;335.79;-17.02;688.61
350.73;335.41;-15.32;686.14
352.08;335.62;-16.46;687.69
351.84;335.63;-16.21;687.46
352.89;336.26;-16.63;689.16
350.30;335.31;-14.99;685.61
352.96;336.09;-16.86;689.05
352.62;335.88;-16.74;688.49
352.31;335.58;-16.73;687.88
352.32;335.42;-16.89;687.74
352.12;336.15;-15.96;688.27
351.29;336.44;-14.86;687.73
351.78;334.79;-16.98;686.57
351.63;336.72;-14.91;688.35
351.44;334.55;-16.89;685.98
351.44;334.40;-17.04;685.84
352.43;336.11;-16.32;688.54
351.15;334.07;-17.08;685.22
352.95;335.23;-17.72;688.18
352.88;335.59;-17.29;688.47
353.52;334.72;-18.80;688.25
353.46;336.26;-17.20;689.72
352.65;335.52;-17.13;688.16
353.05;335.90;-17.15;688.95
352.80;335.63;-17.17;688.43
351.50;335.61;-15.89;687.11
352.23;335.44;-16.79;687.67
352.52;335.32;-17.20;687.84
352.21;335.40;-16.81;687.61
352.13;336.47;-15.66;688.60
352.04;336.29;-15.75;688.32
351.81;336.04;-15.77;687.85
351.49;336.62;-14.87;688.12
352.22;336.44;-15.78;688.66
353.03;335.46;-17.56;688.49
353.55;335.73;-17.82;689.28
353.08;333.62;-19.46;686.69
351.86;336.03;-15.84;687.89
350.40;336.54;-13.86;686.94
353.33;336.89;-16.44;690.22
352.27;338.71;-13.56;690.98
351.89;335.82;-16.08;687.71
352.37;335.45;-16.92;687.82
352.47;335.27;-17.20;687.74
351.78;335.18;-16.61;686.96
352.05;334.95;-17.10;687.01
351.82;334.78;-17.04;686.61
351.66;336.60;-15.06;688.26
351.59;336.45;-15.14;688.04
351.42;336.13;-15.29;687.55
351.15;337.08;-14.08;688.23
353.49;336.80;-16.69;690.29
352.10;336.68;-15.42;688.78
352.78;335.72;-17.06;688.49
350.65;336.86;-13.79;687.52
352.39;334.94;-17.45;687.32
352.61;336.03;-16.58;688.64
352.24;336.22;-16.01;688.46
351.74;335.95;-15.78;687.69
352.35;336.67;-15.68;689.02
352.92;335.76;-17.15;688.68
351.67;335.36;-16.31;687.03
353.41;336.17;-17.24;689.58
352.21;335.18;-17.03;687.38
352.02;334.94;-17.08;686.96
353.21;335.77;-17.44;688.98
352.00;334.91;-17.09;686.91
351.88;335.81;-16.07;687.69
352.41;338.15;-14.25;690.56
351.96;333.76;-18.19;685.72
352.02;336.38;-15.64;688.41
351.85;336.06;-15.79;687.92
351.91;336.65;-15.26;688.55
352.89;335.60;-17.29;688.49
351.79;335.66;-16.13;687.45
351.72;336.62;-15.11;688.34
352.97;336.52;-16.45;689.49
353.26;336.48;-16.78;689.75
354.16;335.56;-18.61;689.72
351.26;334.28;-16.99;685.54
351.09;335.04;-16.05;686.14
352.99;336.16;-16.83;689.15
352.43;336.07;-16.36;688.50
352.88;335.56;-17.31;688.44
353.31;335.99;-17.32;689.31
351.16;336.20;-14.96;687.36
352.07;336.05;-16.02;688.12
351.18;336.17;-15.01;687.35
354.19;336.05;-18.14;690.24
352.92;336.17;-16.75;689.09
351.28;337.58;-13.70;688.86
352.51;336.59;-15.92;689.11
352.04;336.25;-15.78;688.29
353.31;336.35;-16.96;689.65
351.12;335.89;-15.24;687.01
353.03;334.45;-18.58;687.48
352.46;335.26;-17.19;687.72
351.42;335.93;-15.49;687.35
351.41;334.46;-16.94;685.87
351.44;336.49;-14.95;687.93
351.52;336.59;-14.93;688.11
351.56;336.49;-15.07;688.05
352.91;336.04;-16.87;688.94
351.46;336.70;-14.76;688.16
351.61;334.50;-17.11;686.11
351.59;336.86;-14.73;688.46
351.38;336.46;-14.92;687.84
351.50;335.86;-15.64;687.36
352.16;335.91;-16.26;688.07
352.68;336.15;-16.52;688.83
351.29;336.75;-14.55;688.04
352.79;336.06;-16.73;688.86
352.32;336.37;-15.95;688.69
353.04;336.12;-16.92;689.16
352.74;335.99;-16.75;688.72
352.49;336.19;-16.31;688.68
352.88;335.01;-17.86;687.89
352.77;335.91;-16.86;688.68
353.51;336.54;-16.97;690.05
352.38;335.45;-16.94;687.83
352.04;335.79;-16.25;687.84
351.99;336.59;-15.40;688.59
351.96;334.85;-17.11;686.82
351.72;336.21;-15.51;687.94
352.32;336.30;-16.02;688.62
351.39;335.62;-15.76;687.01
351.11;336.97;-14.14;688.08
353.38;335.15;-18.22;688.53
352.75;335.57;-17.18;688.32
352.06;335.96;-16.10;688.03
350.28;336.16;-14.12;686.44
352.00;336.71;-15.29;688.71
354.28;335.94;-18.34;690.21
351.99;335.66;-16.33;687.65
351.80;335.44;-16.36;687.24
352.20;335.24;-16.96;687.44
353.39;335.14;-18.25;688.52
352.06;335.62;-16.45;687.68
351.89;335.55;-16.34;687.44
351.68;336.42;-15.26;688.11
352.41;336.34;-16.07;688.74
351.42;336.22;-15.20;687.65
352.04;336.52;-15.51;688.56
352.47;335.87;-16.60;688.34
352.36;335.44;-16.92;687.81
353.14;335.92;-17.22;689.06
350.82;336.94;-13.88;687.75
353.67;336.24;-17.44;689.91
352.23;336.71;-15.52;688.94
353.02;338.47;-14.55;691.49
353.16;336.15;-17.01;689.32
351.72;337.40;-14.32;689.12
352.19;335.68;-16.51;687.86
351.88;336.69;-15.18;688.57
351.36;336.40;-14.96;687.76
353.69;335.84;-17.85;689.53
353.32;335.58;-17.74;688.89
351.52;335.33;-16.19;686.85
351.38;335.63;-15.75;687.01
351.22;336.07;-15.15;687.29
350.91;335.75;-15.16;686.66
352.38;336.62;-15.75;689.00
352.05;335.73;-16.32;687.78
352.93;335.98;-16.95;688.91
352.37;335.91;-16.46;688.28
352.08;335.79;-16.29;687.86
352.37;337.24;-15.14;689.61
352.29;336.01;-16.28;688.31
352.05;338.02;-14.03;690.08
352.03;336.27;-15.76;688.30
351.80;334.61;-17.19;686.41
351.58;335.29;-16.29;686.88
352.49;334.27;-18.22;686.76
350.91;336.03;-14.88;686.94
350.96;336.87;-14.09;687.84
351.83;336.76;-15.07;688.59
352.42;336.68;-15.74;689.09
350.57;336.64;-13.94;687.21
352.19;335.41;-16.78;687.61
352.16;336.18;-15.99;688.34
350.06;336.19;-13.88;686.25
353.21;336.08;-17.13;689.28
349.81;339.04;-10.78;688.85
352.65;334.70;-17.95;687.35
351.72;335.54;-16.18;687.26
351.87;336.21;-15.66;688.08
352.18;337.17;-15.01;689.35
352.04;335.78;-16.26;687.82
351.99;336.62;-15.37;688.61
351.49;336.91;-14.59;688.40
351.55;334.61;-16.94;686.16
351.51;337.32;-14.18;688.83
351.31;336.96;-14.35;688.27
351.18;337.17;-14.01;688.35
351.04;336.73;-14.31;687.76
350.85;336.45;-14.40;687.29
352.92;336.46;-16.46;689.38
351.84;336.57;-15.27;688.41
351.59;336.28;-15.31;687.86
350.12;336.16;-13.95;686.28
351.52;335.88;-15.64;687.39
352.80;335.80;-17.00;688.60
351.75;335.79;-15.96;687.54
351.73;336.88;-14.85;688.61
352.35;336.59;-15.76;688.95
351.96;336.35;-15.62;688.31
351.85;337.09;-14.76;688.95
351.47;336.36;-15.11;687.84
351.49;336.48;-15.01;687.98
352.16;336.09;-16.07;688.25
352.24;336.06;-16.18;688.31
353.34;336.93;-16.41;690.27
352.40;335.63;-16.77;688.03
350.48;336.57;-13.91;687.05
353.08;336.39;-16.69;689.47
349.97;336.06;-13.91;686.04
352.38;335.78;-16.59;688.16
352.46;335.64;-16.82;688.10
352.14;335.34;-16.80;687.48
352.09;336.19;-15.91;688.28
352.04;334.92;-17.12;686.96
351.66;334.64;-17.02;686.31
351.33;336.89;-14.44;688.22
351.27;336.07;-15.20;687.34
351.22;336.10;-15.12;687.32
350.93;335.89;-15.04;686.82
351.87;337.11;-14.76;688.98
353.17;336.88;-16.29;690.05
350.67;336.53;-14.14;687.20
350.56;335.54;-15.02;686.09
352.79;335.34;-17.45;688.12
352.31;336.09;-16.21;688.40
352.99;336.28;-16.71;689.28
349.91;336.92;-12.98;686.83
353.13;336.87;-16.26;690.00
352.98;336.77;-16.21;689.75
352.78;335.62;-17.16;688.41
351.64;335.51;-16.14;687.15
352.25;336.60;-15.65;688.85
351.24;334.08;-17.16;685.32
352.22;336.02;-16.21;688.24
351.27;335.78;-15.49;687.05
353.54;336.24;-17.29;689.78
351.79;336.85;-14.94;688.65
351.72;336.66;-15.06;688.38
351.66;336.46;-15.19;688.12
351.49;335.38;-16.11;686.86
350.47;336.84;-13.63;687.31
352.33;336.29;-16.04;688.62
351.18;336.79;-14.39;687.98
351.01;337.27;-13.74;688.28
350.80;337.00;-13.80;687.80
353.17;336.50;-16.67;689.67
352.47;336.32;-16.15;688.79
352.86;337.38;-15.48;690.24
352.26;335.38;-16.88;687.64
353.37;335.92;-17.45;689.29
351.66;336.24;-15.42;687.90
351.93;335.98;-15.95;687.91
351.88;335.69;-16.18;687.57
351.91;335.52;-16.38;687.43
351.62;336.18;-15.44;687.81
352.02;336.54;-15.48;688.56
351.62;335.97;-15.65;687.59
352.78;337.45;-15.34;690.23
351.88;338.17;-13.71;690.05
351.74;335.52;-16.21;687.26
353.14;336.24;-16.89;689.38
351.29;335.14;-16.15;686.43
351.99;336.04;-15.95;688.03
350.95;337.17;-13.78;688.12
352.23;335.79;-16.44;688.02
352.45;336.66;-15.79;689.11
350.51;336.49;-14.02;686.99
350.41;335.96;-14.45;686.38
352.32;337.06;-15.26;689.38
352.54;336.88;-15.65;689.42
352.23;336.75;-15.48;688.98
352.96;336.64;-16.32;689.59
352.82;335.72;-17.10;688.55
352.45;336.42;-16.02;688.87
352.06;336.18;-15.88;688.24
351.45;336.69;-14.76;688.15
352.97;336.11;-16.86;689.08
351.97;334.85;-17.12;686.82
353.11;336.41;-16.70;689.52
352.24;334.49;-17.75;686.72
351.29;336.32;-14.97;687.62
351.28;335.95;-15.33;687.24
351.10;336.39;-14.71;687.49
350.89;335.81;-15.08;686.69
353.03;335.63;-17.40;688.66
353.88;336.61;-17.27;690.49
353.39;334.61;-18.79;688.00
352.19;336.22;-15.97;688.41
352.69;336.17;-16.52;688.86
350.01;336.92;-13.09;686.92
352.08;336.90;-15.18;688.98
352.51;336.68;-15.84;689.19
352.79;335.74;-17.06;688.53
352.67;335.66;-17.01;688.34
352.55;335.54;-17.01;688.09
352.45;335.41;-17.04;687.86
351.56;336.06;-15.49;687.62
351.44;336.99;-14.44;688.43
351.85;335.88;-15.97;687.74
353.22;335.91;-17.31;689.14
352.72;335.05;-17.67;687.78
351.91;336.83;-15.08;688.74
351.69;335.63;-16.06;687.32
351.54;336.66;-14.88;688.21
351.47;335.88;-15.59;687.35
351.31;336.33;-14.98;687.64
351.21;336.70;-14.51;687.91
350.99;336.00;-14.99;686.99
350.91;336.83;-14.08;687.74
350.69;336.47;-14.22;687.16
352.46;336.87;-15.59;689.33
350.51;336.61;-13.89;687.12
352.00;336.24;-15.76;688.24
350.16;336.01;-14.15;686.18
352.66;336.19;-16.47;688.86
349.84;336.81;-13.04;686.65
352.87;336.77;-16.10;689.64
351.90;335.71;-16.19;687.61
352.50;335.71;-16.79;688.21
351.34;336.55;-14.79;687.89
352.08;335.56;-16.52;687.64
351.06;337.35;-13.71;688.42
352.44;336.59;-15.85;689.03
351.68;336.81;-14.88;688.49
352.11;337.35;-14.75;689.46
350.96;336.57;-14.39;687.53
351.82;336.48;-15.34;688.29
351.41;337.04;-14.37;688.45
351.96;334.91;-17.06;686.87
351.65;336.70;-14.95;688.35
352.17;336.96;-15.21;689.13
352.68;336.21;-16.47;688.88
352.25;336.41;-15.84;688.65
353.35;338.52;-14.83;691.86
352.62;336.28;-16.34;688.90
352.94;336.77;-16.17;689.71
350.61;336.13;-14.48;686.74
350.39;336.38;-14.01;686.76
352.26;336.55;-15.72;688.81
353.35;336.35;-16.99;689.70
352.92;336.25;-16.68;689.17
353.07;336.02;-17.05;689.09
349.86;336.16;-13.69;686.02
352.98;335.89;-17.09;688.88
349.65;335.69;-13.96;685.34
352.51;335.79;-16.72;688.29
351.88;336.43;-15.45;688.31
351.55;336.39;-15.16;687.95
352.52;337.89;-14.64;690.41
351.96;335.47;-16.49;687.43
352.03;336.04;-15.99;688.07
352.22;335.89;-16.33;688.11
351.97;336.98;-14.99;688.95
351.88;336.71;-15.17;688.59
351.84;336.08;-15.76;687.92
351.36;337.00;-14.36;688.36
351.43;336.29;-15.14;687.72
351.33;337.44;-13.89;688.77
351.09;336.65;-14.45;687.74
352.28;336.04;-16.24;688.31
353.34;338.03;-15.31;691.37
352.02;339.06;-12.96;691.09
351.76;336.69;-15.07;688.45
352.38;337.80;-14.58;690.18
352.01;335.75;-16.26;687.75
352.25;336.28;-15.96;688.53
349.93;336.13;-13.80;686.06
352.96;335.92;-17.04;688.88
352.01;333.88;-18.14;685.89
352.47;334.25;-18.22;686.72
352.12;335.32;-16.80;687.45
352.19;337.04;-15.15;689.24
352.06;334.99;-17.08;687.05
351.71;336.73;-14.98;688.44
351.58;336.60;-14.98;688.18
351.34;337.59;-13.75;688.93
351.08;336.42;-14.65;687.50
352.56;335.76;-16.80;688.33
351.75;337.32;-14.43;689.06
350.31;336.38;-13.93;686.69
352.21;336.24;-15.97;688.45
351.65;335.96;-15.69;687.62
352.04;335.74;-16.29;687.78
352.66;336.42;-16.24;689.08
351.61;338.53;-13.08;690.14
352.24;336.44;-15.80;688.67
351.53;336.43;-15.10;687.96
351.91;334.84;-17.08;686.75
353.55;336.54;-17.01;690.09
351.56;337.26;-14.30;688.82
351.47;336.89;-14.58;688.36
353.35;336.81;-16.54;690.15
351.17;336.04;-15.13;687.21
352.53;336.46;-16.06;688.99
350.75;336.80;-13.95;687.55
353.58;335.53;-18.05;689.11
350.42;336.31;-14.11;686.72
352.59;336.25;-16.34;688.84
352.92;336.32;-16.59;689.24
352.21;337.44;-14.78;689.65
352.82;335.99;-16.82;688.81
351.73;335.89;-15.84;687.62
352.79;336.51;-16.28;689.30
352.41;336.38;-16.04;688.79
352.47;336.62;-15.85;689.09
351.91;335.41;-16.51;687.32
349.02;336.08;-12.94;685.11
351.21;337.02;-14.18;688.23
351.85;336.86;-14.99;688.71
351.96;336.73;-15.24;688.69
351.67;336.65;-15.02;688.32
351.47;336.32;-15.15;687.79
351.26;336.19;-15.06;687.45
351.11;336.07;-15.04;687.18
352.69;335.95;-16.74;688.65
350.78;336.93;-13.85;687.71
350.60;336.50;-14.10;687.10
353.60;336.46;-17.14;690.06
353.22;336.28;-16.94;689.51
352.11;334.98;-17.14;687.09
352.49;337.92;-14.57;690.41
351.89;336.94;-14.95;688.82
352.19;335.70;-16.49;687.89
351.59;335.54;-16.05;687.12
351.96;335.29;-16.67;687.26
352.22;337.02;-15.20;689.25
351.93;336.91;-15.02;688.84
352.32;335.56;-16.75;687.88
351.72;336.64;-15.08;688.36
353.69;335.75;-17.94;689.44
351.26;335.94;-15.32;687.21
351.19;336.04;-15.15;687.23
352.78;337.79;-14.99;690.56
350.70;336.59;-14.11;687.29
352.41;333.35;-19.06;685.76
353.37;335.15;-18.22;688.52
352.54;335.85;-16.69;688.39
353.13;335.85;-17.28;688.98
352.56;336.56;-16.00;689.12
351.56;335.62;-15.95;687.18
352.06;336.15;-15.91;688.22
352.28;336.23;-16.05;688.51
351.75;334.91;-16.85;686.66
351.46;335.96;-15.50;687.42
351.21;336.36;-14.85;687.58
352.00;338.18;-13.82;690.18
352.29;336.01;-16.29;688.30
352.48;335.83;-16.65;688.31
350.66;336.19;-14.47;686.85
350.54;336.40;-14.14;686.94
352.69;337.18;-15.51;689.86
352.34;337.24;-15.10;689.58
352.06;336.19;-15.86;688.25
351.65;335.92;-15.74;687.57
351.57;335.82;-15.75;687.39
352.33;335.61;-16.72;687.94
352.06;336.14;-15.92;688.21
351.35;335.09;-16.26;686.45
351.92;336.37;-15.55;688.29
351.71;336.68;-15.02;688.39
351.41;337.52;-13.89;688.93
351.42;336.64;-14.79;688.06
351.19;336.98;-14.21;688.18
350.89;335.79;-15.10;686.69
351.91;337.74;-14.17;689.65
352.97;336.31;-16.66;689.28
350.31;336.37;-13.94;686.68
350.04;335.02;-15.02;685.06
352.92;335.82;-17.09;688.74
352.74;336.42;-16.31;689.16
351.78;336.32;-15.46;688.11
352.27;336.05;-16.22;688.32
351.92;335.89;-16.03;687.81
351.70;336.64;-15.06;688.34
351.65;336.48;-15.17;688.14
351.48;336.36;-15.12;687.84
351.28;337.19;-14.09;688.48
352.44;335.49;-16.95;687.93
353.94;335.75;-18.19;689.68
352.85;335.47;-17.38;688.32
352.76;335.33;-17.44;688.09
352.39;336.24;-16.15;688.63
353.27;336.89;-16.38;690.16
352.14;335.92;-16.22;688.06
352.29;334.38;-17.91;686.66
352.41;335.26;-17.15;687.68
352.21;334.97;-17.24;687.18
351.92;334.93;-16.99;686.85
351.82;334.77;-17.05;686.59
351.61;336.31;-15.29;687.92
351.46;337.54;-13.92;689.01
352.46;336.06;-16.39;688.52
352.03;336.12;-15.91;688.15
352.27;335.76;-16.51;688.04
352.82;336.02;-16.81;688.84
352.62;335.49;-17.13;688.12
352.78;336.09;-16.69;688.86
352.81;336.54;-16.26;689.35
353.20;335.77;-17.43;688.97
350.23;338.34;-11.89;688.56
352.55;336.38;-16.17;688.92
352.00;334.35;-17.65;686.35
352.57;335.22;-17.35;687.79
352.17;336.66;-15.51;688.83
352.71;335.52;-17.18;688.23
352.45;336.18;-16.27;688.62
352.05;336.57;-15.48;688.62
352.01;335.82;-16.19;687.83
352.01;335.68;-16.34;687.69
351.82;335.61;-16.21;687.42
354.30;335.79;-18.51;690.09
351.54;335.39;-16.14;686.93
351.49;336.43;-15.06;687.92
351.25;336.38;-14.88;687.63
351.19;336.11;-15.09;687.30
351.95;335.86;-16.09;687.81
352.15;335.79;-16.36;687.95
352.77;335.51;-17.26;688.28
353.48;336.07;-17.41;689.55
352.32;336.01;-16.31;688.33
353.35;336.13;-17.22;689.48
353.41;336.32;-17.08;689.73
352.17;336.25;-15.92;688.42
351.76;336.11;-15.65;687.87
352.89;336.99;-15.89;689.88
352.64;334.62;-18.01;687.26
351.80;336.47;-15.33;688.27
352.61;336.40;-16.21;689.01
352.54;336.21;-16.33;688.75
352.16;336.49;-15.67;688.65
352.09;335.04;-17.05;687.13
351.98;334.81;-17.16;686.79
351.70;336.05;-15.65;687.75
351.44;336.26;-15.18;687.69
351.34;336.17;-15.17;687.51
352.16;336.10;-16.06;688.26
353.31;336.41;-16.90;689.72
350.70;336.81;-13.89;687.51
352.20;336.39;-15.81;688.59
352.90;336.11;-16.79;689.01
352.37;335.08;-17.29;687.45
351.20;335.99;-15.21;687.19
352.99;335.88;-17.11;688.88
352.65;335.48;-17.18;688.13
351.62;336.21;-15.42;687.83
351.74;336.18;-15.56;687.92
352.26;336.38;-15.88;688.64
351.84;334.73;-17.11;686.57
351.40;336.32;-15.08;687.72
351.18;336.06;-15.12;687.24
350.97;337.09;-13.88;688.06
353.39;336.73;-16.66;690.12
352.27;335.68;-16.59;687.95
351.78;336.15;-15.63;687.92
354.15;336.24;-17.92;690.39
352.18;336.97;-15.21;689.15
353.17;335.82;-17.35;688.99
352.35;335.94;-16.42;688.29
352.26;336.36;-15.91;688.62
352.52;336.14;-16.38;688.65
352.46;335.47;-16.99;687.94
352.05;335.25;-16.80;687.29
353.56;336.05;-17.52;689.61
352.02;336.04;-15.98;688.06
351.93;336.82;-15.11;688.75
351.82;335.56;-16.26;687.38
351.65;336.08;-15.56;687.73
351.49;335.25;-16.24;686.74
351.34;336.18;-15.16;687.51
351.11;336.08;-15.03;687.19
352.85;336.40;-16.45;689.25
350.71;336.05;-14.66;686.75
353.22;335.43;-17.79;688.65
352.18;336.16;-16.01;688.34
351.92;336.93;-14.99;688.85
352.25;335.96;-16.29;688.22
352.65;335.71;-16.94;688.36
352.32;335.63;-16.69;687.95
352.44;336.18;-16.26;688.61
351.99;335.24;-16.75;687.23
352.01;336.74;-15.27;688.75
351.76;334.72;-17.04;686.49
351.51;336.62;-14.89;688.13
351.38;336.76;-14.62;688.15
351.25;336.58;-14.66;687.83
352.33;337.12;-15.21;689.45
350.88;336.86;-14.02;687.74
353.02;336.66;-16.36;689.68
350.64;337.37;-13.26;688.01
351.57;336.61;-14.96;688.18
352.08;336.99;-15.09;689.07
351.88;336.91;-14.96;688.79
352.92;334.66;-18.26;687.58
351.84;336.48;-15.36;688.32
352.43;336.28;-16.15;688.71
351.96;335.11;-16.85;687.07
352.07;336.55;-15.52;688.62
351.82;334.77;-17.05;686.59
351.16;337.75;-13.41;688.92
351.39;336.17;-15.22;687.56
351.18;334.14;-17.04;685.32
351.02;336.64;-14.38;687.66
353.26;335.83;-17.44;689.09
350.59;336.72;-13.86;687.31
352.15;336.59;-15.56;688.74
350.11;336.35;-13.76;686.45
352.35;338.18;-14.18;690.53
351.58;335.72;-15.86;687.29
352.44;338.90;-13.54;691.34
351.47;336.12;-15.35;687.59
351.97;335.05;-16.92;687.02
351.88;336.70;-15.18;688.58
351.04;335.95;-15.09;686.98
353.55;335.91;-17.65;689.46
350.98;335.81;-15.16;686.79
350.74;336.43;-14.31;687.17
352.52;335.38;-17.14;687.91
352.51;335.06;-17.45;687.58
352.22;335.98;-16.24;688.19
351.81;335.77;-16.04;687.58
351.46;336.45;-15.01;687.91
352.08;335.44;-16.64;687.51
352.30;336.57;-15.73;688.87
351.79;333.90;-17.89;685.69
351.36;336.38;-14.98;687.74
353.46;336.12;-17.34;689.58
351.73;336.73;-15.00;688.46
351.62;334.65;-16.96;686.27
351.62;336.66;-14.96;688.28
351.59;336.94;-14.65;688.53
351.36;336.35;-15.01;687.72
353.90;336.11;-17.79;690.01
350.92;336.13;-14.79;687.05
352.28;335.78;-16.51;688.06
350.73;336.67;-14.06;687.40
350.45;335.47;-14.98;685.92
350.32;336.54;-13.78;686.85
353.26;337.07;-16.19;690.34
352.44;334.87;-17.57;687.31
351.98;335.80;-16.18;687.78
352.51;336.37;-16.14;688.88
352.45;335.26;-17.19;687.71
352.15;335.89;-16.26;688.05
351.78;334.78;-17.00;686.56
351.46;336.71;-14.75;688.16
351.37;336.31;-15.06;687.68
351.31;336.26;-15.05;687.58
353.17;338.08;-15.09;691.25
350.77;336.70;-14.07;687.47
351.75;336.68;-15.07;688.44
353.11;336.05;-17.06;689.16
352.99;336.22;-16.77;689.21
351.92;336.74;-15.18;688.65
352.18;335.78;-16.40;687.95
352.27;335.55;-16.72;687.82
352.33;337.24;-15.09;689.57
351.99;337.07;-14.92;689.06
351.77;336.01;-15.76;687.78
352.96;335.81;-17.15;688.76
351.48;334.41;-17.07;685.89
352.06;336.31;-15.75;688.36
353.51;336.15;-17.36;689.66
352.94;336.48;-16.45;689.42
353.03;336.54;-16.49;689.57
351.58;336.55;-15.04;688.13
351.89;336.09;-15.79;687.98
351.65;336.65;-15.00;688.29
351.96;336.32;-15.65;688.28
352.38;337.09;-15.29;689.47
350.01;336.27;-13.74;686.28
351.81;336.01;-15.81;687.82
351.74;335.95;-15.79;687.68
352.59;335.74;-16.85;688.34
352.55;336.49;-16.06;689.04
351.74;335.26;-16.48;687.01
352.79;336.60;-16.19;689.39
351.97;335.96;-16.01;687.94
351.77;336.91;-14.86;688.68
351.61;336.79;-14.81;688.40
351.55;334.61;-16.94;686.16
352.70;337.54;-15.16;690.24
353.47;336.38;-17.09;689.85
351.01;337.01;-14.01;688.02
351.05;337.06;-13.99;688.12
352.55;336.68;-15.87;689.24
350.64;337.59;-13.04;688.23
350.51;336.67;-13.84;687.18
350.31;336.23;-14.08;686.54
351.30;338.29;-13.01;689.59
352.69;336.21;-16.49;688.90
351.58;336.96;-14.61;688.54
351.60;334.71;-16.89;686.31
352.42;335.75;-16.67;688.18
351.77;335.44;-16.33;687.21
352.18;336.58;-15.60;688.76
352.06;336.57;-15.49;688.63
351.86;336.75;-15.11;688.61
351.61;336.47;-15.14;688.08
351.45;336.46;-14.99;687.92
351.18;336.78;-14.41;687.96
351.05;336.26;-14.79;687.32
351.74;337.03;-14.71;688.76
350.66;336.68;-13.99;687.34
352.39;336.67;-15.72;689.06
353.15;336.44;-16.71;689.59
351.71;337.21;-14.50;688.92
352.09;335.94;-16.15;688.04
352.23;336.88;-15.35;689.11
352.81;335.89;-16.91;688.70
352.40;336.78;-15.62;689.18
351.61;336.32;-15.29;687.93
352.49;336.73;-15.76;689.22
352.48;336.81;-15.67;689.28
351.89;334.08;-17.81;685.98
351.33;336.86;-14.46;688.19
353.09;335.75;-17.34;688.84
351.87;336.54;-15.33;688.41
354.25;336.01;-18.24;690.26
351.59;336.16;-15.42;687.75
351.43;337.36;-14.07;688.79
352.52;334.28;-18.25;686.80
352.14;336.18;-15.96;688.32
350.96;336.37;-14.59;687.33
351.87;336.65;-15.22;688.52
351.77;336.80;-14.97;688.57
350.31;336.29;-14.01;686.60
352.27;336.12;-16.15;688.39
351.44;336.83;-14.61;688.27
351.06;335.78;-15.29;686.84
351.87;336.36;-15.51;688.23
352.54;336.13;-16.41;688.66
352.38;337.05;-15.34;689.43
352.05;336.26;-15.78;688.31
351.68;338.05;-13.63;689.72
354.32;336.58;-17.74;690.89
352.55;336.51;-16.04;689.06
351.47;336.35;-15.12;687.82
351.18;334.12;-17.06;685.31
353.08;335.28;-17.80;688.36
353.22;336.34;-16.88;689.55
350.75;336.69;-14.06;687.44
353.68;336.62;-17.06;690.31
352.78;336.49;-16.28;689.27
353.51;337.05;-16.46;690.55
352.74;336.27;-16.46;689.01
352.76;336.83;-15.93;689.59
352.48;336.00;-16.48;688.48
351.23;335.78;-15.45;687.01
352.56;336.33;-16.23;688.89
354.56;335.22;-19.34;689.78
350.89;335.06;-15.83;685.96
351.82;335.86;-15.96;687.68
351.71;334.68;-17.04;686.39
351.38;335.39;-15.99;686.77
351.39;336.72;-14.67;688.11
351.17;336.04;-15.14;687.21
352.01;336.81;-15.21;688.82
353.87;335.70;-18.17;689.57
350.60;336.55;-14.05;687.15
352.98;335.77;-17.21;688.75
353.28;335.08;-18.20;688.36
352.44;335.97;-16.46;688.41
352.11;335.90;-16.21;688.01
351.83;335.79;-16.04;687.62
352.52;338.17;-14.35;690.69
352.41;336.45;-15.95;688.86
351.85;335.92;-15.92;687.77
351.62;335.06;-16.56;686.68
352.08;336.31;-15.76;688.39
351.74;336.38;-15.36;688.12
353.53;336.34;-17.19;689.87
352.56;336.25;-16.31;688.82
351.12;336.04;-15.08;687.15
350.88;335.82;-15.05;686.70
350.67;336.59;-14.08;687.26
350.38;335.22;-15.16;685.61
353.42;336.07;-17.35;689.49
351.86;335.96;-15.90;687.83
352.76;335.82;-16.94;688.59
352.75;336.32;-16.42;689.07
351.62;335.40;-16.22;687.02
351.92;335.25;-16.68;687.17
351.79;336.41;-15.38;688.20
351.95;336.57;-15.38;688.52
351.55;336.54;-15.01;688.09
351.54;337.55;-13.99;689.09
351.26;336.29;-14.96;687.55
351.05;335.88;-15.18;686.93
353.24;333.85;-19.39;687.09
352.55;336.39;-16.16;688.94
350.61;336.04;-14.57;686.65
350.44;336.49;-13.95;686.94
352.04;336.38;-15.66;688.41
351.75;336.15;-15.60;687.89
352.07;335.99;-16.08;688.06
351.52;336.75;-14.78;688.27
352.85;337.88;-14.98;690.73
351.92;335.78;-16.14;687.70
351.84;336.29;-15.54;688.13
352.28;336.69;-15.59;688.96
353.10;336.93;-16.17;690.03
351.96;336.89;-15.07;688.86
352.84;336.59;-16.24;689.43
353.27;336.64;-16.64;689.91
351.49;336.56;-14.92;688.05
351.24;336.63;-14.61;687.86
353.24;334.15;-19.09;687.39
350.93;337.02;-13.91;687.95
350.78;336.76;-14.01;687.54
351.75;337.26;-14.49;689.01
350.32;336.25;-14.08;686.57
353.21;336.14;-17.06;689.35
352.19;336.04;-16.16;688.23
351.97;335.94;-16.04;687.91
351.95;335.66;-16.29;687.61
351.78;335.36;-16.41;687.14
352.32;336.06;-16.25;688.38
352.05;335.02;-17.03;687.06
351.76;336.84;-14.92;688.60
352.22;336.59;-15.63;688.81
352.58;336.28;-16.30;688.86
351.14;336.82;-14.32;687.96
350.96;336.46;-14.50;687.42
352.45;335.63;-16.82;688.08
351.78;335.44;-16.35;687.22
352.49;336.28;-16.21;688.77
353.22;335.85;-17.36;689.07
352.02;335.87;-16.15;687.89
352.58;336.74;-15.85;689.32
352.49;335.58;-16.91;688.07
352.56;335.39;-17.16;687.95
352.99;337.26;-15.72;690.25
352.12;336.12;-16.00;688.25
351.84;336.11;-15.74;687.95
351.88;335.61;-16.27;687.49
351.66;336.68;-14.98;688.34
353.41;334.38;-19.02;687.79
352.54;337.14;-15.39;689.68
352.32;336.04;-16.28;688.35
352.46;335.69;-16.76;688.15
353.41;336.40;-17.01;689.81
353.01;336.31;-16.69;689.32
354.75;336.45;-18.29;691.20
351.86;335.78;-16.09;687.64
352.94;336.76;-16.17;689.70
351.95;336.58;-15.36;688.53
351.64;337.04;-14.59;688.68
352.26;336.24;-16.02;688.49
352.19;336.78;-15.41;688.97
351.54;335.12;-16.41;686.66
351.02;334.94;-16.08;685.95
353.08;334.70;-18.38;687.78
351.54;336.66;-14.88;688.21
352.04;336.99;-15.04;689.03
353.18;336.72;-16.46;689.91
351.00;336.66;-14.34;687.66
350.85;336.21;-14.65;687.06
350.72;336.69;-14.03;687.41
350.52;336.52;-14.00;687.05
352.41;336.21;-16.20;688.61
353.15;336.32;-16.84;689.47
351.48;335.99;-15.49;687.47
352.68;335.53;-17.15;688.21
351.95;335.82;-16.12;687.77
351.94;335.74;-16.20;687.67
352.57;336.25;-16.32;688.82
351.81;336.34;-15.47;688.14
351.78;336.71;-15.06;688.49
352.08;335.11;-16.97;687.18
353.53;337.05;-16.48;690.58
352.15;336.79;-15.36;688.94
351.94;336.73;-15.21;688.66
351.70;336.81;-14.89;688.51
351.44;334.55;-16.89;685.99
353.41;336.45;-16.96;689.86
351.38;335.56;-15.82;686.94
352.59;336.04;-16.55;688.62
351.00;336.94;-14.06;687.94
350.84;336.29;-14.54;687.13
350.74;336.32;-14.41;687.06
350.58;336.17;-14.41;686.75
352.59;335.96;-16.62;688.55
352.46;336.41;-16.06;688.87
351.74;336.32;-15.42;688.05
353.09;336.18;-16.92;689.27
349.82;337.36;-12.45;687.18
352.52;336.62;-15.90;689.15
352.41;337.55;-14.86;689.95
351.62;335.68;-15.94;687.30
351.47;336.75;-14.72;688.22
351.78;336.64;-15.14;688.41
352.25;336.36;-15.89;688.61
352.18;335.97;-16.21;688.15
351.97;336.69;-15.28;688.66
351.44;336.43;-15.01;687.87
351.59;336.26;-15.32;687.85
352.09;336.44;-15.65;688.54
353.78;336.74;-17.04;690.52
352.38;337.01;-15.37;689.39
352.36;335.95;-16.41;688.31
352.65;336.73;-15.92;689.38
350.45;336.57;-13.88;687.02
352.68;336.98;-15.70;689.65
352.36;336.12;-16.24;688.48
353.11;336.06;-17.05;689.18
349.58;336.91;-12.67;686.48
351.77;334.50;-17.27;686.27
351.88;337.44;-14.44;689.32
351.26;337.18;-14.09;688.44
351.98;335.11;-16.86;687.09
352.03;336.24;-15.79;688.26
352.46;336.72;-15.74;689.18
351.63;336.34;-15.29;687.97
351.35;336.36;-14.99;687.71
353.08;337.14;-15.95;690.22
351.07;336.94;-14.13;688.01
350.86;335.69;-15.16;686.55
350.68;336.44;-14.24;687.12
352.19;336.44;-15.75;688.62
352.61;335.87;-16.74;688.48
352.26;336.39;-15.86;688.65
351.84;336.08;-15.76;687.91
353.09;336.88;-16.22;689.97
352.11;335.97;-16.14;688.08
351.75;335.67;-16.08;687.42
352.10;336.42;-15.68;688.52
351.79;336.08;-15.71;687.87
351.21;336.52;-14.69;687.73
351.94;335.83;-16.11;687.76
351.94;336.52;-15.42;688.46
351.52;336.69;-14.82;688.21
351.63;336.13;-15.50;687.76
352.00;335.60;-16.40;687.60
353.00;336.54;-16.46;689.54
351.08;336.51;-14.56;687.59
350.97;335.95;-15.02;686.92
350.91;335.81;-15.10;686.71
350.86;335.73;-15.14;686.59
353.05;336.17;-16.88;689.22
351.90;335.74;-16.16;687.64
352.04;336.15;-15.89;688.18
350.60;336.68;-13.92;687.28
351.68;336.19;-15.49;687.87
353.62;335.62;-18.01;689.24
350.69;336.37;-14.32;687.06
352.49;335.59;-16.91;688.08
352.23;338.68;-13.55;690.91
352.44;335.64;-16.81;688.08
353.54;336.08;-17.46;689.62
353.11;335.87;-17.24;688.98
352.23;336.22;-16.01;688.45
353.22;336.06;-17.16;689.28
352.16;335.75;-16.41;687.91
352.15;336.62;-15.52;688.77
352.93;336.34;-16.59;689.26
352.64;336.32;-16.32;688.96
351.82;335.41;-16.42;687.23
352.26;336.04;-16.23;688.30
352.11;338.12;-13.99;690.22
352.03;336.14;-15.89;688.17
351.81;336.57;-15.24;688.38
353.22;336.58;-16.64;689.80
352.35;336.24;-16.11;688.58
352.35;336.07;-16.28;688.42
351.07;337.28;-13.79;688.35
352.62;336.51;-16.11;689.14
352.63;336.46;-16.16;689.09
353.51;336.44;-17.07;689.94
351.35;335.05;-16.31;686.40
352.29;336.13;-16.16;688.42
352.77;335.74;-17.03;688.51
352.37;337.14;-15.23;689.51
351.92;336.16;-15.76;688.08
352.14;335.85;-16.28;687.99
352.64;335.98;-16.66;688.62
352.88;336.24;-16.65;689.12
353.46;335.71;-17.76;689.17
353.41;334.12;-19.28;687.53
353.12;336.15;-16.97;689.26
353.00;336.00;-17.00;689.00
350.72;335.72;-15.00;686.45
353.65;335.61;-18.04;689.26
352.74;335.35;-17.39;688.09
352.18;335.85;-16.33;688.02
353.30;334.84;-18.46;688.14
352.11;336.69;-15.41;688.80
352.28;335.63;-16.65;687.91
352.09;336.05;-16.04;688.14
352.33;336.58;-15.75;688.91
353.23;336.99;-16.24;690.22
351.81;336.49;-15.32;688.29
351.38;336.75;-14.63;688.12
353.93;335.40;-18.53;689.33
352.72;335.91;-16.81;688.63
350.76;336.46;-14.29;687.22
352.69;335.50;-17.19;688.19
353.32;336.35;-16.97;689.68
351.99;336.28;-15.71;688.27
352.95;335.84;-17.11;688.79
352.61;337.22;-15.39;689.83
352.03;335.52;-16.51;687.55
353.99;336.63;-17.36;690.62
352.01;336.01;-16.01;688.02
351.72;336.89;-14.83;688.61
351.71;336.05;-15.65;687.76
351.52;335.51;-16.01;687.03
351.39;336.21;-15.19;687.60
352.98;336.19;-16.79;689.17
352.33;336.16;-16.17;688.49
353.56;335.84;-17.72;689.40
352.74;335.76;-16.98;688.50
351.76;336.68;-15.08;688.44
352.58;338.91;-13.67;691.48
352.19;336.29;-15.90;688.48
352.03;336.36;-15.67;688.39
352.96;334.98;-17.98;687.94
352.94;335.91;-17.04;688.85
352.14;336.56;-15.58;688.69
352.11;336.21;-15.91;688.32
353.49;335.18;-18.32;688.67
352.85;337.76;-15.09;690.61
351.68;336.75;-14.93;688.42
352.22;334.47;-17.75;686.69
353.14;336.21;-16.94;689.35
352.78;337.00;-15.78;689.78
353.81;335.75;-18.05;689.56
353.36;336.44;-16.93;689.80
350.92;335.13;-15.79;686.05
352.84;336.32;-16.51;689.16
352.43;336.88;-15.55;689.31
352.35;339.21;-13.15;691.56
352.32;338.00;-14.32;690.32
351.94;335.69;-16.25;687.62
352.66;336.34;-16.32;689.00
351.75;336.52;-15.22;688.27
351.45;336.62;-14.83;688.08
352.08;338.28;-13.81;690.36
351.99;336.44;-15.55;688.43
351.87;336.32;-15.55;688.19
351.75;336.36;-15.39;688.11
351.67;334.54;-17.14;686.21
351.43;335.74;-15.69;687.16
351.18;336.04;-15.14;687.22
351.06;335.98;-15.08;687.04
350.91;335.79;-15.11;686.70
351.91;336.68;-15.24;688.59
353.51;335.43;-18.08;688.94
351.69;336.99;-14.70;688.68
352.18;336.06;-16.11;688.24
349.79;337.38;-12.41;687.16
351.54;335.80;-15.74;687.34
352.65;336.52;-16.13;689.16
352.46;336.14;-16.33;688.60
351.27;336.41;-14.86;687.68
352.02;336.68;-15.34;688.69
351.64;336.05;-15.58;687.69
351.21;336.50;-14.71;687.71
351.37;337.63;-13.74;689.00
351.19;339.06;-12.14;690.25
352.11;335.85;-16.26;687.95
350.73;336.68;-14.05;687.41
352.88;336.67;-16.21;689.55
350.22;338.24;-11.98;688.46
352.90;337.10;-15.80;690.00
351.54;336.01;-15.52;687.55
351.49;335.84;-15.65;687.32
351.59;334.42;-17.18;686.01
352.13;335.47;-16.66;687.60
352.27;335.02;-17.25;687.29
351.49;337.06;-14.42;688.55
351.59;337.56;-14.03;689.15
351.34;336.36;-14.98;687.71
351.14;336.21;-14.93;687.35
350.91;336.97;-13.94;687.88
352.82;336.66;-16.16;689.48
350.42;335.33;-15.09;685.75
352.28;335.96;-16.31;688.24
353.10;336.01;-17.09;689.11
352.36;336.62;-15.75;688.98
351.66;335.68;-15.98;687.34
352.31;336.80;-15.51;689.11
353.46;335.19;-18.27;688.66
352.05;335.81;-16.24;687.85
351.80;336.49;-15.31;688.29
353.64;336.52;-17.12;690.16
351.48;336.40;-15.08;687.88
351.25;337.21;-14.04;688.45
350.96;336.48;-14.48;687.44
352.72;335.49;-17.24;688.21
352.12;336.36;-15.76;688.49
352.45;335.75;-16.71;688.20
352.61;335.68;-16.93;688.28
352.40;336.71;-15.69;689.11
352.43;335.48;-16.95;687.91
351.52;336.21;-15.32;687.73
353.42;336.22;-17.20;689.64
352.21;338.01;-14.20;690.22
352.15;336.51;-15.65;688.66
352.64;336.85;-15.79;689.49
352.38;335.45;-16.92;687.83
352.12;335.31;-16.82;687.43
352.11;336.44;-15.67;688.55
352.04;337.12;-14.91;689.16
351.75;336.58;-15.16;688.33
352.65;335.94;-16.71;688.59
352.15;335.82;-16.33;687.98
353.55;336.14;-17.41;689.69
352.89;336.04;-16.85;688.94
351.01;335.91;-15.10;686.91
353.24;336.52;-16.72;689.76
352.92;335.62;-17.30;688.55
352.17;335.79;-16.38;687.96
352.51;336.02;-16.49;688.53
352.39;336.21;-16.18;688.59
351.30;335.96;-15.34;687.26
352.84;334.74;-18.09;687.58
352.29;335.85;-16.44;688.14
352.91;337.75;-15.16;690.66
351.78;336.53;-15.25;688.31
352.37;336.81;-15.56;689.18
352.32;336.11;-16.22;688.43
352.02;336.09;-15.93;688.11
351.56;335.82;-15.74;687.38
351.88;336.73;-15.15;688.61
351.64;336.42;-15.21;688.06
353.08;336.38;-16.69;689.46
353.17;336.26;-16.91;689.43
352.99;336.93;-16.06;689.92
352.62;336.11;-16.51;688.74
350.59;336.64;-13.95;687.24
351.61;336.55;-15.06;688.16
352.21;336.33;-15.88;688.54
353.18;336.08;-17.10;689.25
352.24;335.78;-16.46;688.02
352.85;336.51;-16.34;689.36
352.33;336.23;-16.10;688.56
351.92;335.20;-16.72;687.12
353.15;334.98;-18.17;688.14
351.84;334.61;-17.24;686.45
351.49;336.18;-15.31;687.68
351.38;336.24;-15.15;687.62
352.87;337.29;-15.58;690.16
353.06;335.96;-17.10;689.03
351.89;335.86;-16.03;687.76
350.72;336.64;-14.09;687.36
353.62;336.36;-17.26;689.99
352.65;337.24;-15.41;689.89
351.92;336.19;-15.73;688.12
353.96;335.88;-18.09;689.84
352.65;335.78;-16.88;688.43
352.63;335.48;-17.15;688.11
352.10;336.24;-15.86;688.34
352.22;335.97;-16.25;688.19
352.09;335.75;-16.34;687.85
353.11;336.61;-16.50;689.71
351.56;336.31;-15.25;687.86
352.99;334.21;-18.78;687.21
351.22;336.19;-15.03;687.42
351.04;336.64;-14.40;687.67
351.89;336.29;-15.61;688.18
351.96;336.49;-15.47;688.46
352.60;336.04;-16.56;688.64
353.34;336.01;-17.34;689.35
352.09;336.06;-16.03;688.16
352.69;337.28;-15.41;689.98
352.79;335.66;-17.13;688.45
351.64;335.44;-16.19;687.08
352.17;335.20;-16.97;687.37
352.17;335.08;-17.09;687.25
351.61;336.24;-15.37;687.85
351.68;336.41;-15.28;688.09
353.21;334.25;-18.96;687.46
351.03;336.13;-14.90;687.16
352.93;335.87;-17.06;688.80
352.46;336.27;-16.19;688.74
352.68;337.30;-15.38;689.98
352.85;335.25;-17.59;688.10
351.91;336.34;-15.57;688.24
352.30;336.08;-16.22;688.38
352.38;334.68;-17.70;687.06
351.98;335.75;-16.22;687.73
352.71;336.67;-16.04;689.38
352.48;336.75;-15.73;689.24
353.75;336.11;-17.64;689.85
352.06;336.41;-15.65;688.48
351.84;335.62;-16.22;687.45
351.84;334.82;-17.02;686.65
351.65;334.64;-17.02;686.29
353.45;334.38;-19.08;687.83
351.32;334.24;-17.09;685.56
353.71;336.00;-17.71;689.71
352.09;333.84;-18.26;685.93
351.77;336.66;-15.11;688.44
350.47;336.23;-14.24;686.70
352.41;336.09;-16.31;688.50
350.08;335.81;-14.27;685.89
352.36;335.99;-16.37;688.35
352.46;334.64;-17.82;687.10
352.46;336.46;-15.99;688.92
352.29;336.64;-15.65;688.92
351.92;336.06;-15.86;687.98
352.16;336.14;-16.02;688.29
352.09;336.76;-15.33;688.86
353.21;337.02;-16.19;690.22
351.84;335.69;-16.15;687.54
351.76;335.88;-15.88;687.64
351.52;336.42;-15.10;687.95
353.17;336.71;-16.46;689.88
352.76;336.20;-16.56;688.96
351.18;334.24;-16.94;685.42
351.20;336.05;-15.15;687.25
352.74;335.45;-17.29;688.19
353.86;335.14;-18.72;689.00
352.05;335.54;-16.51;687.58
352.82;338.24;-14.58;691.06
352.40;335.29;-17.11;687.69
352.72;335.39;-17.32;688.11
351.98;335.95;-16.03;687.92
352.18;335.45;-16.74;687.63
354.72;335.64;-19.09;690.36
352.62;335.76;-16.85;688.38
352.99;335.82;-17.17;688.81
352.88;335.84;-17.04;688.72
352.58;335.65;-16.93;688.24
353.74;335.42;-18.32;689.15
352.32;333.94;-18.38;686.26
352.14;336.39;-15.75;688.52
351.96;333.72;-18.24;685.69
351.78;335.62;-16.16;687.39
354.29;334.50;-19.79;688.79
351.41;334.35;-17.06;685.76
353.06;338.68;-14.38;691.74
351.16;336.01;-15.15;687.16
352.92;335.99;-16.92;688.91
353.19;335.19;-18.00;688.38
352.49;335.79;-16.71;688.28
352.01;336.79;-15.22;688.81
352.15;335.31;-16.85;687.46
353.32;336.36;-16.96;689.69
352.60;336.20;-16.40;688.80
352.96;336.02;-16.94;688.98
352.91;335.80;-17.11;688.71
352.81;334.46;-18.35;687.28
352.27;336.32;-15.95;688.59
352.41;335.32;-17.09;687.73
353.19;335.08;-18.11;688.26
352.08;333.84;-18.24;685.92
353.76;336.27;-17.49;690.03
351.83;333.68;-18.15;685.51
353.69;335.89;-17.80;689.59
351.64;335.45;-16.19;687.09
353.31;335.75;-17.56;689.06
351.42;336.41;-15.01;687.82
352.97;335.85;-17.12;688.82
351.12;336.17;-14.95;687.29
350.93;335.85;-15.08;686.78
350.79;333.72;-17.07;684.51
352.72;336.40;-16.32;689.12
352.11;335.54;-16.57;687.65
351.35;336.39;-14.96;687.74
352.26;336.31;-15.95;688.58
353.22;335.72;-17.50;688.94
351.94;336.07;-15.87;688.01
353.14;335.70;-17.44;688.84
353.04;336.01;-17.02;689.05
351.57;335.66;-15.91;687.23
352.64;335.42;-17.21;688.06
354.58;335.37;-19.21;689.95
352.18;335.18;-17.00;687.36
352.49;336.09;-16.39;688.58
351.96;335.51;-16.45;687.46
351.75;334.77;-16.98;686.52
353.99;335.98;-18.01;689.98
351.59;335.42;-16.16;687.01
353.77;334.37;-19.40;688.14
352.58;336.01;-16.56;688.59
353.21;335.94;-17.28;689.15
353.21;336.36;-16.85;689.57
350.79;335.63;-15.16;686.42
352.74;335.48;-17.26;688.21
352.21;335.36;-16.84;687.57
350.24;335.68;-14.56;685.92
352.32;335.87;-16.45;688.19
353.02;336.02;-17.00;689.05
352.11;336.56;-15.55;688.68
352.15;335.52;-16.62;687.67
352.36;334.08;-18.29;686.44
352.19;335.95;-16.24;688.14
351.95;334.77;-17.18;686.72
353.31;336.31;-17.00;689.62
353.14;334.25;-18.89;687.39
352.41;335.88;-16.52;688.29
352.99;336.54;-16.45;689.52
353.39;335.05;-18.35;688.44
352.58;338.54;-14.04;691.12
352.91;336.37;-16.54;689.28
353.35;336.25;-17.11;689.60
352.03;335.96;-16.07;687.99
