340.82;326.95;-13.88;667.77
341.89;328.32;-13.57;670.22
341.92;327.55;-14.38;669.47
342.40;327.38;-15.02;669.78
341.10;327.61;-13.49;668.71
341.12;327.68;-13.45;668.80
342.01;327.38;-14.63;669.38
341.75;327.14;-14.62;668.89
341.69;327.57;-14.12;669.26
341.72;326.86;-14.85;668.58
341.79;327.14;-14.66;668.93
341.51;327.82;-13.69;669.32
341.44;327.44;-13.99;668.88
341.35;326.86;-14.48;668.21
342.29;327.18;-15.11;669.48
342.62;327.58;-15.04;670.20
340.69;326.78;-13.91;667.48
341.70;327.99;-13.71;669.69
342.02;327.97;-14.05;669.99
342.34;327.65;-14.68;669.99
341.95;327.13;-14.82;669.08
342.17;328.40;-13.77;670.57
342.13;327.22;-14.91;669.35
341.88;327.49;-14.39;669.37
341.45;327.90;-13.55;669.35
342.17;327.91;-14.26;670.08
341.48;327.14;-14.34;668.61
341.55;328.26;-13.29;669.81
341.74;326.88;-14.86;668.62
341.76;327.54;-14.23;669.30
342.43;326.98;-15.45;669.41
341.33;328.11;-13.22;669.44
341.80;327.29;-14.51;669.09
342.11;327.78;-14.33;669.88
341.86;326.84;-15.02;668.71
342.13;327.61;-14.52;669.74
342.45;328.04;-14.41;670.49
342.26;327.55;-14.71;669.81
342.25;327.41;-14.85;669.66
342.79;327.71;-15.08;670.50
342.07;328.35;-13.72;670.42
341.98;328.36;-13.62;670.34
339.91;328.04;-11.87;667.94
339.83;327.88;-11.95;667.71
341.68;327.81;-13.87;669.48
341.53;327.27;-14.26;668.80
342.10;327.74;-14.36;669.84
341.87;327.21;-14.66;669.08
341.48;327.18;-14.31;668.66
342.36;327.86;-14.49;670.22
342.34;328.59;-13.75;670.93
341.63;326.92;-14.71;668.55
340.88;327.52;-13.36;668.41
341.96;328.42;-13.55;670.38
341.42;328.17;-13.25;669.59
341.43;327.62;-13.81;669.05
341.39;328.34;-13.05;669.72
341.01;328.01;-13.00;669.01
342.12;327.36;-14.76;669.48
341.36;327.14;-14.22;668.51
341.86;327.32;-14.54;669.18
341.57;327.79;-13.78;669.36
341.55;326.70;-14.85;668.25
341.55;327.19;-14.36;668.74
341.54;327.71;-13.84;669.25
341.38;327.58;-13.81;668.96
341.25;327.44;-13.81;668.68
341.28;326.89;-14.38;668.17
341.19;327.54;-13.66;668.73
341.15;327.28;-13.88;668.43
340.90;326.66;-14.24;667.56
340.90;327.99;-12.91;668.89
340.88;327.44;-13.44;668.31
340.77;327.69;-13.08;668.46
341.91;327.82;-14.09;669.74
340.72;328.24;-12.48;668.96
341.11;327.52;-13.59;668.62
340.56;327.63;-12.93;668.19
340.44;327.38;-13.06;667.82
340.32;327.92;-12.40;668.24
341.96;327.23;-14.74;669.19
341.88;327.55;-14.34;669.43
341.69;327.53;-14.16;669.22
341.42;328.36;-13.06;669.78
341.91;327.31;-14.60;669.22
341.11;328.18;-12.94;669.29
341.48;327.34;-14.14;668.82
341.44;327.48;-13.96;668.91
342.06;327.68;-14.38;669.74
341.52;328.55;-12.98;670.07
341.39;328.15;-13.25;669.54
341.94;327.40;-14.54;669.34
341.21;329.00;-12.21;670.21
341.58;327.40;-14.18;668.98
341.60;327.32;-14.28;668.92
341.68;328.54;-13.15;670.22
341.56;327.31;-14.25;668.87
341.41;328.69;-12.72;670.11
341.47;327.62;-13.85;669.09
341.03;328.92;-12.11;669.95
341.49;328.88;-12.61;670.37
341.05;328.65;-12.39;669.70
342.30;328.21;-14.09;670.51
340.94;327.88;-13.05;668.82
341.89;327.88;-14.01;669.76
341.46;328.02;-13.44;669.48
340.76;328.72;-12.04;669.48
340.64;327.75;-12.89;668.39
341.64;328.26;-13.38;669.91
341.99;327.46;-14.53;669.46
341.71;326.71;-14.99;668.42
341.24;327.71;-13.52;668.95
341.52;327.80;-13.72;669.32
340.28;327.37;-12.91;667.65
341.31;327.65;-13.66;668.96
341.46;327.58;-13.88;669.04
341.65;327.92;-13.73;669.58
339.76;327.45;-12.31;667.21
341.39;327.49;-13.91;668.88
342.21;328.29;-13.92;670.51
341.88;327.31;-14.57;669.18
341.24;328.49;-12.75;669.72
340.96;327.82;-13.14;668.79
341.89;328.02;-13.87;669.92
341.85;327.92;-13.92;669.77
341.36;328.23;-13.13;669.59
340.86;328.04;-12.82;668.90
341.52;327.24;-14.29;668.76
341.52;327.62;-13.89;669.14
341.29;328.82;-12.46;670.11
341.71;327.43;-14.28;669.14
341.02;327.82;-13.20;668.84
341.00;327.26;-13.74;668.26
341.58;327.72;-13.86;669.31
341.52;327.35;-14.16;668.87
341.35;326.87;-14.48;668.22
341.35;327.46;-13.88;668.81
341.26;326.88;-14.38;668.14
341.28;327.94;-13.34;669.22
341.06;327.99;-13.07;669.05
341.01;327.26;-13.75;668.26
340.97;326.54;-14.43;667.51
342.06;328.30;-13.76;670.36
340.88;328.34;-12.54;669.21
341.52;327.64;-13.88;669.16
340.59;328.25;-12.34;668.85
342.21;328.57;-13.64;670.78
341.64;328.20;-13.44;669.84
340.31;328.08;-12.22;668.39
341.66;329.61;-12.05;671.28
341.39;328.15;-13.24;669.54
341.76;328.61;-13.15;670.37
341.80;328.24;-13.56;670.04
340.96;328.39;-12.57;669.35
341.32;328.75;-12.58;670.07
342.20;327.19;-15.01;669.39
342.01;327.96;-14.04;669.97
341.84;327.38;-14.45;669.22
341.91;327.89;-14.02;669.81
341.22;327.72;-13.50;668.95
341.92;328.96;-12.95;670.88
341.46;327.68;-13.79;669.14
341.48;327.92;-13.55;669.40
341.26;328.44;-12.82;669.70
341.46;328.85;-12.62;670.31
341.21;326.89;-14.31;668.10
342.25;327.32;-14.93;669.56
341.02;327.01;-14.01;668.03
341.34;328.17;-13.17;669.51
340.74;328.18;-12.55;668.92
341.87;328.65;-13.22;670.52
340.55;326.86;-13.69;667.42
341.97;327.90;-14.07;669.87
341.75;327.84;-13.91;669.59
340.49;328.89;-11.60;669.39
340.34;327.86;-12.47;668.20
342.24;327.84;-14.40;670.07
341.44;327.68;-13.76;669.11
341.59;328.09;-13.50;669.69
341.36;327.42;-13.95;668.78
341.56;327.81;-13.76;669.37
341.60;327.69;-13.91;669.29
341.25;327.76;-13.49;669.01
341.14;327.19;-13.94;668.33
341.31;327.41;-13.90;668.71
341.50;327.22;-14.28;668.72
341.12;327.10;-14.02;668.22
341.78;327.31;-14.46;669.09
341.11;328.04;-13.07;669.15
341.84;328.68;-13.16;670.51
340.78;327.31;-13.47;668.08
341.42;327.07;-14.35;668.49
341.16;328.68;-12.49;669.84
341.36;327.46;-13.89;668.82
340.98;328.03;-12.95;669.01
340.86;327.00;-13.86;667.86
340.78;327.39;-13.38;668.17
342.14;328.04;-14.09;670.18
341.82;328.85;-12.96;670.67
341.69;327.93;-13.76;669.62
340.12;327.68;-12.44;667.79
341.91;327.79;-14.12;669.70
341.25;328.04;-13.21;669.28
341.09;328.14;-12.95;669.24
342.16;327.42;-14.74;669.58
341.68;328.08;-13.59;669.76
342.31;327.05;-15.26;669.36
341.74;327.61;-14.13;669.35
341.73;327.18;-14.55;668.91
341.96;328.08;-13.89;670.04
342.14;327.56;-14.58;669.70
341.86;327.54;-14.33;669.40
341.81;327.31;-14.49;669.12
341.91;327.82;-14.09;669.72
341.22;327.42;-13.81;668.64
341.49;326.83;-14.66;668.32
341.53;327.59;-13.94;669.12
342.66;327.70;-14.96;670.36
341.91;327.31;-14.60;669.21
342.30;327.37;-14.93;669.67
341.11;327.34;-13.77;668.45
341.96;327.84;-14.12;669.81
340.88;327.94;-12.94;668.82
342.30;327.81;-14.49;670.11
340.51;327.46;-13.05;667.98
340.29;327.64;-12.65;667.94
342.38;328.46;-13.92;670.85
342.30;327.92;-14.38;670.22
341.65;326.90;-14.75;668.55
341.59;327.04;-14.55;668.63
341.76;327.68;-14.08;669.44
341.48;327.89;-13.59;669.38
341.49;327.82;-13.67;669.31
341.45;326.60;-14.85;668.05
342.06;326.99;-15.08;669.05
341.80;327.60;-14.20;669.40
341.67;328.78;-12.89;670.45
341.42;327.34;-14.08;668.76
341.47;327.25;-14.22;668.72
341.48;327.80;-13.68;669.28
341.22;328.25;-12.97;669.48
341.11;327.29;-13.82;668.41
340.92;327.06;-13.86;667.98
340.67;328.02;-12.65;668.69
342.00;326.90;-15.10;668.90
340.41;327.33;-13.08;667.74
341.57;327.73;-13.84;669.30
342.05;327.29;-14.76;669.35
340.00;327.44;-12.56;667.44
341.51;327.49;-14.01;669.00
342.00;328.21;-13.79;670.21
341.37;328.09;-13.28;669.46
341.90;327.48;-14.42;669.38
342.05;327.95;-14.11;670.00
341.86;327.59;-14.26;669.45
340.64;327.66;-12.98;668.31
341.54;328.07;-13.47;669.61
341.45;327.79;-13.66;669.24
341.84;327.35;-14.49;669.19
341.38;327.93;-13.45;669.31
342.66;327.27;-15.39;669.94
341.41;328.35;-13.06;669.76
341.25;327.19;-14.06;668.44
341.10;327.14;-13.96;668.24
341.10;326.98;-14.12;668.08
342.18;327.98;-14.20;670.16
340.85;327.76;-13.09;668.62
342.18;327.72;-14.46;669.89
341.57;327.19;-14.38;668.76
342.11;328.29;-13.81;670.40
340.22;327.65;-12.57;667.88
341.69;328.27;-13.42;669.96
341.68;328.38;-13.31;670.06
342.36;328.55;-13.81;670.92
342.47;327.94;-14.54;670.41
342.16;327.15;-15.02;669.31
341.72;327.55;-14.17;669.26
342.34;327.66;-14.67;670.00
342.27;328.24;-14.03;670.51
342.11;327.98;-14.14;670.09
342.32;328.10;-14.22;670.42
341.95;326.93;-15.02;668.88
341.69;327.41;-14.28;669.10
341.69;327.53;-14.16;669.22
342.07;327.29;-14.78;669.36
341.72;328.13;-13.59;669.85
341.64;327.06;-14.58;668.71
341.88;326.85;-15.02;668.73
341.17;327.10;-14.07;668.27
341.78;327.72;-14.05;669.50
341.61;328.19;-13.41;669.80
341.54;326.87;-14.67;668.41
341.37;326.83;-14.54;668.20
342.20;327.12;-15.08;669.32
341.97;326.99;-14.98;668.96
341.82;326.81;-15.01;668.64
341.38;327.11;-14.26;668.49
341.70;327.79;-13.91;669.49
341.43;327.44;-13.99;668.87
342.02;327.21;-14.81;669.23
341.35;327.31;-14.04;668.65
341.84;327.43;-14.41;669.26
341.84;327.54;-14.31;669.38
341.41;328.93;-12.48;670.34
341.64;327.32;-14.32;668.96
341.14;327.28;-13.86;668.41
341.54;326.91;-14.62;668.45
341.50;328.19;-13.31;669.69
341.31;327.53;-13.78;668.84
341.26;326.86;-14.40;668.13
341.29;327.01;-14.29;668.30
341.41;327.21;-14.19;668.62
341.39;328.39;-13.01;669.78
341.35;326.91;-14.44;668.25
341.65;327.00;-14.65;668.65
342.48;327.31;-15.16;669.79
342.44;328.10;-14.34;670.54
342.74;328.24;-14.50;670.97
341.18;326.66;-14.51;667.84
342.44;327.45;-14.99;669.88
342.22;327.38;-14.84;669.59
342.25;326.64;-15.61;668.88
340.95;327.94;-13.01;668.89
340.93;327.02;-13.91;667.95
340.74;327.40;-13.34;668.14
342.27;327.78;-14.49;670.05
342.28;327.73;-14.55;670.01
342.01;327.86;-14.15;669.88
340.15;328.44;-11.71;668.58
342.24;327.64;-14.61;669.88
341.69;328.08;-13.61;669.78
342.23;327.16;-15.06;669.39
341.99;328.42;-13.56;670.41
342.39;328.13;-14.26;670.52
342.41;327.57;-14.84;669.98
341.34;327.97;-13.37;669.31
342.30;328.10;-14.20;670.40
342.18;327.74;-14.45;669.92
341.42;327.36;-14.05;668.78
341.92;327.61;-14.31;669.53
342.09;327.57;-14.52;669.66
340.79;327.46;-13.34;668.25
342.33;327.26;-15.06;669.59
341.76;327.22;-14.54;668.98
341.76;326.85;-14.92;668.61
341.54;327.84;-13.70;669.38
341.46;327.06;-14.41;668.52
341.34;328.28;-13.06;669.61
341.69;327.35;-14.34;669.04
342.29;327.81;-14.49;670.10
342.56;327.75;-14.81;670.31
340.88;327.74;-13.15;668.62
341.91;326.51;-15.39;668.42
342.30;328.11;-14.19;670.41
342.50;327.32;-15.18;669.82
342.16;326.04;-16.12;668.19
342.09;327.22;-14.88;669.31
342.06;327.82;-14.24;669.89
341.82;327.15;-14.66;668.97
341.14;327.25;-13.89;668.39
342.14;327.91;-14.22;670.05
342.25;326.76;-15.49;669.01
341.43;327.69;-13.74;669.12
341.43;327.44;-13.99;668.87
342.02;327.82;-14.20;669.85
341.88;326.24;-15.65;668.12
341.77;327.52;-14.25;669.29
341.61;327.12;-14.49;668.73
341.61;327.16;-14.45;668.77
341.66;327.91;-13.75;669.56
341.88;327.69;-14.19;669.57
341.41;327.43;-13.98;668.84
341.75;327.82;-13.94;669.57
341.71;328.31;-13.41;670.02
342.01;327.02;-14.99;669.02
341.91;327.43;-14.48;669.34
341.84;327.42;-14.41;669.26
341.94;326.88;-15.06;668.81
342.28;327.16;-15.12;669.44
341.76;327.23;-14.53;668.99
341.57;327.16;-14.41;668.73
341.52;327.20;-14.32;668.72
341.33;327.18;-14.15;668.51
341.34;328.36;-12.98;669.71
341.33;327.44;-13.89;668.77
341.90;327.58;-14.32;669.48
342.12;328.05;-14.07;670.18
341.16;327.59;-13.57;668.76
340.96;327.54;-13.42;668.50
340.81;326.52;-14.29;667.32
342.42;327.70;-14.72;670.12
341.86;327.93;-13.94;669.79
341.96;326.75;-15.22;668.71
340.38;327.78;-12.59;668.16
342.59;327.18;-15.41;669.78
340.12;327.39;-12.72;667.51
340.12;327.85;-12.27;667.96
339.98;328.15;-11.83;668.14
339.98;328.21;-11.77;668.18
341.79;327.44;-14.35;669.24
341.60;327.99;-13.61;669.59
341.54;327.98;-13.55;669.52
342.01;327.43;-14.58;669.44
339.49;327.71;-11.78;667.21
341.60;326.91;-14.69;668.51
342.16;327.83;-14.34;669.99
341.82;328.19;-13.63;670.01
341.98;327.35;-14.63;669.32
341.81;328.00;-13.81;669.81
341.74;327.15;-14.58;668.89
341.54;327.38;-14.15;668.92
342.42;328.55;-13.86;670.97
341.34;327.88;-13.46;669.22
341.22;327.51;-13.71;668.74
341.25;326.77;-14.48;668.02
341.05;327.15;-13.89;668.20
340.93;327.80;-13.13;668.73
340.72;327.77;-12.95;668.49
340.68;326.32;-14.36;666.99
341.64;326.84;-14.79;668.48
341.92;327.26;-14.66;669.18
341.63;327.59;-14.04;669.22
342.08;327.09;-14.99;669.16
341.78;326.94;-14.85;668.72
341.63;328.12;-13.51;669.75
342.05;328.08;-13.96;670.13
341.63;328.72;-12.91;670.35
341.98;327.69;-14.29;669.67
342.26;328.14;-14.12;670.41
342.11;327.81;-14.30;669.91
342.42;326.93;-15.49;669.35
341.88;327.97;-13.91;669.85
341.81;327.87;-13.94;669.68
342.06;327.85;-14.21;669.91
341.87;327.61;-14.26;669.48
341.94;327.42;-14.52;669.36
341.85;326.89;-14.96;668.75
341.72;327.69;-14.03;669.42
342.11;327.76;-14.35;669.88
341.38;328.32;-13.06;669.71
341.26;327.14;-14.12;668.40
340.95;327.78;-13.17;668.74
341.90;327.98;-13.92;669.88
341.04;327.78;-13.26;668.82
340.95;328.55;-12.40;669.51
342.16;327.74;-14.42;669.91
342.22;328.03;-14.19;670.25
341.83;327.45;-14.38;669.28
342.47;328.12;-14.35;670.59
341.90;327.66;-14.24;669.56
341.86;328.04;-13.82;669.89
340.53;326.89;-13.64;667.42
340.49;328.02;-12.48;668.51
342.12;327.44;-14.69;669.56
341.41;327.99;-13.42;669.41
340.45;327.37;-13.08;667.82
341.99;327.71;-14.28;669.71
341.57;326.92;-14.65;668.49
341.71;327.24;-14.48;668.95
340.04;327.78;-12.25;667.82
341.03;327.79;-13.24;668.82
342.11;328.74;-13.37;670.84
342.05;327.28;-14.76;669.33
341.62;328.04;-13.58;669.66
342.01;327.53;-14.48;669.54
341.21;326.87;-14.34;668.08
341.26;327.86;-13.39;669.12
341.89;327.78;-14.12;669.67
342.21;327.71;-14.49;669.92
341.45;327.89;-13.55;669.34
342.26;327.44;-14.82;669.69
341.98;327.20;-14.78;669.18
341.49;327.50;-13.99;668.99
341.44;328.62;-12.82;670.06
341.69;328.84;-12.85;670.52
341.72;326.81;-14.92;668.53
341.76;327.36;-14.40;669.12
341.52;327.13;-14.39;668.65
341.51;327.58;-13.93;669.09
341.15;326.65;-14.50;667.81
341.26;327.52;-13.74;668.79
341.01;326.76;-14.25;667.77
341.10;326.86;-14.24;667.96
340.98;326.96;-14.02;667.94
340.86;327.40;-13.46;668.26
341.60;327.77;-13.83;669.37
340.62;327.56;-13.06;668.19
341.34;327.98;-13.36;669.32
340.68;327.45;-13.22;668.13
340.56;327.42;-13.14;667.99
340.57;327.62;-12.95;668.19
340.44;327.95;-12.48;668.39
341.61;328.24;-13.38;669.85
341.49;327.21;-14.28;668.70
340.07;328.18;-11.89;668.25
341.68;327.86;-13.82;669.55
339.81;327.78;-12.04;667.59
341.76;327.68;-14.08;669.44
341.85;327.85;-14.00;669.71
341.18;327.88;-13.30;669.06
340.94;327.72;-13.22;668.66
341.91;327.92;-13.98;669.83
341.92;327.82;-14.10;669.75
341.88;327.59;-14.29;669.48
341.31;327.60;-13.71;668.91
341.73;327.61;-14.12;669.34
342.00;328.82;-13.18;670.82
341.77;328.79;-12.98;670.56
341.79;327.24;-14.55;669.04
341.69;327.35;-14.35;669.04
341.66;327.93;-13.73;669.59
341.44;328.10;-13.34;669.54
341.37;328.33;-13.04;669.70
341.29;328.24;-13.06;669.53
341.19;328.09;-13.10;669.29
342.19;327.35;-14.84;669.54
341.10;327.25;-13.85;668.35
340.89;328.48;-12.42;669.37
340.83;328.26;-12.56;669.09
340.65;327.96;-12.68;668.61
340.67;328.20;-12.47;668.87
342.44;328.22;-14.22;670.66
341.79;327.59;-14.20;669.39
341.64;327.55;-14.09;669.18
341.89;327.99;-13.90;669.88
342.43;327.61;-14.82;670.04
342.06;327.62;-14.44;669.68
342.44;327.69;-14.75;670.13
342.08;327.89;-14.18;669.97
342.24;327.90;-14.34;670.14
342.04;327.28;-14.76;669.32
342.02;327.92;-14.10;669.94
341.49;326.44;-15.05;667.92
341.85;327.52;-14.33;669.36
341.92;327.52;-14.41;669.44
341.65;327.29;-14.36;668.94
341.61;327.27;-14.34;668.88
341.61;326.61;-15.01;668.22
341.50;327.15;-14.35;668.65
342.04;327.23;-14.81;669.27
341.42;327.09;-14.33;668.51
341.19;327.28;-13.91;668.48
341.19;327.49;-13.69;668.68
341.02;327.28;-13.75;668.30
342.14;326.94;-15.21;669.08
341.95;327.56;-14.39;669.51
342.61;328.38;-14.23;670.99
341.72;327.74;-13.98;669.46
341.84;326.84;-15.00;668.67
341.91;328.48;-13.43;670.38
342.07;327.66;-14.41;669.74
341.64;326.94;-14.70;668.57
342.73;327.92;-14.81;670.65
341.66;326.78;-14.88;668.45
341.74;327.51;-14.22;669.25
341.95;327.59;-14.36;669.55
342.04;327.74;-14.30;669.77
342.18;328.41;-13.77;670.58
341.88;326.52;-15.35;668.40
341.94;327.10;-14.84;669.04
341.82;327.50;-14.32;669.32
342.33;328.23;-14.10;670.56
342.07;327.48;-14.59;669.55
342.13;327.73;-14.40;669.86
341.79;326.76;-15.04;668.55
340.89;328.65;-12.25;669.54
342.18;327.48;-14.71;669.66
341.74;327.55;-14.19;669.29
341.62;327.99;-13.63;669.62
341.48;326.99;-14.48;668.47
341.53;327.34;-14.19;668.87
341.57;327.42;-14.15;668.99
341.32;325.70;-15.62;667.02
342.14;327.87;-14.27;670.01
342.04;327.82;-14.22;669.86
341.00;327.22;-13.78;668.22
340.88;329.12;-11.76;670.00
340.71;327.89;-12.82;668.59
342.42;326.82;-15.61;669.24
342.41;328.24;-14.17;670.65
342.04;328.25;-13.78;670.29
341.71;327.69;-14.01;669.40
342.22;328.22;-14.01;670.44
341.89;327.86;-14.03;669.75
341.96;327.86;-14.10;669.82
341.98;328.08;-13.90;670.06
339.54;327.05;-12.49;666.59
342.31;328.54;-13.78;670.85
341.74;327.45;-14.28;669.19
341.81;327.75;-14.06;669.55
341.47;327.21;-14.26;668.68
341.25;327.14;-14.11;668.39
340.99;327.79;-13.20;668.78
341.81;326.96;-14.85;668.78
341.82;327.58;-14.25;669.40
341.65;327.48;-14.17;669.12
341.77;327.38;-14.39;669.15
341.51;327.62;-13.89;669.14
341.39;327.52;-13.86;668.91
341.32;327.54;-13.78;668.86
341.84;327.56;-14.28;669.40
341.92;326.98;-14.94;668.90
342.09;327.94;-14.16;670.03
341.95;328.04;-13.92;669.99
341.57;328.15;-13.42;669.72
340.69;328.06;-12.63;668.76
342.19;327.34;-14.86;669.53
341.85;327.64;-14.21;669.49
342.25;328.27;-13.98;670.52
342.04;327.20;-14.84;669.24
341.99;327.12;-14.86;669.11
342.01;327.39;-14.62;669.41
341.48;327.15;-14.33;668.62
342.03;326.84;-15.19;668.86
342.04;329.02;-13.02;671.05
341.83;327.86;-13.96;669.69
342.22;327.98;-14.24;670.19
341.57;327.99;-13.58;669.56
341.71;327.44;-14.27;669.15
341.91;328.21;-13.70;670.11
341.72;327.80;-13.92;669.52
341.61;328.39;-13.22;670.01
341.56;328.27;-13.29;669.83
342.58;327.94;-14.64;670.51
342.12;326.99;-15.13;669.12
342.14;328.24;-13.89;670.38
341.98;327.90;-14.08;669.88
340.86;327.09;-13.77;667.95
340.71;327.74;-12.97;668.44
340.58;326.92;-13.66;667.49
340.47;327.91;-12.56;668.38
340.27;327.74;-12.54;668.01
340.14;327.36;-12.78;667.51
340.06;327.72;-12.34;667.78
341.84;327.51;-14.32;669.35
339.84;327.62;-12.22;667.46
341.41;327.25;-14.16;668.66
339.58;327.75;-11.83;667.32
341.79;327.69;-14.10;669.49
340.82;327.79;-13.03;668.61
341.74;327.31;-14.43;669.05
341.59;327.81;-13.78;669.40
341.84;327.76;-14.08;669.60
341.98;328.17;-13.81;670.15
341.75;327.16;-14.59;668.91
341.82;327.45;-14.37;669.28
341.60;327.45;-14.15;669.05
341.44;327.04;-14.41;668.48
341.64;327.19;-14.45;668.84
341.10;327.18;-13.92;668.28
341.58;327.38;-14.21;668.96
342.32;327.19;-15.13;669.52
341.68;327.61;-14.07;669.29
341.75;327.26;-14.49;669.02
341.46;327.42;-14.05;668.88
342.05;326.89;-15.16;668.95
342.23;328.87;-13.36;671.10
341.29;327.53;-13.76;668.82
342.09;327.44;-14.65;669.53
341.12;328.02;-13.10;669.15
341.96;327.16;-14.81;669.12
340.89;327.92;-12.98;668.81
340.78;326.72;-14.06;667.51
340.73;327.84;-12.89;668.57
340.56;327.98;-12.59;668.54
342.25;327.65;-14.60;669.89
341.76;327.60;-14.16;669.36
342.13;327.39;-14.74;669.52
341.94;327.42;-14.52;669.35
341.60;327.61;-13.99;669.21
342.32;327.56;-14.76;669.88
341.51;327.14;-14.38;668.65
342.04;328.43;-13.61;670.46
341.93;327.14;-14.79;669.07
341.56;327.30;-14.26;668.86
342.05;328.11;-13.94;670.16
341.32;328.51;-12.82;669.83
341.36;328.31;-13.05;669.67
341.55;327.64;-13.91;669.18
341.46;328.19;-13.27;669.65
341.49;329.08;-12.41;670.57
341.38;327.72;-13.66;669.10
341.07;328.05;-13.02;669.12
341.01;328.60;-12.41;669.61
340.75;327.97;-12.78;668.72
340.01;328.36;-11.64;668.37
340.42;327.95;-12.46;668.37
340.44;327.98;-12.46;668.41
342.02;328.14;-13.88;670.16
341.50;328.52;-12.98;670.02
341.82;328.94;-12.88;670.76
341.52;328.85;-12.68;670.37
341.58;328.75;-12.82;670.33
341.41;328.01;-13.41;669.42
341.33;328.14;-13.19;669.46
341.21;328.14;-13.07;669.35
341.28;327.62;-13.66;668.90
341.25;328.14;-13.11;669.39
341.52;327.40;-14.12;668.92
341.12;327.82;-13.30;668.95
341.58;327.71;-13.87;669.29
341.72;327.69;-14.03;669.42
341.31;327.94;-13.37;669.24
341.56;327.66;-13.90;669.22
341.46;328.90;-12.56;670.36
341.15;327.66;-13.49;668.81
341.71;328.19;-13.52;669.89
341.42;329.23;-12.19;670.65
341.32;328.27;-13.05;669.59
341.25;328.26;-12.99;669.52
341.35;327.82;-13.52;669.17
341.09;327.04;-14.06;668.13
341.54;327.73;-13.81;669.27
341.40;328.23;-13.17;669.63
341.22;328.87;-12.35;670.09
341.12;328.16;-12.96;669.28
340.88;327.17;-13.71;668.05
340.78;327.72;-13.06;668.51
340.57;327.78;-12.79;668.35
340.58;328.06;-12.52;668.65
340.48;327.98;-12.50;668.46
340.25;328.21;-12.04;668.46
340.07;328.72;-11.35;668.79
341.12;327.65;-13.47;668.76
341.35;328.44;-12.91;669.79
341.05;328.35;-12.70;669.39
340.64;328.21;-12.44;668.85
341.18;327.94;-13.25;669.12
341.26;328.06;-13.21;669.32
340.76;328.53;-12.23;669.29
341.59;327.49;-14.10;669.09
341.79;327.51;-14.29;669.30
341.32;328.12;-13.19;669.44
341.30;328.94;-12.36;670.24
341.34;328.85;-12.49;670.18
341.28;328.82;-12.45;670.10
340.89;329.59;-11.31;670.48
340.97;328.01;-12.96;668.98
340.92;328.88;-12.04;669.79
340.71;328.90;-11.81;669.61
340.39;329.02;-11.38;669.41
340.40;327.96;-12.44;668.36
340.21;327.85;-12.35;668.06
340.09;328.28;-11.81;668.37
339.93;328.48;-11.45;668.41
341.50;328.72;-12.78;670.22
339.70;328.14;-11.56;667.84
341.18;327.63;-13.55;668.81
341.43;328.16;-13.26;669.59
339.48;328.44;-11.04;667.91
341.22;327.65;-13.56;668.87
341.62;328.73;-12.89;670.35
341.29;328.62;-12.68;669.91
341.19;327.81;-13.39;669.00
341.06;327.62;-13.44;668.68
341.33;327.83;-13.50;669.16
340.51;328.14;-12.37;668.64
340.87;328.01;-12.86;668.88
341.01;327.93;-13.08;668.94
341.04;327.94;-13.10;668.97
341.27;328.36;-12.91;669.63
340.94;328.89;-12.04;669.83
341.06;328.17;-12.89;669.24
341.01;328.24;-12.78;669.25
340.63;327.39;-13.24;668.02
340.64;327.63;-13.01;668.26
341.08;328.24;-12.84;669.32
340.96;328.38;-12.58;669.34
340.87;327.39;-13.48;668.26
340.96;328.08;-12.88;669.04
341.94;327.54;-14.39;669.48
340.53;328.19;-12.34;668.72
340.45;327.93;-12.52;668.38
340.26;327.57;-12.69;667.84
340.21;328.21;-12.00;668.41
341.17;326.96;-14.21;668.13
341.41;328.19;-13.22;669.59
341.21;328.09;-13.12;669.30
341.42;327.88;-13.54;669.31
341.26;327.95;-13.31;669.21
341.67;328.44;-13.23;670.11
341.25;327.55;-13.71;668.80
340.89;328.71;-12.19;669.60
340.94;328.62;-12.32;669.56
341.05;327.64;-13.41;668.69
341.02;327.52;-13.50;668.55
341.14;328.54;-12.59;669.68
340.93;328.65;-12.28;669.58
340.77;328.22;-12.55;668.99
341.60;328.04;-13.56;669.64
341.00;328.08;-12.92;669.08
341.89;328.22;-13.66;670.11
340.14;327.71;-12.44;667.85
341.34;327.86;-13.47;669.20
341.42;327.49;-13.92;668.91
342.10;327.77;-14.33;669.87
341.15;328.03;-13.12;669.18
341.42;327.75;-13.67;669.16
341.84;328.02;-13.82;669.85
340.85;328.51;-12.34;669.36
341.86;328.32;-13.55;670.18
341.79;327.25;-14.54;669.04
341.14;327.52;-13.62;668.66
341.01;327.39;-13.62;668.40
341.01;328.41;-12.59;669.42
341.12;327.91;-13.22;669.03
340.98;328.37;-12.61;669.35
340.92;328.04;-12.88;668.96
340.73;328.27;-12.46;669.00
340.66;327.88;-12.78;668.54
341.59;328.03;-13.56;669.62
341.61;328.60;-13.01;670.21
341.61;328.20;-13.41;669.81
341.82;328.02;-13.80;669.85
341.99;327.26;-14.72;669.25
341.84;327.62;-14.22;669.46
341.66;328.24;-13.42;669.89
341.39;327.69;-13.71;669.08
341.33;327.77;-13.56;669.10
341.36;327.39;-13.96;668.75
341.24;327.89;-13.35;669.12
340.44;328.75;-11.69;669.19
341.79;327.91;-13.89;669.70
340.96;328.52;-12.44;669.48
341.23;327.66;-13.56;668.89
341.29;327.55;-13.74;668.85
340.93;327.32;-13.61;668.25
340.95;327.38;-13.57;668.34
341.00;327.71;-13.29;668.71
340.90;328.51;-12.39;669.41
340.83;328.00;-12.83;668.83
340.71;327.85;-12.85;668.56
341.79;327.37;-14.42;669.16
340.60;326.81;-13.79;667.41
340.51;328.57;-11.94;669.08
341.72;328.14;-13.58;669.86
341.76;327.66;-14.10;669.43
340.16;328.54;-11.62;668.70
341.50;327.42;-14.08;668.92
341.27;327.55;-13.72;668.82
341.44;327.82;-13.62;669.26
341.71;327.54;-14.16;669.25
341.63;328.26;-13.36;669.89
339.62;327.74;-11.88;667.35
341.35;328.10;-13.25;669.45
341.28;327.59;-13.69;668.86
341.25;327.54;-13.71;668.79
341.08;328.90;-12.18;669.98
341.05;328.89;-12.15;669.94
340.96;328.45;-12.51;669.42
341.39;328.18;-13.21;669.58
341.18;328.27;-12.91;669.45
341.24;327.66;-13.58;668.89
341.12;328.92;-12.20;670.05
341.23;328.85;-12.38;670.08
341.78;328.78;-13.01;670.56
341.01;327.52;-13.49;668.52
341.25;327.73;-13.52;668.98
341.53;328.11;-13.42;669.64
341.18;328.64;-12.54;669.82
340.86;329.21;-11.66;670.07
340.44;328.39;-12.05;668.82
340.64;328.49;-12.14;669.13
340.51;328.16;-12.35;668.67
341.38;328.60;-12.78;669.98
341.31;328.68;-12.64;669.99
341.40;328.13;-13.27;669.53
341.58;327.90;-13.68;669.48
341.64;327.97;-13.67;669.61
340.74;327.84;-12.89;668.58
341.63;328.24;-13.39;669.86
342.11;327.84;-14.27;669.94
341.52;327.59;-13.94;669.11
341.55;328.73;-12.82;670.28
340.42;328.72;-11.70;669.15
341.49;328.75;-12.74;670.25
341.50;328.45;-13.05;669.95
341.43;327.82;-13.61;669.25
341.48;326.96;-14.52;668.44
341.24;328.66;-12.58;669.91
341.11;328.41;-12.70;669.52
340.93;328.01;-12.92;668.94
340.91;327.81;-13.11;668.72
341.87;327.86;-14.01;669.74
340.82;327.73;-13.09;668.55
340.71;327.92;-12.78;668.63
340.56;328.01;-12.56;668.57
341.68;327.44;-14.24;669.12
341.04;327.46;-13.58;668.50
341.44;327.34;-14.10;668.78
342.13;327.70;-14.43;669.83
341.86;327.27;-14.59;669.14
340.15;328.16;-11.98;668.31
341.88;327.62;-14.26;669.50
341.39;327.52;-13.86;668.91
341.44;328.42;-13.01;669.86
341.39;328.52;-12.88;669.91
341.59;328.14;-13.45;669.72
341.72;327.95;-13.77;669.68
341.83;328.50;-13.33;670.33
341.19;328.04;-13.15;669.22
341.35;327.76;-13.59;669.11
341.61;328.16;-13.45;669.76
341.76;328.81;-12.95;670.57
341.52;327.65;-13.86;669.17
341.46;328.55;-12.91;670.01
341.36;327.26;-14.10;668.62
341.16;327.56;-13.59;668.72
341.14;327.40;-13.74;668.54
341.07;328.22;-12.85;669.29
341.01;328.54;-12.48;669.55
341.66;327.94;-13.73;669.60
340.85;326.88;-13.97;667.72
341.85;327.66;-14.18;669.51
341.92;328.02;-13.90;669.95
341.76;327.36;-14.40;669.13
341.86;327.43;-14.43;669.29
341.32;327.90;-13.42;669.22
341.98;328.14;-13.85;670.12
342.02;327.71;-14.31;669.72
341.52;328.46;-13.06;669.99
340.96;327.34;-13.62;668.30
341.36;328.69;-12.67;670.05
341.52;327.89;-13.62;669.41
342.21;328.35;-13.86;670.56
342.40;326.92;-15.48;669.32
341.44;327.62;-13.81;669.06
341.58;327.71;-13.86;669.29
342.04;328.55;-13.49;670.59
341.48;328.38;-13.10;669.85
341.89;327.47;-14.42;669.36
341.57;327.21;-14.36;668.78
341.38;327.28;-14.10;668.66
341.66;327.62;-14.04;669.29
341.77;327.09;-14.68;668.86
341.56;326.89;-14.68;668.45
341.41;328.57;-12.84;669.98
341.28;327.65;-13.63;668.94
341.15;327.26;-13.89;668.41
341.04;328.03;-13.01;669.07
340.94;327.17;-13.77;668.11
340.83;327.63;-13.20;668.46
341.69;328.16;-13.52;669.85
342.44;328.25;-14.19;670.68
340.48;327.88;-12.60;668.36
340.46;327.45;-13.01;667.91
341.79;328.16;-13.62;669.95
342.02;327.36;-14.66;669.38
341.84;327.08;-14.76;668.92
340.07;326.69;-13.38;666.76
341.35;327.42;-13.92;668.77
342.06;327.38;-14.69;669.44
342.19;327.02;-15.17;669.22
342.01;328.44;-13.57;670.44
341.73;327.84;-13.89;669.56
342.38;327.46;-14.92;669.84
341.81;326.66;-15.14;668.47
342.22;328.00;-14.22;670.22
342.04;327.81;-14.24;669.85
342.07;327.82;-14.25;669.89
341.44;327.52;-13.92;668.96
341.43;327.36;-14.07;668.79
341.79;327.49;-14.31;669.28
341.51;326.84;-14.66;668.35
341.51;327.26;-14.24;668.77
341.41;327.19;-14.22;668.59
341.36;327.64;-13.72;669.00
342.21;328.18;-14.03;670.38
341.04;327.26;-13.78;668.30
342.08;328.08;-13.99;670.16
341.04;327.03;-14.01;668.06
341.05;327.26;-13.79;668.31
341.69;328.32;-13.37;670.02
340.69;327.83;-12.86;668.52
340.52;327.91;-12.61;668.43
340.70;326.98;-13.72;667.68
341.94;327.64;-14.30;669.58
341.74;327.71;-14.04;669.45
340.50;327.29;-13.21;667.79
341.92;327.80;-14.12;669.72
340.21;328.11;-12.10;668.32
341.99;327.96;-14.04;669.95
341.92;327.81;-14.11;669.72
342.18;327.27;-14.91;669.45
342.06;327.42;-14.64;669.48
342.48;328.11;-14.38;670.59
341.92;329.34;-12.59;671.26
342.06;327.11;-14.95;669.18
341.73;327.24;-14.49;668.96
341.49;327.26;-14.22;668.75
341.80;326.85;-14.95;668.65
342.51;326.92;-15.59;669.42
342.24;327.27;-14.96;669.51
341.64;327.66;-13.97;669.30
341.39;327.55;-13.84;668.94
342.31;328.28;-14.03;670.59
342.89;328.18;-14.72;671.07
340.94;327.89;-13.05;668.82
341.00;328.18;-12.82;669.18
340.84;326.85;-13.99;667.68
341.96;327.63;-14.33;669.59
342.03;326.58;-15.45;668.61
340.56;327.51;-13.05;668.08
340.46;327.75;-12.72;668.21
342.66;327.89;-14.77;670.56
342.39;326.49;-15.90;668.89
341.31;327.09;-14.21;668.40
342.26;327.02;-15.24;669.28
342.42;327.55;-14.86;669.97
342.71;328.14;-14.57;670.85
342.52;326.75;-15.78;669.27
342.65;327.21;-15.44;669.86
342.63;327.42;-15.21;670.05
342.59;327.08;-15.51;669.68
342.21;326.71;-15.51;668.92
342.14;326.87;-15.26;669.01
341.32;327.51;-13.81;668.82
341.84;328.39;-13.45;670.24
341.98;327.47;-14.51;669.45
341.75;327.29;-14.46;669.04
341.61;327.29;-14.32;668.89
341.28;327.25;-14.02;668.53
342.52;326.72;-15.80;669.25
342.54;327.76;-14.77;670.30
341.41;327.32;-14.09;668.74
342.49;327.24;-15.25;669.72
342.44;326.75;-15.69;669.19
341.98;328.12;-13.86;670.09
342.12;326.75;-15.36;668.87
342.26;327.24;-15.03;669.50
340.88;327.24;-13.65;668.12
342.59;327.73;-14.86;670.32
342.78;327.79;-14.99;670.56
342.75;326.98;-15.77;669.72
341.89;327.76;-14.14;669.65
342.42;327.64;-14.78;670.06
342.28;327.76;-14.52;670.04
341.68;327.98;-13.71;669.66
342.64;327.34;-15.30;669.98
341.92;327.21;-14.72;669.13
342.28;328.15;-14.13;670.42
342.30;327.72;-14.58;670.02
342.49;327.13;-15.36;669.62
342.69;328.06;-14.64;670.75
342.37;327.12;-15.25;669.49
341.49;327.39;-14.10;668.88
341.97;328.02;-13.95;669.99
342.11;328.28;-13.82;670.39
341.95;328.00;-13.95;669.95
341.60;327.41;-14.19;669.01
342.15;326.68;-15.47;668.82
341.94;328.19;-13.75;670.12
341.52;327.31;-14.21;668.84
342.08;327.46;-14.62;669.54
341.92;327.49;-14.43;669.42
341.82;327.41;-14.42;669.23
341.74;327.19;-14.55;668.92
341.56;326.98;-14.58;668.54
341.31;326.84;-14.47;668.15
342.31;328.15;-14.15;670.46
341.15;327.45;-13.69;668.60
342.46;328.15;-14.31;670.62
341.12;326.91;-14.22;668.03
341.04;327.99;-13.04;669.03
340.99;326.88;-14.11;667.88
342.24;327.25;-14.99;669.48
342.12;327.69;-14.44;669.81
340.69;328.15;-12.54;668.84
342.16;327.88;-14.28;670.04
340.42;327.75;-12.67;668.16
340.28;327.59;-12.68;667.87
341.88;327.05;-14.84;668.93
341.77;327.01;-14.76;668.78
342.05;327.56;-14.48;669.61
342.28;328.07;-14.21;670.35
341.94;326.64;-15.31;668.58
341.90;327.24;-14.66;669.14
341.73;327.17;-14.56;668.90
341.50;327.43;-14.07;668.93
341.96;327.79;-14.17;669.76
341.82;328.35;-13.48;670.17
342.09;327.46;-14.62;669.55
341.42;327.62;-13.80;669.04
341.56;327.69;-13.88;669.25
341.57;326.23;-15.34;667.80
342.41;326.93;-15.48;669.34
342.56;328.35;-14.21;670.92
341.51;326.95;-14.55;668.46
341.48;327.69;-13.78;669.17
342.10;327.22;-14.88;669.32
341.10;326.70;-14.40;667.80
342.22;327.02;-15.20;669.24
341.01;326.91;-14.10;667.91
340.85;326.98;-13.87;667.82
342.17;327.73;-14.44;669.90
342.50;326.94;-15.56;669.44
341.22;327.29;-13.93;668.52
342.56;327.29;-15.28;669.85
341.76;327.69;-14.06;669.45
342.35;327.71;-14.64;670.06
342.20;327.32;-14.88;669.52
342.06;327.06;-14.99;669.12
342.28;328.08;-14.20;670.35
341.68;327.42;-14.26;669.10
342.39;327.14;-15.25;669.53
342.00;327.08;-14.92;669.08
342.04;327.27;-14.76;669.31
341.77;327.12;-14.65;668.89
342.12;326.97;-15.15;669.09
341.98;327.56;-14.42;669.54
342.29;326.66;-15.63;668.96
341.70;326.87;-14.83;668.57
342.23;326.76;-15.46;668.99
341.95;327.15;-14.81;669.10
342.25;327.42;-14.82;669.67
342.24;327.21;-15.04;669.45
342.05;326.49;-15.56;668.54
341.99;327.68;-14.31;669.67
341.51;327.35;-14.16;668.85
341.57;327.29;-14.28;668.86
341.55;327.79;-13.76;669.34
341.55;327.01;-14.54;668.55
341.31;328.07;-13.24;669.38
342.76;327.45;-15.31;670.21
341.12;326.79;-14.33;667.91
341.96;328.68;-13.28;670.65
340.99;326.50;-14.49;667.49
342.11;327.71;-14.40;669.81
341.85;326.91;-14.94;668.76
341.78;327.06;-14.72;668.84
340.59;327.62;-12.97;668.22
341.85;326.75;-15.11;668.60
341.88;327.78;-14.10;669.65
342.35;327.64;-14.71;669.99
342.08;326.51;-15.58;668.59
341.75;327.89;-13.86;669.64
340.23;327.90;-12.33;668.13
341.55;327.25;-14.30;668.81
341.76;327.49;-14.26;669.25
339.98;327.04;-12.95;667.02
339.84;328.05;-11.79;667.88
339.79;327.52;-12.28;667.31
341.88;327.88;-13.99;669.76
341.87;327.75;-14.12;669.62
341.45;328.35;-13.09;669.80
342.15;328.12;-14.03;670.26
341.90;327.69;-14.21;669.59
342.20;327.68;-14.52;669.88
341.58;327.97;-13.61;669.55
341.70;327.64;-14.06;669.34
341.84;327.49;-14.35;669.34
341.55;327.90;-13.65;669.45
341.70;327.45;-14.25;669.15
341.98;327.88;-14.09;669.86
341.50;327.03;-14.47;668.53
341.46;326.98;-14.48;668.44
341.34;327.05;-14.29;668.39
342.30;328.64;-13.66;670.94
341.08;327.48;-13.59;668.56
341.65;326.78;-14.87;668.44
342.14;326.76;-15.38;668.90
342.08;328.16;-13.92;670.24
342.12;327.81;-14.31;669.93
341.54;327.66;-13.88;669.20
342.08;326.91;-15.16;668.99
341.89;328.61;-13.29;670.50
341.74;327.32;-14.41;669.06
341.76;327.16;-14.59;668.92
342.19;328.28;-13.91;670.47
342.25;327.22;-15.03;669.46
341.91;327.06;-14.85;668.96
342.02;327.91;-14.11;669.93
342.16;327.31;-14.85;669.46
341.75;327.08;-14.67;668.82
342.06;327.15;-14.92;669.21
341.72;327.71;-14.01;669.43
341.70;327.58;-14.12;669.28
341.32;327.89;-13.42;669.21
341.62;327.26;-14.36;668.89
341.46;328.32;-13.14;669.78
341.44;326.99;-14.44;668.43
341.31;327.42;-13.89;668.73
341.92;328.12;-13.81;670.04
341.16;327.42;-13.74;668.59
340.96;327.96;-13.01;668.92
340.92;327.59;-13.33;668.51
340.84;326.97;-13.87;667.81
341.88;328.24;-13.64;670.12
342.22;327.34;-14.88;669.56
342.14;326.99;-15.14;669.13
342.04;327.78;-14.26;669.81
342.53;327.80;-14.73;670.33
340.18;327.26;-12.92;667.44
340.03;327.39;-12.64;667.42
342.30;327.94;-14.36;670.24
341.55;327.44;-14.11;668.99
341.58;326.89;-14.69;668.46
341.95;328.07;-13.88;670.02
342.25;327.91;-14.35;670.16
341.84;327.49;-14.35;669.34
341.65;327.82;-13.83;669.48
341.51;327.51;-14.00;669.01
341.39;328.73;-12.66;670.12
342.11;328.31;-13.80;670.41
341.17;328.06;-13.11;669.23
341.04;328.26;-12.78;669.29
340.94;327.18;-13.76;668.11
341.96;327.57;-14.39;669.54
340.66;327.88;-12.78;668.54
341.74;326.62;-15.12;668.36
340.43;327.69;-12.74;668.12
341.65;327.29;-14.36;668.94
341.35;327.05;-14.30;668.39
341.55;328.64;-12.91;670.19
340.08;327.38;-12.69;667.46
342.33;327.53;-14.80;669.86
342.40;327.04;-15.36;669.44
341.52;327.65;-13.88;669.17
341.95;327.15;-14.81;669.10
341.84;327.30;-14.54;669.14
339.49;327.11;-12.38;666.61
342.26;327.44;-14.82;669.70
341.86;328.15;-13.71;670.01
342.26;328.02;-14.24;670.28
341.55;328.14;-13.41;669.68
341.99;328.11;-13.88;670.09
341.61;327.84;-13.77;669.45
341.54;327.52;-14.02;669.06
341.65;327.88;-13.77;669.54
342.13;327.67;-14.46;669.80
341.55;328.42;-13.12;669.97
341.95;328.12;-13.84;670.07
341.69;327.69;-13.99;669.38
341.64;327.69;-13.95;669.33
341.92;326.89;-15.03;668.82
342.01;327.72;-14.28;669.73
341.65;327.13;-14.52;668.78
341.86;326.59;-15.27;668.46
341.82;327.34;-14.48;669.16
341.60;327.53;-14.07;669.13
341.58;327.79;-13.78;669.37
341.24;327.63;-13.61;668.86
341.26;328.65;-12.62;669.91
341.47;327.63;-13.84;669.10
341.52;327.43;-14.09;668.95
341.74;327.34;-14.40;669.08
341.51;327.22;-14.29;668.74
342.12;327.23;-14.89;669.35
341.64;327.71;-13.93;669.34
341.24;328.45;-12.79;669.68
342.61;327.93;-14.68;670.54
341.38;327.59;-13.79;668.98
341.42;327.39;-14.04;668.81
341.28;327.30;-13.98;668.58
342.14;328.28;-13.86;670.42
341.06;328.55;-12.52;669.61
341.64;327.10;-14.54;668.74
340.64;327.04;-13.60;667.67
340.85;327.76;-13.09;668.61
341.76;326.82;-14.95;668.58
341.85;328.44;-13.41;670.28
340.47;328.02;-12.45;668.49
341.60;327.77;-13.83;669.37
341.84;327.66;-14.18;669.51
341.55;327.66;-13.88;669.21
339.86;327.11;-12.76;666.97
342.59;328.34;-14.25;670.94
339.80;327.72;-12.08;667.52
341.65;328.52;-13.13;670.18
342.30;327.77;-14.53;670.07
341.45;327.42;-14.03;668.88
341.69;327.86;-13.82;669.55
342.13;328.08;-14.05;670.21
341.85;329.37;-12.48;671.22
341.75;327.63;-14.12;669.38
341.60;327.91;-13.69;669.51
341.93;327.98;-13.95;669.91
342.11;328.21;-13.89;670.32
341.46;328.00;-13.46;669.46
341.68;328.62;-13.06;670.31
341.88;327.75;-14.13;669.64
341.70;327.89;-13.81;669.59
341.03;327.59;-13.44;668.62
341.91;328.38;-13.52;670.29
341.13;328.71;-12.42;669.84
341.25;327.85;-13.40;669.11
340.65;327.13;-13.52;667.78
341.07;328.10;-12.97;669.17
341.36;328.48;-12.89;669.84
341.04;327.97;-13.06;669.01
341.78;327.97;-13.81;669.75
342.05;327.95;-14.09;670.00
342.08;328.08;-13.99;670.16
341.46;329.02;-12.44;670.48
341.92;327.35;-14.57;669.26
340.14;327.52;-12.61;667.66
340.16;327.75;-12.41;667.91
341.99;327.38;-14.62;669.37
341.95;327.36;-14.59;669.31
341.46;327.86;-13.60;669.32
341.54;327.67;-13.87;669.21
341.91;327.88;-14.04;669.79
341.90;327.61;-14.29;669.51
342.15;327.80;-14.35;669.95
341.77;327.72;-14.05;669.49
341.75;327.83;-13.92;669.58
341.84;327.76;-14.08;669.61
341.89;327.51;-14.38;669.39
341.51;327.78;-13.74;669.29
341.64;327.35;-14.29;668.98
341.51;327.85;-13.66;669.36
341.56;327.66;-13.89;669.22
341.52;327.80;-13.72;669.32
341.37;327.59;-13.78;668.96
341.25;327.34;-13.91;668.59
342.08;327.36;-14.72;669.44
340.94;327.68;-13.26;668.62
341.97;327.89;-14.08;669.86
341.96;327.78;-14.18;669.74
340.53;327.67;-12.86;668.20
340.45;327.87;-12.58;668.32
341.65;327.84;-13.81;669.49
341.86;327.47;-14.39;669.34
340.09;328.22;-11.87;668.32
341.62;327.61;-14.01;669.23
341.61;327.34;-14.28;668.95
342.24;328.01;-14.24;670.25
342.58;327.28;-15.29;669.86
341.66;327.21;-14.45;668.87
341.20;327.74;-13.46;668.94
341.23;328.01;-13.22;669.24
342.32;327.96;-14.35;670.28
341.75;327.80;-13.95;669.55
341.54;327.84;-13.70;669.37
341.55;328.09;-13.46;669.65
341.60;328.75;-12.85;670.35
341.57;327.89;-13.68;669.46
341.74;327.31;-14.44;669.05
341.69;327.59;-14.11;669.28
341.24;327.40;-13.84;668.64
341.25;328.33;-12.92;669.58
341.84;328.05;-13.79;669.88
341.21;328.36;-12.85;669.57
342.39;327.23;-15.16;669.62
341.80;328.04;-13.76;669.84
341.46;327.78;-13.68;669.24
341.82;327.56;-14.26;669.39
341.89;327.56;-14.33;669.46
342.12;327.77;-14.35;669.89
342.19;327.42;-14.78;669.61
341.92;328.14;-13.78;670.05
341.59;326.77;-14.82;668.36
341.96;327.26;-14.71;669.22
341.86;327.49;-14.37;669.35
341.63;327.60;-14.03;669.23
341.96;327.43;-14.53;669.39
342.14;327.24;-14.90;669.37
342.24;327.39;-14.85;669.62
341.95;327.74;-14.22;669.69
342.09;327.23;-14.86;669.32
342.29;327.18;-15.11;669.47
341.23;326.95;-14.28;668.18
341.36;327.84;-13.52;669.19
341.63;328.17;-13.46;669.80
342.08;327.72;-14.36;669.79
341.66;328.18;-13.49;669.84
341.96;327.14;-14.83;669.10
341.81;328.93;-12.88;670.74
341.31;327.21;-14.10;668.52
341.25;327.26;-13.99;668.51
341.77;327.27;-14.50;669.04
341.71;327.32;-14.39;669.03
341.74;327.34;-14.39;669.08
341.68;327.61;-14.07;669.29
341.43;327.13;-14.30;668.56
341.37;328.58;-12.79;669.95
341.50;327.11;-14.39;668.61
341.49;328.04;-13.45;669.54
341.47;327.67;-13.80;669.14
341.46;328.38;-13.08;669.85
341.35;328.32;-13.03;669.66
341.39;325.77;-15.62;667.16
341.41;328.34;-13.07;669.75
341.16;328.31;-12.86;669.47
341.26;328.14;-13.12;669.39
341.18;327.94;-13.24;669.12
341.03;328.17;-12.86;669.20
342.39;328.07;-14.32;670.46
340.89;327.92;-12.97;668.81
340.82;327.71;-13.11;668.53
342.24;327.56;-14.67;669.80
341.61;328.24;-13.38;669.85
341.62;327.39;-14.23;669.01
340.22;327.17;-13.05;667.39
340.09;327.29;-12.81;667.38
340.02;327.33;-12.69;667.35
342.31;328.24;-14.06;670.55
341.50;327.20;-14.30;668.70
341.88;327.46;-14.42;669.34
341.84;328.26;-13.58;670.11
342.02;327.21;-14.81;669.22
340.96;328.06;-12.89;669.02
341.61;327.91;-13.71;669.52
341.86;327.39;-14.47;669.25
341.42;327.62;-13.80;669.05
341.35;327.32;-14.04;668.67
341.51;327.96;-13.55;669.47
342.06;327.40;-14.66;669.46
341.89;326.75;-15.15;668.64
341.72;326.91;-14.81;668.62
341.82;327.44;-14.38;669.26
341.55;326.97;-14.58;668.52
341.62;328.04;-13.58;669.66
342.26;327.37;-14.89;669.64
341.36;326.51;-14.85;667.88
342.55;326.75;-15.79;669.30
341.07;326.52;-14.55;667.59
342.21;326.38;-15.83;668.59
341.61;326.46;-15.14;668.07
341.28;326.84;-14.45;668.12
341.63;327.48;-14.15;669.11
342.23;327.59;-14.64;669.82
342.05;325.89;-16.15;667.94
342.41;327.35;-15.06;669.76
342.06;327.78;-14.28;669.85
341.58;327.54;-14.04;669.11
341.65;327.22;-14.43;668.88
340.81;326.96;-13.85;667.78
342.03;327.42;-14.61;669.45
342.00;326.77;-15.23;668.77
341.95;327.42;-14.53;669.38
341.88;327.83;-14.05;669.71
341.78;327.74;-14.04;669.52
342.58;327.84;-14.74;670.42
341.28;327.05;-14.22;668.33
341.82;327.49;-14.34;669.31
341.56;326.69;-14.87;668.25
341.67;327.14;-14.54;668.81
341.57;328.32;-13.25;669.89
341.43;326.99;-14.44;668.42
341.24;327.27;-13.96;668.51
341.10;326.61;-14.49;667.71
340.97;327.75;-13.22;668.72
342.58;327.81;-14.77;670.38
340.72;328.04;-12.68;668.76
342.42;327.44;-14.98;669.85
342.05;327.94;-14.11;669.99
341.79;327.64;-14.15;669.43
341.49;327.60;-13.89;669.09
342.23;328.08;-14.15;670.31
342.23;327.24;-14.99;669.47
342.69;328.37;-14.32;671.06
342.05;328.45;-13.60;670.51
341.81;327.06;-14.75;668.88
342.03;327.36;-14.67;669.39
339.57;328.26;-11.31;667.83
342.25;327.56;-14.69;669.81
341.82;327.39;-14.43;669.21
341.64;327.35;-14.29;668.99
341.54;328.19;-13.35;669.73
342.01;327.38;-14.62;669.39
342.65;327.54;-15.12;670.19
341.76;327.29;-14.48;669.05
341.64;327.81;-13.82;669.45
341.79;327.66;-14.12;669.45
341.89;327.64;-14.25;669.54
341.60;327.52;-14.08;669.12
341.60;327.18;-14.42;668.78
341.44;328.77;-12.67;670.21
341.41;327.49;-13.91;668.90
342.22;327.32;-14.90;669.54
341.78;327.29;-14.48;669.07
342.49;327.26;-15.23;669.76
342.18;327.63;-14.55;669.81
342.11;327.68;-14.42;669.79
341.76;327.73;-14.03;669.49
341.56;327.31;-14.25;668.87
341.91;327.66;-14.25;669.57
342.24;327.81;-14.43;670.05
341.65;327.98;-13.68;669.63
342.10;327.86;-14.24;669.96
341.94;327.34;-14.59;669.28
341.47;328.02;-13.45;669.49
342.32;327.01;-15.31;669.32
341.56;327.66;-13.91;669.22
341.98;327.29;-14.69;669.28
341.47;328.18;-13.29;669.65
341.92;326.88;-15.04;668.79
341.73;327.42;-14.31;669.15
341.38;326.85;-14.54;668.23
341.35;326.47;-14.88;667.82
341.52;327.46;-14.06;668.98
341.38;327.70;-13.68;669.08
341.22;328.68;-12.55;669.90
341.18;327.52;-13.65;668.70
341.91;327.74;-14.18;669.65
342.39;326.95;-15.44;669.34
340.68;328.32;-12.36;668.99
340.56;327.74;-12.83;668.30
342.04;327.62;-14.42;669.66
342.18;327.95;-14.23;670.12
342.23;326.66;-15.57;668.89
341.69;327.66;-14.04;669.35
342.62;327.88;-14.74;670.50
342.55;327.64;-14.91;670.19
340.01;327.64;-12.36;667.65
342.34;327.44;-14.89;669.78
342.06;327.19;-14.88;669.25
342.16;327.71;-14.45;669.87
342.35;327.51;-14.85;669.86
341.84;326.95;-14.88;668.79
341.39;327.59;-13.80;668.98
342.02;326.98;-15.04;668.99
341.97;327.24;-14.73;669.21
341.80;326.44;-15.36;668.24
341.76;327.44;-14.32;669.21
341.39;327.46;-13.92;668.85
341.60;327.38;-14.22;668.98
341.55;328.18;-13.37;669.72
342.44;326.51;-15.93;668.94
342.43;327.57;-14.86;670.00
341.14;327.34;-13.79;668.48
341.12;326.52;-14.60;667.65
340.91;327.87;-13.04;668.78
342.11;326.35;-15.76;668.46
341.42;327.07;-14.35;668.49
342.10;327.55;-14.55;669.65
341.84;326.89;-14.95;668.73
341.74;327.72;-14.02;669.46
340.62;327.64;-12.98;668.25
341.95;326.57;-15.38;668.52
342.30;327.11;-15.19;669.41
340.19;326.86;-13.33;667.05
342.00;327.33;-14.67;669.33
341.81;327.12;-14.69;668.92
341.96;327.36;-14.61;669.32
341.51;327.69;-13.82;669.21
342.01;327.99;-14.02;670.01
341.85;327.11;-14.74;668.96
342.27;327.95;-14.32;670.22
341.75;327.77;-13.98;669.52
341.94;327.52;-14.41;669.46
341.83;327.57;-14.26;669.40
341.70;327.94;-13.76;669.64
341.42;327.72;-13.69;669.14
341.79;327.92;-13.88;669.71
341.44;326.95;-14.49;668.38
341.89;326.94;-14.96;668.83
341.56;327.18;-14.38;668.74
341.57;327.74;-13.84;669.31
341.41;327.13;-14.28;668.54
341.74;327.82;-13.92;669.56
341.56;327.12;-14.44;668.68
341.40;326.75;-14.65;668.15
341.35;327.46;-13.89;668.81
341.24;328.34;-12.90;669.58
341.21;327.20;-14.01;668.41
341.70;328.05;-13.65;669.75
341.88;328.09;-13.79;669.98
340.93;327.68;-13.25;668.61
342.41;327.65;-14.75;670.06
340.60;327.40;-13.20;668.00
342.71;328.08;-14.62;670.79
340.45;327.22;-13.23;667.66
341.92;328.01;-13.91;669.94
341.75;327.74;-14.01;669.49
341.66;327.04;-14.62;668.71
341.57;327.58;-13.99;669.15
342.78;327.68;-15.10;670.45
342.65;327.75;-14.90;670.39
342.24;327.59;-14.65;669.83
341.75;327.34;-14.42;669.09
341.98;326.81;-15.16;668.79
341.85;327.19;-14.66;669.04
340.73;327.30;-13.43;668.03
341.81;327.07;-14.74;668.88
342.68;327.15;-15.53;669.82
341.58;327.48;-14.10;669.05
342.29;326.72;-15.58;669.01
341.85;327.79;-14.06;669.64
341.84;327.41;-14.43;669.25
342.09;328.07;-14.02;670.16
341.88;327.62;-14.25;669.50
341.63;327.06;-14.56;668.69
342.26;327.62;-14.64;669.88
341.41;327.33;-14.08;668.74
341.34;328.22;-13.12;669.56
341.21;327.34;-13.86;668.55
342.35;327.82;-14.52;670.17
342.92;327.27;-15.65;670.19
341.76;326.57;-15.19;668.34
342.06;327.62;-14.44;669.68
342.28;327.97;-14.31;670.25
342.44;326.14;-16.31;668.58
341.98;327.91;-14.07;669.88
342.14;326.99;-15.15;669.13
342.32;327.74;-14.58;670.06
342.23;326.97;-15.26;669.20
342.19;327.31;-14.88;669.50
341.48;327.13;-14.35;668.61
341.16;327.12;-14.04;668.28
341.25;327.67;-13.58;668.92
341.96;327.81;-14.16;669.77
342.52;326.87;-15.65;669.39
342.02;327.75;-14.26;669.77
342.20;327.75;-14.45;669.95
341.82;328.36;-13.46;670.19
341.95;327.25;-14.70;669.19
341.62;327.53;-14.09;669.15
341.82;326.26;-15.56;668.09
341.79;327.55;-14.24;669.35
341.65;327.35;-14.31;669.00
341.46;328.45;-13.01;669.91
341.34;326.64;-14.71;667.98
341.42;327.72;-13.71;669.14
341.14;328.30;-12.84;669.44
341.19;326.44;-14.75;667.64
341.08;326.92;-14.16;668.00
340.92;328.05;-12.88;668.97
340.90;327.89;-13.01;668.79
340.85;327.74;-13.11;668.59
340.82;328.04;-12.78;668.85
341.26;327.78;-13.48;669.04
340.68;328.33;-12.35;669.01
340.46;327.78;-12.68;668.25
342.25;327.26;-14.98;669.51
340.34;327.62;-12.72;667.96
340.28;327.77;-12.51;668.05
340.19;327.71;-12.49;667.90
340.02;327.52;-12.50;667.54
341.82;328.32;-13.51;670.14
341.32;327.60;-13.72;668.92
341.79;327.86;-13.94;669.65
342.25;328.00;-14.25;670.25
342.15;326.98;-15.16;669.13
341.92;327.74;-14.19;669.66
341.84;327.58;-14.26;669.42
341.74;327.29;-14.45;669.03
341.45;327.82;-13.63;669.26
341.14;327.68;-13.46;668.81
341.71;327.98;-13.73;669.68
341.42;327.32;-14.09;668.74
341.77;328.35;-13.42;670.12
341.28;327.49;-13.79;668.76
341.43;328.01;-13.42;669.44
341.65;327.91;-13.74;669.55
341.21;327.68;-13.53;668.89
341.26;327.56;-13.70;668.82
341.25;327.08;-14.17;668.32
341.31;328.34;-12.96;669.65
341.30;328.75;-12.55;670.05
341.34;328.05;-13.29;669.38
341.22;328.32;-12.91;669.54
342.32;328.65;-13.67;670.98
341.18;327.46;-13.72;668.64
341.13;327.99;-13.14;669.12
341.04;328.02;-13.02;669.06
340.96;327.45;-13.51;668.42
340.84;327.95;-12.89;668.78
341.21;327.71;-13.50;668.92
341.29;327.75;-13.54;669.04
341.02;327.71;-13.31;668.73
341.56;328.98;-12.58;670.55
341.29;327.26;-14.04;668.55
340.31;327.76;-12.55;668.07
341.52;328.98;-12.55;670.50
341.76;328.32;-13.44;670.09
340.99;328.16;-12.83;669.16
341.44;327.28;-14.16;668.72
340.89;327.04;-13.85;667.94
341.50;327.58;-13.92;669.08
342.02;328.41;-13.61;670.43
341.31;328.50;-12.81;669.81
341.35;327.76;-13.59;669.11
341.71;327.91;-13.79;669.62
341.26;328.08;-13.19;669.34
341.76;327.36;-14.41;669.12
341.35;327.33;-14.02;668.68
341.51;327.91;-13.60;669.42
341.68;327.82;-13.86;669.49
341.91;326.73;-15.18;668.64
341.95;328.31;-13.64;670.25
341.91;327.35;-14.55;669.26
341.38;327.48;-13.90;668.85
341.20;327.82;-13.38;669.02
341.51;327.42;-14.09;668.92
341.53;327.24;-14.29;668.76
341.36;328.23;-13.14;669.59
341.28;328.25;-13.02;669.53
341.14;328.01;-13.12;669.15
341.08;327.32;-13.76;668.40
340.84;327.46;-13.38;668.29
340.94;328.48;-12.45;669.42
341.96;327.89;-14.08;669.85
340.96;328.41;-12.55;669.36
341.91;327.82;-14.09;669.72
340.68;328.16;-12.52;668.84
340.49;327.61;-12.88;668.11
340.34;327.67;-12.66;668.01
340.25;327.66;-12.58;667.91
342.45;328.05;-14.40;670.51
340.02;328.05;-11.97;668.08
341.43;328.07;-13.36;669.50
341.43;327.20;-14.23;668.63
341.91;327.98;-13.93;669.88
341.30;327.25;-14.05;668.55
341.02;328.59;-12.44;669.61
341.12;328.46;-12.66;669.58
341.64;327.58;-14.06;669.22
341.06;328.05;-13.01;669.12
341.36;328.05;-13.31;669.41
341.79;328.66;-13.13;670.46
341.39;327.03;-14.36;668.42
341.40;327.66;-13.74;669.06
341.81;327.24;-14.58;669.05
341.15;328.07;-13.08;669.22
341.06;328.07;-12.99;669.14
340.98;327.81;-13.16;668.79
341.86;328.02;-13.84;669.88
341.53;328.16;-13.36;669.69
340.19;327.68;-12.51;667.86
341.69;327.74;-13.96;669.43
342.09;328.38;-13.71;670.46
341.58;327.54;-14.05;669.12
341.46;328.66;-12.80;670.12
340.05;328.01;-12.05;668.06
341.48;327.51;-13.96;668.99
341.54;328.09;-13.45;669.64
341.36;328.08;-13.28;669.45
341.95;327.71;-14.24;669.66
341.80;327.93;-13.87;669.73
341.71;328.29;-13.42;670.00
341.68;327.81;-13.87;669.48
341.88;327.86;-14.02;669.75
341.87;327.35;-14.52;669.22
341.47;326.76;-14.71;668.24
341.51;328.71;-12.80;670.22
341.95;328.04;-13.91;669.99
341.15;327.65;-13.50;668.79
341.17;327.95;-13.22;669.12
341.61;327.79;-13.82;669.39
342.35;327.16;-15.19;669.51
341.73;326.89;-14.84;668.62
342.06;327.28;-14.78;669.34
341.70;327.55;-14.15;669.25
341.68;327.30;-14.38;668.98
341.51;328.26;-13.25;669.76
341.14;327.38;-13.75;668.52
341.76;327.61;-14.15;669.38
341.73;328.25;-13.48;669.98
340.11;327.67;-12.44;667.78
341.30;327.66;-13.64;668.96
341.36;328.11;-13.26;669.47
341.82;327.99;-13.82;669.81
341.86;326.08;-15.78;667.95
341.81;326.77;-15.04;668.58
341.68;327.55;-14.12;669.23
340.54;327.48;-13.05;668.02
342.14;327.89;-14.25;670.03
341.81;327.74;-14.07;669.54
341.76;328.21;-13.55;669.98
340.56;327.81;-12.75;668.36
340.48;327.05;-13.43;667.54
341.54;327.40;-14.14;668.94
341.92;327.85;-14.07;669.78
340.66;326.96;-13.69;667.62
341.77;328.09;-13.68;669.86
340.72;328.41;-12.32;669.13
342.06;328.18;-13.89;670.24
340.75;327.02;-13.73;667.76
341.92;327.95;-13.98;669.87
341.86;327.85;-14.01;669.71
341.94;327.78;-14.16;669.71
340.76;327.78;-12.98;668.54
342.04;327.91;-14.12;669.95
340.94;328.01;-12.93;668.95
340.91;328.08;-12.83;668.98
342.01;328.06;-13.95;670.07
342.11;327.41;-14.70;669.52
340.99;328.08;-12.91;669.06
340.96;327.91;-13.05;668.86
340.98;327.92;-13.06;668.91
341.74;328.61;-13.12;670.35
341.01;327.36;-13.65;668.36
341.21;326.79;-14.41;668.00
341.03;328.24;-12.79;669.27
341.64;327.18;-14.46;668.82
341.09;328.38;-12.72;669.47
341.22;327.56;-13.66;668.79
342.44;327.01;-15.44;669.45
341.42;328.16;-13.25;669.58
341.31;327.64;-13.68;668.95
341.39;327.08;-14.31;668.47
342.12;327.68;-14.45;669.80
342.32;327.81;-14.51;670.13
341.42;328.45;-12.98;669.87
341.40;326.81;-14.59;668.21
341.16;327.15;-14.01;668.31
341.22;327.26;-13.96;668.48
341.36;327.31;-14.05;668.67
341.98;328.05;-13.94;670.03
341.22;327.59;-13.64;668.81
341.25;327.29;-13.96;668.54
341.12;328.72;-12.41;669.84
342.14;328.44;-13.70;670.57
341.38;328.06;-13.31;669.44
341.72;327.56;-14.16;669.29
341.65;327.48;-14.17;669.14
341.79;328.21;-13.58;669.99
341.43;327.49;-13.94;668.92
341.63;327.91;-13.72;669.54
341.79;327.52;-14.27;669.32
341.72;327.38;-14.35;669.10
341.72;327.32;-14.40;669.05
341.64;327.47;-14.17;669.11
341.76;327.48;-14.28;669.25
341.70;327.50;-14.20;669.20
341.85;328.02;-13.83;669.86
341.68;327.09;-14.59;668.76
341.75;327.64;-14.12;669.39
341.46;327.45;-14.01;668.91
341.66;327.80;-13.86;669.46
341.45;328.59;-12.85;670.04
341.32;327.80;-13.52;669.12
341.61;328.55;-13.06;670.16
341.63;328.01;-13.62;669.64
341.31;327.75;-13.56;669.06
341.52;327.36;-14.16;668.88
341.79;326.95;-14.85;668.74
341.38;327.91;-13.47;669.29
341.15;327.61;-13.54;668.76
341.84;327.35;-14.49;669.19
341.51;327.55;-13.96;669.05
342.07;328.12;-13.95;670.19
341.67;326.88;-14.79;668.55
342.13;327.54;-14.59;669.66
341.09;328.60;-12.49;669.69
341.46;327.02;-14.44;668.49
341.72;327.66;-14.06;669.38
341.73;327.98;-13.75;669.71
339.38;328.35;-11.03;667.72
341.74;327.59;-14.14;669.33
341.71;327.08;-14.62;668.79
341.79;327.25;-14.55;669.04
341.33;329.25;-12.08;670.58
341.24;327.59;-13.65;668.83
341.74;327.30;-14.44;669.04
342.12;327.56;-14.55;669.68
341.52;327.68;-13.85;669.20
341.84;328.28;-13.56;670.12
341.26;327.19;-14.06;668.45
341.16;327.70;-13.46;668.86
341.89;328.28;-13.61;670.16
341.51;327.66;-13.85;669.18
342.02;327.52;-14.50;669.54
340.22;327.22;-13.00;667.44
341.76;327.92;-13.84;669.68
342.04;327.68;-14.36;669.71
341.57;327.48;-14.09;669.05
341.85;327.37;-14.48;669.22
340.43;328.05;-12.38;668.48
340.42;327.28;-13.14;667.70
340.55;327.95;-12.59;668.50
341.28;326.82;-14.45;668.10
341.92;328.48;-13.44;670.41
340.78;327.81;-12.96;668.59
341.42;328.00;-13.42;669.42
341.81;328.04;-13.77;669.84
342.42;328.42;-14.01;670.84
341.41;327.95;-13.46;669.36
341.91;327.98;-13.93;669.88
342.49;327.06;-15.44;669.55
340.93;327.13;-13.80;668.06
341.97;327.31;-14.66;669.28
342.15;328.01;-14.14;670.16
341.06;327.44;-13.62;668.50
341.19;327.34;-13.85;668.54
342.19;328.30;-13.89;670.49
341.32;326.86;-14.46;668.19
342.61;327.36;-15.25;669.98
341.32;326.73;-14.59;668.05
341.33;327.64;-13.69;668.97
342.14;326.69;-15.45;668.84
341.42;327.44;-13.98;668.86
341.45;327.41;-14.04;668.85
342.25;327.32;-14.93;669.56
341.52;327.95;-13.57;669.48
341.59;327.68;-13.91;669.26
342.85;326.81;-16.04;669.65
341.72;328.57;-13.15;670.29
341.75;327.45;-14.31;669.20
341.66;326.98;-14.68;668.65
341.84;327.82;-14.02;669.65
341.69;327.69;-14.00;669.38
342.19;327.33;-14.86;669.52
341.88;327.65;-14.23;669.52
341.64;327.81;-13.83;669.44
341.78;328.01;-13.78;669.79
342.16;327.32;-14.84;669.48
340.96;327.07;-13.89;668.03
341.91;327.25;-14.65;669.16
340.85;327.59;-13.26;668.44
341.18;327.76;-13.42;668.95
341.82;327.65;-14.18;669.47
341.98;327.79;-14.19;669.77
341.95;327.65;-14.31;669.60
341.78;327.51;-14.28;669.29
341.98;327.70;-14.28;669.68
341.94;327.46;-14.47;669.40
341.78;327.62;-14.16;669.41
342.14;327.50;-14.64;669.64
342.17;327.21;-14.96;669.38
341.54;327.36;-14.18;668.91
342.54;327.11;-15.43;669.65
342.52;327.55;-14.97;670.08
342.24;327.18;-15.06;669.42
342.15;327.63;-14.52;669.78
341.60;327.67;-13.93;669.27
340.42;327.32;-13.10;667.74
342.36;327.71;-14.65;670.06
342.54;327.48;-15.06;670.02
342.30;327.26;-15.04;669.56
342.09;326.61;-15.49;668.70
341.81;327.47;-14.34;669.28
342.24;327.66;-14.58;669.90
341.92;328.42;-13.50;670.34
341.84;327.42;-14.42;669.26
341.61;327.15;-14.46;668.76
341.37;326.85;-14.52;668.22
341.57;327.61;-13.96;669.18
341.70;326.82;-14.88;668.52
342.28;327.38;-14.91;669.66
342.19;327.34;-14.85;669.54
342.04;327.31;-14.73;669.35
341.55;327.50;-14.05;669.05
342.04;327.48;-14.56;669.52
341.99;327.18;-14.82;669.17
341.83;327.25;-14.58;669.08
341.79;327.11;-14.68;668.89
341.63;326.55;-15.08;668.18
341.38;327.11;-14.26;668.49
341.53;327.35;-14.18;668.88
341.53;326.52;-15.01;668.05
341.39;327.46;-13.93;668.86
341.55;328.93;-12.62;670.48
341.39;327.10;-14.29;668.49
341.10;327.74;-13.36;668.84
341.58;327.21;-14.37;668.78
341.53;326.94;-14.59;668.47
340.80;327.76;-13.04;668.56
341.35;328.14;-13.21;669.48
341.22;327.41;-13.81;668.64
341.06;328.16;-12.91;669.22
341.08;327.25;-13.83;668.32
342.01;328.02;-13.99;670.03
340.89;328.24;-12.66;669.13
342.06;327.54;-14.52;669.59
340.75;326.44;-14.31;667.18
340.74;327.54;-13.20;668.27
340.63;328.14;-12.49;668.76
340.59;326.18;-14.41;666.78
341.80;327.09;-14.71;668.89
340.37;325.80;-14.57;666.17
342.08;328.22;-13.86;670.31
341.91;327.44;-14.47;669.34
341.13;328.28;-12.85;669.41
341.89;327.36;-14.53;669.25
341.92;328.11;-13.82;670.03
342.06;327.36;-14.69;669.42
340.69;327.29;-13.39;667.98
341.92;327.68;-14.24;669.60
341.74;328.45;-13.29;670.19
342.20;327.61;-14.59;669.81
342.11;327.75;-14.35;669.86
341.86;327.45;-14.41;669.31
341.65;327.29;-14.36;668.95
341.31;328.13;-13.18;669.44
341.62;326.69;-14.92;668.31
341.43;327.64;-13.79;669.06
341.77;326.97;-14.80;668.74
341.80;327.49;-14.31;669.29
341.84;327.52;-14.32;669.35
341.88;328.03;-13.85;669.91
341.74;328.73;-13.01;670.47
341.57;327.21;-14.36;668.78
341.60;327.03;-14.57;668.63
341.43;328.42;-13.01;669.85
342.19;327.59;-14.61;669.78
341.52;327.59;-13.93;669.11
341.41;327.39;-14.01;668.80
341.33;326.94;-14.39;668.27
341.34;326.87;-14.46;668.21
341.04;328.12;-12.92;669.15
341.84;327.19;-14.65;669.04
341.93;328.39;-13.54;670.32
341.95;327.05;-14.90;668.99
341.81;328.11;-13.70;669.91
342.15;327.52;-14.63;669.68
342.03;327.56;-14.47;669.59
342.23;327.75;-14.48;669.98
