351.58;336.23;-15.35;687.81
352.48;335.41;-17.06;687.89
354.43;336.84;-17.59;691.27
352.06;333.82;-18.24;685.88
352.00;334.74;-17.26;686.74
351.08;336.20;-14.88;687.28
351.52;335.95;-15.58;687.47
353.79;336.09;-17.70;689.88
351.02;337.28;-13.74;688.30
350.82;337.02;-13.81;687.84
352.78;335.51;-17.27;688.29
350.34;336.56;-13.78;686.89
352.26;336.36;-15.89;688.62
353.24;335.99;-17.25;689.24
354.47;336.64;-17.83;691.11
351.98;336.69;-15.29;688.68
353.73;336.19;-17.54;689.92
354.66;335.92;-18.75;690.58
351.90;335.03;-16.87;686.93
352.53;335.69;-16.84;688.22
351.86;334.81;-17.05;686.67
351.74;335.49;-16.24;687.23
354.14;335.23;-18.91;689.36
351.51;336.16;-15.35;687.67
351.99;336.58;-15.41;688.58
353.08;336.14;-16.95;689.22
351.04;336.06;-14.98;687.09
352.12;333.94;-18.18;686.05
352.11;335.59;-16.52;687.69
353.02;336.64;-16.38;689.65
352.61;335.53;-17.08;688.14
350.58;336.12;-14.46;686.70
352.24;334.79;-17.44;687.03
352.25;335.29;-16.96;687.55
352.38;336.22;-16.16;688.59
353.18;336.03;-17.15;689.21
351.25;335.83;-15.42;687.08
351.48;336.91;-14.57;688.39
352.78;335.74;-17.05;688.52
352.04;336.45;-15.59;688.49
351.73;336.65;-15.08;688.38
351.84;336.37;-15.46;688.21
352.06;336.05;-16.01;688.11
351.64;336.49;-15.15;688.12
351.82;335.75;-16.07;687.58
353.64;336.51;-17.13;690.14
351.51;334.40;-17.11;685.91
351.41;336.85;-14.55;688.26
351.18;336.71;-14.48;687.89
350.96;336.88;-14.08;687.84
352.31;336.86;-15.45;689.17
352.41;336.62;-15.79;689.03
350.34;336.35;-13.98;686.69
351.81;338.55;-13.26;690.35
350.02;336.23;-13.79;686.25
353.05;337.28;-15.77;690.34
351.88;336.52;-15.36;688.39
352.48;335.48;-16.99;687.96
352.34;335.21;-17.14;687.55
352.16;337.09;-15.08;689.25
351.47;337.91;-13.56;689.38
351.66;337.93;-13.73;689.59
351.48;336.89;-14.59;688.36
352.09;336.12;-15.97;688.22
351.04;336.93;-14.11;687.97
352.06;335.91;-16.15;687.98
353.10;336.60;-16.50;689.70
351.95;336.70;-15.25;688.65
350.38;336.41;-13.97;686.79
352.59;336.15;-16.44;688.74
351.69;336.59;-15.11;688.28
350.79;336.48;-14.31;687.26
352.30;336.40;-15.90;688.70
352.29;336.05;-16.24;688.35
351.96;335.96;-16.00;687.93
351.19;335.58;-15.61;686.76
351.50;336.22;-15.28;687.72
351.32;334.27;-17.05;685.59
351.18;335.34;-15.84;686.52
350.91;336.97;-13.94;687.88
352.08;335.74;-16.34;687.82
350.49;335.54;-14.95;686.04
352.44;336.68;-15.76;689.11
351.98;336.15;-15.83;688.12
352.04;337.48;-14.55;689.52
353.17;335.91;-17.26;689.08
352.82;335.76;-17.05;688.58
350.90;335.39;-15.51;686.29
353.02;336.60;-16.42;689.62
351.61;336.02;-15.59;687.62
352.12;334.99;-17.13;687.12
351.89;336.09;-15.80;687.99
352.45;336.42;-16.03;688.86
351.52;336.34;-15.18;687.86
351.43;334.40;-17.03;685.83
352.01;336.15;-15.85;688.16
351.01;337.06;-13.95;688.08
352.87;336.11;-16.76;688.98
353.36;336.29;-17.07;689.65
352.74;336.75;-15.99;689.48
352.46;335.38;-17.08;687.85
351.90;336.28;-15.62;688.18
352.75;336.15;-16.60;688.91
351.92;336.14;-15.78;688.05
352.65;336.78;-15.86;689.43
352.75;337.14;-15.61;689.89
351.80;336.22;-15.58;688.02
352.21;335.28;-16.93;687.49
352.16;335.56;-16.59;687.72
352.40;336.58;-15.82;688.98
351.61;337.71;-13.90;689.31
352.11;336.19;-15.92;688.29
352.97;335.49;-17.48;688.46
352.37;336.06;-16.31;688.43
350.86;336.89;-13.98;687.75
352.86;336.98;-15.88;689.84
353.56;336.55;-17.01;690.12
352.53;335.36;-17.17;687.89
352.76;336.11;-16.66;688.87
352.34;333.07;-19.26;685.41
352.82;335.95;-16.88;688.77
352.14;335.65;-16.48;687.79
351.61;335.64;-15.97;687.25
352.39;336.35;-16.04;688.75
354.23;335.35;-18.88;689.58
351.96;336.02;-15.95;687.98
351.89;334.90;-16.99;686.79
351.79;336.72;-15.06;688.51
351.58;336.10;-15.48;687.68
352.68;336.11;-16.57;688.78
351.24;335.41;-15.83;686.65
353.81;335.85;-17.96;689.66
350.67;336.72;-13.95;687.39
351.46;336.24;-15.23;687.70
350.26;337.04;-13.22;687.31
352.29;335.04;-17.25;687.33
349.88;336.02;-13.86;685.89
351.89;336.51;-15.39;688.40
352.63;336.62;-16.01;689.25
351.85;335.31;-16.54;687.15
354.32;335.06;-19.26;689.39
353.18;335.63;-17.55;688.81
352.50;336.45;-16.05;688.95
351.31;335.87;-15.44;687.18
352.37;336.24;-16.13;688.61
352.36;335.76;-16.59;688.12
350.95;335.91;-15.04;686.86
351.78;335.63;-16.15;687.41
353.58;336.54;-17.04;690.12
350.35;336.39;-13.96;686.75
352.59;336.25;-16.34;688.84
353.32;335.61;-17.72;688.93
349.88;335.95;-13.93;685.82
352.04;336.62;-15.42;688.66
352.52;336.44;-16.08;688.96
352.04;335.62;-16.42;687.65
352.43;335.32;-17.11;687.75
352.29;336.06;-16.24;688.35
351.92;335.81;-16.11;687.72
351.68;336.24;-15.45;687.92
352.35;335.94;-16.41;688.28
353.42;335.71;-17.72;689.13
353.26;336.67;-16.59;689.94
353.43;336.75;-16.68;690.18
352.36;336.89;-15.46;689.25
353.78;336.83;-16.95;690.61
351.73;336.52;-15.21;688.25
352.74;336.29;-16.45;689.03
352.50;336.06;-16.44;688.56
351.81;334.85;-16.96;686.65
353.04;336.73;-16.31;689.77
349.61;334.54;-15.07;684.14
352.52;335.39;-17.13;687.92
351.54;336.13;-15.41;687.67
353.54;335.06;-18.48;688.61
353.94;335.99;-17.94;689.93
353.58;335.58;-17.99;689.16
351.54;337.20;-14.34;688.74
351.57;335.76;-15.81;687.34
352.45;336.31;-16.15;688.76
352.92;335.97;-16.95;688.89
352.45;335.87;-16.58;688.32
350.78;336.57;-14.21;687.35
352.28;335.43;-16.85;687.71
352.78;335.34;-17.44;688.12
353.09;336.26;-16.82;689.35
351.45;336.09;-15.36;687.54
353.19;336.14;-17.05;689.34
353.06;335.95;-17.11;689.02
352.02;335.90;-16.12;687.92
351.79;335.55;-16.24;687.34
352.37;336.18;-16.19;688.55
352.31;336.46;-15.85;688.76
351.66;335.23;-16.43;686.89
352.07;335.03;-17.04;687.10
352.01;334.89;-17.12;686.89
351.83;335.90;-15.93;687.73
351.60;335.90;-15.70;687.50
352.55;334.48;-18.07;687.02
351.25;335.34;-15.92;686.59
353.99;335.28;-18.71;689.28
353.02;336.27;-16.75;689.29
350.58;336.58;-14.01;687.16
352.13;336.39;-15.74;688.52
350.10;335.94;-14.16;686.04
352.24;335.75;-16.49;687.99
351.91;334.52;-17.39;686.43
352.38;334.21;-18.17;686.59
353.49;336.48;-17.01;689.97
351.32;335.85;-15.47;687.18
353.83;336.02;-17.81;689.85
351.61;334.65;-16.96;686.25
353.18;335.69;-17.49;688.87
351.31;335.64;-15.68;686.95
352.16;335.85;-16.31;688.02
351.88;335.71;-16.17;687.59
351.87;335.34;-16.54;687.21
353.49;336.39;-17.10;689.88
352.28;336.12;-16.15;688.40
351.78;335.88;-15.91;687.66
352.34;335.64;-16.69;687.98
354.42;335.61;-18.82;690.03
353.11;335.41;-17.69;688.52
352.18;336.41;-15.78;688.59
351.73;334.92;-16.81;686.65
351.47;336.71;-14.76;688.18
351.52;336.47;-15.05;687.99
351.35;336.11;-15.24;687.45
351.21;336.10;-15.11;687.31
351.10;337.02;-14.08;688.12
350.82;335.64;-15.18;686.46
352.81;336.71;-16.11;689.52
351.98;336.38;-15.60;688.36
352.61;336.19;-16.42;688.81
352.54;336.83;-15.71;689.36
352.89;335.92;-16.96;688.81
354.00;335.66;-18.34;689.66
351.78;337.54;-14.24;689.32
352.12;335.39;-16.73;687.51
351.98;336.18;-15.80;688.16
352.19;336.09;-16.10;688.29
351.91;336.05;-15.86;687.96
351.96;336.16;-15.81;688.12
351.13;335.51;-15.62;686.64
351.33;336.18;-15.15;687.51
353.19;333.23;-19.96;686.42
353.44;335.89;-17.55;689.33
351.20;336.46;-14.74;687.66
352.89;336.43;-16.46;689.32
352.32;335.77;-16.55;688.09
353.64;335.55;-18.09;689.19
352.74;336.56;-16.18;689.30
352.50;336.37;-16.13;688.87
351.72;336.68;-15.05;688.40
354.17;335.66;-18.51;689.84
352.24;336.92;-15.31;689.16
352.93;336.05;-16.88;688.98
352.02;336.40;-15.62;688.42
353.64;336.70;-16.94;690.34
351.68;335.42;-16.25;687.10
351.37;336.30;-15.07;687.67
353.88;336.20;-17.68;690.08
353.38;335.45;-17.92;688.83
352.12;335.55;-16.56;687.67
352.61;335.99;-16.61;688.60
352.61;335.69;-16.92;688.30
353.35;335.97;-17.38;689.32
352.76;336.02;-16.74;688.78
353.03;335.88;-17.15;688.91
351.86;335.76;-16.09;687.62
352.58;335.66;-16.92;688.24
352.18;336.84;-15.35;689.02
352.35;336.16;-16.19;688.51
352.19;336.01;-16.18;688.20
351.99;335.57;-16.42;687.56
353.64;338.90;-14.74;692.54
351.71;334.64;-17.07;686.34
353.13;336.49;-16.64;689.62
352.11;336.22;-15.88;688.33
352.39;336.04;-16.35;688.42
351.02;335.55;-15.47;686.56
352.19;336.74;-15.45;688.92
352.01;334.39;-17.62;686.41
352.49;335.32;-17.17;687.82
353.47;336.36;-17.11;689.84
352.15;336.42;-15.73;688.56
351.88;336.13;-15.75;688.01
352.75;336.11;-16.64;688.85
353.03;335.88;-17.15;688.91
352.65;336.29;-16.36;688.94
352.31;335.39;-16.92;687.70
352.17;336.44;-15.73;688.61
353.86;333.61;-20.25;687.47
351.54;335.52;-16.01;687.06
351.39;335.76;-15.64;687.15
352.06;335.61;-16.45;687.67
351.24;335.70;-15.54;686.94
353.24;336.34;-16.91;689.58
351.94;336.29;-15.65;688.23
350.33;335.88;-14.45;686.21
350.89;336.09;-14.79;686.98
352.79;335.89;-16.89;688.68
352.87;335.96;-16.91;688.84
352.15;336.72;-15.42;688.87
353.56;334.31;-19.26;687.87
353.10;336.39;-16.71;689.49
352.01;338.24;-13.77;690.25
353.87;336.12;-17.75;689.99
352.42;335.73;-16.69;688.15
353.25;336.37;-16.88;689.62
354.25;334.04;-20.21;688.28
352.00;336.02;-15.98;688.02
352.17;336.40;-15.77;688.57
352.26;336.40;-15.86;688.66
352.39;336.29;-16.09;688.68
352.42;336.27;-16.15;688.69
353.19;335.40;-17.79;688.59
351.88;336.44;-15.44;688.31
352.62;335.46;-17.16;688.09
352.31;336.09;-16.22;688.40
352.08;338.05;-14.03;690.14
351.89;334.73;-17.16;686.62
354.25;336.39;-17.86;690.64
352.72;334.35;-18.38;687.07
353.20;336.09;-17.11;689.29
351.01;336.96;-14.05;687.96
350.87;335.81;-15.06;686.68
350.61;336.68;-13.93;687.28
352.61;335.75;-16.86;688.35
352.68;336.31;-16.37;688.98
351.61;336.08;-15.53;687.68
352.38;335.94;-16.44;688.31
352.43;335.68;-16.75;688.11
352.69;336.46;-16.24;689.15
352.48;336.62;-15.85;689.10
352.27;338.17;-14.10;690.44
351.60;335.19;-16.41;686.79
352.25;337.21;-15.05;689.46
352.16;335.82;-16.34;687.99
352.63;334.80;-17.83;687.43
352.45;335.99;-16.46;688.45
351.69;335.87;-15.82;687.56
351.42;335.54;-15.89;686.96
351.06;337.05;-14.01;688.11
350.97;335.97;-15.00;686.94
350.86;335.78;-15.08;686.64
352.94;336.08;-16.86;689.02
351.42;336.69;-14.73;688.12
353.71;336.02;-17.68;689.73
352.58;336.34;-16.24;688.92
353.38;336.21;-17.18;689.59
353.21;337.01;-16.21;690.22
351.44;336.07;-15.37;687.51
352.01;335.74;-16.28;687.75
352.01;335.68;-16.33;687.68
351.85;336.84;-15.01;688.69
351.75;335.34;-16.41;687.09
352.27;336.10;-16.17;688.37
352.04;335.11;-16.94;687.15
351.42;334.33;-17.09;685.75
351.88;335.65;-16.22;687.53
351.64;338.04;-13.59;689.68
351.52;335.66;-15.86;687.19
352.38;336.07;-16.31;688.45
352.79;335.95;-16.84;688.74
353.09;336.64;-16.45;689.73
350.64;335.59;-15.04;686.23
351.79;336.30;-15.49;688.09
353.51;336.38;-17.13;689.88
352.79;335.05;-17.74;687.85
349.97;336.01;-13.96;685.98
352.23;335.84;-16.39;688.07
352.73;335.66;-17.06;688.39
351.83;336.91;-14.92;688.74
351.77;336.17;-15.60;687.94
352.28;336.14;-16.14;688.42
351.20;337.02;-14.18;688.22
352.12;334.95;-17.17;687.08
351.76;334.60;-17.16;686.36
351.41;334.56;-16.84;685.97
351.44;335.88;-15.56;687.32
353.20;336.54;-16.66;689.74
351.45;335.95;-15.49;687.40
352.84;336.10;-16.74;688.94
352.35;336.47;-15.88;688.82
352.86;336.74;-16.12;689.60
353.95;336.68;-17.27;690.62
352.33;336.82;-15.51;689.15
353.59;335.86;-17.73;689.46
352.74;336.37;-16.37;689.11
352.16;336.78;-15.38;688.94
353.03;335.81;-17.22;688.84
352.24;336.48;-15.76;688.72
353.75;336.42;-17.34;690.17
352.51;336.73;-15.78;689.24
352.11;336.00;-16.11;688.11
352.16;335.22;-16.94;687.38
351.72;333.83;-17.89;685.55
351.78;334.98;-16.79;686.76
351.80;334.71;-17.09;686.51
351.56;334.52;-17.04;686.09
351.50;334.47;-17.03;685.97
351.49;337.05;-14.44;688.54
352.29;336.16;-16.13;688.45
353.54;336.07;-17.46;689.61
350.86;335.86;-15.00;686.73
353.75;335.93;-17.82;689.68
350.52;337.38;-13.14;687.90
352.63;336.26;-16.37;688.89
352.05;335.94;-16.12;687.99
351.99;335.18;-16.81;687.18
352.02;338.09;-13.93;690.12
353.70;335.45;-18.25;689.15
352.46;335.36;-17.11;687.82
351.31;336.71;-14.60;688.01
351.78;335.03;-16.75;686.81
351.29;336.07;-15.22;687.36
354.74;335.54;-19.19;690.28
352.36;337.29;-15.07;689.65
352.68;335.71;-16.97;688.39
352.93;335.82;-17.11;688.75
352.33;336.91;-15.42;689.24
353.15;336.12;-17.02;689.27
352.43;336.55;-15.88;688.98
353.91;335.99;-17.92;689.89
352.81;335.65;-17.16;688.46
352.07;335.44;-16.64;687.51
352.09;335.45;-16.65;687.54
352.24;336.39;-15.85;688.62
352.48;336.26;-16.22;688.74
351.76;336.05;-15.71;687.81
352.45;336.45;-16.00;688.91
349.31;336.15;-13.16;685.45
352.30;335.91;-16.39;688.21
352.20;335.15;-17.05;687.35
351.22;336.89;-14.32;688.11
351.76;334.61;-17.15;686.38
351.49;336.36;-15.14;687.85
353.42;336.15;-17.27;689.56
350.96;335.79;-15.16;686.75
353.01;336.87;-16.14;689.88
352.32;335.38;-16.94;687.69
351.40;336.37;-15.03;687.77
354.31;336.12;-18.19;690.42
352.08;335.92;-16.15;688.00
353.42;336.39;-17.03;689.82
351.58;336.28;-15.30;687.85
352.40;336.65;-15.75;689.05
352.11;338.96;-13.14;691.07
354.32;336.89;-17.43;691.22
351.74;337.29;-14.44;689.03
352.44;336.17;-16.27;688.61
351.34;336.18;-15.16;687.52
352.52;336.05;-16.47;688.58
351.08;336.42;-14.66;687.50
350.85;335.86;-14.99;686.71
352.29;336.55;-15.74;688.84
352.80;336.38;-16.42;689.18
352.38;336.49;-15.89;688.88
352.50;335.48;-17.02;687.98
349.81;336.08;-13.74;685.89
351.88;335.83;-16.05;687.71
352.08;337.00;-15.08;689.08
352.36;336.16;-16.20;688.52
353.27;336.34;-16.94;689.61
351.56;336.48;-15.08;688.04
351.69;336.89;-14.80;688.58
351.41;337.75;-13.66;689.15
351.39;336.32;-15.07;687.72
351.09;337.16;-13.93;688.26
351.16;336.09;-15.07;687.26
350.99;336.39;-14.60;687.38
350.88;336.82;-14.05;687.70
352.39;336.64;-15.75;689.04
352.30;335.86;-16.44;688.16
352.53;336.95;-15.58;689.48
351.16;335.81;-15.35;686.97
351.92;336.91;-15.01;688.84
351.78;335.45;-16.33;687.22
352.04;336.06;-15.98;688.11
351.23;336.21;-15.02;687.44
350.98;336.61;-14.37;687.58
353.34;336.40;-16.94;689.74
353.21;336.60;-16.61;689.81
350.85;336.83;-14.02;687.68
352.15;336.58;-15.56;688.73
351.72;335.38;-16.35;687.10
350.15;339.16;-10.99;689.32
353.24;336.08;-17.16;689.32
352.16;335.91;-16.25;688.08
353.92;336.92;-17.01;690.84
351.96;336.05;-15.91;688.02
352.12;335.82;-16.30;687.95
353.39;335.74;-17.65;689.14
352.64;336.38;-16.26;689.02
351.46;334.34;-17.12;685.79
351.20;336.21;-14.99;687.41
354.22;335.36;-18.86;689.58
350.88;335.75;-15.12;686.63
353.18;336.28;-16.91;689.46
352.00;335.45;-16.55;687.45
352.35;335.86;-16.49;688.21
353.53;337.13;-16.40;690.66
352.39;334.96;-17.43;687.36
351.72;335.71;-16.02;687.43
351.71;336.85;-14.86;688.55
352.11;335.89;-16.21;688.00
351.86;336.54;-15.32;688.41
351.32;336.69;-14.63;688.02
352.38;335.25;-17.13;687.62
352.21;335.91;-16.31;688.12
353.25;334.96;-18.29;688.21
351.88;335.71;-16.18;687.59
351.66;336.69;-14.97;688.36
351.77;335.91;-15.86;687.68
352.84;336.25;-16.59;689.08
354.22;336.93;-17.29;691.15
351.09;336.00;-15.09;687.09
350.76;336.24;-14.52;687.01
350.60;336.62;-13.98;687.22
352.12;336.36;-15.76;688.48
353.06;336.09;-16.97;689.15
352.19;335.96;-16.23;688.15
352.12;335.79;-16.33;687.92
352.02;336.39;-15.63;688.41
352.19;335.30;-16.89;687.49
351.91;335.16;-16.75;687.08
353.95;334.95;-19.00;688.89
353.06;336.36;-16.69;689.42
351.31;337.81;-13.51;689.12
352.54;336.96;-15.57;689.50
351.85;336.13;-15.72;687.98
351.16;335.93;-15.23;687.09
353.79;335.68;-18.12;689.47
352.43;335.64;-16.79;688.07
351.67;335.91;-15.76;687.58
351.89;336.38;-15.52;688.27
353.22;336.14;-17.08;689.36
353.38;336.09;-17.29;689.47
352.05;335.85;-16.21;687.90
352.62;336.52;-16.11;689.14
352.50;335.45;-17.05;687.95
352.56;336.29;-16.27;688.85
352.38;336.55;-15.83;688.92
352.05;335.82;-16.22;687.87
353.66;336.76;-16.90;690.42
351.56;336.32;-15.25;687.88
351.33;336.16;-15.16;687.49
354.29;335.89;-18.41;690.18
351.76;336.77;-14.99;688.53
352.02;335.36;-16.66;687.38
352.29;336.34;-15.95;688.63
352.42;336.05;-16.37;688.48
352.89;336.70;-16.19;689.59
352.15;335.96;-16.19;688.12
352.66;336.62;-16.04;689.29
351.72;335.74;-15.98;687.45
352.31;336.99;-15.32;689.31
352.44;335.26;-17.17;687.70
354.55;335.09;-19.46;689.65
351.97;336.06;-15.91;688.04
351.68;335.84;-15.84;687.52
352.68;336.15;-16.54;688.83
353.17;335.99;-17.18;689.16
354.17;335.91;-18.26;690.08
352.97;335.78;-17.19;688.75
353.19;337.43;-15.76;690.62
351.60;336.46;-15.14;688.06
351.91;335.10;-16.81;687.01
353.01;334.95;-18.06;687.96
352.35;335.78;-16.57;688.14
352.63;335.72;-16.91;688.35
352.13;336.63;-15.50;688.76
351.85;336.58;-15.28;688.43
352.04;337.04;-15.00;689.07
351.73;336.08;-15.65;687.81
353.54;336.42;-17.12;689.95
352.82;335.82;-17.01;688.64
352.18;335.98;-16.20;688.15
351.76;335.89;-15.86;687.65
353.24;336.69;-16.55;689.93
352.79;336.35;-16.44;689.14
352.72;335.15;-17.57;687.88
352.37;335.98;-16.39;688.35
352.65;335.48;-17.18;688.13
352.12;335.54;-16.58;687.66
352.02;335.20;-16.82;687.22
351.89;336.73;-15.16;688.62
353.14;335.60;-17.54;688.74
353.35;337.72;-15.63;691.08
352.42;336.31;-16.12;688.73
351.25;334.09;-17.16;685.34
353.99;333.99;-20.01;687.98
353.14;336.21;-16.92;689.35
350.73;336.16;-14.56;686.89
351.72;336.42;-15.30;688.14
352.32;336.04;-16.29;688.36
352.50;336.15;-16.35;688.65
352.96;336.65;-16.31;689.61
352.15;336.55;-15.60;688.69
351.69;335.41;-16.28;687.10
351.49;336.51;-14.98;687.99
351.68;335.82;-15.86;687.51
351.07;336.15;-14.92;687.22
352.25;336.05;-16.20;688.29
351.47;337.21;-14.26;688.68
351.26;336.04;-15.22;687.31
352.85;337.10;-15.75;689.95
353.86;336.72;-17.15;690.58
352.34;336.54;-15.80;688.87
352.14;336.24;-15.90;688.37
351.74;336.94;-14.80;688.67
352.46;335.93;-16.53;688.39
351.92;335.78;-16.14;687.69
349.37;338.45;-10.92;687.82
352.38;335.27;-17.11;687.65
351.58;337.01;-14.57;688.58
351.92;335.99;-15.93;687.92
351.55;335.38;-16.17;686.94
351.36;336.91;-14.46;688.27
351.12;335.95;-15.18;687.07
350.96;336.40;-14.56;687.36
352.01;335.67;-16.34;687.68
350.60;336.52;-14.08;687.12
350.44;336.08;-14.36;686.51
353.42;337.18;-16.24;690.60
353.40;336.05;-17.35;689.45
352.12;336.62;-15.49;688.74
352.81;336.54;-16.27;689.35
352.17;335.55;-16.62;687.72
351.86;335.29;-16.58;687.15
352.07;334.98;-17.09;687.05
351.92;336.71;-15.21;688.63
351.69;334.61;-17.08;686.31
353.46;336.36;-17.10;689.82
351.92;335.55;-16.37;687.48
351.90;335.89;-16.01;687.79
352.68;336.25;-16.42;688.93
350.56;336.56;-13.99;687.12
352.00;335.24;-16.76;687.24
352.45;335.77;-16.68;688.22
352.43;336.01;-16.42;688.44
354.09;336.04;-18.05;690.14
354.94;335.45;-19.49;690.39
352.50;334.37;-18.13;686.87
352.10;336.06;-16.04;688.16
351.91;336.31;-15.60;688.22
351.92;336.22;-15.69;688.14
351.74;336.65;-15.09;688.39
351.46;336.91;-14.55;688.36
351.31;336.08;-15.22;687.39
353.44;336.75;-16.69;690.18
350.78;335.52;-15.26;686.31
351.86;335.42;-16.44;687.28
353.34;336.15;-17.19;689.48
352.54;336.31;-16.23;688.85
351.90;334.96;-16.94;686.86
352.45;335.77;-16.68;688.22
351.89;335.62;-16.26;687.51
352.35;335.39;-16.95;687.74
352.32;335.22;-17.10;687.54
352.15;336.48;-15.68;688.63
353.81;336.86;-16.95;690.67
351.71;336.88;-14.83;688.58
351.70;336.89;-14.81;688.59
351.14;335.81;-15.33;686.94
352.52;336.29;-16.23;688.82
352.78;336.02;-16.76;688.80
352.19;335.81;-16.38;688.01
350.72;337.06;-13.65;687.78
352.73;336.25;-16.48;688.98
353.36;335.54;-17.82;688.91
352.26;336.54;-15.72;688.81
353.04;335.11;-17.92;688.15
353.11;336.09;-17.02;689.19
352.10;335.82;-16.28;687.92
352.66;335.89;-16.78;688.55
352.24;335.72;-16.52;687.96
351.83;338.64;-13.19;690.46
353.94;335.45;-18.49;689.39
351.62;336.12;-15.51;687.74
352.21;335.97;-16.24;688.18
351.90;334.95;-16.95;686.85
351.94;334.94;-17.00;686.88
351.74;334.72;-17.02;686.46
353.37;336.18;-17.19;689.55
351.32;335.95;-15.37;687.28
351.18;335.55;-15.63;686.74
350.98;335.79;-15.19;686.78
350.82;335.98;-14.85;686.80
350.56;335.39;-15.18;685.95
352.96;336.49;-16.48;689.45
350.07;338.16;-11.91;688.23
352.37;336.65;-15.72;689.02
351.76;335.86;-15.90;687.62
351.58;335.61;-15.97;687.18
352.49;336.27;-16.22;688.76
352.43;335.29;-17.14;687.72
351.97;336.48;-15.49;688.45
351.95;334.80;-17.15;686.75
351.74;336.69;-15.05;688.44
351.68;336.42;-15.26;688.11
351.29;335.76;-15.54;687.05
354.18;334.07;-20.11;688.25
351.00;335.89;-15.11;686.89
351.29;336.74;-14.56;688.03
351.94;336.62;-15.32;688.55
350.51;337.34;-13.17;687.85
352.59;335.30;-17.29;687.89
354.45;336.35;-18.11;690.80
352.14;336.05;-16.09;688.19
352.68;335.86;-16.82;688.54
352.48;336.59;-15.89;689.08
350.94;336.57;-14.36;687.51
352.42;336.10;-16.32;688.52
352.19;335.24;-16.95;687.42
351.84;335.11;-16.73;686.95
351.74;334.99;-16.74;686.73
352.00;336.19;-15.81;688.19
351.37;336.24;-15.13;687.61
351.72;334.71;-17.01;686.42
351.74;336.51;-15.24;688.25
351.36;337.55;-13.81;688.92
351.55;336.35;-15.19;687.90
351.02;336.13;-14.89;687.15
351.09;334.88;-16.21;685.98
353.41;336.63;-16.78;690.04
350.89;336.69;-14.19;687.58
351.99;336.57;-15.42;688.56
350.48;336.60;-13.88;687.08
351.58;335.16;-16.42;686.75
352.51;336.90;-15.61;689.41
352.31;335.89;-16.42;688.20
351.56;337.06;-14.50;688.63
352.24;336.51;-15.74;688.75
352.55;336.09;-16.45;688.64
352.18;336.59;-15.59;688.77
351.96;336.24;-15.73;688.20
351.90;335.51;-16.39;687.41
351.53;334.56;-16.96;686.09
351.34;336.18;-15.15;687.52
351.16;336.12;-15.04;687.28
350.91;335.89;-15.02;686.81
353.25;336.48;-16.77;689.74
352.21;336.36;-15.84;688.57
351.57;337.01;-14.56;688.58
352.01;336.27;-15.74;688.28
353.10;336.15;-16.95;689.25
352.71;335.74;-16.96;688.45
352.68;336.44;-16.24;689.12
352.18;336.25;-15.94;688.43
352.15;335.20;-16.95;687.35
352.01;336.52;-15.48;688.53
352.01;336.97;-15.04;688.98
351.80;337.98;-13.82;689.78
351.63;336.46;-15.17;688.09
351.41;336.80;-14.61;688.21
351.25;336.18;-15.08;687.43
352.12;335.99;-16.13;688.12
353.07;335.78;-17.29;688.85
352.04;336.26;-15.78;688.30
352.06;336.73;-15.33;688.79
353.41;335.50;-17.91;688.91
352.19;336.26;-15.93;688.45
352.25;335.95;-16.31;688.20
352.25;334.81;-17.45;687.06
351.72;335.85;-15.87;687.56
352.11;335.69;-16.42;687.81
352.32;336.35;-15.96;688.67
351.66;337.29;-14.38;688.95
351.50;337.66;-13.84;689.16
352.20;335.91;-16.29;688.11
351.94;336.04;-15.89;687.98
351.62;336.21;-15.41;687.82
351.62;335.79;-15.84;687.41
351.49;336.29;-15.21;687.78
353.98;336.21;-17.77;690.18
353.30;336.24;-17.06;689.54
350.77;336.22;-14.55;686.99
353.75;336.44;-17.32;690.19
352.95;336.44;-16.51;689.38
352.43;335.14;-17.29;687.56
351.81;336.11;-15.70;687.92
352.24;337.68;-14.56;689.92
351.69;335.83;-15.86;687.52
352.55;334.44;-18.12;686.99
352.43;334.19;-18.24;686.62
352.18;335.09;-17.09;687.27
351.99;336.71;-15.28;688.71
351.70;336.05;-15.65;687.75
351.34;336.21;-15.12;687.55
353.49;336.16;-17.33;689.66
351.01;333.98;-17.03;684.98
351.96;336.38;-15.58;688.35
351.69;336.59;-15.09;688.28
352.97;336.34;-16.63;689.31
349.93;334.88;-15.05;684.81
352.97;335.81;-17.16;688.78
352.62;335.24;-17.39;687.86
352.25;336.04;-16.21;688.28
351.96;335.73;-16.24;687.69
351.85;334.81;-17.05;686.66
351.59;336.17;-15.42;687.76
351.37;336.98;-14.39;688.35
353.71;336.31;-17.40;690.01
350.98;335.69;-15.29;686.67
352.01;335.76;-16.24;687.77
352.35;336.15;-16.20;688.49
352.83;336.22;-16.61;689.05
352.96;336.06;-16.91;689.02
352.36;335.84;-16.52;688.20
352.38;336.52;-15.85;688.90
352.31;336.18;-16.14;688.49
352.27;335.35;-16.92;687.62
351.23;335.01;-16.22;686.24
351.87;337.25;-14.62;689.12
351.53;337.41;-14.12;688.94
351.29;336.28;-15.01;687.58
352.26;336.05;-16.21;688.31
350.91;334.72;-16.18;685.63
352.62;336.36;-16.26;688.98
351.35;335.49;-15.86;686.84
351.37;337.82;-13.55;689.19
352.45;336.15;-16.31;688.60
349.84;335.98;-13.85;685.82
351.75;335.74;-16.01;687.48
352.54;335.45;-17.09;687.99
351.91;335.23;-16.68;687.14
350.95;335.04;-15.91;685.99
351.83;336.11;-15.72;687.94
351.52;336.43;-15.09;687.95
352.30;336.82;-15.48;689.12
352.22;334.03;-18.19;686.25
350.95;336.24;-14.71;687.18
350.82;335.79;-15.04;686.61
350.71;336.77;-13.94;687.48
352.28;336.62;-15.66;688.89
350.33;337.88;-12.45;688.21
352.45;336.28;-16.17;688.74
352.98;336.02;-16.96;688.99
352.35;336.00;-16.35;688.35
354.02;337.09;-16.94;691.11
351.73;334.27;-17.46;686.00
352.43;334.16;-18.27;686.59
352.14;335.12;-17.02;687.25
352.01;337.01;-15.00;689.02
351.94;334.68;-17.25;686.62
351.65;337.80;-13.85;689.45
351.43;336.29;-15.14;687.72
351.20;334.96;-16.24;686.16
353.69;333.95;-19.74;687.65
350.85;336.40;-14.45;687.25
352.29;335.56;-16.72;687.85
350.56;335.62;-14.94;686.19
351.82;336.31;-15.51;688.14
352.85;336.22;-16.63;689.08
353.31;337.13;-16.18;690.44
351.66;335.86;-15.80;687.53
352.76;334.66;-18.09;687.42
352.68;335.55;-17.13;688.22
353.91;335.53;-18.38;689.44
352.17;336.08;-16.09;688.25
352.23;335.24;-16.99;687.46
351.06;336.39;-14.68;687.45
353.92;336.16;-17.76;690.09
351.80;336.29;-15.51;688.09
352.49;336.59;-15.89;689.08
352.46;337.11;-15.35;689.57
352.52;337.31;-15.22;689.83
351.66;336.09;-15.57;687.75
352.99;335.82;-17.16;688.81
352.25;336.73;-15.52;688.98
350.35;337.32;-13.03;687.66
352.37;336.94;-15.43;689.31
351.58;338.16;-13.42;689.75
351.41;335.88;-15.53;687.28
351.84;335.57;-16.27;687.41
352.24;336.28;-15.95;688.52
352.28;335.14;-17.15;687.42
352.09;336.29;-15.80;688.39
353.51;337.36;-16.14;690.87
353.60;337.46;-16.14;691.06
351.43;336.59;-14.84;688.02
351.31;338.47;-12.84;689.78
351.21;336.00;-15.21;687.21
353.62;336.85;-16.77;690.46
350.99;335.95;-15.04;686.94
353.15;338.46;-14.69;691.61
352.12;336.69;-15.43;688.81
351.91;335.56;-16.35;687.47
350.58;336.54;-14.05;687.12
351.29;336.64;-14.65;687.92
350.29;336.39;-13.90;686.68
350.18;337.61;-12.57;687.78
350.04;338.05;-11.99;688.09
350.61;337.92;-12.69;688.52
349.69;334.65;-15.04;684.34
351.58;335.71;-15.87;687.28
351.75;337.55;-14.19;689.30
352.25;336.69;-15.56;688.94
353.37;336.56;-16.81;689.94
351.62;336.69;-14.92;688.31
351.52;336.54;-14.99;688.06
351.58;337.02;-14.56;688.61
351.24;334.38;-16.85;685.62
351.26;336.21;-15.05;687.47
350.78;336.82;-13.95;687.60
350.79;335.79;-14.99;686.58
353.32;336.75;-16.57;690.06
352.40;336.59;-15.81;688.99
351.36;337.28;-14.08;688.64
352.39;337.52;-14.87;689.92
351.59;336.58;-15.01;688.17
351.45;335.66;-15.78;687.11
352.48;336.18;-16.30;688.66
352.12;335.08;-17.04;687.21
351.58;336.87;-14.71;688.45
352.26;336.19;-16.08;688.45
352.78;336.16;-16.62;688.94
351.26;337.31;-13.95;688.57
351.12;336.09;-15.03;687.21
350.85;337.11;-13.74;687.96
352.02;336.25;-15.77;688.28
352.78;338.11;-14.67;690.89
351.79;337.14;-14.65;688.93
350.10;336.24;-13.86;686.34
349.95;336.92;-13.04;686.87
351.85;337.09;-14.76;688.95
351.02;338.95;-12.08;689.97
352.56;336.36;-16.19;688.92
351.99;337.68;-14.32;689.67
351.71;336.42;-15.29;688.14
351.74;335.59;-16.15;687.34
352.15;336.36;-15.79;688.51
351.32;336.12;-15.20;687.45
351.05;336.58;-14.48;687.63
352.04;336.95;-15.08;688.99
353.66;336.45;-17.21;690.11
352.63;336.42;-16.21;689.05
350.08;336.10;-13.98;686.18
349.91;334.86;-15.05;684.77
352.28;335.59;-16.69;687.86
352.61;337.65;-14.95;690.26
353.20;336.62;-16.58;689.82
352.21;336.60;-15.61;688.81
351.91;336.86;-15.05;688.77
351.76;334.81;-16.96;686.57
351.68;336.97;-14.71;688.65
351.41;336.90;-14.51;688.31
351.25;337.31;-13.94;688.56
353.08;336.04;-17.04;689.11
353.81;337.01;-16.81;690.82
353.58;333.49;-20.09;687.07
352.49;336.46;-16.03;688.95
352.65;336.22;-16.42;688.87
351.87;336.61;-15.26;688.48
352.92;338.29;-14.63;691.22
352.17;334.33;-17.84;686.50
352.46;335.34;-17.12;687.81
351.34;335.22;-16.12;686.55
351.94;336.41;-15.52;688.35
351.60;334.82;-16.78;686.42
351.67;336.61;-15.06;688.28
351.51;336.28;-15.22;687.79
351.10;336.09;-15.01;687.19
351.05;337.24;-13.81;688.28
350.91;337.06;-13.85;687.96
351.25;335.76;-15.48;687.01
352.35;336.88;-15.46;689.23
352.62;336.66;-15.96;689.28
350.19;335.24;-14.95;685.44
353.25;336.14;-17.12;689.39
352.49;335.89;-16.59;688.38
352.31;337.08;-15.23;689.38
352.61;335.49;-17.12;688.09
351.65;336.24;-15.41;687.89
354.22;336.43;-17.79;690.65
351.19;335.79;-15.41;686.98
352.63;336.76;-15.86;689.39
351.58;335.42;-16.16;687.00
352.56;335.72;-16.84;688.28
353.86;336.56;-17.31;690.42
351.20;335.84;-15.36;687.04
351.00;335.94;-15.06;686.94
350.76;335.79;-14.98;686.55
350.65;335.76;-14.89;686.41
351.85;336.51;-15.34;688.35
350.43;336.01;-14.42;686.44
352.75;338.49;-14.26;691.24
351.96;338.30;-13.66;690.26
352.26;336.23;-16.04;688.49
353.10;335.95;-17.15;689.05
351.95;336.48;-15.48;688.43
351.19;335.53;-15.66;686.72
352.38;335.39;-16.99;687.78
351.62;336.16;-15.46;687.78
351.55;335.72;-15.83;687.26
351.27;335.74;-15.54;687.01
351.39;334.39;-17.00;685.79
351.22;336.05;-15.17;687.26
352.95;336.31;-16.64;689.26
352.45;335.99;-16.46;688.44
352.22;335.84;-16.38;688.06
353.21;334.98;-18.22;688.19
352.81;336.01;-16.80;688.81
352.08;336.69;-15.39;688.77
352.12;335.66;-16.46;687.79
352.42;335.42;-17.01;687.84
353.70;336.21;-17.49;689.91
351.56;336.43;-15.14;687.99
352.89;336.12;-16.76;689.01
351.56;336.60;-14.96;688.16
351.70;336.84;-14.86;688.54
351.49;336.46;-15.04;687.95
351.21;336.15;-15.06;687.36
351.09;336.80;-14.29;687.89
352.04;335.86;-16.17;687.90
350.68;336.69;-13.98;687.37
350.51;336.01;-14.50;686.52
353.53;337.05;-16.48;690.58
353.21;336.71;-16.50;689.92
352.24;335.78;-16.45;688.02
351.85;334.45;-17.40;686.31
352.26;335.42;-16.84;687.68
350.39;335.94;-14.45;686.34
352.01;333.81;-18.20;685.82
351.89;334.84;-17.06;686.73
351.69;336.60;-15.09;688.29
351.58;334.50;-17.08;686.08
351.41;336.28;-15.12;687.69
351.15;335.53;-15.62;686.68
350.98;335.95;-15.02;686.93
350.75;335.99;-14.76;686.74
353.78;336.53;-17.25;690.31
350.32;335.25;-15.07;685.56
352.03;335.99;-16.04;688.02
352.22;336.89;-15.33;689.12
352.48;336.70;-15.78;689.18
352.75;335.52;-17.22;688.27
352.07;336.78;-15.29;688.85
351.29;336.52;-14.77;687.81
351.96;336.68;-15.28;688.65
351.59;334.58;-17.01;686.17
351.30;336.31;-14.99;687.61
351.04;336.35;-14.69;687.39
353.64;336.23;-17.41;689.87
351.66;336.76;-14.91;688.42
353.36;336.38;-16.98;689.75
352.39;336.15;-16.24;688.54
352.05;335.88;-16.17;687.92
351.74;336.89;-14.85;688.62
351.51;336.11;-15.40;687.61
351.14;336.69;-14.44;687.83
351.24;336.46;-14.78;687.71
351.85;335.94;-15.92;687.79
351.66;335.95;-15.71;687.62
353.81;336.48;-17.34;690.29
351.36;336.19;-15.17;687.56
351.02;336.74;-14.28;687.76
352.67;335.92;-16.75;688.59
353.01;335.74;-17.26;688.75
351.91;336.43;-15.48;688.34
353.08;336.57;-16.51;689.65
351.70;335.21;-16.49;686.91
352.52;336.95;-15.57;689.46
352.05;335.78;-16.26;687.83
352.42;336.39;-16.02;688.81
351.55;336.21;-15.35;687.76
352.15;335.14;-17.01;687.29
351.97;336.64;-15.33;688.61
351.78;336.98;-14.80;688.76
353.01;335.93;-17.08;688.94
351.38;336.25;-15.14;687.63
351.05;337.31;-13.75;688.36
350.90;336.24;-14.66;687.14
352.91;336.45;-16.46;689.35
352.39;336.41;-15.98;688.80
353.41;336.22;-17.19;689.62
353.01;335.85;-17.15;688.86
351.52;336.41;-15.11;687.94
351.61;335.65;-15.96;687.26
352.44;336.17;-16.27;688.61
351.96;336.02;-15.94;687.99
351.68;335.76;-15.91;687.44
351.45;336.56;-14.88;688.01
351.55;336.40;-15.15;687.95
351.38;336.36;-15.02;687.74
351.11;336.29;-14.82;687.39
351.04;336.71;-14.32;687.75
350.74;336.61;-14.13;687.35
352.56;336.07;-16.49;688.64
353.23;335.31;-17.92;688.54
353.19;336.04;-17.16;689.23
352.62;336.55;-16.07;689.16
352.73;335.74;-16.99;688.47
352.28;336.77;-15.51;689.05
352.38;338.15;-14.23;690.52
352.08;337.40;-14.68;689.48
352.96;336.65;-16.31;689.61
352.77;336.34;-16.44;689.11
353.12;336.18;-16.95;689.30
351.02;336.94;-14.08;687.96
350.77;336.94;-13.83;687.71
353.46;336.81;-16.65;690.27
350.25;336.55;-13.71;686.80
352.51;336.11;-16.39;688.62
349.71;336.66;-13.05;686.37
351.28;337.08;-14.20;688.35
352.25;335.48;-16.76;687.73
352.26;335.20;-17.06;687.46
352.86;335.09;-17.76;687.95
351.84;336.57;-15.26;688.41
350.99;334.66;-16.34;685.65
353.04;336.44;-16.59;689.48
351.46;335.96;-15.49;687.42
351.29;336.25;-15.05;687.54
352.94;334.05;-18.88;686.99
352.14;336.96;-15.18;689.09
352.86;336.68;-16.18;689.54
351.62;336.35;-15.28;687.97
352.88;335.82;-17.06;688.70
349.84;335.91;-13.94;685.75
352.94;335.69;-17.25;688.62
352.38;335.51;-16.88;687.89
352.25;336.10;-16.15;688.35
352.18;335.02;-17.15;687.20
351.90;336.31;-15.59;688.21
351.71;336.45;-15.26;688.16
351.42;336.15;-15.28;687.57
351.18;335.97;-15.21;687.15
350.88;335.69;-15.19;686.56
353.23;336.30;-16.93;689.53
353.29;336.28;-17.01;689.57
351.96;336.32;-15.64;688.29
352.75;336.54;-16.21;689.29
352.76;335.64;-17.13;688.40
351.93;335.42;-16.51;687.35
351.41;337.01;-14.39;688.42
351.87;338.01;-13.86;689.88
352.48;336.56;-15.91;689.04
353.74;335.79;-17.95;689.53
353.34;335.89;-17.44;689.23
351.01;338.43;-12.58;689.44
352.62;335.88;-16.74;688.49
350.52;336.22;-14.31;686.74
350.40;336.57;-13.83;686.97
353.15;335.04;-18.11;688.19
352.15;335.74;-16.41;687.89
352.09;335.65;-16.44;687.74
352.39;336.29;-16.10;688.69
351.68;336.09;-15.59;687.78
350.69;336.45;-14.25;687.14
353.80;336.87;-16.93;690.67
351.75;336.32;-15.42;688.07
351.49;334.49;-17.00;685.99
351.24;336.07;-15.17;687.31
351.09;336.48;-14.61;687.56
350.82;336.91;-13.91;687.73
351.96;336.40;-15.56;688.36
352.81;337.41;-15.40;690.22
352.00;336.11;-15.89;688.11
349.84;336.06;-13.78;685.89
352.23;336.44;-15.79;688.67
351.95;336.51;-15.45;688.46
352.56;337.42;-15.14;689.99
351.57;335.19;-16.38;686.76
351.49;334.96;-16.54;686.45
350.92;337.67;-13.25;688.59
351.49;337.12;-14.37;688.62
351.11;336.06;-15.05;687.16
353.50;336.89;-16.61;690.39
350.59;336.83;-13.76;687.42
350.41;336.57;-13.84;686.98
350.26;336.28;-13.99;686.54
349.94;336.89;-13.05;686.84
351.69;337.05;-14.64;688.74
352.72;336.83;-15.89;689.55
352.30;335.18;-17.12;687.48
352.16;337.04;-15.12;689.19
351.81;336.76;-15.04;688.57
352.10;336.52;-15.58;688.62
351.34;339.35;-11.99;690.69
353.10;336.98;-16.12;690.08
350.86;335.88;-14.98;686.74
350.77;336.97;-13.80;687.74
350.55;336.56;-13.98;687.11
350.28;337.20;-13.08;687.48
352.02;336.23;-15.79;688.25
352.36;336.65;-15.71;689.02
351.69;336.91;-14.78;688.61
352.54;336.85;-15.69;689.39
351.60;336.84;-14.76;688.44
351.19;336.38;-14.82;687.57
350.96;339.11;-11.85;690.07
350.95;338.96;-11.99;689.92
351.04;336.26;-14.78;687.31
350.98;336.59;-14.39;687.57
350.87;335.97;-14.90;686.84
350.71;338.72;-11.99;689.43
350.55;336.59;-13.95;687.14
350.20;337.18;-13.02;687.38
353.34;337.08;-16.25;690.42
351.54;336.09;-15.44;687.63
349.65;336.74;-12.91;686.39
351.46;335.61;-15.85;687.08
351.97;336.63;-15.34;688.60
351.87;337.09;-14.78;688.96
351.04;335.00;-16.04;686.04
351.68;336.85;-14.83;688.54
351.57;336.04;-15.53;687.61
351.49;336.38;-15.12;687.87
351.22;337.14;-14.08;688.36
351.09;337.04;-14.05;688.12
350.72;336.75;-13.98;687.47
350.49;336.12;-14.37;686.62
352.22;335.22;-16.99;687.44
351.75;336.27;-15.48;688.02
351.98;335.94;-16.04;687.92
352.01;335.88;-16.13;687.88
352.76;336.32;-16.44;689.09
352.42;335.50;-16.92;687.92
351.52;333.95;-17.58;685.47
351.86;335.69;-16.18;687.55
351.21;336.65;-14.55;687.86
350.77;336.26;-14.51;687.03
350.98;336.61;-14.37;687.59
351.00;335.94;-15.06;686.94
351.39;335.76;-15.64;687.15
351.54;336.74;-14.81;688.28
352.22;336.55;-15.68;688.77
352.22;337.08;-15.14;689.29
351.60;336.69;-14.91;688.29
353.23;336.57;-16.66;689.80
352.52;335.58;-16.94;688.11
351.00;335.41;-15.59;686.41
352.31;336.05;-16.26;688.36
351.96;336.34;-15.62;688.31
351.85;336.79;-15.06;688.64
353.61;336.58;-17.04;690.19
351.49;336.49;-15.01;687.98
352.51;336.46;-16.05;688.97
353.14;336.18;-16.96;689.32
351.86;336.71;-15.15;688.56
350.69;336.61;-14.08;687.31
351.95;336.55;-15.39;688.50
350.24;336.95;-13.28;687.19
352.40;336.69;-15.71;689.09
349.62;337.05;-12.58;686.67
349.35;336.42;-12.94;685.77
351.25;335.31;-15.94;686.56
351.29;333.67;-17.62;684.96
353.74;334.82;-18.92;688.55
351.56;336.43;-15.14;687.99
351.37;336.18;-15.19;687.55
351.02;337.29;-13.73;688.31
350.85;335.94;-14.91;686.78
350.59;336.68;-13.92;687.27
352.12;336.53;-15.59;688.65
353.31;336.19;-17.11;689.50
352.02;337.62;-14.41;689.64
353.39;335.77;-17.62;689.16
349.36;336.71;-12.65;686.08
350.68;336.22;-14.46;686.90
352.04;337.03;-15.01;689.07
351.62;336.10;-15.52;687.72
351.55;335.89;-15.65;687.44
351.15;336.39;-14.76;687.54
352.38;336.56;-15.82;688.95
350.88;337.12;-13.76;688.00
352.43;335.70;-16.73;688.13
350.42;337.42;-12.99;687.84
352.51;336.50;-16.01;689.01
351.34;337.62;-13.71;688.96
351.68;336.09;-15.59;687.77
351.21;335.88;-15.34;687.09
349.50;337.76;-11.74;687.26
352.27;337.01;-15.26;689.28
351.33;335.97;-15.36;687.30
352.15;335.10;-17.05;687.25
351.73;335.57;-16.16;687.30
351.73;336.52;-15.21;688.25
351.50;336.50;-15.00;688.00
353.25;336.28;-16.97;689.52
351.04;337.11;-13.94;688.15
353.41;338.52;-14.89;691.92
350.67;335.61;-15.06;686.28
352.72;335.44;-17.28;688.16
352.95;336.26;-16.68;689.21
351.64;336.13;-15.51;687.77
352.07;335.86;-16.21;687.94
352.61;337.37;-15.24;689.98
352.43;335.41;-17.02;687.84
351.86;336.31;-15.56;688.17
351.94;336.74;-15.20;688.68
351.38;334.65;-16.74;686.03
351.23;337.61;-13.62;688.84
353.41;337.22;-16.19;690.63
352.47;335.99;-16.48;688.46
350.78;336.12;-14.65;686.90
353.21;336.76;-16.44;689.97
352.32;335.89;-16.43;688.22
351.91;336.34;-15.57;688.24
351.82;334.87;-16.95;686.69
351.90;335.71;-16.19;687.61
352.01;335.51;-16.51;687.52
351.95;335.28;-16.67;687.22
351.05;336.95;-14.10;688.01
352.74;336.74;-15.99;689.48
351.39;336.98;-14.41;688.38
352.91;337.42;-15.49;690.32
350.92;337.24;-13.69;688.16
352.38;336.93;-15.45;689.31
353.62;337.75;-15.86;691.37
352.40;336.93;-15.47;689.33
352.46;336.89;-15.57;689.35
350.99;336.64;-14.36;687.63
352.51;335.54;-16.97;688.05
351.46;337.02;-14.44;688.48
352.10;336.19;-15.91;688.29
351.50;336.38;-15.12;687.88
351.42;336.62;-14.79;688.04
351.36;336.91;-14.45;688.26
353.06;337.36;-15.70;690.43
352.16;336.87;-15.29;689.04
352.15;336.85;-15.30;688.99
353.54;336.58;-16.95;690.12
351.89;336.26;-15.63;688.15
352.64;337.02;-15.62;689.65
349.76;335.95;-13.82;685.71
351.74;335.72;-16.02;687.46
351.44;336.84;-14.60;688.27
352.25;336.34;-15.92;688.59
353.28;335.89;-17.39;689.16
351.55;339.41;-12.14;690.96
351.37;336.32;-15.05;687.69
351.33;336.14;-15.19;687.47
351.01;335.99;-15.02;686.99
352.14;335.81;-16.34;687.95
352.45;336.38;-16.07;688.84
352.25;336.35;-15.91;688.60
352.23;336.45;-15.78;688.68
350.08;336.22;-13.86;686.31
351.75;336.07;-15.68;687.82
352.04;335.82;-16.22;687.86
351.97;335.64;-16.34;687.61
352.25;335.41;-16.84;687.66
352.22;335.09;-17.14;687.31
351.99;334.94;-17.05;686.92
351.85;336.38;-15.47;688.24
351.19;336.51;-14.68;687.71
351.26;336.92;-14.35;688.18
351.24;336.68;-14.55;687.92
350.95;337.01;-13.94;687.96
350.76;336.68;-14.08;687.45
350.59;336.75;-13.85;687.34
350.46;336.48;-13.98;686.94
350.15;335.70;-14.45;685.85
352.22;336.89;-15.34;689.11
352.84;335.81;-17.03;688.65
352.40;337.11;-15.29;689.51
352.54;336.72;-15.82;689.26
353.56;336.95;-16.62;690.51
351.50;335.80;-15.70;687.30
351.39;339.75;-11.64;691.14
351.63;336.66;-14.97;688.29
350.40;336.43;-13.97;686.83
351.27;336.64;-14.63;687.91
350.98;337.14;-13.84;688.12
350.79;336.84;-13.95;687.62
350.69;335.56;-15.13;686.25
352.38;336.54;-15.84;688.91
353.31;335.60;-17.71;688.91
350.17;336.29;-13.88;686.46
352.12;337.98;-14.14;690.11
349.65;336.57;-13.08;686.22
352.01;335.52;-16.49;687.52
353.59;336.11;-17.48;689.71
351.93;336.45;-15.48;688.38
351.84;336.20;-15.64;688.04
353.47;337.92;-15.55;691.39
351.48;336.32;-15.15;687.80
351.19;336.05;-15.15;687.24
350.99;336.40;-14.59;687.39
350.64;336.65;-13.99;687.28
351.96;335.99;-15.98;687.95
350.18;336.32;-13.86;686.50
352.35;336.99;-15.36;689.34
352.14;336.72;-15.42;688.85
351.92;336.72;-15.19;688.64
349.24;335.39;-13.85;684.62
352.21;336.46;-15.75;688.67
352.16;336.20;-15.96;688.36
351.81;338.07;-13.74;689.88
350.72;336.34;-14.38;687.05
351.38;336.29;-15.09;687.66
353.19;336.32;-16.87;689.51
350.88;337.10;-13.78;687.98
352.12;336.82;-15.30;688.95
353.32;335.48;-17.84;688.79
350.31;335.24;-15.07;685.55
351.46;336.14;-15.32;687.60
352.79;334.89;-17.90;687.68
351.67;335.82;-15.85;687.49
352.55;336.37;-16.18;688.92
352.53;336.82;-15.71;689.35
352.25;336.76;-15.49;689.01
350.70;336.50;-14.20;687.20
351.86;336.74;-15.12;688.60
351.67;336.64;-15.03;688.31
351.29;337.36;-13.93;688.66
351.19;335.75;-15.45;686.94
353.67;335.83;-17.84;689.50
352.69;336.65;-16.05;689.34
350.97;335.91;-15.06;686.88
352.46;336.43;-16.03;688.89
353.85;336.12;-17.74;689.97
353.14;336.33;-16.81;689.46
352.51;336.15;-16.35;688.66
353.20;336.93;-16.27;690.13
352.99;335.84;-17.15;688.82
352.19;335.68;-16.51;687.87
352.54;335.44;-17.10;687.98
352.22;337.76;-14.45;689.98
351.63;335.27;-16.36;686.90
352.10;335.11;-16.99;687.21
351.99;335.81;-16.18;687.81
351.72;334.65;-17.06;686.37
352.06;336.64;-15.43;688.70
352.48;336.25;-16.24;688.73
351.14;336.68;-14.46;687.82
353.35;336.33;-17.02;689.68
350.80;336.79;-14.01;687.59
351.28;338.08;-13.20;689.36
350.34;336.48;-13.86;686.82
352.08;336.10;-15.98;688.18
349.81;335.84;-13.98;685.65
352.04;336.50;-15.54;688.54
352.31;336.79;-15.51;689.10
353.06;336.07;-16.99;689.13
353.98;336.66;-17.32;690.65
351.76;336.34;-15.42;688.09
351.52;336.48;-15.04;688.01
351.30;334.18;-17.12;685.48
351.04;335.95;-15.09;686.99
350.77;336.89;-13.88;687.66
353.72;335.46;-18.25;689.18
351.94;336.19;-15.75;688.12
352.58;336.25;-16.33;688.84
352.28;335.64;-16.65;687.92
353.62;337.06;-16.56;690.69
352.48;337.55;-14.92;690.03
351.96;335.96;-15.99;687.92
353.45;334.79;-18.66;688.24
351.87;336.18;-15.69;688.05
351.59;334.58;-17.01;686.17
351.35;337.46;-13.89;688.82
353.46;336.21;-17.25;689.67
353.41;337.05;-16.35;690.46
352.57;336.76;-15.81;689.33
353.62;336.60;-17.02;690.22
353.50;335.52;-17.98;689.02
352.88;336.20;-16.68;689.08
351.63;338.96;-12.66;690.59
352.05;336.34;-15.71;688.39
352.44;335.32;-17.12;687.76
352.12;336.00;-16.12;688.12
351.96;334.93;-17.03;686.89
351.74;336.56;-15.18;688.29
351.61;336.34;-15.27;687.94
351.28;336.24;-15.04;687.51
353.17;336.24;-16.93;689.41
350.96;333.87;-17.09;684.83
351.82;336.90;-14.92;688.72
352.82;335.39;-17.44;688.21
352.27;335.90;-16.37;688.17
352.36;336.37;-15.99;688.73
353.12;336.09;-17.04;689.21
352.69;335.76;-16.94;688.45
352.64;336.41;-16.23;689.05
352.36;336.27;-16.09;688.64
353.19;335.14;-18.05;688.32
351.75;336.26;-15.49;688.01
351.68;336.74;-14.95;688.42
352.41;335.91;-16.50;688.32
351.55;337.62;-13.94;689.17
353.12;335.69;-17.43;688.82
351.04;335.94;-15.11;686.98
350.99;335.75;-15.24;686.74
352.70;335.72;-16.98;688.42
352.57;336.52;-16.05;689.09
352.78;336.09;-16.69;688.86
352.26;335.94;-16.33;688.20
352.95;336.24;-16.71;689.18
351.31;336.09;-15.22;687.41
352.88;335.90;-16.98;688.78
352.74;335.36;-17.38;688.09
352.63;335.75;-16.88;688.38
351.82;335.54;-16.28;687.35
352.46;335.33;-17.13;687.79
351.80;335.96;-15.84;687.76
351.26;336.36;-14.90;687.62
351.58;336.42;-15.15;688.00
351.46;339.05;-12.42;690.51
351.19;336.08;-15.11;687.27
351.00;335.79;-15.21;686.79
350.82;336.19;-14.63;687.01
351.38;336.60;-14.78;687.98
350.42;336.14;-14.29;686.56
352.34;336.10;-16.24;688.44
353.24;336.11;-17.13;689.35
351.76;336.85;-14.91;688.62
351.52;335.66;-15.86;687.18
351.47;335.56;-15.91;687.04
352.17;336.15;-16.02;688.32
352.30;335.96;-16.34;688.26
352.01;334.99;-17.02;687.00
351.51;336.78;-14.74;688.29
351.59;336.91;-14.68;688.49
351.46;336.87;-14.59;688.34
353.74;336.38;-17.36;690.12
351.12;335.94;-15.18;687.05
351.85;336.75;-15.09;688.60
350.63;335.56;-15.06;686.19
351.48;336.37;-15.11;687.85
353.16;336.36;-16.80;689.53
349.92;335.08;-14.85;685.00
349.70;335.83;-13.87;685.53
351.92;336.99;-14.92;688.91
350.52;335.45;-15.07;685.98
353.28;335.32;-17.96;688.60
351.89;335.75;-16.14;687.65
351.69;338.03;-13.66;689.72
351.71;336.21;-15.49;687.92
351.40;336.35;-15.05;687.75
352.64;338.71;-13.93;691.34
352.19;336.01;-16.18;688.20
352.95;336.14;-16.81;689.09
352.76;335.99;-16.78;688.75
350.08;336.32;-13.75;686.40
351.91;336.09;-15.82;688.00
351.58;336.66;-14.92;688.24
349.46;335.57;-13.89;685.03
352.48;336.14;-16.35;688.62
352.05;336.32;-15.72;688.37
351.11;336.93;-14.18;688.04
351.38;336.58;-14.81;687.96
351.16;336.12;-15.04;687.29
351.99;338.42;-13.58;690.41
350.69;336.20;-14.49;686.89
352.47;336.56;-15.91;689.03
353.19;337.03;-16.16;690.22
352.35;336.08;-16.26;688.43
352.20;336.51;-15.69;688.71
353.55;336.36;-17.18;689.91
352.35;337.22;-15.13;689.56
349.02;337.34;-11.68;686.35
351.78;337.83;-13.95;689.61
351.85;333.74;-18.11;685.59
351.75;336.72;-15.03;688.46
351.48;336.31;-15.18;687.79
352.41;336.08;-16.33;688.49
353.10;337.10;-16.00;690.20
350.76;335.81;-14.95;686.58
350.71;336.84;-13.87;687.54
352.86;336.33;-16.54;689.19
351.61;337.64;-13.96;689.25
353.12;337.51;-15.61;690.64
352.70;335.85;-16.85;688.55
352.18;336.90;-15.28;689.08
352.25;336.85;-15.40;689.11
351.52;336.48;-15.04;688.01
351.58;336.81;-14.76;688.39
350.94;336.55;-14.39;687.48
351.66;336.28;-15.38;687.94
351.26;336.16;-15.10;687.43
351.01;336.39;-14.62;687.41
350.90;337.04;-13.86;687.94
350.67;336.81;-13.86;687.48
351.46;337.41;-14.05;688.88
350.39;336.55;-13.84;686.94
352.15;337.22;-14.94;689.37
352.14;334.87;-17.26;687.01
352.25;337.01;-15.25;689.26
351.88;336.49;-15.39;688.37
351.61;336.79;-14.82;688.39
353.56;336.74;-16.82;690.31
352.17;335.11;-17.06;687.28
352.14;337.06;-15.07;689.20
351.64;336.72;-14.92;688.35
351.62;337.09;-14.53;688.71
351.41;336.98;-14.43;688.39
352.38;336.08;-16.30;688.45
350.96;337.13;-13.84;688.09
352.79;337.44;-15.36;690.23
350.48;335.46;-15.02;685.94
351.75;336.41;-15.34;688.16
351.95;337.90;-14.05;689.85
351.25;338.62;-12.63;689.86
351.59;336.52;-15.07;688.11
352.38;337.44;-14.95;689.82
352.06;338.52;-13.54;690.58
351.66;336.84;-14.82;688.50
352.61;336.62;-15.99;689.22
351.32;336.82;-14.50;688.15
351.28;338.31;-12.98;689.59
350.87;337.25;-13.62;688.12
350.92;337.15;-13.77;688.08
350.69;336.84;-13.86;687.53
350.45;336.46;-13.99;686.91
350.31;336.25;-14.05;686.56
351.08;337.09;-13.98;688.17
351.78;336.09;-15.69;687.86
349.77;336.76;-13.01;686.54
351.77;335.59;-16.18;687.36
351.36;335.41;-15.96;686.77
351.32;337.79;-13.53;689.12
351.08;337.67;-13.41;688.75
351.25;336.39;-14.85;687.64
351.39;336.62;-14.77;688.01
351.31;336.55;-14.76;687.85
351.41;336.78;-14.64;688.19
351.15;336.83;-14.32;687.98
350.94;337.05;-13.89;687.98
353.87;336.72;-17.15;690.59
352.54;336.75;-15.78;689.29
351.71;336.49;-15.22;688.19
351.19;336.24;-14.95;687.44
349.88;336.89;-12.98;686.77
351.89;339.17;-12.72;691.06
350.78;335.65;-15.12;686.43
351.92;337.58;-14.34;689.49
351.03;335.31;-15.72;686.34
350.72;335.21;-15.51;685.93
351.23;336.92;-14.31;688.15
351.74;336.86;-14.88;688.60
351.02;334.64;-16.38;685.65
351.49;336.30;-15.19;687.79
351.39;337.35;-14.05;688.74
350.97;337.19;-13.78;688.16
351.03;337.25;-13.78;688.28
353.94;336.94;-17.00;690.88
351.92;335.63;-16.29;687.55
352.64;337.42;-15.21;690.06
351.46;337.70;-13.76;689.16
350.02;336.26;-13.76;686.28
352.13;337.89;-14.24;690.02
351.67;336.65;-15.02;688.32
349.46;336.84;-12.63;686.30
351.64;337.29;-14.35;688.94
351.44;336.03;-15.41;687.46
351.44;336.94;-14.49;688.38
351.36;336.53;-14.83;687.89
351.69;337.52;-14.17;689.22
351.36;337.51;-13.85;688.86
351.05;337.26;-13.78;688.31
350.99;336.71;-14.28;687.69
352.94;337.96;-14.98;690.89
351.56;336.97;-14.59;688.53
353.35;337.31;-16.04;690.66
350.24;336.28;-13.96;686.51
352.86;338.83;-14.03;691.69
352.94;336.81;-16.13;689.75
351.72;335.68;-16.04;687.40
353.21;336.76;-16.44;689.97
351.11;337.76;-13.35;688.87
351.44;337.47;-13.97;688.91
351.61;336.68;-14.94;688.29
350.75;336.57;-14.18;687.32
351.02;336.29;-14.72;687.31
351.05;336.76;-14.29;687.81
350.76;336.68;-14.08;687.44
351.69;336.53;-15.16;688.22
350.39;337.08;-13.31;687.47
353.35;337.21;-16.15;690.56
350.05;337.49;-12.56;687.54
352.70;335.87;-16.83;688.57
352.74;336.47;-16.27;689.21
351.40;336.85;-14.55;688.25
351.39;336.59;-14.80;687.99
352.11;337.95;-14.16;690.06
351.43;336.61;-14.82;688.04
351.38;334.44;-16.94;685.82
350.94;336.72;-14.22;687.65
352.85;336.35;-16.49;689.20
353.40;336.70;-16.70;690.10
350.34;336.66;-13.68;686.99
350.13;338.88;-11.25;689.01
351.13;337.23;-13.90;688.36
352.08;338.21;-13.87;690.29
352.28;337.98;-14.30;690.26
352.13;335.06;-17.06;687.19
351.79;335.70;-16.09;687.49
351.48;336.42;-15.05;687.90
351.05;336.45;-14.60;687.51
351.31;336.23;-15.08;687.54
353.03;336.34;-16.69;689.36
351.89;335.64;-16.25;687.53
352.40;336.55;-15.85;688.95
351.98;336.28;-15.70;688.26
349.81;337.32;-12.48;687.13
351.68;337.86;-13.82;689.54
350.96;336.33;-14.64;687.29
351.59;337.29;-14.30;688.88
351.34;337.05;-14.28;688.39
351.79;336.78;-15.01;688.56
352.78;337.45;-15.34;690.23
351.33;336.84;-14.49;688.17
351.02;337.12;-13.90;688.15
350.82;336.85;-13.98;687.67
350.58;336.76;-13.81;687.34
351.88;335.13;-16.75;687.01
351.92;335.06;-16.86;686.98
351.07;335.84;-15.23;686.91
352.47;335.62;-16.85;688.09
351.67;336.28;-15.39;687.95
351.39;337.15;-14.24;688.54
352.07;335.00;-17.07;687.07
350.85;335.68;-15.17;686.54
351.47;336.29;-15.18;687.76
351.26;336.08;-15.18;687.34
353.19;336.14;-17.06;689.33
350.75;336.65;-14.10;687.41
350.48;336.49;-13.99;686.98
350.14;336.24;-13.90;686.37
352.36;336.83;-15.54;689.19
351.95;335.85;-16.09;687.80
351.24;335.62;-15.62;686.86
351.18;335.32;-15.86;686.49
350.84;336.84;-14.01;687.68
351.20;336.93;-14.27;688.13
351.02;336.09;-14.92;687.11
351.35;336.27;-15.08;687.62
351.17;338.06;-13.11;689.24
350.80;337.03;-13.77;687.83
350.71;336.24;-14.48;686.95
350.48;336.48;-13.99;686.96
350.18;336.17;-14.01;686.35
352.25;336.95;-15.29;689.20
352.06;337.11;-14.96;689.17
351.26;335.62;-15.64;686.88
353.19;335.45;-17.74;688.64
351.81;336.62;-15.18;688.43
351.44;336.69;-14.75;688.13
351.79;337.72;-14.08;689.51
351.84;337.11;-14.72;688.95
351.47;336.56;-14.91;688.03
350.72;336.47;-14.25;687.19
351.18;336.88;-14.30;688.06
351.98;337.92;-14.06;689.89
353.04;336.86;-16.18;689.89
352.00;336.75;-15.25;688.75
350.32;337.39;-12.92;687.71
351.87;336.96;-14.91;688.83
349.82;336.72;-13.09;686.54
352.71;337.68;-15.02;690.39
351.35;336.91;-14.44;688.26
351.52;334.35;-17.17;685.86
351.28;336.58;-14.70;687.85
351.35;336.89;-14.46;688.24
351.82;336.75;-15.06;688.57
351.52;336.36;-15.16;687.89
351.16;336.14;-15.02;687.30
351.75;336.54;-15.21;688.29
350.78;336.25;-14.53;687.02
352.27;337.53;-14.74;689.80
352.71;336.53;-16.18;689.24
350.26;337.64;-12.63;687.90
352.01;336.86;-15.14;688.87
349.82;337.37;-12.45;687.19
351.91;336.44;-15.47;688.35
351.48;337.43;-14.05;688.91
352.29;337.04;-15.25;689.32
353.19;337.09;-16.10;690.29
351.58;337.85;-13.73;689.44
351.72;337.68;-14.04;689.40
351.33;336.56;-14.76;687.89
351.16;336.59;-14.58;687.75
352.89;337.14;-15.75;690.03
350.94;337.13;-13.81;688.07
350.81;336.87;-13.94;687.68
351.61;336.80;-14.81;688.41
350.58;336.72;-13.86;687.29
350.43;335.96;-14.46;686.39
352.39;336.44;-15.96;688.83
351.63;337.48;-14.15;689.11
351.08;337.00;-14.08;688.08
349.83;336.80;-13.03;686.63
352.79;337.00;-15.79;689.79
351.60;336.99;-14.61;688.59
352.08;336.58;-15.49;688.66
352.91;337.37;-15.54;690.28
351.64;337.20;-14.44;688.84
350.77;336.39;-14.38;687.16
351.25;336.00;-15.25;687.25
351.09;337.17;-13.92;688.26
351.43;337.61;-13.82;689.04
353.14;336.69;-16.44;689.83
352.66;337.15;-15.51;689.81
352.02;337.06;-14.96;689.08
351.52;337.24;-14.28;688.75
351.02;337.29;-13.73;688.32
352.14;337.28;-14.86;689.41
352.13;336.79;-15.34;688.92
351.29;336.98;-14.32;688.27
351.68;336.79;-14.89;688.46
353.15;336.15;-17.01;689.30
351.75;336.68;-15.06;688.43
351.69;334.64;-17.05;686.33
353.18;336.66;-16.52;689.85
351.24;336.36;-14.88;687.59
351.41;336.82;-14.59;688.22
353.82;336.29;-17.54;690.11
350.69;336.14;-14.56;686.83
351.16;336.12;-15.04;687.28
350.94;336.32;-14.62;687.26
353.12;336.95;-16.18;690.07
351.95;336.84;-15.12;688.79
351.36;336.38;-14.98;687.74
351.34;336.12;-15.22;687.45
351.31;336.20;-15.11;687.51
353.60;337.59;-16.01;691.19
353.52;336.26;-17.26;689.78
351.15;338.44;-12.71;689.58
351.28;336.42;-14.86;687.70
353.33;336.24;-17.09;689.57
351.77;337.06;-14.71;688.83
351.86;337.28;-14.58;689.14
351.71;336.88;-14.83;688.58
350.72;337.03;-13.69;687.75
350.71;336.84;-13.87;687.55
350.70;335.65;-15.05;686.35
350.69;335.78;-14.91;686.48
353.61;335.72;-17.89;689.32
352.49;336.76;-15.74;689.25
353.03;336.50;-16.53;689.53
351.89;336.68;-15.21;688.56
352.22;335.36;-16.86;687.58
350.26;337.02;-13.24;687.29
351.86;338.41;-13.45;690.27
352.38;335.09;-17.29;687.46
351.79;335.41;-16.38;687.21
351.61;336.64;-14.97;688.24
352.85;336.88;-15.98;689.73
352.92;335.82;-17.10;688.74
352.28;337.19;-15.09;689.46
352.37;337.24;-15.14;689.61
352.40;335.57;-16.83;687.97
351.95;336.45;-15.50;688.39
351.46;336.58;-14.88;688.04
351.85;336.63;-15.22;688.48
351.70;336.54;-15.16;688.24
352.12;335.89;-16.23;688.01
349.66;336.51;-13.15;686.18
351.85;335.81;-16.05;687.66
352.04;335.86;-16.17;687.90
351.82;335.84;-15.99;687.66
352.99;337.41;-15.59;690.40
352.98;336.74;-16.25;689.72
350.92;337.12;-13.80;688.04
350.99;336.76;-14.24;687.75
352.14;335.85;-16.29;687.98
352.38;336.97;-15.41;689.35
352.76;335.78;-16.99;688.54
352.65;336.50;-16.15;689.15
349.47;336.54;-12.93;686.01
352.19;337.00;-15.19;689.19
351.20;339.87;-11.33;691.07
351.98;336.76;-15.22;688.74
351.75;335.76;-15.99;687.52
349.48;337.72;-11.76;687.19
352.10;335.68;-16.42;687.78
350.75;337.49;-13.26;688.25
349.48;336.56;-12.92;686.04
352.64;337.05;-15.59;689.68
352.60;337.57;-15.03;690.17
349.37;336.61;-12.76;685.98
352.48;336.80;-15.68;689.28
353.26;336.98;-16.28;690.24
352.23;336.74;-15.49;688.97
350.76;337.15;-13.61;687.91
351.75;335.35;-16.40;687.09
351.99;335.29;-16.69;687.28
351.82;337.04;-14.78;688.86
348.84;337.37;-11.47;686.21
352.08;337.09;-14.98;689.17
352.05;337.00;-15.05;689.05
351.88;334.87;-17.01;686.75
351.64;336.90;-14.74;688.54
351.02;337.86;-13.16;688.88
351.86;337.41;-14.45;689.27
351.17;337.80;-13.37;688.97
351.69;336.01;-15.68;687.69
351.58;336.59;-14.99;688.18
350.89;336.75;-14.15;687.64
352.39;336.58;-15.81;688.97
352.19;338.26;-13.92;690.45
351.43;336.26;-15.16;687.69
351.18;336.55;-14.62;687.73
350.78;336.30;-14.48;687.08
351.29;337.25;-14.05;688.54
351.19;337.48;-13.71;688.68
351.08;335.88;-15.19;686.96
350.96;336.07;-14.89;687.03
351.05;336.36;-14.68;687.41
350.68;333.73;-16.95;684.41
353.08;336.88;-16.19;689.96
350.64;335.52;-15.12;686.16
351.98;335.42;-16.56;687.41
352.16;336.56;-15.60;688.72
350.92;338.51;-12.41;689.43
351.85;336.24;-15.61;688.09
352.18;336.09;-16.08;688.27
352.59;336.62;-15.97;689.22
351.85;337.10;-14.75;688.95
351.76;335.79;-15.97;687.56
351.55;338.35;-13.19;689.90
353.65;337.05;-16.59;690.70
351.61;337.48;-14.12;689.09
352.49;335.49;-17.00;687.99
351.74;336.68;-15.05;688.42
351.66;336.61;-15.05;688.26
351.42;335.31;-16.11;686.72
351.99;337.11;-14.88;689.10
351.72;334.81;-16.92;686.53
351.71;336.71;-15.00;688.42
351.48;337.84;-13.64;689.31
351.41;338.49;-12.92;689.89
351.29;336.79;-14.51;688.08
353.41;337.35;-16.06;690.75
354.08;336.02;-18.06;690.09
352.08;336.98;-15.10;689.05
352.42;338.32;-14.10;690.74
350.61;335.75;-14.86;686.35
352.92;336.55;-16.37;689.48
350.48;336.26;-14.22;686.74
351.62;338.46;-13.15;690.08
350.26;336.40;-13.86;686.66
352.51;336.18;-16.33;688.68
352.19;336.02;-16.16;688.21
352.71;335.75;-16.96;688.46
352.35;337.69;-14.65;690.04
351.15;336.92;-14.23;688.08
352.05;337.04;-15.01;689.09
351.81;338.35;-13.46;690.16
351.00;335.70;-15.30;686.70
351.73;336.57;-15.16;688.30
351.52;336.38;-15.14;687.90
351.23;337.23;-14.00;688.46
350.64;338.66;-11.98;689.31
350.81;336.86;-13.94;687.67
350.96;336.91;-14.05;687.86
351.72;336.25;-15.48;687.97
353.47;335.54;-17.93;689.01
352.85;334.89;-17.96;687.75
351.53;335.35;-16.18;686.88
352.15;336.29;-15.86;688.45
352.07;336.09;-15.98;688.16
351.96;337.26;-14.70;689.23
351.88;336.46;-15.42;688.35
351.68;336.35;-15.32;688.03
352.02;337.41;-14.61;689.43
351.04;336.19;-14.85;687.22
351.54;337.37;-14.17;688.91
351.12;337.10;-14.02;688.22
352.15;336.94;-15.21;689.09
353.51;336.46;-17.04;689.97
350.29;338.44;-11.86;688.73
352.69;336.05;-16.64;688.74
349.81;336.67;-13.14;686.48
351.75;337.62;-14.14;689.37
351.66;335.28;-16.38;686.94
352.05;335.09;-16.96;687.14
352.05;336.82;-15.23;688.86
351.68;336.56;-15.12;688.24
351.43;337.28;-14.15;688.71
351.34;336.82;-14.52;688.16
351.02;336.50;-14.52;687.52
352.11;336.71;-15.40;688.81
351.80;336.56;-15.24;688.36
350.26;336.64;-13.62;686.91
351.35;337.18;-14.17;688.54
351.15;336.11;-15.04;687.26
349.79;336.64;-13.15;686.42
351.64;337.76;-13.87;689.40
351.64;335.62;-16.02;687.26
351.64;336.62;-15.02;688.26
352.15;335.18;-16.97;687.32
352.07;335.01;-17.06;687.08
353.10;337.18;-15.92;690.28
351.80;337.59;-14.21;689.39
351.55;336.84;-14.72;688.39
351.28;337.29;-13.99;688.57
353.44;334.06;-19.38;687.49
352.07;336.51;-15.56;688.58
350.62;338.29;-12.34;688.91
350.37;336.28;-14.09;686.65
350.12;335.84;-14.28;685.96
352.97;338.08;-14.89;691.05
352.96;337.08;-15.89;690.04
351.98;336.23;-15.75;688.21
