348.20;330.64;-17.56;678.84
346.73;330.36;-16.36;677.09
346.29;332.21;-14.08;678.49
345.96;331.92;-14.04;677.88
345.73;331.37;-14.36;677.10
347.32;331.51;-15.82;678.83
347.21;332.28;-14.94;679.49
346.95;331.59;-15.36;678.55
347.26;331.34;-15.92;678.60
347.46;330.42;-17.04;677.88
346.49;330.23;-16.26;676.72
346.82;332.07;-14.75;678.89
346.85;330.66;-16.19;677.51
346.82;331.06;-15.75;677.88
346.42;333.44;-12.98;679.86
346.12;331.09;-15.02;677.21
345.95;330.92;-15.03;676.86
347.55;330.66;-16.88;678.21
345.42;331.69;-13.72;677.11
347.08;331.21;-15.87;678.28
344.81;331.88;-12.93;676.69
347.22;330.84;-16.38;678.06
346.99;331.39;-15.60;678.38
347.43;332.27;-15.16;679.70
347.24;332.05;-15.19;679.28
347.08;331.84;-15.24;678.91
346.76;329.69;-17.07;676.45
346.39;331.48;-14.92;677.87
346.24;331.20;-15.04;677.44
347.78;330.85;-16.94;678.63
348.02;330.68;-17.34;678.71
347.29;331.68;-15.62;678.97
347.35;332.34;-15.02;679.69
347.54;331.27;-16.27;678.81
347.78;330.79;-16.99;678.57
347.54;329.95;-17.59;677.49
347.82;331.08;-16.74;678.90
347.86;332.65;-15.21;680.52
347.49;331.68;-15.81;679.16
347.50;332.26;-15.24;679.76
347.08;332.88;-14.20;679.95
347.06;331.85;-15.21;678.92
346.80;331.81;-14.99;678.61
346.49;332.45;-14.04;678.94
347.35;332.27;-15.08;679.62
347.96;332.26;-15.70;680.22
347.78;331.94;-15.84;679.71
346.82;331.56;-15.26;678.38
347.29;331.52;-15.77;678.81
346.98;331.33;-15.65;678.31
347.02;330.99;-16.03;678.02
347.42;332.79;-14.62;680.21
346.48;333.32;-13.16;679.79
347.22;332.39;-14.84;679.61
346.20;330.17;-16.03;676.37
346.89;332.26;-14.64;679.15
346.62;332.27;-14.35;678.89
346.39;333.15;-13.24;679.55
346.15;331.31;-14.85;677.46
348.01;330.98;-17.02;678.99
345.92;331.64;-14.28;677.55
345.65;331.73;-13.92;677.38
347.76;332.69;-15.08;680.45
345.11;331.29;-13.81;676.40
346.28;331.00;-15.28;677.28
347.11;332.79;-14.32;679.89
347.43;332.03;-15.40;679.46
347.15;330.41;-16.75;677.56
348.07;330.11;-17.96;678.18
346.90;331.83;-15.07;678.73
346.69;332.79;-13.90;679.49
346.40;331.45;-14.95;677.85
346.39;331.31;-15.08;677.70
346.20;331.12;-15.08;677.32
345.96;332.18;-13.79;678.14
347.35;331.86;-15.48;679.21
345.46;331.48;-13.98;676.94
345.19;330.12;-15.07;675.32
348.11;330.04;-18.07;678.15
346.74;331.05;-15.69;677.79
347.12;331.79;-15.33;678.92
347.74;331.88;-15.86;679.61
346.59;330.77;-15.82;677.36
347.38;331.82;-15.56;679.19
347.41;330.25;-17.15;677.66
347.02;331.98;-15.05;679.00
346.77;332.39;-14.38;679.16
346.50;332.42;-14.08;678.92
346.89;333.20;-13.69;680.09
348.21;333.04;-15.17;681.25
345.90;332.05;-13.85;677.95
345.59;332.74;-12.85;678.34
347.25;332.52;-14.73;679.76
345.17;333.06;-12.11;678.23
346.88;330.95;-15.94;677.83
347.89;332.73;-15.16;680.62
346.78;332.55;-14.22;679.33
346.46;332.15;-14.31;678.61
347.22;332.56;-14.66;679.79
346.58;333.15;-13.43;679.72
346.91;332.63;-14.28;679.54
346.66;330.45;-16.21;677.11
346.48;331.59;-14.89;678.08
346.14;332.39;-13.75;678.54
347.54;330.97;-16.56;678.51
345.84;332.04;-13.79;677.88
347.39;332.89;-14.49;680.28
347.19;331.65;-15.54;678.84
346.88;331.12;-15.76;678.00
347.15;331.05;-16.09;678.20
347.90;329.64;-18.26;677.54
344.50;330.69;-13.81;675.19
347.44;332.38;-15.06;679.82
347.24;332.19;-15.04;679.43
346.95;331.92;-15.02;678.87
346.82;329.69;-17.13;676.52
346.61;332.06;-14.55;678.67
348.04;330.71;-17.33;678.74
347.37;330.98;-16.39;678.35
345.74;330.65;-15.09;676.39
347.26;331.72;-15.54;678.98
345.41;331.45;-13.96;676.86
347.05;331.24;-15.81;678.28
348.01;332.61;-15.39;680.62
347.59;330.53;-17.06;678.12
347.42;332.48;-14.94;679.90
347.07;332.04;-15.03;679.11
346.97;331.75;-15.22;678.72
346.66;331.69;-14.97;678.36
346.44;332.07;-14.37;678.51
346.19;332.33;-13.86;678.52
345.89;331.96;-13.93;677.86
347.49;331.87;-15.62;679.36
346.62;331.53;-15.09;678.15
347.42;331.28;-16.14;678.71
347.59;330.99;-16.61;678.58
347.29;330.93;-16.36;678.22
346.83;330.51;-16.32;677.34
347.15;330.21;-16.94;677.36
347.14;331.99;-15.15;679.12
346.88;329.84;-17.05;676.72
346.66;332.00;-14.66;678.66
346.48;332.64;-13.84;679.11
346.22;331.78;-14.44;677.99
345.86;330.68;-15.18;676.54
347.15;331.75;-15.40;678.89
347.40;332.24;-15.16;679.64
345.09;331.21;-13.89;676.30
348.01;331.84;-16.17;679.84
347.14;331.89;-15.25;679.02
347.69;330.82;-16.87;678.51
347.57;331.64;-15.93;679.21
347.36;330.49;-16.86;677.85
347.31;332.31;-14.99;679.62
346.98;332.12;-14.86;679.09
347.01;332.99;-14.02;680.01
346.85;331.84;-15.01;678.68
346.41;332.12;-14.29;678.53
346.37;331.79;-14.58;678.16
346.15;332.34;-13.81;678.49
345.93;331.93;-14.00;677.86
346.76;331.73;-15.04;678.49
345.46;331.60;-13.86;677.06
347.20;331.36;-15.84;678.56
348.04;331.04;-16.99;679.08
347.34;330.97;-16.36;678.31
347.51;330.53;-16.98;678.04
347.36;331.88;-15.48;679.24
347.37;331.02;-16.35;678.39
347.01;331.85;-15.15;678.86
346.42;331.77;-14.65;678.19
346.63;331.38;-15.25;678.01
346.25;332.39;-13.86;678.64
346.93;330.78;-16.15;677.71
345.82;330.74;-15.08;676.56
346.73;331.46;-15.27;678.19
347.24;331.51;-15.74;678.75
347.59;331.86;-15.73;679.45
347.37;331.91;-15.46;679.28
347.08;330.79;-16.29;677.87
346.50;330.74;-15.76;677.24
347.41;330.44;-16.96;677.85
346.75;330.31;-16.44;677.06
347.18;331.39;-15.78;678.57
347.06;332.55;-14.52;679.61
347.58;331.51;-16.07;679.09
346.62;332.01;-14.61;678.62
346.53;332.48;-14.05;679.01
346.31;331.22;-15.09;677.53
345.93;331.44;-14.49;677.37
347.82;331.74;-16.09;679.56
348.15;331.80;-16.35;679.95
347.87;330.37;-17.50;678.24
347.11;332.31;-14.81;679.42
347.32;331.31;-16.02;678.63
347.55;331.15;-16.41;678.70
346.73;329.59;-17.14;676.32
346.95;331.56;-15.39;678.51
347.26;330.59;-16.68;677.85
347.20;331.16;-16.04;678.36
347.08;331.91;-15.17;678.99
346.84;331.77;-15.06;678.61
346.68;329.65;-17.03;676.34
346.48;331.48;-15.00;677.96
346.40;331.45;-14.95;677.85
347.27;331.77;-15.50;679.04
347.62;330.81;-16.81;678.42
347.46;331.31;-16.15;678.77
348.61;332.36;-16.25;680.96
347.30;332.22;-15.08;679.52
345.16;331.34;-13.82;676.51
347.08;332.31;-14.77;679.39
346.74;332.69;-14.05;679.42
346.76;332.28;-14.48;679.05
347.36;330.32;-17.04;677.68
347.19;332.84;-14.35;680.04
346.95;329.75;-17.20;676.69
346.61;332.15;-14.46;678.76
346.38;331.87;-14.51;678.25
347.88;331.01;-16.88;678.89
345.89;332.02;-13.87;677.92
347.35;331.81;-15.55;679.16
345.38;331.47;-13.91;676.85
347.99;332.12;-15.87;680.11
347.45;331.05;-16.39;678.50
344.66;332.84;-11.83;677.50
347.45;331.84;-15.61;679.29
346.76;332.29;-14.46;679.05
347.22;332.22;-15.00;679.44
346.95;329.89;-17.06;676.84
346.64;331.51;-15.14;678.15
346.42;331.92;-14.50;678.35
346.26;331.84;-14.43;678.10
347.95;330.84;-17.11;678.78
345.81;330.73;-15.08;676.54
346.82;331.71;-15.11;678.54
348.00;330.29;-17.71;678.29
346.46;331.29;-15.18;677.75
347.04;331.10;-15.94;678.14
347.83;330.77;-17.06;678.60
347.05;330.58;-16.46;677.63
347.65;332.16;-15.49;679.82
347.25;330.24;-17.02;677.49
346.95;330.87;-16.08;677.82
346.78;331.48;-15.30;678.26
346.48;329.45;-17.03;675.94
347.09;331.36;-15.74;678.45
345.98;330.93;-15.05;676.91
345.74;332.74;-13.00;678.48
347.37;330.39;-16.98;677.76
348.23;330.30;-17.93;678.53
347.42;330.14;-17.28;677.55
346.95;331.11;-15.85;678.06
347.79;330.74;-17.05;678.54
346.45;330.67;-15.78;677.12
347.46;331.23;-16.24;678.69
347.26;331.44;-15.82;678.70
346.89;331.81;-15.08;678.70
346.39;331.78;-14.61;678.17
346.33;331.28;-15.05;677.61
346.19;331.07;-15.12;677.26
345.91;330.79;-15.11;676.70
347.95;331.75;-16.20;679.69
347.60;332.39;-15.21;679.99
347.52;331.41;-16.11;678.92
347.19;332.55;-14.65;679.74
346.85;330.87;-15.98;677.72
346.72;332.46;-14.26;679.19
347.12;330.50;-16.62;677.62
346.75;331.72;-15.03;678.46
347.15;330.21;-16.95;677.36
345.82;332.64;-13.18;678.46
346.76;332.45;-14.31;679.22
346.64;332.72;-13.91;679.36
346.35;332.19;-14.16;678.54
346.15;332.08;-14.07;678.24
347.98;330.89;-17.09;678.87
345.72;331.71;-14.01;677.44
347.96;331.39;-16.56;679.35
345.31;330.82;-14.49;676.12
347.22;331.22;-16.00;678.44
347.11;332.94;-14.18;680.05
347.56;330.85;-16.72;678.41
346.84;332.62;-14.22;679.46
347.36;332.05;-15.31;679.41
346.06;332.45;-13.61;678.51
347.82;331.71;-16.11;679.53
346.45;331.46;-14.99;677.91
346.31;332.14;-14.17;678.44
345.98;332.11;-13.88;678.09
345.96;330.84;-15.13;676.80
347.90;331.91;-15.99;679.81
345.63;332.43;-13.20;678.06
347.07;331.51;-15.56;678.58
346.34;332.63;-13.71;678.97
344.81;332.91;-11.91;677.72
347.07;333.96;-13.11;681.03
347.38;332.36;-15.01;679.74
347.16;331.07;-16.09;678.23
346.96;332.38;-14.58;679.34
346.87;331.87;-15.00;678.74
349.76;332.89;-16.86;682.65
346.39;331.45;-14.94;677.84
346.13;331.05;-15.08;677.18
346.94;332.11;-14.83;679.04
347.16;330.59;-16.58;677.75
347.14;331.75;-15.39;678.89
345.23;331.45;-13.78;676.68
345.04;331.15;-13.89;676.18
347.33;330.98;-16.35;678.31
347.15;330.68;-16.47;677.84
344.44;332.64;-11.80;677.08
346.54;332.46;-14.08;679.00
347.06;332.19;-14.87;679.26
346.85;329.89;-16.96;676.75
346.48;331.59;-14.89;678.08
346.39;332.46;-13.92;678.85
346.24;331.91;-14.33;678.15
346.05;332.18;-13.88;678.23
347.56;331.90;-15.66;679.46
345.45;331.52;-13.93;676.98
345.29;330.24;-15.05;675.52
347.27;331.15;-16.12;678.42
347.82;331.58;-16.25;679.40
345.74;330.64;-15.10;676.38
346.74;332.85;-13.89;679.59
347.30;330.17;-17.13;677.47
347.05;332.54;-14.51;679.58
346.74;331.67;-15.07;678.41
346.45;332.58;-13.88;679.03
346.19;331.22;-14.97;677.41
346.06;331.07;-14.99;677.13
347.32;331.19;-16.13;678.51
345.46;332.38;-13.08;677.84
346.45;331.39;-15.05;677.84
347.12;332.39;-14.74;679.51
346.76;333.35;-13.41;680.12
347.04;330.75;-16.29;677.79
347.48;331.73;-15.75;679.21
347.37;331.04;-16.34;678.41
347.14;333.16;-13.98;680.29
347.66;331.83;-15.83;679.49
346.71;331.32;-15.39;678.03
346.40;329.35;-17.05;675.75
346.08;332.32;-13.76;678.40
345.89;331.98;-13.92;677.87
348.09;331.84;-16.25;679.94
345.47;331.68;-13.79;677.15
347.56;330.18;-17.39;677.74
347.85;331.96;-15.88;679.81
347.78;332.25;-15.52;680.03
347.46;330.71;-16.75;678.16
347.35;330.41;-16.94;677.76
347.22;331.88;-15.34;679.10
346.88;329.98;-16.90;676.86
346.82;331.68;-15.14;678.50
347.55;331.39;-16.16;678.94
346.20;331.08;-15.12;677.28
345.94;331.97;-13.96;677.91
345.49;331.79;-13.71;677.28
347.22;331.41;-15.81;678.63
345.01;331.09;-13.92;676.11
347.80;332.15;-15.65;679.95
347.68;332.41;-15.27;680.09
347.41;330.40;-17.01;677.81
347.16;333.35;-13.81;680.51
346.89;332.38;-14.51;679.27
346.68;332.19;-14.49;678.87
346.44;331.55;-14.89;677.98
346.35;332.28;-14.07;678.64
346.19;331.25;-14.95;677.44
348.28;331.11;-17.16;679.39
347.54;332.27;-15.26;679.81
346.02;331.99;-14.02;678.01
345.98;331.02;-14.96;677.00
345.90;331.09;-14.81;676.99
345.91;332.68;-13.23;678.58
347.76;330.83;-16.93;678.59
345.82;331.89;-13.93;677.72
345.72;332.71;-13.01;678.42
347.48;331.58;-15.91;679.06
345.46;331.82;-13.64;677.28
345.39;332.40;-12.99;677.79
347.90;331.55;-16.35;679.45
348.10;332.37;-15.73;680.47
347.52;332.02;-15.50;679.55
347.58;332.26;-15.32;679.85
347.32;331.26;-16.06;678.58
346.83;331.24;-15.59;678.06
346.61;332.01;-14.60;678.62
347.87;331.07;-16.80;678.94
347.43;331.02;-16.41;678.45
347.26;331.88;-15.38;679.14
347.55;330.81;-16.74;678.35
346.98;330.89;-16.09;677.86
346.60;332.19;-14.41;678.79
347.03;330.75;-16.28;677.78
347.60;332.76;-14.84;680.36
346.92;330.67;-16.25;677.59
347.62;330.73;-16.89;678.35
347.49;332.60;-14.89;680.09
346.64;331.44;-15.20;678.07
347.61;332.46;-15.15;680.07
347.09;332.42;-14.67;679.52
347.04;330.41;-16.63;677.45
346.85;332.21;-14.65;679.06
347.18;330.24;-16.94;677.41
347.02;330.21;-16.81;677.22
347.13;330.19;-16.94;677.32
347.06;331.62;-15.44;678.68
347.04;331.95;-15.09;678.98
346.99;332.08;-14.92;679.07
348.03;331.94;-16.09;679.97
346.96;331.41;-15.55;678.38
346.92;332.45;-14.47;679.36
346.82;331.74;-15.09;678.56
346.82;331.73;-15.09;678.55
346.89;331.77;-15.12;678.66
346.83;331.86;-14.96;678.69
346.72;329.74;-16.98;676.46
346.68;331.08;-15.61;677.76
346.65;332.60;-14.05;679.25
346.50;331.81;-14.69;678.31
346.37;332.17;-14.20;678.54
346.24;331.26;-14.98;677.50
347.39;331.11;-16.29;678.50
346.05;333.13;-12.92;679.18
346.01;331.90;-14.11;677.91
346.65;330.94;-15.72;677.59
347.49;332.07;-15.42;679.56
345.90;332.86;-13.04;678.76
347.67;332.07;-15.60;679.74
345.77;332.02;-13.75;677.79
347.90;330.66;-17.24;678.56
345.72;330.77;-14.95;676.49
345.65;332.01;-13.65;677.66
345.71;331.88;-13.83;677.58
347.71;331.54;-16.18;679.25
347.38;331.83;-15.55;679.21
347.66;331.41;-16.26;679.07
347.66;331.21;-16.46;678.87
346.39;331.33;-15.06;677.72
347.43;330.06;-17.37;677.49
347.44;331.27;-16.17;678.71
344.88;332.14;-12.74;677.02
347.00;332.22;-14.78;679.22
347.04;332.39;-14.65;679.44
346.76;330.81;-15.95;677.57
346.72;332.05;-14.68;678.77
347.33;332.58;-14.75;679.91
344.34;330.48;-13.86;674.82
346.38;331.81;-14.57;678.18
346.89;332.26;-14.63;679.15
347.36;332.30;-15.06;679.66
347.35;332.22;-15.13;679.58
347.21;330.34;-16.87;677.55
346.84;331.64;-15.21;678.48
346.77;332.08;-14.69;678.85
347.00;333.32;-13.68;680.32
346.86;331.92;-14.94;678.79
346.78;331.78;-15.00;678.55
347.48;332.42;-15.06;679.89
346.67;332.46;-14.21;679.13
346.61;331.63;-14.98;678.24
346.58;332.38;-14.20;678.95
346.45;329.40;-17.05;675.85
347.42;332.29;-15.12;679.71
347.28;332.21;-15.07;679.49
345.93;332.90;-13.03;678.83
346.02;331.89;-14.13;677.92
347.51;331.46;-16.05;678.97
345.72;330.82;-14.91;676.54
345.68;331.84;-13.85;677.52
347.37;331.55;-15.82;678.92
347.52;332.38;-15.14;679.90
347.66;332.12;-15.55;679.78
345.09;332.61;-12.48;677.69
346.74;329.76;-16.98;676.51
347.24;330.95;-16.28;678.19
346.71;330.85;-15.85;677.56
346.67;333.41;-13.26;680.08
346.82;333.28;-13.54;680.11
346.83;331.95;-14.88;678.78
346.83;330.70;-16.13;677.53
346.74;332.62;-14.12;679.36
348.82;331.28;-17.55;680.10
347.35;332.45;-14.90;679.79
347.19;331.39;-15.80;678.58
347.01;332.53;-14.48;679.54
346.88;332.34;-14.54;679.21
346.77;332.52;-14.25;679.29
347.56;331.70;-15.86;679.26
346.56;331.79;-14.77;678.35
346.57;332.65;-13.92;679.22
346.41;332.75;-13.66;679.16
346.28;332.48;-13.81;678.76
347.91;332.07;-15.84;679.98
347.16;332.08;-15.08;679.24
347.28;330.77;-16.51;678.05
346.41;331.91;-14.49;678.32
348.16;331.16;-16.99;679.32
348.45;331.74;-16.72;680.19
347.38;330.37;-17.01;677.75
347.44;330.19;-17.25;677.64
347.56;330.06;-17.50;677.62
346.74;333.05;-13.68;679.79
347.58;331.91;-15.67;679.48
346.86;331.06;-15.81;677.92
347.95;331.64;-16.31;679.59
346.58;331.56;-15.01;678.14
346.93;332.57;-14.36;679.50
346.88;330.49;-16.39;677.38
347.18;330.39;-16.79;677.56
347.16;330.35;-16.81;677.52
347.22;332.12;-15.11;679.34
347.89;332.30;-15.59;680.19
347.08;332.13;-14.95;679.21
346.97;331.81;-15.16;678.78
347.08;332.44;-14.64;679.52
347.02;332.18;-14.84;679.20
347.02;330.05;-16.98;677.07
346.25;331.48;-14.77;677.74
346.96;332.48;-14.48;679.45
346.64;332.00;-14.64;678.64
346.85;331.62;-15.22;678.47
346.80;331.65;-15.15;678.45
346.70;331.52;-15.18;678.22
346.55;332.11;-14.44;678.66
346.25;332.46;-13.78;678.71
347.17;329.25;-17.92;676.42
346.15;331.10;-15.05;677.25
348.42;331.79;-16.63;680.22
345.95;331.86;-14.09;677.81
345.80;331.50;-14.30;677.30
345.66;331.90;-13.76;677.56
347.84;331.32;-16.52;679.16
345.39;331.73;-13.66;677.12
345.32;331.59;-13.73;676.91
348.25;332.47;-15.78;680.72
347.74;331.43;-16.31;679.17
347.39;332.15;-15.24;679.54
345.04;333.15;-11.89;678.18
347.38;329.98;-17.40;677.36
347.25;330.93;-16.32;678.18
344.85;330.96;-13.88;675.81
344.64;331.81;-12.84;676.45
347.52;331.71;-15.81;679.24
346.64;332.45;-14.18;679.09
346.89;331.96;-14.94;678.85
346.61;333.32;-13.28;679.93
346.99;330.66;-16.33;677.65
346.85;330.42;-16.43;677.26
346.25;331.51;-14.74;677.76
346.66;331.29;-15.37;677.96
347.22;332.44;-14.78;679.66
346.34;330.99;-15.34;677.33
346.74;332.38;-14.36;679.12
346.71;332.08;-14.64;678.79
346.36;332.11;-14.25;678.47
346.11;333.00;-13.11;679.11
345.81;331.98;-13.83;677.79
347.64;331.56;-16.07;679.20
347.94;331.58;-16.36;679.52
347.51;332.75;-14.76;680.26
347.35;331.16;-16.19;678.52
347.14;332.62;-14.51;679.76
346.78;330.88;-15.91;677.66
347.59;333.35;-14.25;680.94
347.68;329.96;-17.72;677.64
347.49;332.44;-15.05;679.92
347.16;332.13;-15.03;679.29
347.89;329.96;-17.93;677.85
346.86;332.63;-14.24;679.49
346.48;331.56;-14.92;678.04
346.34;331.34;-15.01;677.68
346.22;331.22;-15.00;677.44
346.06;332.09;-13.97;678.15
345.90;332.19;-13.71;678.09
345.78;330.85;-14.92;676.63
345.61;333.35;-12.26;678.95
345.37;330.35;-15.02;675.72
347.44;331.37;-16.07;678.81
344.96;330.49;-14.47;675.45
347.22;332.33;-14.89;679.55
347.58;330.76;-16.82;678.34
346.42;332.42;-13.99;678.84
344.12;330.28;-13.84;674.39
346.76;332.41;-14.35;679.16
347.42;332.68;-14.75;680.10
346.21;331.05;-15.15;677.26
348.79;332.75;-16.04;681.55
345.29;331.55;-13.74;676.84
347.03;332.65;-14.38;679.68
347.25;331.19;-16.06;678.44
346.64;332.09;-14.55;678.74
346.69;332.75;-13.94;679.44
346.59;330.59;-15.99;677.18
346.60;332.20;-14.40;678.80
347.24;332.28;-14.96;679.52
346.87;331.61;-15.26;678.48
346.88;331.85;-15.02;678.73
346.54;330.43;-16.11;676.97
346.33;332.41;-13.92;678.74
346.04;331.55;-14.48;677.59
345.91;331.55;-14.36;677.46
348.31;331.68;-16.62;679.99
345.52;330.55;-14.97;676.08
346.70;331.54;-15.16;678.24
346.95;331.32;-15.63;678.28
347.25;330.95;-16.29;678.20
347.44;332.31;-15.12;679.75
347.47;330.56;-16.91;678.04
346.67;330.40;-16.27;677.07
346.82;332.31;-14.51;679.13
346.92;332.53;-14.39;679.45
346.78;331.79;-14.99;678.57
346.52;331.42;-15.09;677.94
346.16;332.31;-13.85;678.47
346.02;332.05;-13.97;678.08
345.68;331.85;-13.83;677.52
347.69;331.56;-16.14;679.25
347.12;332.68;-14.45;679.80
347.19;331.25;-15.94;678.45
347.48;331.75;-15.73;679.22
347.85;332.71;-15.15;680.56
347.07;330.61;-16.46;677.68
347.45;330.48;-16.97;677.92
347.40;330.28;-17.12;677.68
347.29;332.21;-15.08;679.49
346.22;330.01;-16.21;676.23
346.63;329.93;-16.70;676.56
346.75;332.49;-14.25;679.24
346.44;332.20;-14.24;678.64
346.23;332.46;-13.76;678.69
346.02;332.28;-13.74;678.31
345.76;332.54;-13.22;678.31
345.47;332.31;-13.16;677.78
345.28;331.34;-13.94;676.62
347.34;331.21;-16.12;678.55
347.76;330.97;-16.79;678.74
347.74;331.85;-15.88;679.59
347.46;330.41;-17.05;677.88
347.26;331.02;-16.24;678.29
348.13;332.00;-16.13;680.13
346.71;331.63;-15.08;678.34
346.38;331.31;-15.07;677.69
347.41;333.08;-14.33;680.48
345.85;331.85;-14.00;677.69
347.44;332.66;-14.78;680.10
347.75;331.45;-16.29;679.20
346.98;332.03;-14.95;679.01
347.33;333.05;-14.28;680.38
346.99;331.43;-15.56;678.42
347.38;332.27;-15.11;679.65
347.10;331.94;-15.16;679.04
346.67;332.28;-14.39;678.95
346.47;330.15;-16.32;676.62
348.41;330.99;-17.42;679.39
348.04;331.99;-16.05;680.04
346.80;331.68;-15.12;678.48
347.33;332.15;-15.18;679.48
346.59;331.97;-14.62;678.56
346.55;331.70;-14.85;678.25
347.56;331.84;-15.72;679.39
347.42;330.32;-17.09;677.74
347.18;330.86;-16.32;678.04
347.62;332.71;-14.92;680.33
346.53;332.30;-14.23;678.83
346.22;333.15;-13.06;679.37
346.02;330.95;-15.08;676.97
345.81;332.71;-13.09;678.52
347.61;330.64;-16.97;678.24
345.36;331.42;-13.94;676.79
345.04;331.16;-13.87;676.20
346.85;330.84;-16.01;677.69
346.74;332.54;-14.20;679.27
347.45;331.30;-16.15;678.75
347.29;330.89;-16.39;678.18
346.96;331.91;-15.06;678.87
345.69;332.43;-13.26;678.12
346.39;332.42;-13.96;678.81
347.33;331.05;-16.28;678.38
345.96;330.19;-15.76;676.15
345.77;330.59;-15.18;676.36
347.80;331.48;-16.32;679.28
347.36;331.41;-15.95;678.78
347.39;331.20;-16.19;678.59
347.02;331.16;-15.86;678.18
346.90;331.02;-15.88;677.92
346.39;330.83;-15.56;677.22
347.48;330.55;-16.94;678.03
346.82;331.30;-15.52;678.12
347.17;331.10;-16.07;678.27
345.94;332.85;-13.09;678.79
346.91;331.94;-14.97;678.84
346.66;331.68;-14.98;678.34
346.44;331.49;-14.95;677.92
346.27;332.40;-13.87;678.67
347.31;332.05;-15.25;679.36
345.75;331.85;-13.91;677.60
345.50;330.38;-15.12;675.88
347.53;332.35;-15.18;679.88
347.18;331.26;-15.92;678.44
347.11;332.33;-14.78;679.44
347.38;332.35;-15.04;679.73
347.58;330.72;-16.86;678.29
346.49;332.82;-13.66;679.31
347.22;331.86;-15.36;679.08
346.96;333.18;-13.78;680.15
346.74;332.94;-13.79;679.68
346.56;332.70;-13.86;679.26
347.70;331.51;-16.19;679.21
346.21;331.31;-14.91;677.52
346.02;332.01;-14.01;678.03
345.76;332.72;-13.04;678.48
345.55;332.50;-13.05;678.05
347.83;330.28;-17.55;678.11
345.19;332.12;-13.07;677.32
347.14;331.66;-15.48;678.81
346.53;331.53;-15.00;678.06
347.42;332.42;-15.00;679.85
347.90;331.02;-16.88;678.92
346.90;331.76;-15.14;678.66
346.61;332.11;-14.51;678.72
346.38;331.30;-15.08;677.68
347.83;331.09;-16.74;678.92
347.71;333.00;-14.71;680.71
347.92;331.96;-15.96;679.89
348.50;330.46;-18.04;678.96
345.24;332.09;-13.15;677.33
346.85;332.05;-14.81;678.90
346.84;331.76;-15.08;678.60
347.85;330.78;-17.07;678.62
347.45;330.51;-16.94;677.96
347.26;330.18;-17.08;677.44
347.13;332.04;-15.09;679.16
348.14;331.85;-16.29;679.99
346.83;333.78;-13.05;680.61
347.31;332.30;-15.01;679.61
346.26;331.14;-15.13;677.40
345.98;332.01;-13.96;677.99
347.75;331.91;-15.84;679.65
347.85;331.75;-16.10;679.59
346.69;331.65;-15.04;678.34
345.26;331.44;-13.82;676.69
347.89;331.21;-16.68;679.11
347.09;331.14;-15.96;678.23
347.19;330.91;-16.28;678.10
346.61;331.68;-14.93;678.28
347.39;332.44;-14.95;679.83
346.84;332.33;-14.51;679.16
346.85;331.95;-14.90;678.79
347.05;332.67;-14.38;679.72
346.78;332.82;-13.96;679.61
346.51;332.02;-14.49;678.53
347.20;332.45;-14.75;679.65
346.11;332.24;-13.87;678.35
345.95;332.15;-13.80;678.11
345.71;333.15;-12.56;678.86
345.56;332.59;-12.98;678.15
345.30;331.44;-13.86;676.74
344.96;331.11;-13.86;676.07
346.09;333.41;-12.69;679.50
346.53;330.76;-15.77;677.29
347.14;330.52;-16.62;677.66
346.46;332.39;-14.06;678.85
347.05;332.25;-14.80;679.31
347.04;332.93;-14.11;679.96
346.76;331.85;-14.91;678.61
346.43;331.39;-15.04;677.82
346.35;331.65;-14.69;678.00
347.29;332.42;-14.86;679.71
345.85;332.21;-13.65;678.06
346.65;332.01;-14.64;678.65
347.81;331.96;-15.85;679.76
345.57;333.09;-12.48;678.66
345.48;331.81;-13.66;677.29
347.55;331.62;-15.93;679.18
347.34;329.70;-17.64;677.04
345.17;332.76;-12.41;677.94
344.99;331.32;-13.67;676.32
344.92;331.16;-13.76;676.09
344.78;331.02;-13.76;675.81
347.26;330.79;-16.46;678.05
347.54;332.56;-14.97;680.10
346.92;332.25;-14.68;679.17
347.45;330.59;-16.86;678.05
346.16;330.57;-15.59;676.74
346.60;332.97;-13.63;679.57
347.09;332.65;-14.44;679.75
347.29;330.48;-16.81;677.77
347.48;332.33;-15.15;679.81
346.92;331.23;-15.69;678.15
347.27;331.06;-16.21;678.33
347.24;332.26;-14.98;679.50
346.96;332.13;-14.83;679.09
346.91;331.36;-15.54;678.27
348.78;331.82;-16.96;680.60
346.76;332.22;-14.54;678.98
346.31;331.58;-14.74;677.89
343.36;331.99;-11.37;675.35
346.47;331.43;-15.04;677.90
346.35;332.18;-14.16;678.53
348.50;331.35;-17.15;679.85
347.13;332.20;-14.93;679.33
345.93;330.88;-15.05;676.81
345.85;330.93;-14.92;676.78
347.54;331.89;-15.64;679.43
345.68;332.82;-12.86;678.49
347.51;333.79;-13.71;681.30
347.51;331.78;-15.73;679.29
345.49;333.13;-12.36;678.62
347.94;333.16;-14.77;681.10
347.25;332.37;-14.88;679.62
345.25;331.56;-13.68;676.81
346.72;330.19;-16.52;676.91
347.04;331.27;-15.77;678.31
347.26;331.37;-15.89;678.63
347.44;333.04;-14.40;680.47
347.08;332.02;-15.06;679.10
344.87;329.85;-15.02;674.72
347.12;330.99;-16.14;678.11
346.80;331.78;-15.02;678.58
346.97;330.19;-16.78;677.16
346.65;330.71;-15.94;677.36
346.95;332.66;-14.28;679.61
346.91;330.58;-16.34;677.49
347.28;333.28;-13.99;680.56
346.94;330.20;-16.74;677.14
347.85;332.24;-15.61;680.08
346.82;332.46;-14.36;679.28
346.78;332.24;-14.55;679.02
346.55;332.54;-14.02;679.09
346.44;331.36;-15.08;677.79
346.14;331.09;-15.05;677.23
347.13;330.85;-16.28;677.98
345.81;331.89;-13.92;677.71
345.40;331.63;-13.77;677.03
347.12;331.35;-15.76;678.47
346.11;331.98;-14.13;678.08
347.12;330.71;-16.41;677.82
347.09;332.46;-14.63;679.55
347.06;332.22;-14.84;679.28
347.05;333.29;-13.75;680.34
346.95;332.04;-14.91;678.99
346.87;331.86;-15.01;678.73
346.84;331.84;-15.00;678.67
346.55;331.84;-14.71;678.38
346.62;332.58;-14.04;679.20
346.36;332.32;-14.04;678.68
346.02;332.40;-13.62;678.42
345.99;331.92;-14.07;677.91
346.75;332.52;-14.23;679.28
345.45;331.52;-13.94;676.97
347.03;333.02;-14.01;680.05
347.19;332.91;-14.29;680.10
347.45;330.54;-16.92;677.99
346.45;330.45;-15.99;676.90
346.42;332.21;-14.21;678.62
346.96;332.03;-14.94;678.99
347.41;332.66;-14.75;680.07
346.55;332.76;-13.79;679.32
346.21;332.25;-13.96;678.46
345.89;330.91;-14.99;676.80
345.72;331.78;-13.95;677.50
348.56;333.43;-15.13;681.99
345.80;331.11;-14.69;676.91
347.31;331.10;-16.21;678.41
347.21;332.36;-14.85;679.57
345.98;332.39;-13.59;678.38
347.25;332.25;-15.00;679.49
346.84;330.94;-15.90;677.78
346.77;332.39;-14.38;679.16
346.52;332.74;-13.78;679.25
346.29;331.30;-14.99;677.59
346.05;331.60;-14.45;677.65
345.85;331.99;-13.86;677.85
347.21;331.64;-15.58;678.85
347.72;333.33;-14.39;681.05
344.93;331.11;-13.82;676.04
347.10;331.78;-15.32;678.88
347.48;331.49;-15.99;678.98
347.57;332.42;-15.15;679.99
346.89;332.24;-14.65;679.14
347.10;332.13;-14.97;679.23
346.74;332.41;-14.34;679.15
346.49;332.49;-14.00;678.99
346.41;332.20;-14.21;678.61
346.22;331.32;-14.90;677.54
345.95;332.18;-13.78;678.13
345.88;330.94;-14.94;676.81
346.96;331.87;-15.09;678.83
345.51;331.73;-13.78;677.24
345.36;331.64;-13.72;677.00
347.58;333.51;-14.08;681.09
346.85;330.99;-15.86;677.84
344.59;330.78;-13.81;675.36
347.41;330.47;-16.94;677.88
347.22;332.25;-14.97;679.48
346.94;329.80;-17.14;676.74
346.68;331.79;-14.89;678.48
348.75;331.41;-17.34;680.16
347.54;331.08;-16.46;678.61
347.48;331.54;-15.94;679.02
348.08;332.06;-16.02;680.14
345.67;331.15;-14.52;676.82
346.76;332.76;-13.99;679.52
345.19;332.05;-13.15;677.24
348.02;332.45;-15.57;680.46
347.75;330.89;-16.86;678.64
347.76;329.43;-18.34;677.19
347.29;332.46;-14.83;679.76
347.32;331.62;-15.70;678.94
347.27;332.22;-15.05;679.49
346.99;332.53;-14.46;679.52
346.75;332.32;-14.43;679.08
346.68;332.01;-14.68;678.69
346.46;331.38;-15.08;677.84
346.25;331.18;-15.06;677.43
346.14;331.21;-14.93;677.34
346.07;330.97;-15.10;677.04
347.12;329.61;-17.51;676.74
347.79;332.71;-15.09;680.50
347.70;331.51;-16.19;679.21
348.37;331.38;-16.99;679.75
346.67;330.12;-16.55;676.79
347.47;331.15;-16.32;678.62
347.22;331.19;-16.03;678.41
346.85;330.89;-15.96;677.75
347.74;332.19;-15.55;679.94
347.80;332.11;-15.69;679.91
347.45;330.65;-16.80;678.11
347.42;330.38;-17.04;677.81
347.19;332.21;-14.99;679.40
347.01;331.90;-15.11;678.91
346.79;330.54;-16.26;677.33
346.62;331.49;-15.13;678.11
346.31;332.14;-14.17;678.44
346.11;331.04;-15.06;677.15
345.82;331.86;-13.96;677.68
347.94;330.54;-17.41;678.48
346.32;332.39;-13.93;678.71
347.27;331.35;-15.92;678.62
347.22;332.05;-15.18;679.27
347.27;331.05;-16.22;678.32
347.82;330.72;-17.11;678.54
347.68;332.10;-15.58;679.78
347.41;330.26;-17.15;677.68
346.71;330.09;-16.61;676.80
346.99;330.02;-16.98;677.01
346.79;331.72;-15.08;678.51
348.14;329.45;-18.69;677.58
346.34;332.29;-14.05;678.62
346.04;331.08;-14.96;677.12
345.75;330.74;-15.02;676.49
345.57;330.47;-15.10;676.04
347.54;332.29;-15.25;679.82
348.18;331.02;-17.16;679.20
347.07;331.94;-15.13;679.01
347.03;332.54;-14.49;679.57
346.77;332.21;-14.56;678.98
347.02;332.61;-14.42;679.63
346.82;332.51;-14.32;679.33
346.49;332.22;-14.28;678.71
347.43;331.16;-16.27;678.59
348.00;331.71;-16.29;679.71
346.95;332.01;-14.95;678.96
348.35;331.61;-16.75;679.96
347.44;332.12;-15.32;679.56
348.17;331.14;-17.04;679.31
347.36;330.77;-16.59;678.13
346.69;330.47;-16.22;677.16
346.97;330.33;-16.64;677.30
346.95;332.01;-14.94;678.96
346.86;331.75;-15.11;678.61
346.53;332.30;-14.23;678.83
347.44;332.03;-15.41;679.47
346.10;332.19;-13.91;678.29
345.74;330.69;-15.05;676.42
346.78;331.63;-15.15;678.41
346.52;331.22;-15.29;677.74
346.28;331.14;-15.15;677.42
346.67;330.88;-15.79;677.55
346.96;330.82;-16.14;677.78
346.83;331.46;-15.36;678.29
347.46;332.80;-14.66;680.26
347.25;332.09;-15.16;679.34
346.75;332.04;-14.71;678.79
346.56;331.61;-14.95;678.16
346.38;331.34;-15.04;677.71
346.19;330.05;-16.15;676.24
347.18;331.36;-15.81;678.54
345.79;330.75;-15.05;676.54
347.47;330.49;-16.98;677.96
347.40;331.30;-16.10;678.70
347.42;332.04;-15.38;679.45
347.41;331.64;-15.77;679.05
347.56;331.51;-16.05;679.08
347.39;332.60;-14.79;679.99
347.16;332.09;-15.07;679.26
346.96;332.69;-14.27;679.65
346.78;331.82;-14.96;678.60
347.96;331.40;-16.56;679.36
346.28;331.99;-14.29;678.26
345.99;332.03;-13.96;678.02
347.79;331.91;-15.88;679.69
345.50;331.44;-14.06;676.94
347.61;332.61;-15.01;680.22
347.41;330.89;-16.52;678.31
347.77;330.65;-17.12;678.42
346.39;331.25;-15.15;677.64
347.25;332.89;-14.36;680.14
346.98;331.84;-15.14;678.81
346.59;332.61;-13.98;679.20
346.26;332.21;-14.05;678.47
347.19;332.11;-15.08;679.31
345.73;330.62;-15.11;676.35
347.24;331.52;-15.71;678.76
345.18;330.20;-14.98;675.38
347.15;331.02;-16.13;678.16
347.65;332.68;-14.98;680.33
347.48;332.61;-14.88;680.09
347.35;332.08;-15.27;679.44
346.96;332.39;-14.58;679.35
346.60;332.22;-14.38;678.82
346.24;331.86;-14.38;678.09
347.73;332.18;-15.55;679.91
347.15;331.95;-15.20;679.11
345.55;331.59;-13.95;677.14
347.45;332.57;-14.88;680.02
347.81;331.98;-15.84;679.79
347.52;332.35;-15.18;679.87
347.32;332.02;-15.29;679.34
347.49;330.40;-17.09;677.89
347.16;332.08;-15.08;679.24
346.92;332.91;-14.01;679.83
346.73;331.86;-14.87;678.59
348.08;332.32;-15.76;680.40
346.38;331.70;-14.68;678.08
348.04;330.99;-17.05;679.02
345.84;331.79;-14.05;677.64
345.49;331.66;-13.83;677.16
345.28;332.90;-12.38;678.18
346.94;331.32;-15.62;678.25
347.41;331.14;-16.27;678.55
344.64;331.70;-12.94;676.34
346.91;330.66;-16.25;677.57
346.67;330.51;-16.16;677.18
347.24;332.30;-14.94;679.54
347.11;332.02;-15.08;679.13
346.88;330.69;-16.19;677.56
346.72;332.02;-14.69;678.74
346.49;331.50;-14.99;677.99
346.23;332.00;-14.23;678.23
346.12;332.35;-13.78;678.47
345.82;332.71;-13.11;678.52
347.49;331.69;-15.80;679.19
346.65;330.35;-16.30;676.99
347.92;332.78;-15.14;680.69
347.26;332.46;-14.79;679.72
347.88;332.35;-15.53;680.24
347.21;330.67;-16.54;677.88
346.89;330.54;-16.35;677.42
347.25;330.22;-17.03;677.48
346.41;329.88;-16.53;676.29
347.96;330.63;-17.33;678.59
346.58;331.60;-14.98;678.18
346.42;332.48;-13.95;678.90
346.21;332.16;-14.05;678.38
346.00;332.09;-13.91;678.09
347.94;331.27;-16.66;679.21
347.75;331.76;-15.99;679.52
345.41;332.18;-13.23;677.58
347.08;331.98;-15.10;679.06
346.95;331.04;-15.91;677.99
346.86;330.71;-16.16;677.57
347.49;332.16;-15.33;679.65
347.30;330.09;-17.21;677.39
347.04;332.08;-14.96;679.11
346.78;331.66;-15.12;678.45
346.56;332.51;-14.05;679.06
348.21;332.28;-15.93;680.48
346.11;330.89;-15.22;677.01
345.71;331.81;-13.90;677.52
345.47;331.67;-13.80;677.14
345.22;330.19;-15.04;675.41
347.49;331.17;-16.32;678.66
346.82;332.31;-14.51;679.12
346.82;331.78;-15.04;678.61
347.46;331.66;-15.80;679.12
346.99;333.05;-13.95;680.04
346.91;332.96;-13.94;679.87
346.59;332.58;-14.01;679.17
348.37;332.49;-15.88;680.86
346.05;331.01;-15.04;677.06
347.67;332.78;-14.89;680.45
346.52;331.65;-14.87;678.16
348.01;331.39;-16.62;679.41
347.09;330.74;-16.35;677.82
347.49;331.05;-16.44;678.54
347.81;332.13;-15.68;679.94
346.72;331.29;-15.42;678.01
346.53;331.72;-14.81;678.25
347.08;331.33;-15.75;678.41
346.67;329.63;-17.04;676.30
346.40;331.34;-15.06;677.74
346.11;331.05;-15.06;677.16
345.90;332.57;-13.33;678.47
347.38;332.65;-14.74;680.03
345.19;331.37;-13.82;676.56
347.00;331.12;-15.88;678.12
344.60;330.85;-13.75;675.45
347.41;332.45;-14.95;679.86
347.22;331.92;-15.31;679.14
346.89;331.69;-15.19;678.58
347.88;333.39;-14.48;681.27
347.03;332.02;-15.01;679.05
346.07;331.71;-14.36;677.78
345.78;331.96;-13.82;677.74
345.64;331.76;-13.88;677.41
345.36;330.24;-15.12;675.60
346.92;330.96;-15.96;677.89
347.09;330.82;-16.27;677.91
347.40;332.51;-14.89;679.91
347.31;330.18;-17.13;677.48
346.95;332.44;-14.52;679.39
346.64;333.59;-13.05;680.23
346.39;331.95;-14.44;678.34
346.07;332.81;-13.26;678.88
345.75;330.76;-14.99;676.51
345.62;332.65;-12.98;678.27
346.59;331.44;-15.15;678.02
348.09;331.72;-16.38;679.81
347.75;332.74;-15.01;680.49
347.56;330.54;-17.02;678.11
347.21;331.15;-16.06;678.36
347.11;331.76;-15.35;678.87
346.57;331.64;-14.93;678.21
346.32;331.82;-14.51;678.14
346.12;331.60;-14.52;677.72
347.73;331.88;-15.85;679.61
346.90;331.80;-15.10;678.70
345.38;330.36;-15.01;675.74
347.38;330.16;-17.22;677.54
347.82;329.79;-18.04;677.61
347.64;330.71;-16.93;678.35
347.57;330.66;-16.91;678.23
347.49;330.55;-16.94;678.05
346.54;330.22;-16.31;676.76
347.04;332.46;-14.58;679.49
346.86;332.34;-14.52;679.21
346.61;332.41;-14.20;679.01
347.74;332.02;-15.72;679.76
346.26;331.85;-14.41;678.12
345.99;330.95;-15.04;676.95
347.52;330.68;-16.85;678.20
345.48;333.15;-12.32;678.63
348.05;331.33;-16.72;679.38
347.26;331.04;-16.23;678.30
347.03;332.15;-14.88;679.18
347.66;330.44;-17.22;678.11
347.36;330.32;-17.05;677.68
347.24;332.27;-14.97;679.51
346.78;331.94;-14.84;678.72
346.82;332.35;-14.48;679.17
346.54;331.60;-14.94;678.14
346.37;332.44;-13.94;678.81
346.03;331.79;-14.24;677.82
345.79;331.86;-13.94;677.65
345.55;331.61;-13.94;677.16
347.31;330.18;-17.13;677.49
348.02;330.02;-17.99;678.04
347.76;331.74;-16.02;679.50
346.48;330.65;-15.82;677.13
347.61;330.28;-17.33;677.88
346.44;330.19;-16.25;676.62
347.01;331.39;-15.62;678.41
347.65;331.98;-15.67;679.62
346.68;332.25;-14.43;678.94
346.49;332.54;-13.95;679.03
346.24;331.24;-15.01;677.48
346.05;330.91;-15.14;676.96
345.74;332.53;-13.21;678.26
345.52;331.63;-13.89;677.15
345.25;331.28;-13.96;676.53
347.64;331.02;-16.61;678.66
347.32;331.69;-15.63;679.01
346.36;331.42;-14.94;677.78
347.25;330.46;-16.79;677.71
347.31;330.22;-17.09;677.52
346.96;332.12;-14.85;679.08
346.88;330.68;-16.21;677.56
346.65;332.32;-14.33;678.96
346.39;330.68;-15.71;677.08
347.24;332.29;-14.94;679.53
345.72;331.81;-13.91;677.53
345.51;330.47;-15.04;675.98
346.45;332.19;-14.26;678.64
346.92;331.95;-14.96;678.87
344.62;332.12;-12.51;676.74
347.41;330.34;-17.07;677.75
347.16;330.21;-16.95;677.38
347.09;331.95;-15.14;679.05
346.68;332.13;-14.55;678.81
347.65;331.89;-15.76;679.54
347.87;331.62;-16.25;679.49
345.78;331.78;-14.01;677.56
345.56;331.66;-13.90;677.23
347.20;330.23;-16.97;677.43
347.50;331.18;-16.32;678.68
347.77;331.05;-16.72;678.82
344.52;330.70;-13.82;675.22
347.52;331.78;-15.74;679.29
346.55;332.34;-14.21;678.88
347.14;332.03;-15.11;679.17
346.86;329.82;-17.04;676.68
347.38;332.19;-15.18;679.57
346.35;331.38;-14.97;677.74
346.18;331.65;-14.53;677.82
345.86;331.86;-14.00;677.72
345.59;331.68;-13.92;677.27
345.28;332.20;-13.08;677.48
347.62;332.51;-15.11;680.12
347.91;330.99;-16.92;678.90
347.75;330.67;-17.08;678.42
347.51;332.40;-15.11;679.91
347.19;332.02;-15.17;679.21
346.93;331.14;-15.79;678.07
346.67;331.54;-15.14;678.21
347.58;332.37;-15.21;679.95
348.13;332.33;-15.80;680.46
347.56;330.86;-16.70;678.42
347.75;331.66;-16.08;679.41
347.66;331.75;-15.92;679.41
347.79;331.46;-16.33;679.25
347.74;332.20;-15.54;679.94
347.16;332.41;-14.75;679.58
347.80;329.71;-18.09;677.51
347.02;332.52;-14.49;679.54
347.38;330.53;-16.85;677.91
347.04;331.98;-15.06;679.02
346.92;329.95;-16.98;676.87
348.21;331.81;-16.40;680.02
348.11;332.16;-15.94;680.27
346.32;332.41;-13.92;678.73
346.08;331.84;-14.24;677.91
347.54;332.09;-15.45;679.64
348.31;332.84;-15.47;681.15
347.58;332.81;-14.78;680.39
347.75;329.52;-18.23;677.28
347.33;332.47;-14.86;679.80
347.66;332.45;-15.22;680.11
346.78;330.62;-16.16;677.40
347.11;332.42;-14.69;679.53
347.18;330.20;-16.98;677.38
346.32;331.99;-14.32;678.31
347.71;332.95;-14.76;680.65
346.57;331.89;-14.68;678.46
346.35;331.19;-15.16;677.54
347.83;330.90;-16.93;678.73
345.86;331.76;-14.10;677.63
348.09;331.19;-16.90;679.29
347.64;332.25;-15.39;679.88
348.25;331.30;-16.95;679.55
347.88;331.06;-16.82;678.94
347.82;331.73;-16.09;679.55
346.67;332.51;-14.16;679.18
347.42;331.75;-15.67;679.18
347.19;331.90;-15.29;679.09
348.25;331.72;-16.53;679.98
346.40;331.46;-14.94;677.86
346.26;332.04;-14.22;678.30
346.01;331.90;-14.11;677.91
345.74;331.81;-13.93;677.54
347.37;331.65;-15.72;679.02
347.05;332.21;-14.84;679.26
347.46;332.81;-14.65;680.27
346.89;330.70;-16.19;677.59
347.51;332.42;-15.08;679.93
347.21;332.26;-14.94;679.47
347.06;332.06;-15.01;679.12
346.77;332.01;-14.76;678.78
346.67;332.08;-14.59;678.75
347.52;332.29;-15.24;679.81
346.06;332.25;-13.81;678.32
345.89;331.72;-14.16;677.61
347.58;331.78;-15.81;679.36
347.32;331.52;-15.80;678.84
345.13;331.89;-13.24;677.02
347.97;331.01;-16.96;678.98
346.84;332.38;-14.46;679.22
346.82;331.35;-15.47;678.18
347.41;331.78;-15.63;679.19
347.20;332.07;-15.13;679.27
346.82;332.43;-14.39;679.25
346.74;331.76;-14.98;678.51
346.57;332.09;-14.48;678.66
348.11;331.27;-16.84;679.38
346.84;330.91;-15.92;677.75
345.69;331.85;-13.84;677.54
347.36;331.48;-15.88;678.84
347.42;331.21;-16.22;678.63
346.71;331.02;-15.69;677.73
347.41;329.54;-17.88;676.95
347.41;332.18;-15.24;679.59
347.02;330.03;-16.99;677.05
346.93;331.72;-15.21;678.65
346.59;333.41;-13.18;679.99
346.27;331.19;-15.08;677.46
347.23;332.27;-14.96;679.50
345.73;331.69;-14.04;677.42
347.20;331.81;-15.39;679.01
347.65;330.34;-17.32;677.99
347.26;331.21;-16.05;678.47
346.75;331.12;-15.63;677.88
347.08;332.41;-14.68;679.49
346.97;330.63;-16.34;677.60
347.34;331.22;-16.12;678.56
346.53;330.92;-15.61;677.45
346.91;333.02;-13.89;679.94
347.76;332.54;-15.22;680.31
346.39;332.06;-14.33;678.46
346.18;331.59;-14.59;677.77
348.11;330.76;-17.34;678.87
345.64;330.62;-15.01;676.26
347.27;330.19;-17.08;677.46
347.48;331.16;-16.32;678.64
347.17;330.99;-16.18;678.16
346.81;332.55;-14.26;679.35
346.62;331.27;-15.35;677.89
346.69;330.15;-16.54;676.84
346.97;332.02;-14.95;678.99
346.64;331.71;-14.93;678.34
346.53;332.05;-14.48;678.58
346.31;332.49;-13.82;678.81
347.38;332.07;-15.31;679.45
345.90;331.99;-13.91;677.89
345.58;331.75;-13.82;677.33
345.24;331.22;-14.02;676.46
347.18;332.51;-14.67;679.68
347.49;332.41;-15.08;679.89
347.69;332.76;-14.93;680.46
347.39;332.29;-15.11;679.68
346.03;331.91;-14.12;677.94
347.08;331.56;-15.51;678.64
346.79;331.45;-15.34;678.24
347.74;331.38;-16.35;679.12
346.27;332.98;-13.29;679.25
347.68;330.78;-16.89;678.46
346.70;330.82;-15.88;677.52
347.33;331.54;-15.79;678.87
347.19;331.22;-15.97;678.42
347.06;331.09;-15.98;678.15
347.08;332.64;-14.44;679.72
346.85;331.45;-15.41;678.30
346.71;332.42;-14.29;679.14
347.11;332.18;-14.92;679.29
346.99;332.89;-14.10;679.89
346.03;332.82;-13.21;678.85
346.42;331.34;-15.09;677.76
346.15;332.12;-14.04;678.27
345.94;332.11;-13.83;678.05
345.79;332.84;-12.96;678.63
346.98;331.69;-15.28;678.67
346.67;332.04;-14.63;678.71
347.45;331.28;-16.16;678.73
347.29;332.32;-14.97;679.61
347.13;330.66;-16.47;677.79
344.32;332.51;-11.82;676.83
347.37;333.55;-13.82;680.92
347.03;331.99;-15.04;679.02
346.85;331.70;-15.15;678.55
346.66;331.64;-15.02;678.29
346.44;331.89;-14.54;678.33
346.29;331.39;-14.90;677.68
347.52;330.93;-16.59;678.45
347.56;332.71;-14.85;680.27
347.46;331.66;-15.80;679.13
347.58;331.42;-16.16;679.00
346.32;331.14;-15.18;677.45
347.72;331.74;-15.98;679.45
347.47;331.41;-16.06;678.88
347.44;330.31;-17.14;677.75
347.25;332.03;-15.22;679.28
346.10;331.94;-14.16;678.04
346.51;331.75;-14.76;678.25
346.35;332.42;-13.94;678.77
346.14;332.22;-13.92;678.36
347.21;331.99;-15.22;679.19
345.57;331.08;-14.49;676.65
347.90;331.49;-16.41;679.39
345.12;331.24;-13.88;676.35
347.34;333.58;-13.75;680.92
346.79;330.81;-15.98;677.60
346.64;332.49;-14.15;679.14
347.43;330.46;-16.97;677.89
347.23;331.00;-16.23;678.23
346.74;332.14;-14.60;678.87
346.89;331.92;-14.96;678.81
347.65;332.18;-15.48;679.83
346.56;331.49;-15.07;678.06
346.28;331.98;-14.30;678.25
346.12;331.00;-15.12;677.12
345.86;330.75;-15.11;676.61
345.68;330.54;-15.14;676.21
348.35;332.40;-15.95;680.75
347.99;332.32;-15.67;680.32
347.17;330.86;-16.31;678.04
347.62;331.01;-16.61;678.64
347.12;330.88;-16.24;677.99
347.69;332.66;-15.02;680.35
347.35;332.48;-14.88;679.83
346.48;332.64;-13.84;679.11
346.75;332.50;-14.25;679.25
346.61;329.82;-16.78;676.43
347.65;332.70;-14.95;680.35
346.26;332.35;-13.91;678.62
346.15;332.02;-14.13;678.18
346.63;333.47;-13.16;680.10
345.69;330.56;-15.13;676.26
347.76;331.52;-16.24;679.28
345.19;331.21;-13.98;676.39
346.98;329.84;-17.14;676.82
347.51;332.21;-15.30;679.72
347.52;332.67;-14.85;680.19
347.41;330.49;-16.91;677.90
347.34;332.32;-15.02;679.65
348.14;333.03;-15.11;681.17
346.86;331.74;-15.12;678.61
346.76;331.52;-15.25;678.28
346.46;331.56;-14.90;678.02
346.24;332.56;-13.68;678.81
346.11;333.21;-12.89;679.32
345.82;331.77;-14.05;677.59
345.68;330.62;-15.06;676.29
347.84;331.60;-16.24;679.44
347.02;333.29;-13.72;680.31
346.97;331.35;-15.62;678.32
344.92;333.05;-11.88;677.97
347.00;333.35;-13.65;680.35
347.44;332.38;-15.06;679.81
347.26;332.55;-14.72;679.81
347.19;331.69;-15.51;678.88
347.19;331.99;-15.20;679.18
348.60;332.45;-16.15;681.05
346.76;332.12;-14.64;678.88
346.47;331.45;-15.02;677.92
347.02;332.42;-14.61;679.44
347.12;330.94;-16.18;678.05
346.83;330.81;-16.02;677.64
345.55;331.79;-13.76;677.34
348.34;331.63;-16.71;679.96
345.23;332.66;-12.56;677.89
347.74;331.82;-15.92;679.55
344.49;330.62;-13.88;675.11
347.04;331.31;-15.73;678.34
346.69;332.66;-14.03;679.36
346.92;333.09;-13.84;680.01
345.99;331.81;-14.19;677.80
347.59;331.54;-16.05;679.13
346.99;330.96;-16.03;677.96
347.28;330.80;-16.48;678.08
346.86;330.50;-16.36;677.36
346.35;332.53;-13.82;678.88
346.83;331.74;-15.09;678.57
346.31;331.18;-15.12;677.49
345.89;331.88;-14.01;677.77
345.41;332.26;-13.14;677.67
347.34;332.27;-15.06;679.61
347.64;332.39;-15.25;680.04
346.99;332.56;-14.42;679.55
346.77;332.79;-13.98;679.56
346.44;331.26;-15.17;677.70
346.05;331.89;-14.15;677.94
345.57;330.87;-14.70;676.44
347.50;332.48;-15.02;679.98
344.59;330.55;-14.04;675.14
347.23;332.50;-14.73;679.73
346.72;332.72;-14.01;679.44
346.29;332.43;-13.86;678.72
345.89;330.80;-15.09;676.69
347.72;331.78;-15.95;679.50
347.16;331.44;-15.72;678.59
345.08;331.02;-14.06;676.09
347.25;332.01;-15.25;679.26
347.25;332.16;-15.09;679.41
347.41;330.58;-16.84;677.99
347.38;333.03;-14.35;680.41
346.81;332.15;-14.66;678.95
346.87;332.06;-14.81;678.94
346.73;331.72;-15.01;678.45
346.17;331.36;-14.81;677.54
346.28;332.30;-13.98;678.58
346.04;332.81;-13.23;678.85
345.66;332.61;-13.05;678.27
345.42;331.48;-13.94;676.91
347.41;331.24;-16.17;678.65
346.71;332.88;-13.83;679.59
347.15;330.76;-16.39;677.91
346.68;332.00;-14.68;678.68
347.06;332.38;-14.68;679.45
346.84;333.09;-13.75;679.92
346.91;332.09;-14.81;679.00
346.26;332.39;-13.88;678.65
346.47;331.89;-14.58;678.36
346.29;330.99;-15.30;677.28
347.21;330.92;-16.29;678.13
347.02;331.98;-15.04;678.99
347.58;332.56;-15.02;680.14
347.38;332.22;-15.16;679.59
347.67;332.68;-14.99;680.35
347.14;331.00;-16.14;678.14
347.71;332.54;-15.18;680.25
347.64;332.51;-15.13;680.14
347.18;332.94;-14.25;680.12
346.62;331.85;-14.78;678.47
346.74;331.71;-15.02;678.45
346.44;331.43;-15.01;677.86
346.13;331.12;-15.01;677.25
347.21;330.90;-16.31;678.11
345.66;331.83;-13.83;677.49
346.60;331.48;-15.12;678.08
346.96;331.01;-15.96;677.97
344.94;329.89;-15.05;674.84
346.85;332.02;-14.84;678.87
347.30;331.58;-15.72;678.88
346.49;330.17;-16.32;676.66
346.91;331.92;-14.99;678.83
346.38;331.80;-14.58;678.18
346.59;332.61;-13.98;679.21
346.22;331.23;-14.99;677.45
347.36;331.04;-16.32;678.40
345.96;332.06;-13.90;678.03
345.82;332.81;-13.01;678.63
345.59;332.60;-12.99;678.19
345.33;331.32;-14.01;676.65
347.42;332.96;-14.46;680.39
346.64;331.74;-14.90;678.38
347.11;331.66;-15.44;678.77
347.55;332.52;-15.03;680.06
347.21;332.15;-15.06;679.36
347.99;332.28;-15.71;680.26
346.64;331.64;-15.01;678.28
347.99;331.98;-16.02;679.97
346.22;331.18;-15.04;677.41
346.13;332.78;-13.35;678.91
347.48;331.91;-15.58;679.39
347.53;331.43;-16.10;678.96
347.36;330.06;-17.30;677.43
347.84;332.42;-15.42;680.26
347.14;332.74;-14.41;679.88
347.34;332.43;-14.91;679.77
346.45;332.65;-13.80;679.09
346.79;331.82;-14.98;678.61
346.53;331.52;-15.01;678.05
346.28;331.18;-15.10;677.45
347.11;332.15;-14.96;679.25
347.08;330.65;-16.42;677.73
345.52;332.48;-13.04;678.00
347.26;333.30;-13.96;680.56
347.52;332.96;-14.56;680.49
347.01;332.24;-14.77;679.24
347.34;332.22;-15.11;679.56
347.32;332.16;-15.16;679.48
346.88;329.91;-16.97;676.78
346.71;331.66;-15.05;678.38
346.05;332.68;-13.36;678.73
347.05;330.53;-16.52;677.58
347.88;332.02;-15.85;679.90
346.81;331.91;-14.89;678.72
347.38;331.71;-15.68;679.09
347.11;331.54;-15.57;678.65
348.29;331.14;-17.15;679.42
346.99;332.42;-14.57;679.41
344.54;332.53;-12.01;677.07
346.36;332.49;-13.87;678.85
345.82;332.89;-12.92;678.71
347.16;330.89;-16.28;678.05
347.05;331.83;-15.22;678.88
346.87;332.87;-14.00;679.74
346.69;331.62;-15.07;678.32
346.38;332.40;-13.98;678.78
346.22;331.19;-15.02;677.41
345.93;332.09;-13.84;678.02
345.72;331.92;-13.80;677.64
347.21;331.62;-15.59;678.82
347.33;331.39;-15.94;678.72
346.92;332.08;-14.84;679.00
344.84;333.04;-11.80;677.87
347.63;330.67;-16.96;678.30
347.42;332.89;-14.53;680.31
346.38;332.34;-14.04;678.72
346.22;330.82;-15.41;677.04
346.91;331.82;-15.08;678.73
346.42;331.36;-15.05;677.78
346.21;331.16;-15.05;677.37
346.11;333.04;-13.06;679.15
345.85;331.25;-14.59;677.10
347.22;331.61;-15.61;678.83
347.20;331.30;-15.90;678.50
347.98;330.98;-17.00;678.96
346.86;332.76;-14.10;679.62
347.44;332.29;-15.15;679.74
347.24;330.08;-17.16;677.32
346.96;331.95;-15.01;678.92
346.78;332.09;-14.69;678.86
346.45;332.01;-14.44;678.46
346.29;332.92;-13.37;679.22
345.95;330.94;-15.01;676.89
347.47;331.91;-15.56;679.38
345.40;331.66;-13.74;677.06
347.68;333.46;-14.22;681.14
347.80;333.08;-14.72;680.88
347.48;331.01;-16.47;678.49
344.69;332.96;-11.72;677.65
347.56;332.59;-14.97;680.15
344.22;332.36;-11.85;676.58
344.07;333.41;-10.66;677.48
347.91;330.01;-17.90;677.92
346.89;331.95;-14.95;678.84
346.69;332.88;-13.81;679.57
346.46;332.54;-13.92;679.00
346.22;332.39;-13.84;678.61
346.02;332.14;-13.89;678.16
345.75;332.74;-13.01;678.49
345.47;331.53;-13.94;677.00
345.26;332.28;-12.98;677.54
347.42;333.11;-14.31;680.52
347.23;330.93;-16.30;678.16
347.45;330.64;-16.81;678.08
347.34;332.54;-14.81;679.88
347.25;333.62;-13.63;680.86
346.92;329.98;-16.95;676.90
346.92;332.96;-13.96;679.88
346.73;332.78;-13.95;679.51
347.34;331.42;-15.91;678.76
346.29;331.16;-15.13;677.46
347.30;330.86;-16.44;678.16
345.89;332.04;-13.85;677.92
346.95;332.56;-14.39;679.51
346.68;330.38;-16.30;677.06
346.52;333.20;-13.32;679.72
347.49;331.97;-15.52;679.46
346.87;333.02;-13.85;679.89
347.05;332.72;-14.32;679.77
346.92;332.02;-14.91;678.94
347.19;331.28;-15.91;678.46
346.86;332.15;-14.71;679.02
347.08;333.12;-13.96;680.19
346.82;331.94;-14.88;678.76
346.70;330.51;-16.19;677.21
346.50;331.44;-15.06;677.94
346.07;332.55;-13.52;678.62
346.14;330.94;-15.21;677.08
347.14;331.18;-15.96;678.31
348.63;331.65;-16.98;680.28
345.16;331.31;-13.85;676.47
346.75;331.05;-15.69;677.80
347.73;330.85;-16.88;678.58
347.43;332.19;-15.24;679.62
347.35;332.23;-15.12;679.58
347.09;332.03;-15.06;679.12
346.91;330.61;-16.30;677.51
346.58;331.47;-15.11;678.05
347.60;332.45;-15.15;680.05
346.15;332.02;-14.14;678.17
345.91;332.19;-13.72;678.09
345.59;331.79;-13.81;677.38
346.06;331.56;-14.50;677.63
345.17;333.56;-11.61;678.74
347.48;331.28;-16.21;678.76
347.12;330.96;-16.16;678.09
347.29;332.24;-15.05;679.54
347.74;332.73;-15.01;680.47
347.51;332.36;-15.15;679.86
347.32;332.29;-15.03;679.62
347.27;333.27;-14.00;680.54
346.99;331.72;-15.27;678.72
346.72;331.64;-15.08;678.35
346.47;331.90;-14.57;678.37
346.10;332.09;-14.01;678.19
345.80;332.08;-13.72;677.88
347.52;331.86;-15.65;679.38
345.42;331.55;-13.88;676.97
347.39;332.99;-14.41;680.38
347.39;330.92;-16.48;678.31
347.12;332.60;-14.52;679.72
347.26;332.39;-14.87;679.66
346.84;331.98;-14.86;678.82
346.84;331.99;-14.85;678.83
346.56;332.82;-13.74;679.38
346.34;332.24;-14.10;678.58
346.05;330.94;-15.12;676.99
345.69;331.83;-13.86;677.52
346.59;331.61;-14.99;678.20
345.17;332.91;-12.26;678.08
347.57;332.01;-15.56;679.58
344.82;330.48;-14.34;675.29
346.72;332.72;-14.01;679.44
347.48;332.72;-14.76;680.19
346.92;329.99;-16.93;676.92
346.20;332.59;-13.61;678.79
346.59;332.54;-14.05;679.12
346.39;332.46;-13.93;678.85
347.42;332.30;-15.12;679.72
345.82;332.10;-13.72;677.92
345.59;330.53;-15.06;676.12
347.84;330.32;-17.52;678.16
347.39;331.28;-16.11;678.67
346.58;333.49;-13.09;680.08
347.62;333.54;-14.08;681.16
347.29;332.09;-15.20;679.38
347.29;332.19;-15.11;679.48
346.99;331.94;-15.05;678.94
346.64;332.61;-14.04;679.25
347.26;332.62;-14.65;679.88
346.22;332.45;-13.77;678.68
346.02;332.04;-13.98;678.06
345.85;331.92;-13.93;677.78
346.74;330.49;-16.25;677.23
345.46;331.69;-13.78;677.15
346.83;332.12;-14.71;678.95
346.86;331.12;-15.74;677.99
347.01;330.81;-16.20;677.81
347.19;330.01;-17.18;677.21
347.26;332.27;-14.99;679.54
346.90;331.94;-14.96;678.84
345.94;332.94;-13.01;678.88
346.48;331.59;-14.88;678.07
346.28;331.22;-15.06;677.49
346.11;331.99;-14.12;678.09
345.72;330.66;-15.06;676.38
345.51;330.45;-15.05;675.96
347.24;331.31;-15.92;678.55
347.27;331.19;-16.08;678.46
347.28;331.79;-15.48;679.07
347.14;332.55;-14.58;679.69
347.37;331.60;-15.77;678.97
346.61;332.45;-14.16;679.06
347.27;332.11;-15.16;679.38
346.82;332.55;-14.26;679.37
346.88;333.09;-13.79;679.97
346.58;331.45;-15.14;678.03
346.39;331.91;-14.48;678.30
346.19;331.22;-14.97;677.42
346.01;331.70;-14.31;677.71
345.77;330.79;-14.98;676.56
348.28;330.53;-17.75;678.81
347.63;331.31;-16.32;678.94
346.28;331.25;-15.03;677.52
346.71;330.95;-15.76;677.66
347.66;330.76;-16.91;678.42
347.71;330.52;-17.18;678.23
346.34;331.22;-15.12;677.55
347.05;332.11;-14.94;679.15
347.02;331.91;-15.12;678.93
346.74;332.70;-14.04;679.44
346.56;332.28;-14.28;678.85
346.41;331.45;-14.95;677.86
346.33;332.34;-13.99;678.66
348.10;332.26;-15.84;680.36
348.84;332.15;-16.69;680.99
347.44;332.64;-14.81;680.08
345.52;332.43;-13.09;677.95
347.19;330.25;-16.94;677.44
344.96;331.11;-13.85;676.08
344.79;330.95;-13.85;675.74
345.95;330.64;-15.32;676.59
346.58;332.42;-14.16;678.99
347.13;330.24;-16.89;677.36
346.78;331.72;-15.06;678.49
346.54;331.71;-14.82;678.25
346.59;331.44;-15.15;678.03
346.35;331.29;-15.06;677.65
347.69;332.28;-15.41;679.98
345.75;331.95;-13.80;677.69
345.48;332.49;-12.99;677.97
346.04;332.39;-13.65;678.44
344.96;331.82;-13.14;676.79
346.85;332.21;-14.64;679.06
347.01;330.59;-16.41;677.60
346.85;332.45;-14.40;679.29
347.19;332.71;-14.49;679.90
346.66;331.86;-14.79;678.52
346.58;332.78;-13.79;679.36
346.17;331.34;-14.84;677.51
346.09;330.84;-15.25;676.92
346.87;330.56;-16.31;677.43
345.45;330.34;-15.11;675.78
345.09;331.21;-13.88;676.30
346.99;332.62;-14.37;679.62
346.84;332.01;-14.83;678.85
347.38;332.42;-14.96;679.81
346.32;330.99;-15.33;677.32
347.97;332.83;-15.14;680.80
346.68;331.55;-15.12;678.23
346.43;331.25;-15.18;677.68
346.07;331.49;-14.58;677.56
345.84;330.73;-15.11;676.57
347.10;330.43;-16.67;677.53
347.29;330.08;-17.21;677.36
347.29;331.21;-16.08;678.51
347.12;330.86;-16.25;677.98
346.89;332.23;-14.66;679.12
346.29;332.23;-14.06;678.52
346.86;330.85;-16.02;677.71
346.81;331.78;-15.03;678.59
346.60;331.45;-15.15;678.05
346.26;333.12;-13.14;679.38
346.14;331.09;-15.05;677.22
345.81;330.84;-14.98;676.65
345.68;330.61;-15.06;676.29
347.45;331.61;-15.84;679.06
347.08;331.35;-15.73;678.42
347.50;331.16;-16.34;678.66
347.36;332.65;-14.71;680.01
346.98;331.78;-15.19;678.76
347.56;332.46;-15.11;680.02
347.18;332.29;-14.89;679.46
347.11;329.89;-17.22;677.00
346.78;331.84;-14.94;678.62
346.62;332.24;-14.38;678.86
347.43;331.27;-16.16;678.70
347.40;331.01;-16.39;678.41
345.81;332.75;-13.06;678.56
347.83;332.54;-15.29;680.36
347.45;331.55;-15.90;679.01
347.09;331.27;-15.82;678.36
346.83;331.12;-15.71;677.95
347.94;333.48;-14.46;681.42
347.69;332.41;-15.28;680.10
347.36;332.60;-14.76;679.96
347.22;331.09;-16.13;678.32
346.21;332.03;-14.18;678.24
346.89;332.49;-14.41;679.38
346.68;331.65;-15.03;678.34
346.47;331.48;-14.99;677.95
346.24;332.16;-14.08;678.41
347.41;331.07;-16.34;678.48
345.90;330.98;-14.92;676.88
346.81;331.38;-15.43;678.19
345.60;331.72;-13.88;677.32
345.41;331.62;-13.79;677.02
345.37;330.28;-15.09;675.65
347.75;331.25;-16.49;679.00
347.12;332.88;-14.24;680.00
347.36;330.78;-16.58;678.15
347.49;332.56;-14.92;680.05
347.42;332.24;-15.18;679.65
347.83;332.09;-15.74;679.92
346.96;329.98;-16.99;676.94
346.59;331.80;-14.79;678.39
346.61;331.48;-15.13;678.08
348.15;332.45;-15.71;680.60
348.85;332.17;-16.68;681.02
347.40;332.47;-14.93;679.87
345.36;331.56;-13.80;676.92
345.08;331.35;-13.73;676.42
344.89;331.01;-13.89;675.90
346.55;330.82;-15.73;677.36
347.48;331.78;-15.70;679.25
346.46;331.18;-15.28;677.64
347.16;332.65;-14.51;679.81
347.06;332.64;-14.42;679.71
346.58;331.63;-14.95;678.21
346.48;332.59;-13.88;679.07
346.35;331.25;-15.09;677.60
346.22;332.08;-14.14;678.29
345.89;330.79;-15.09;676.68
345.65;330.49;-15.16;676.14
347.26;332.83;-14.43;680.09
346.43;332.12;-14.31;678.55
347.09;331.98;-15.11;679.07
347.14;330.98;-16.16;678.11
346.91;332.26;-14.65;679.17
348.34;331.36;-16.98;679.71
347.43;332.43;-15.00;679.86
347.22;332.02;-15.19;679.24
346.97;332.58;-14.39;679.55
346.66;332.69;-13.96;679.35
346.32;332.48;-13.85;678.80
346.28;331.89;-14.39;678.16
345.96;331.76;-14.20;677.72
347.22;331.63;-15.59;678.85
345.37;332.75;-12.62;678.12
347.53;332.76;-14.76;680.29
347.46;332.01;-15.45;679.48
347.01;330.95;-16.06;677.95
347.25;332.04;-15.22;679.29
346.89;330.49;-16.41;677.38
347.31;332.28;-15.04;679.59
347.09;331.45;-15.65;678.54
347.56;332.47;-15.09;680.03
346.61;331.63;-14.98;678.24
346.42;332.66;-13.76;679.08
347.97;332.45;-15.52;680.42
346.18;332.37;-13.81;678.55
347.19;332.21;-14.98;679.39
345.84;331.97;-13.86;677.81
347.51;331.70;-15.81;679.21
347.78;332.28;-15.51;680.06
346.92;331.14;-15.78;678.05
347.87;330.82;-17.05;678.69
347.53;330.54;-16.99;678.07
347.33;332.96;-14.37;680.29
347.17;330.01;-17.16;677.18
346.96;329.91;-17.06;676.87
346.73;331.67;-15.06;678.40
346.35;331.34;-15.02;677.69
346.23;331.11;-15.12;677.34
347.41;330.86;-16.55;678.27
347.78;330.56;-17.22;678.34
346.98;332.48;-14.50;679.46
347.60;330.24;-17.36;677.84
348.09;331.06;-17.02;679.15
347.24;331.68;-15.56;678.92
346.41;330.73;-15.68;677.14
347.55;330.46;-17.09;678.02
346.52;330.22;-16.31;676.74
347.11;330.10;-17.01;677.21
346.43;331.65;-14.78;678.08
346.78;332.04;-14.75;678.82
346.51;331.42;-15.09;677.92
346.24;332.32;-13.92;678.56
346.03;331.01;-15.02;677.04
345.76;331.85;-13.91;677.61
347.73;331.54;-16.19;679.26
347.77;331.35;-16.42;679.12
345.05;331.20;-13.85;676.25
347.58;332.30;-15.28;679.88
346.68;332.55;-14.12;679.23
346.71;332.64;-14.07;679.34
346.02;330.42;-15.61;676.44
347.21;332.44;-14.78;679.65
347.11;330.12;-16.98;677.23
346.99;331.83;-15.16;678.82
346.78;331.82;-14.96;678.61
346.64;332.13;-14.51;678.77
346.39;332.11;-14.29;678.50
346.24;331.15;-15.08;677.39
347.86;332.69;-15.16;680.55
345.67;331.91;-13.76;677.58
347.51;331.46;-16.05;678.98
346.98;331.49;-15.49;678.47
345.11;329.94;-15.16;675.05
347.35;332.92;-14.42;680.27
347.69;332.75;-14.94;680.44
347.29;330.46;-16.83;677.75
347.22;331.02;-16.19;678.24
347.00;329.98;-17.02;676.98
346.69;332.91;-13.78;679.61
347.89;332.52;-15.37;680.41
346.25;331.28;-14.96;677.53
347.78;332.25;-15.54;680.03
347.06;330.75;-16.31;677.81
347.48;331.67;-15.81;679.15
347.43;332.86;-14.57;680.29
346.78;332.48;-14.30;679.25
347.33;332.64;-14.69;679.96
346.75;331.52;-15.24;678.27
347.55;331.23;-16.32;678.78
347.23;332.14;-15.09;679.37
346.15;331.88;-14.28;678.03
346.70;331.60;-15.10;678.30
346.49;332.42;-14.07;678.92
347.55;331.15;-16.40;678.69
347.96;330.91;-17.06;678.87
345.68;332.71;-12.96;678.39
347.38;330.23;-17.15;677.61
347.01;331.18;-15.83;678.19
346.64;330.09;-16.55;676.72
346.88;332.63;-14.25;679.51
347.02;332.18;-14.84;679.19
346.02;333.16;-12.86;679.19
346.65;331.49;-15.16;678.14
346.42;332.62;-13.80;679.04
346.21;331.16;-15.04;677.37
345.87;332.12;-13.75;677.99
345.80;331.85;-13.95;677.65
345.48;331.49;-13.99;676.98
348.05;331.30;-16.75;679.35
347.12;331.85;-15.26;678.97
344.58;332.54;-12.04;677.12
346.81;332.08;-14.72;678.89
347.28;332.18;-15.11;679.46
347.02;332.89;-14.13;679.92
346.79;332.08;-14.71;678.87
346.48;332.56;-13.92;679.04
346.13;332.19;-13.94;678.32
346.01;332.95;-13.06;678.95
345.86;332.91;-12.96;678.77
345.84;332.01;-13.83;677.85
345.58;332.78;-12.79;678.36
347.47;331.61;-15.86;679.08
347.33;332.67;-14.66;680.00
346.34;331.26;-15.08;677.60
346.89;330.93;-15.96;677.82
346.96;331.61;-15.35;678.57
347.10;332.41;-14.69;679.51
347.13;332.21;-14.92;679.34
