347.36;332.95;-14.41;680.31
344.60;332.54;-12.06;677.14
346.92;332.91;-14.01;679.82
347.03;330.22;-16.81;677.25
346.84;332.19;-14.65;679.03
346.72;331.11;-15.62;677.83
346.60;332.49;-14.11;679.09
346.11;331.99;-14.12;678.11
346.26;332.16;-14.11;678.42
347.11;331.71;-15.40;678.81
348.16;332.51;-15.65;680.67
345.43;331.57;-13.86;677.00
345.29;331.29;-13.99;676.58
346.94;330.00;-16.94;676.94
346.96;330.84;-16.12;677.81
347.12;331.54;-15.58;678.66
346.76;330.46;-16.31;677.22
347.15;332.21;-14.94;679.36
347.08;333.09;-13.98;680.17
346.77;331.91;-14.86;678.68
346.78;332.26;-14.52;679.04
346.42;332.48;-13.95;678.90
346.16;331.12;-15.04;677.29
347.69;331.25;-16.45;678.94
345.55;330.95;-14.60;676.49
347.36;332.32;-15.05;679.68
347.33;331.17;-16.16;678.50
346.42;332.41;-14.01;678.82
346.93;332.74;-14.19;679.66
347.52;332.86;-14.66;680.39
347.41;332.14;-15.28;679.55
347.14;331.95;-15.18;679.09
346.84;331.82;-15.02;678.65
346.73;331.31;-15.42;678.04
346.48;331.35;-15.13;677.84
346.25;330.51;-15.74;676.75
346.00;332.08;-13.92;678.08
346.63;330.74;-15.89;677.37
347.44;331.42;-16.02;678.85
345.44;332.92;-12.52;678.36
347.39;332.12;-15.27;679.52
346.79;330.82;-15.97;677.61
347.51;330.72;-16.78;678.23
346.90;332.28;-14.62;679.18
347.33;332.16;-15.16;679.49
346.99;331.81;-15.19;678.80
346.74;332.68;-14.05;679.42
346.43;332.07;-14.36;678.50
346.12;332.29;-13.84;678.41
345.94;331.96;-13.98;677.89
346.88;332.42;-14.45;679.30
345.23;331.57;-13.66;676.80
346.79;329.85;-16.94;676.64
346.68;331.64;-15.05;678.32
347.66;332.59;-15.08;680.25
347.35;332.12;-15.23;679.46
347.09;332.36;-14.72;679.45
346.81;332.28;-14.53;679.08
346.63;332.71;-13.92;679.34
346.31;331.21;-15.09;677.52
345.95;330.96;-14.98;676.91
347.61;331.79;-15.82;679.39
345.50;333.21;-12.29;678.71
345.08;331.25;-13.83;676.34
347.15;331.00;-16.15;678.15
346.62;331.99;-14.63;678.61
346.94;330.28;-16.65;677.22
347.09;332.06;-15.03;679.15
346.78;331.87;-14.91;678.65
346.60;330.86;-15.74;677.46
345.90;332.58;-13.32;678.48
346.11;332.32;-13.79;678.44
345.86;332.04;-13.82;677.91
347.38;330.59;-16.79;677.97
346.66;332.49;-14.18;679.15
347.05;330.05;-16.99;677.10
346.49;332.84;-13.66;679.33
346.83;333.30;-13.53;680.13
346.57;332.55;-14.02;679.12
347.28;333.01;-14.28;680.29
347.07;332.54;-14.54;679.61
346.89;331.87;-15.02;678.76
346.68;332.85;-13.82;679.53
346.44;332.06;-14.38;678.49
345.94;332.21;-13.74;678.15
345.93;332.06;-13.87;677.99
345.62;331.64;-13.98;677.26
345.26;330.18;-15.08;675.44
346.73;332.38;-14.35;679.11
346.99;332.84;-14.16;679.83
346.82;332.91;-13.91;679.74
346.58;333.18;-13.40;679.76
347.19;332.06;-15.14;679.25
346.82;332.37;-14.45;679.19
346.34;332.42;-13.92;678.76
346.33;331.32;-15.01;677.65
346.21;332.28;-13.94;678.49
345.96;330.88;-15.09;676.84
345.65;331.76;-13.89;677.41
347.64;331.58;-16.06;679.22
345.32;331.45;-13.87;676.78
345.06;331.41;-13.65;676.48
344.95;331.25;-13.69;676.20
346.78;330.98;-15.81;677.76
344.72;332.68;-12.04;677.40
346.74;331.97;-14.76;678.71
347.41;330.49;-16.92;677.91
346.55;331.80;-14.75;678.35
347.22;332.73;-14.49;679.95
346.83;332.84;-13.99;679.66
346.65;331.86;-14.79;678.51
346.45;331.39;-15.05;677.84
346.15;332.31;-13.85;678.46
346.75;332.68;-14.08;679.43
345.54;331.75;-13.79;677.29
346.58;331.35;-15.22;677.93
346.92;330.95;-15.97;677.88
347.40;332.60;-14.80;680.00
347.56;330.36;-17.20;677.92
347.20;330.25;-16.95;677.45
346.33;331.92;-14.41;678.25
346.22;332.68;-13.54;678.89
345.52;332.22;-13.30;677.74
346.18;331.10;-15.08;677.28
347.31;332.09;-15.22;679.41
346.90;331.77;-15.13;678.67
347.49;331.57;-15.92;679.06
347.41;332.76;-14.65;680.16
344.96;331.08;-13.88;676.05
347.28;332.74;-14.54;680.02
347.21;331.49;-15.72;678.70
347.09;332.25;-14.84;679.35
346.53;331.00;-15.53;677.53
346.94;332.91;-14.04;679.85
346.64;331.46;-15.18;678.11
346.34;332.08;-14.25;678.42
346.02;332.02;-14.00;678.04
345.89;330.88;-15.01;676.76
345.69;331.65;-14.04;677.35
347.57;332.46;-15.11;680.04
347.44;330.18;-17.26;677.62
347.86;332.31;-15.55;680.18
347.61;330.74;-16.87;678.34
346.57;332.27;-14.30;678.84
346.29;332.24;-14.05;678.52
346.72;332.94;-13.78;679.66
346.65;332.39;-14.26;679.04
346.71;332.11;-14.60;678.82
346.35;332.64;-13.72;678.99
346.24;332.44;-13.80;678.67
346.09;331.56;-14.53;677.65
346.98;332.58;-14.40;679.56
345.54;331.74;-13.80;677.28
347.33;332.23;-15.10;679.56
347.29;331.18;-16.11;678.48
346.55;332.48;-14.07;679.04
347.54;330.61;-16.94;678.15
346.47;332.46;-14.01;678.94
347.01;332.32;-14.68;679.33
347.06;331.92;-15.14;678.99
346.94;331.88;-15.06;678.81
346.69;331.60;-15.09;678.29
346.46;332.44;-14.02;678.89
346.19;333.08;-13.11;679.28
345.90;332.74;-13.16;678.64
345.68;331.81;-13.86;677.49
347.02;330.95;-16.08;677.97
345.31;331.51;-13.80;676.82
348.11;331.09;-17.02;679.21
347.27;332.98;-14.29;680.25
347.55;332.40;-15.15;679.95
347.49;332.32;-15.17;679.81
346.48;331.96;-14.52;678.45
347.00;332.60;-14.40;679.60
346.62;331.89;-14.74;678.51
347.79;331.55;-16.24;679.35
346.44;332.07;-14.37;678.51
347.31;333.75;-13.56;681.06
347.76;332.01;-15.75;679.77
345.59;331.69;-13.91;677.28
345.31;331.39;-13.91;676.70
346.81;331.22;-15.59;678.04
347.12;332.24;-14.88;679.36
347.70;330.54;-17.16;678.24
346.29;330.19;-16.09;676.48
348.85;332.07;-16.78;680.92
346.81;331.29;-15.52;678.10
346.66;331.60;-15.06;678.26
346.99;332.50;-14.49;679.49
346.14;332.03;-14.11;678.16
346.05;332.24;-13.81;678.29
345.84;330.69;-15.15;676.53
345.54;330.69;-14.84;676.23
345.31;331.41;-13.90;676.72
346.83;331.09;-15.74;677.92
344.75;330.95;-13.79;675.70
344.49;330.70;-13.79;675.19
346.69;332.78;-13.92;679.47
347.26;330.17;-17.09;677.43
346.95;331.94;-15.01;678.88
346.73;332.46;-14.26;679.19
346.48;332.44;-14.04;678.92
346.32;331.14;-15.19;677.46
345.95;331.95;-14.00;677.91
345.76;331.77;-13.99;677.53
345.64;331.74;-13.90;677.38
346.70;331.79;-14.91;678.49
345.43;331.69;-13.74;677.12
345.32;331.55;-13.78;676.87
345.18;331.44;-13.74;676.62
347.45;332.50;-14.95;679.95
344.83;330.82;-14.01;675.65
344.86;331.83;-13.04;676.69
346.83;332.94;-13.89;679.77
346.93;330.74;-16.19;677.67
346.71;330.48;-16.22;677.19
347.25;331.21;-16.04;678.46
347.16;330.28;-16.88;677.44
347.03;331.89;-15.14;678.92
346.99;331.84;-15.15;678.82
347.93;332.89;-15.04;680.82
346.50;332.80;-13.70;679.30
346.35;331.41;-14.94;677.75
346.12;331.15;-14.96;677.27
346.01;331.64;-14.38;677.65
345.75;332.58;-13.17;678.32
345.48;329.33;-16.15;674.81
347.55;332.30;-15.25;679.85
346.68;331.85;-14.84;678.53
344.75;330.93;-13.82;675.68
347.69;330.51;-17.19;678.20
347.00;330.40;-16.60;677.40
346.47;332.06;-14.41;678.54
347.01;330.64;-16.36;677.65
346.53;331.57;-14.96;678.10
346.34;331.99;-14.35;678.33
346.10;330.95;-15.15;677.05
345.75;331.89;-13.86;677.64
347.52;330.29;-17.23;677.82
346.78;332.22;-14.56;678.99
344.91;332.85;-12.05;677.76
346.96;332.08;-14.89;679.04
346.94;331.19;-15.75;678.13
347.16;332.11;-15.05;679.27
348.42;332.28;-16.14;680.70
346.51;331.49;-15.02;678.01
348.14;332.14;-16.00;680.28
347.52;332.21;-15.31;679.72
345.61;333.24;-12.37;678.85
347.29;331.55;-15.74;678.84
346.94;331.30;-15.64;678.24
346.82;331.79;-15.03;678.62
344.54;330.74;-13.80;675.28
347.14;330.32;-16.81;677.46
346.88;333.01;-13.87;679.89
346.72;331.74;-14.99;678.46
347.40;330.94;-16.46;678.34
347.36;332.44;-14.92;679.79
345.98;330.93;-15.05;676.91
346.97;332.65;-14.32;679.62
345.54;332.49;-13.05;678.04
346.96;330.23;-16.73;677.19
347.41;332.81;-14.61;680.22
346.38;331.05;-15.32;677.43
346.77;332.75;-14.02;679.52
346.60;332.58;-14.02;679.18
347.89;332.09;-15.79;679.98
346.96;332.78;-14.18;679.75
346.60;332.72;-13.88;679.32
346.44;332.21;-14.22;678.65
346.18;333.66;-12.52;679.84
346.86;330.84;-16.02;677.69
347.21;331.84;-15.37;679.04
347.24;331.06;-16.18;678.29
347.42;331.04;-16.38;678.46
344.81;333.20;-11.61;678.01
347.03;332.86;-14.16;679.89
347.05;332.40;-14.65;679.45
347.10;332.91;-14.19;680.01
346.96;332.74;-14.23;679.70
346.02;332.70;-13.32;678.72
346.48;333.43;-13.05;679.91
346.22;331.16;-15.06;677.39
345.96;330.92;-15.04;676.88
347.64;332.44;-15.21;680.08
345.39;332.18;-13.22;677.57
345.10;332.40;-12.70;677.50
346.92;332.84;-14.08;679.76
347.07;330.96;-16.11;678.04
347.35;330.74;-16.61;678.09
347.27;332.36;-14.91;679.63
347.16;332.29;-14.87;679.45
347.22;331.44;-15.78;678.65
346.53;330.68;-15.85;677.21
346.72;332.13;-14.59;678.85
346.46;332.59;-13.87;679.06
347.44;332.38;-15.06;679.82
346.05;333.10;-12.95;679.15
347.05;330.77;-16.28;677.82
345.83;330.74;-15.09;676.56
347.46;331.68;-15.78;679.15
347.32;331.48;-15.85;678.80
346.82;331.96;-14.86;678.79
346.31;330.86;-15.45;677.18
347.31;330.66;-16.65;677.96
346.48;332.31;-14.16;678.79
344.08;331.14;-12.94;675.22
346.84;331.95;-14.89;678.79
345.95;331.74;-14.21;677.69
346.65;331.45;-15.19;678.10
346.34;331.74;-14.60;678.08
346.06;332.82;-13.24;678.89
345.77;332.82;-12.95;678.59
345.45;331.52;-13.92;676.97
346.75;332.66;-14.08;679.41
346.71;330.99;-15.71;677.70
344.54;330.73;-13.81;675.26
347.08;332.31;-14.77;679.38
347.23;331.98;-15.25;679.21
346.89;331.81;-15.08;678.71
346.63;332.19;-14.44;678.82
346.45;331.48;-14.96;677.93
346.18;331.55;-14.63;677.74
345.88;331.98;-13.89;677.86
345.62;331.69;-13.94;677.31
345.35;333.09;-12.25;678.44
347.05;331.29;-15.76;678.34
346.89;330.85;-16.04;677.74
347.71;332.61;-15.09;680.32
347.12;333.52;-13.59;680.64
345.91;333.01;-12.91;678.92
346.38;331.85;-14.53;678.22
346.56;331.62;-14.95;678.18
346.33;332.05;-14.28;678.38
346.19;332.16;-14.04;678.35
345.98;330.88;-15.09;676.86
345.65;331.76;-13.88;677.41
345.38;332.32;-13.06;677.69
345.04;332.17;-12.86;677.21
344.85;330.94;-13.91;675.78
347.08;332.59;-14.48;679.67
347.39;332.35;-15.04;679.75
347.06;331.89;-15.16;678.95
346.74;332.86;-13.88;679.59
346.51;331.42;-15.09;677.93
346.21;332.33;-13.88;678.54
346.82;332.02;-14.81;678.84
345.62;331.84;-13.79;677.46
345.39;331.64;-13.76;677.03
345.25;332.65;-12.61;677.90
346.68;331.14;-15.54;677.81
344.72;332.06;-12.65;676.78
346.41;330.67;-15.74;677.08
347.14;332.36;-14.78;679.50
346.51;331.96;-14.54;678.47
346.79;331.82;-14.98;678.61
347.31;332.21;-15.10;679.51
346.28;332.29;-13.99;678.56
345.98;330.99;-14.99;676.98
345.82;331.96;-13.85;677.78
347.99;331.84;-16.15;679.83
345.46;331.51;-13.96;676.97
345.11;332.01;-13.10;677.12
345.02;331.95;-13.07;676.98
347.17;330.85;-16.32;678.02
347.61;331.35;-16.26;678.96
346.12;330.18;-15.94;676.30
346.55;332.36;-14.19;678.92
346.61;332.55;-14.06;679.15
346.31;332.13;-14.18;678.44
346.06;332.02;-14.04;678.08
345.79;332.55;-13.24;678.35
347.48;331.54;-15.95;679.02
347.14;332.05;-15.08;679.19
347.20;332.81;-14.39;680.01
347.03;331.93;-15.10;678.96
346.97;332.27;-14.70;679.24
347.05;332.24;-14.81;679.29
346.84;329.84;-16.99;676.68
346.63;332.59;-14.04;679.22
346.30;332.28;-14.02;678.58
346.03;329.79;-16.24;675.82
348.44;330.79;-17.65;679.22
346.98;333.08;-13.90;680.05
345.22;331.45;-13.77;676.68
348.04;332.02;-16.02;680.05
347.21;330.92;-16.28;678.13
346.65;332.63;-14.02;679.28
346.16;330.53;-15.64;676.69
346.59;332.14;-14.45;678.73
346.92;331.98;-14.94;678.89
346.69;330.61;-16.08;677.30
346.56;331.52;-15.04;678.08
346.24;332.34;-13.90;678.58
347.87;331.71;-16.16;679.58
345.76;331.13;-14.63;676.89
345.44;331.46;-13.98;676.90
347.56;331.32;-16.24;678.88
347.49;331.16;-16.33;678.65
347.46;330.85;-16.61;678.31
347.04;332.66;-14.38;679.70
347.34;330.52;-16.82;677.85
347.29;330.18;-17.11;677.46
347.79;331.73;-16.06;679.52
346.60;330.66;-15.94;677.26
346.74;331.70;-15.04;678.44
346.44;332.51;-13.92;678.95
346.22;332.33;-13.89;678.55
345.79;332.82;-12.97;678.61
345.71;331.34;-14.37;677.04
345.44;331.57;-13.86;677.01
345.06;332.09;-12.98;677.15
347.12;332.99;-14.14;680.11
346.95;330.99;-15.95;677.94
346.92;332.64;-14.28;679.56
347.27;330.32;-16.95;677.59
347.15;332.22;-14.92;679.37
346.82;329.82;-16.99;676.64
346.55;331.84;-14.71;678.39
347.60;331.59;-16.01;679.19
348.54;331.24;-17.30;679.78
346.04;332.11;-13.93;678.14
345.78;332.18;-13.61;677.96
345.68;331.72;-13.96;677.39
347.61;331.62;-15.99;679.24
347.33;331.45;-15.88;678.78
347.51;332.96;-14.55;680.47
344.99;331.08;-13.92;676.07
346.78;332.84;-13.94;679.62
346.58;332.54;-14.05;679.12
346.63;332.00;-14.63;678.63
346.46;332.28;-14.19;678.74
347.12;330.16;-16.95;677.28
347.01;331.93;-15.08;678.94
346.20;331.76;-14.44;677.96
346.72;332.71;-14.01;679.43
346.62;331.02;-15.60;677.65
347.25;331.43;-15.82;678.68
346.44;331.36;-15.08;677.81
346.23;332.16;-14.07;678.39
347.68;332.25;-15.44;679.93
345.78;330.78;-14.99;676.56
345.78;330.58;-15.19;676.36
347.34;333.43;-13.91;680.76
345.31;332.31;-13.01;677.62
347.02;331.29;-15.72;678.31
344.84;331.88;-12.95;676.72
346.71;331.95;-14.75;678.66
347.04;331.89;-15.15;678.92
347.22;332.74;-14.48;679.96
346.82;331.86;-14.96;678.69
346.69;331.58;-15.12;678.27
346.49;332.45;-14.04;678.94
346.19;332.27;-13.92;678.46
345.95;330.86;-15.08;676.81
345.76;332.65;-13.11;678.42
345.47;330.55;-14.92;676.02
345.29;331.32;-13.96;676.61
347.02;331.04;-15.98;678.06
346.95;330.86;-16.08;677.81
347.56;331.46;-16.11;679.02
346.85;330.52;-16.33;677.38
347.01;330.24;-16.78;677.25
346.90;331.88;-15.02;678.78
346.82;332.49;-14.34;679.31
346.62;331.68;-14.94;678.29
346.31;330.21;-16.09;676.52
346.20;332.10;-14.10;678.30
346.05;331.49;-14.55;677.54
346.87;330.60;-16.27;677.47
345.39;331.56;-13.83;676.96
345.15;331.35;-13.80;676.51
346.81;332.39;-14.42;679.21
347.28;332.75;-14.52;680.03
347.50;333.02;-14.48;680.52
346.43;332.29;-14.14;678.72
346.88;333.17;-13.71;680.05
346.90;331.76;-15.14;678.66
346.54;331.56;-14.98;678.09
346.26;331.39;-14.87;677.66
345.96;332.16;-13.80;678.12
347.69;331.84;-15.86;679.53
346.65;331.49;-15.16;678.14
346.98;332.63;-14.35;679.61
347.89;331.29;-16.60;679.19
347.24;332.70;-14.54;679.94
344.65;331.64;-13.02;676.29
347.30;332.49;-14.81;679.79
347.09;332.94;-14.15;680.03
346.14;331.89;-14.25;678.02
346.83;333.09;-13.74;679.92
346.52;331.41;-15.12;677.93
346.40;331.95;-14.45;678.35
346.11;330.87;-15.24;676.98
347.42;331.61;-15.81;679.04
345.45;331.52;-13.94;676.97
346.38;332.16;-14.21;678.54
347.19;330.97;-16.22;678.16
347.32;332.58;-14.74;679.90
346.93;332.48;-14.45;679.41
346.58;332.09;-14.49;678.66
346.68;331.72;-14.96;678.39
346.56;331.96;-14.60;678.52
346.21;333.11;-13.10;679.32
347.34;331.63;-15.71;678.96
345.78;332.69;-13.09;678.46
347.37;332.36;-15.01;679.73
345.12;331.31;-13.81;676.44
344.91;332.84;-12.08;677.75
344.71;332.85;-11.86;677.56
347.09;330.62;-16.47;677.72
346.62;332.22;-14.41;678.84
346.48;332.06;-14.42;678.54
346.75;332.32;-14.43;679.06
346.63;331.61;-15.02;678.24
346.56;331.49;-15.06;678.05
346.29;331.29;-15.00;677.58
345.98;332.76;-13.22;678.74
345.74;332.08;-13.66;677.82
345.56;330.63;-14.93;676.19
345.42;331.35;-14.06;676.77
348.06;330.11;-17.95;678.18
348.12;331.08;-17.04;679.21
347.78;330.86;-16.92;678.65
347.60;330.45;-17.15;678.05
347.54;332.12;-15.42;679.65
346.49;332.68;-13.82;679.17
348.35;330.74;-17.61;679.09
346.68;332.09;-14.58;678.77
346.47;331.37;-15.10;677.84
346.13;329.89;-16.24;676.02
346.79;331.92;-14.86;678.71
345.68;331.75;-13.92;677.43
345.36;331.62;-13.74;676.98
345.21;332.79;-12.42;677.99
347.14;331.94;-15.19;679.08
347.02;329.72;-17.31;676.74
347.30;330.50;-16.80;677.80
347.28;332.33;-14.95;679.61
347.06;331.85;-15.21;678.92
346.29;331.65;-14.64;677.94
346.46;331.37;-15.09;677.84
346.22;332.20;-14.02;678.42
346.96;330.18;-16.79;677.14
345.57;332.50;-13.07;678.07
345.21;331.31;-13.90;676.52
344.95;331.05;-13.91;676.00
346.70;330.78;-15.92;677.48
346.87;332.98;-13.89;679.85
346.87;332.22;-14.65;679.09
346.13;331.83;-14.30;677.96
346.66;331.75;-14.91;678.41
346.36;332.54;-13.83;678.90
348.03;331.17;-16.86;679.20
345.92;332.13;-13.79;678.05
345.59;330.59;-15.00;676.19
345.42;330.26;-15.16;675.69
347.21;331.33;-15.88;678.54
344.81;329.80;-15.01;674.61
347.47;330.56;-16.91;678.03
346.75;332.34;-14.41;679.09
347.14;332.43;-14.71;679.56
346.94;332.84;-14.10;679.78
346.55;332.56;-13.99;679.11
346.41;332.51;-13.89;678.92
346.03;331.81;-14.22;677.84
345.80;333.16;-12.64;678.96
345.45;330.39;-15.06;675.85
347.25;332.22;-15.02;679.47
347.94;332.97;-14.97;680.91
347.42;330.75;-16.66;678.17
346.45;332.52;-13.93;678.96
347.31;332.30;-15.01;679.61
346.16;331.82;-14.34;677.98
346.79;331.62;-15.17;678.41
346.49;332.55;-13.94;679.04
346.23;331.94;-14.29;678.16
346.04;332.03;-14.01;678.07
347.00;330.64;-16.36;677.64
348.05;331.73;-16.32;679.78
347.02;330.34;-16.69;677.36
345.14;331.27;-13.86;676.41
344.85;331.10;-13.75;675.95
347.04;330.74;-16.29;677.78
344.39;332.68;-11.71;677.07
346.79;332.21;-14.59;679.00
346.74;330.19;-16.55;676.94
346.91;331.82;-15.09;678.72
346.24;332.88;-13.35;679.12
347.09;332.19;-14.90;679.28
346.23;331.10;-15.13;677.33
345.84;330.81;-15.03;676.64
345.68;331.81;-13.87;677.48
345.47;331.61;-13.86;677.08
347.49;331.32;-16.16;678.81
344.94;330.84;-14.11;675.78
347.12;332.25;-14.87;679.36
346.79;330.40;-16.39;677.19
347.32;332.29;-15.03;679.62
347.02;332.62;-14.39;679.64
348.08;331.73;-16.35;679.81
347.76;330.28;-17.48;678.04
346.42;332.39;-14.02;678.81
346.20;332.83;-13.37;679.03
345.89;332.08;-13.81;677.96
345.67;331.79;-13.88;677.46
345.51;331.64;-13.87;677.14
347.74;331.43;-16.31;679.16
344.95;332.04;-12.91;676.99
344.74;331.75;-12.99;676.49
346.82;333.25;-13.56;680.07
346.47;332.36;-14.11;678.83
347.27;330.20;-17.07;677.47
346.62;331.85;-14.77;678.46
347.14;332.72;-14.41;679.86
346.99;329.93;-17.06;676.92
346.77;331.64;-15.14;678.41
346.62;332.57;-14.05;679.19
346.20;331.99;-14.21;678.19
346.05;332.10;-13.95;678.15
345.79;331.65;-14.14;677.45
347.42;330.55;-16.88;677.97
347.47;330.38;-17.09;677.85
347.24;331.30;-15.94;678.54
347.11;330.85;-16.25;677.96
346.85;331.70;-15.15;678.55
346.99;331.83;-15.16;678.82
347.20;332.41;-14.79;679.61
347.00;332.32;-14.68;679.32
346.82;330.46;-16.36;677.28
346.54;331.34;-15.20;677.87
346.99;331.13;-15.86;678.12
346.04;332.19;-13.85;678.23
345.91;331.69;-14.22;677.59
345.76;331.71;-14.06;677.47
345.66;332.28;-13.38;677.94
347.59;331.47;-16.12;679.06
347.74;331.25;-16.49;678.98
347.84;331.04;-16.79;678.88
346.55;330.66;-15.88;677.21
347.61;331.94;-15.68;679.55
346.96;332.35;-14.61;679.32
347.09;330.16;-16.92;677.25
347.04;332.01;-15.04;679.05
348.32;331.75;-16.57;680.06
346.55;331.50;-15.05;678.05
346.31;331.41;-14.90;677.71
347.57;332.56;-15.01;680.13
346.14;332.05;-14.08;678.19
346.02;332.00;-14.02;678.02
347.75;332.82;-14.93;680.58
347.54;331.46;-16.08;679.01
345.35;331.42;-13.93;676.76
347.63;331.98;-15.65;679.61
344.91;332.28;-12.63;677.18
347.69;330.88;-16.82;678.57
347.58;332.59;-14.99;680.16
347.05;330.39;-16.66;677.44
346.72;332.34;-14.38;679.06
346.85;332.16;-14.69;679.02
347.79;331.59;-16.21;679.38
346.59;331.29;-15.29;677.88
347.49;331.35;-16.14;678.85
347.22;331.09;-16.13;678.32
346.82;331.83;-14.99;678.65
345.48;331.60;-13.88;677.08
347.63;331.49;-16.14;679.12
347.71;331.02;-16.68;678.73
347.21;332.08;-15.13;679.28
347.08;332.02;-15.06;679.10
347.36;330.36;-17.00;677.73
347.11;331.77;-15.34;678.88
346.72;331.38;-15.35;678.10
347.96;329.37;-18.59;677.33
346.19;332.21;-13.98;678.40
345.90;330.88;-15.02;676.78
345.63;331.44;-14.19;677.06
347.17;331.49;-15.68;678.66
347.40;331.87;-15.53;679.27
344.87;331.88;-12.99;676.75
347.11;332.59;-14.52;679.71
347.25;330.35;-16.90;677.61
347.18;330.12;-17.06;677.30
346.91;331.34;-15.57;678.25
346.49;331.72;-14.76;678.21
346.48;332.05;-14.43;678.54
346.21;332.45;-13.76;678.66
345.98;333.60;-12.38;679.58
345.84;332.05;-13.78;677.89
347.50;330.60;-16.90;678.10
347.34;330.25;-17.09;677.59
347.25;331.55;-15.69;678.80
347.05;331.28;-15.77;678.34
347.00;331.89;-15.11;678.89
348.08;332.95;-15.13;681.04
347.62;332.37;-15.25;679.99
347.56;330.54;-17.03;678.10
346.67;332.12;-14.55;678.79
346.95;330.11;-16.84;677.05
346.92;331.97;-14.95;678.89
346.68;331.71;-14.97;678.39
346.52;331.54;-14.99;678.06
347.37;329.12;-18.25;676.49
346.00;332.87;-13.13;678.87
347.94;331.51;-16.43;679.45
347.95;331.10;-16.85;679.05
345.43;331.29;-14.14;676.72
347.11;331.98;-15.14;679.09
346.96;332.82;-14.14;679.78
346.42;331.44;-14.98;677.86
347.41;332.31;-15.09;679.72
347.09;332.48;-14.61;679.56
348.19;331.59;-16.59;679.78
346.54;331.17;-15.36;677.71
347.94;332.33;-15.61;680.26
347.61;331.18;-16.43;678.78
346.05;332.01;-14.04;678.06
348.34;330.62;-17.72;678.96
345.50;331.51;-13.99;677.01
347.78;331.49;-16.29;679.26
347.22;332.00;-15.22;679.22
347.17;331.66;-15.51;678.84
346.95;330.48;-16.48;677.43
347.18;330.17;-17.01;677.35
347.01;332.83;-14.18;679.84
346.75;331.72;-15.03;678.48
346.48;331.47;-15.01;677.95
346.18;331.39;-14.79;677.57
345.84;331.93;-13.91;677.77
345.58;330.59;-14.99;676.18
347.57;330.21;-17.36;677.78
347.01;332.40;-14.61;679.41
347.63;332.74;-14.89;680.36
347.56;332.56;-15.01;680.12
347.44;331.94;-15.50;679.38
347.19;329.96;-17.24;677.15
346.88;329.88;-17.00;676.75
346.73;331.69;-15.04;678.42
346.56;331.65;-14.91;678.21
346.38;331.65;-14.72;678.03
346.19;331.15;-15.04;677.35
345.91;331.56;-14.35;677.47
345.62;331.70;-13.92;677.32
345.28;331.64;-13.64;676.92
347.75;332.21;-15.54;679.96
348.11;332.92;-15.19;681.04
347.29;330.79;-16.50;678.08
347.60;330.69;-16.91;678.29
347.46;332.29;-15.16;679.75
347.15;332.12;-15.02;679.27
346.49;331.99;-14.51;678.48
346.39;331.89;-14.51;678.28
346.55;331.59;-14.95;678.14
346.28;331.30;-14.98;677.58
347.56;332.31;-15.25;679.88
345.96;331.78;-14.18;677.74
347.49;331.85;-15.65;679.34
347.08;332.40;-14.68;679.48
347.52;332.28;-15.24;679.80
346.23;332.36;-13.86;678.59
346.03;330.91;-15.12;676.94
346.98;332.61;-14.36;679.59
347.26;330.36;-16.91;677.62
346.31;332.72;-13.59;679.02
346.91;331.30;-15.61;678.21
346.81;332.85;-13.96;679.66
346.55;332.46;-14.09;679.01
346.32;332.53;-13.79;678.85
346.15;332.28;-13.87;678.44
347.52;332.05;-15.47;679.58
347.44;330.61;-16.83;678.05
345.36;331.56;-13.80;676.92
347.15;331.31;-15.84;678.46
347.11;332.30;-14.81;679.41
346.50;332.72;-13.78;679.22
347.44;330.51;-16.93;677.95
345.97;330.34;-15.63;676.31
346.92;332.38;-14.54;679.31
347.83;333.07;-14.76;680.90
347.25;332.08;-15.17;679.34
346.29;332.16;-14.13;678.46
348.07;330.98;-17.09;679.05
347.53;331.85;-15.68;679.38
347.92;331.49;-16.43;679.41
347.22;331.14;-16.08;678.36
347.38;330.92;-16.46;678.31
347.49;332.65;-14.84;680.15
347.36;332.99;-14.37;680.36
346.91;331.75;-15.15;678.66
346.27;332.08;-14.19;678.35
346.94;331.85;-15.09;678.78
346.01;332.85;-13.15;678.86
346.46;332.68;-13.79;679.14
346.06;333.32;-12.74;679.38
345.91;332.86;-13.05;678.78
345.57;331.74;-13.84;677.31
347.36;331.45;-15.92;678.81
346.35;333.17;-13.18;679.52
344.76;330.84;-13.92;675.61
347.27;332.52;-14.75;679.79
346.86;332.20;-14.66;679.06
346.51;331.46;-15.05;677.97
346.95;332.90;-14.05;679.85
346.56;332.69;-13.87;679.25
346.20;332.41;-13.79;678.61
345.92;330.97;-14.95;676.89
345.72;332.78;-12.94;678.51
345.49;331.71;-13.78;677.21
347.00;331.49;-15.51;678.49
346.96;332.83;-14.14;679.79
344.70;330.84;-13.86;675.54
344.54;331.57;-12.96;676.11
346.91;330.49;-16.42;677.41
346.24;332.25;-13.99;678.48
346.76;332.56;-14.20;679.32
346.40;331.04;-15.36;677.44
346.44;331.31;-15.13;677.74
346.25;331.67;-14.58;677.92
345.82;332.17;-13.65;677.99
345.76;332.71;-13.06;678.47
345.43;331.56;-13.86;676.99
346.85;333.33;-13.52;680.18
347.01;333.10;-13.91;680.11
344.84;332.96;-11.88;677.79
346.75;330.74;-16.02;677.49
346.37;330.51;-15.86;676.88
346.83;330.42;-16.41;677.25
347.18;333.14;-14.05;680.32
346.82;330.86;-15.96;677.69
346.78;333.09;-13.69;679.87
346.42;332.72;-13.71;679.14
346.40;332.49;-13.91;678.89
346.17;332.46;-13.71;678.63
346.02;331.88;-14.15;677.90
346.66;332.87;-13.79;679.53
347.25;332.52;-14.73;679.78
345.24;331.40;-13.84;676.64
347.35;331.25;-16.09;678.60
346.68;330.98;-15.71;677.66
346.79;330.72;-16.08;677.51
346.66;332.46;-14.20;679.13
346.87;332.38;-14.49;679.25
346.67;332.08;-14.59;678.75
346.15;331.85;-14.30;677.99
347.41;331.82;-15.59;679.23
346.56;332.53;-14.03;679.09
346.16;332.35;-13.81;678.51
345.88;331.95;-13.94;677.83
345.71;331.58;-14.12;677.29
345.56;330.58;-14.98;676.14
347.29;331.54;-15.76;678.83
346.73;331.21;-15.52;677.94
346.16;332.27;-13.89;678.44
346.72;330.96;-15.76;677.68
346.77;330.31;-16.46;677.08
346.54;332.24;-14.29;678.78
347.61;330.60;-17.01;678.21
344.25;331.29;-12.95;675.54
347.14;332.23;-14.91;679.36
346.71;332.22;-14.49;678.94
347.09;331.86;-15.23;678.96
346.65;331.65;-14.99;678.30
346.39;332.36;-14.03;678.75
346.36;332.05;-14.31;678.41
346.22;331.23;-14.99;677.45
346.11;331.68;-14.43;677.79
345.95;332.07;-13.88;678.02
345.63;331.90;-13.73;677.53
347.54;331.56;-15.98;679.09
346.56;331.41;-15.15;677.97
347.09;331.01;-16.08;678.09
346.66;330.88;-15.79;677.54
347.40;330.69;-16.71;678.09
346.35;332.44;-13.92;678.79
346.24;332.31;-13.93;678.55
346.98;332.12;-14.86;679.11
346.85;332.37;-14.48;679.22
346.57;331.88;-14.69;678.45
346.63;331.66;-14.96;678.29
346.53;331.41;-15.12;677.94
346.20;332.37;-13.83;678.57
346.04;332.31;-13.72;678.35
345.88;330.84;-15.04;676.72
345.54;331.79;-13.74;677.33
345.32;332.42;-12.91;677.74
347.32;331.32;-16.00;678.64
347.08;331.00;-16.08;678.08
345.65;333.72;-11.94;679.37
346.14;332.72;-13.42;678.86
346.66;332.73;-13.93;679.39
346.92;330.04;-16.89;676.96
346.85;329.85;-17.00;676.69
346.55;331.84;-14.72;678.39
346.39;329.40;-16.99;675.79
346.23;332.45;-13.78;678.68
345.88;332.23;-13.65;678.11
346.68;330.55;-16.12;677.23
346.72;333.42;-13.29;680.14
346.75;333.58;-13.17;680.34
345.08;332.11;-12.97;677.19
344.82;333.11;-11.71;677.92
346.94;332.71;-14.23;679.64
346.41;332.35;-14.06;678.76
344.27;333.48;-10.79;677.75
346.36;332.18;-14.18;678.55
346.09;332.16;-13.92;678.25
346.79;331.88;-14.92;678.67
346.64;331.81;-14.82;678.45
343.32;331.69;-11.64;675.01
347.30;332.64;-14.66;679.94
346.10;333.09;-13.01;679.19
345.99;333.51;-12.48;679.49
345.72;331.92;-13.80;677.65
345.38;331.74;-13.64;677.12
345.19;333.13;-12.06;678.32
345.05;331.25;-13.81;676.30
346.28;331.12;-15.16;677.40
346.65;332.98;-13.68;679.63
346.62;332.09;-14.53;678.71
346.54;332.64;-13.90;679.17
346.37;330.54;-15.84;676.91
344.06;330.20;-13.86;674.26
346.59;332.10;-14.49;678.69
346.73;332.99;-13.74;679.72
346.36;331.54;-14.82;677.89
346.48;331.96;-14.51;678.44
346.18;332.37;-13.81;678.55
345.97;333.27;-12.70;679.24
345.65;332.51;-13.14;678.16
345.39;330.41;-14.98;675.79
345.18;332.64;-12.55;677.82
344.94;331.23;-13.71;676.17
344.82;330.99;-13.82;675.81
347.18;330.92;-16.25;678.10
346.85;333.23;-13.62;680.08
346.50;333.42;-13.08;679.92
346.72;332.56;-14.16;679.28
346.11;331.98;-14.14;678.09
346.68;331.80;-14.88;678.48
347.68;331.57;-16.11;679.25
346.42;331.51;-14.91;677.92
346.22;332.38;-13.84;678.60
346.07;333.34;-12.74;679.41
345.68;331.86;-13.82;677.54
345.38;332.41;-12.96;677.79
345.06;331.29;-13.78;676.35
344.93;332.96;-11.96;677.89
344.63;332.38;-12.25;677.01
346.83;332.55;-14.28;679.38
346.55;332.42;-14.12;678.97
346.78;332.32;-14.46;679.11
346.94;332.03;-14.91;678.96
346.58;332.21;-14.38;678.79
346.65;332.39;-14.26;679.04
346.39;332.66;-13.73;679.06
346.02;333.09;-12.92;679.11
345.95;331.91;-14.04;677.85
345.71;331.96;-13.75;677.68
345.56;332.98;-12.58;678.55
345.40;332.39;-13.01;677.79
346.29;332.09;-14.20;678.39
347.39;333.12;-14.26;680.51
346.02;331.05;-14.98;677.07
345.82;332.66;-13.16;678.49
346.65;332.52;-14.13;679.16
346.85;332.82;-14.04;679.67
346.11;332.21;-13.90;678.31
346.46;333.57;-12.89;680.03
346.44;331.65;-14.79;678.08
346.36;332.41;-13.95;678.76
346.15;332.21;-13.95;678.36
346.99;332.75;-14.24;679.74
345.61;333.08;-12.53;678.68
347.60;330.31;-17.29;677.91
346.98;332.25;-14.73;679.22
344.94;332.62;-12.32;677.56
344.68;332.96;-11.72;677.64
346.53;333.85;-12.68;680.38
347.15;332.48;-14.66;679.63
346.96;330.32;-16.64;677.28
346.98;333.18;-13.80;680.15
346.86;331.83;-15.03;678.69
346.77;332.64;-14.13;679.41
346.37;332.68;-13.69;679.05
346.26;332.21;-14.05;678.48
346.80;332.44;-14.36;679.24
345.91;332.24;-13.67;678.14
345.76;331.94;-13.82;677.69
345.62;331.75;-13.87;677.38
345.26;332.25;-13.01;677.51
345.12;333.28;-11.84;678.40
347.04;332.60;-14.44;679.64
347.19;330.94;-16.26;678.13
347.38;332.71;-14.66;680.09
346.41;332.42;-13.99;678.83
346.56;332.30;-14.26;678.86
346.42;333.01;-13.41;679.44
346.84;331.92;-14.92;678.75
346.65;332.74;-13.91;679.39
345.75;332.57;-13.18;678.32
346.29;330.07;-16.22;676.36
346.20;331.06;-15.14;677.26
345.99;332.06;-13.94;678.05
346.79;331.25;-15.55;678.04
346.95;331.75;-15.20;678.69
347.29;331.55;-15.74;678.84
346.26;333.05;-13.21;679.31
344.69;330.17;-14.52;674.86
346.85;331.33;-15.52;678.18
347.02;332.26;-14.76;679.29
346.22;330.05;-16.17;676.26
346.54;332.88;-13.66;679.42
347.61;332.57;-15.04;680.18
346.21;332.39;-13.81;678.60
345.92;333.32;-12.60;679.24
345.62;331.74;-13.88;677.36
345.28;331.32;-13.96;676.61
344.98;331.91;-13.08;676.89
346.82;332.24;-14.58;679.05
346.57;332.61;-13.96;679.18
346.81;332.42;-14.39;679.23
346.71;332.21;-14.49;678.92
346.91;331.92;-14.98;678.83
346.77;331.79;-14.98;678.56
347.94;332.44;-15.49;680.38
347.13;331.85;-15.28;678.98
346.85;332.11;-14.74;678.96
347.02;332.56;-14.45;679.58
347.35;331.45;-15.90;678.81
346.40;332.56;-13.84;678.96
344.96;333.08;-11.89;678.04
347.24;332.70;-14.54;679.94
344.68;333.01;-11.66;677.69
346.80;330.73;-16.07;677.53
347.65;332.52;-15.12;680.17
347.41;332.29;-15.12;679.69
347.19;332.16;-15.03;679.35
346.68;332.54;-14.14;679.22
346.91;333.02;-13.89;679.94
346.56;329.49;-17.07;676.05
346.43;330.75;-15.68;677.18
346.24;332.30;-13.94;678.54
345.78;331.93;-13.85;677.71
345.56;330.61;-14.95;676.17
346.64;330.34;-16.30;676.97
347.45;331.24;-16.21;678.69
347.88;332.93;-14.95;680.81
346.62;331.96;-14.66;678.58
346.89;332.68;-14.21;679.57
345.95;332.70;-13.25;678.65
346.45;332.79;-13.66;679.25
346.64;332.72;-13.92;679.36
346.42;332.12;-14.30;678.54
346.40;333.12;-13.28;679.52
346.05;331.59;-14.46;677.64
345.85;331.98;-13.86;677.83
347.51;331.56;-15.94;679.07
347.30;331.48;-15.82;678.78
346.83;331.18;-15.65;678.01
347.12;331.81;-15.31;678.92
347.03;331.22;-15.81;678.25
347.30;332.88;-14.42;680.18
346.86;331.86;-15.01;678.72
346.76;331.76;-14.99;678.52
346.62;332.69;-13.92;679.31
346.29;332.37;-13.92;678.66
345.97;332.91;-13.06;678.88
345.64;331.82;-13.82;677.46
345.44;331.64;-13.80;677.08
345.25;331.35;-13.90;676.61
347.40;331.22;-16.18;678.62
345.98;330.99;-14.98;676.97
346.60;330.81;-15.79;677.41
346.33;330.48;-15.85;676.81
348.15;331.24;-16.92;679.39
347.19;331.94;-15.26;679.13
346.82;331.71;-15.11;678.52
346.47;331.44;-15.04;677.91
346.37;331.36;-15.01;677.73
348.09;332.16;-15.92;680.25
348.09;332.73;-15.36;680.82
347.12;331.78;-15.34;678.89
346.49;330.09;-16.40;676.58
346.02;331.20;-14.82;677.22
347.78;330.97;-16.81;678.75
347.68;332.78;-14.89;680.46
346.59;332.97;-13.62;679.56
346.94;332.23;-14.71;679.16
346.94;331.99;-14.95;678.92
346.60;331.70;-14.90;678.30
346.59;331.54;-15.06;678.13
346.22;332.35;-13.87;678.56
346.03;332.03;-14.00;678.06
345.79;332.03;-13.76;677.82
346.84;333.05;-13.78;679.89
345.35;332.12;-13.23;677.48
347.07;332.81;-14.26;679.88
348.01;331.24;-16.77;679.24
347.58;330.99;-16.59;678.56
346.44;332.48;-13.95;678.92
346.64;332.32;-14.32;678.96
346.03;332.17;-13.86;678.20
346.90;331.66;-15.24;678.56
346.64;332.91;-13.74;679.55
346.54;331.45;-15.09;677.99
346.26;331.18;-15.08;677.44
345.97;330.88;-15.09;676.85
345.78;331.86;-13.91;677.64
345.61;331.81;-13.81;677.42
347.17;331.65;-15.52;678.82
345.13;331.37;-13.76;676.50
346.78;331.07;-15.71;677.85
347.15;330.85;-16.30;677.99
344.38;330.39;-13.98;674.77
346.54;330.18;-16.36;676.71
346.79;331.93;-14.86;678.72
346.69;331.74;-14.95;678.42
346.41;332.72;-13.69;679.12
348.05;331.09;-16.96;679.15
346.06;332.05;-14.02;678.11
345.81;331.89;-13.91;677.70
348.74;333.49;-15.25;682.23
345.19;332.27;-12.92;677.46
346.40;333.18;-13.22;679.58
346.99;332.28;-14.71;679.26
347.63;332.65;-14.98;680.28
347.16;331.41;-15.75;678.58
346.34;330.29;-16.05;676.63
346.88;332.21;-14.67;679.08
346.16;331.89;-14.27;678.05
347.62;331.64;-15.98;679.26
346.48;332.53;-13.95;679.01
345.51;331.18;-14.32;676.69
346.03;332.19;-13.84;678.22
347.62;331.86;-15.75;679.48
345.44;332.33;-13.11;677.76
345.06;331.35;-13.71;676.42
344.92;331.06;-13.86;675.99
347.14;332.75;-14.38;679.89
346.74;332.09;-14.64;678.83
346.69;332.25;-14.44;678.94
346.21;332.10;-14.11;678.31
346.74;329.95;-16.79;676.68
346.84;331.94;-14.91;678.78
346.72;331.58;-15.14;678.31
346.52;332.34;-14.18;678.86
346.41;332.46;-13.95;678.87
346.26;333.08;-13.18;679.35
346.14;332.02;-14.12;678.15
345.97;332.09;-13.88;678.06
347.05;332.11;-14.95;679.16
346.95;330.55;-16.40;677.51
347.22;331.32;-15.90;678.55
347.84;332.74;-15.10;680.58
347.22;330.80;-16.42;678.02
346.43;332.80;-13.63;679.23
346.69;332.28;-14.41;678.96
346.69;331.86;-14.82;678.55
346.94;332.41;-14.54;679.35
346.12;332.69;-13.44;678.81
346.46;332.54;-13.92;679.01
346.17;331.18;-14.99;677.35
346.01;330.92;-15.09;676.93
345.77;332.84;-12.94;678.61
345.54;331.65;-13.89;677.19
348.29;333.13;-15.16;681.42
347.66;332.13;-15.54;679.79
344.89;331.08;-13.81;675.98
346.45;333.09;-13.36;679.54
346.22;330.58;-15.64;676.79
347.24;330.28;-16.95;677.52
346.98;332.85;-14.13;679.84
347.02;332.76;-14.26;679.79
346.80;331.78;-15.02;678.58
346.45;332.47;-13.98;678.92
346.16;333.84;-12.33;680.00
346.56;330.86;-15.70;677.42
345.60;333.04;-12.56;678.64
345.19;331.32;-13.86;676.51
347.65;330.93;-16.72;678.58
346.92;332.35;-14.57;679.28
347.41;332.82;-14.58;680.23
346.70;332.04;-14.66;678.74
346.68;332.26;-14.42;678.95
346.61;330.95;-15.66;677.56
346.41;332.56;-13.84;678.97
346.25;331.73;-14.52;677.98
347.58;331.91;-15.67;679.48
347.00;332.69;-14.31;679.69
347.44;331.65;-15.79;679.09
346.88;332.27;-14.61;679.15
347.16;332.60;-14.56;679.76
346.15;330.99;-15.16;677.15
346.84;330.74;-16.10;677.58
346.79;330.57;-16.22;677.36
347.30;331.03;-16.27;678.33
346.91;330.12;-16.79;677.04
346.95;331.86;-15.09;678.81
346.66;331.52;-15.15;678.18
346.29;331.43;-14.86;677.72
346.21;331.11;-15.11;677.32
345.99;331.91;-14.08;677.91
345.86;333.27;-12.59;679.13
347.12;331.76;-15.36;678.88
347.02;332.96;-14.06;679.98
347.68;331.35;-16.33;679.04
347.31;332.48;-14.83;679.79
346.94;332.53;-14.41;679.46
346.55;332.42;-14.14;678.97
346.35;332.29;-14.06;678.64
347.36;332.36;-15.00;679.72
346.65;332.76;-13.88;679.41
346.91;329.77;-17.14;676.68
346.61;329.65;-16.96;676.26
346.42;332.68;-13.74;679.10
346.21;332.45;-13.76;678.66
346.10;331.70;-14.40;677.80
345.88;332.05;-13.84;677.93
345.82;331.92;-13.89;677.74
345.55;331.78;-13.78;677.33
347.29;331.55;-15.75;678.84
345.32;331.31;-14.01;676.64
347.09;331.25;-15.84;678.34
344.81;331.82;-12.98;676.63
347.62;330.92;-16.70;678.54
346.55;333.27;-13.28;679.82
347.50;333.16;-14.34;680.66
346.08;330.29;-15.79;676.38
347.02;331.95;-15.07;678.98
346.70;332.56;-14.14;679.26
346.76;332.30;-14.46;679.06
346.32;332.39;-13.92;678.71
346.46;333.33;-13.14;679.79
346.24;331.32;-14.92;677.55
346.03;331.62;-14.41;677.65
347.67;332.02;-15.65;679.69
347.59;332.75;-14.84;680.35
345.37;331.63;-13.74;677.00
346.97;332.10;-14.87;679.07
344.96;332.55;-12.41;677.52
346.99;332.91;-14.08;679.91
347.11;330.82;-16.29;677.94
346.51;332.77;-13.74;679.28
346.78;332.69;-14.08;679.47
346.22;333.15;-13.08;679.37
346.60;332.94;-13.66;679.54
346.16;332.01;-14.15;678.17
346.89;331.98;-14.91;678.87
346.78;332.43;-14.35;679.21
346.04;332.85;-13.19;678.89
346.01;331.46;-14.55;677.46
346.19;331.39;-14.79;677.58
346.07;332.23;-13.84;678.30
345.92;332.12;-13.80;678.04
345.68;331.76;-13.92;677.44
345.40;333.02;-12.38;678.42
346.78;332.09;-14.69;678.86
348.07;332.79;-15.28;680.86
346.75;332.50;-14.25;679.25
347.22;332.41;-14.82;679.63
346.46;332.38;-14.08;678.84
346.91;332.34;-14.57;679.24
346.59;332.58;-14.01;679.16
347.01;331.85;-15.16;678.86
346.54;332.73;-13.81;679.27
346.48;332.52;-13.96;679.00
346.37;332.20;-14.17;678.57
346.19;331.82;-14.37;678.02
345.93;331.89;-14.04;677.82
345.85;331.91;-13.94;677.76
346.94;331.86;-15.08;678.79
345.51;331.77;-13.74;677.28
346.60;331.78;-14.82;678.38
347.45;333.08;-14.36;680.53
346.34;333.17;-13.17;679.51
347.36;331.06;-16.31;678.42
346.90;332.62;-14.28;679.52
344.35;331.36;-12.99;675.71
346.62;331.15;-15.47;677.76
346.26;332.19;-14.07;678.46
346.78;331.68;-15.10;678.45
346.52;331.54;-14.98;678.06
346.48;332.46;-14.01;678.94
346.29;332.42;-13.87;678.72
346.13;333.06;-13.06;679.19
345.75;332.08;-13.67;677.84
347.94;331.78;-16.16;679.72
347.69;332.39;-15.30;680.08
346.91;331.26;-15.65;678.16
347.10;333.10;-14.00;680.20
346.67;330.23;-16.44;676.90
347.11;332.01;-15.10;679.12
346.61;332.25;-14.36;678.86
347.13;332.75;-14.38;679.88
346.59;331.85;-14.75;678.44
346.15;332.26;-13.89;678.42
346.37;331.94;-14.44;678.31
346.12;333.20;-12.92;679.32
346.00;331.57;-14.43;677.57
345.65;332.48;-13.18;678.13
345.54;331.67;-13.87;677.21
345.29;331.42;-13.86;676.71
345.15;332.89;-12.26;678.04
344.93;332.92;-12.01;677.85
346.65;332.84;-13.81;679.49
345.88;332.54;-13.35;678.42
346.03;331.33;-14.70;677.36
347.26;332.14;-15.13;679.40
346.95;332.42;-14.52;679.37
345.98;332.44;-13.54;678.42
346.56;332.11;-14.45;678.67
346.40;330.29;-16.11;676.69
346.14;331.12;-15.02;677.26
346.00;332.14;-13.86;678.14
345.79;331.89;-13.90;677.69
347.38;331.58;-15.80;678.96
346.44;331.39;-15.05;677.84
345.16;331.41;-13.75;676.57
347.24;332.83;-14.41;680.06
344.82;331.00;-13.82;675.82
346.71;332.84;-13.87;679.54
346.72;332.04;-14.68;678.76
346.38;332.28;-14.10;678.66
346.04;331.92;-14.12;677.96
346.74;332.31;-14.44;679.05
346.67;332.06;-14.61;678.74
346.41;331.42;-14.99;677.84
346.32;331.11;-15.21;677.44
346.01;332.12;-13.89;678.13
345.79;331.81;-13.98;677.60
347.44;331.72;-15.72;679.16
345.29;331.41;-13.89;676.70
345.01;329.98;-15.03;674.98
346.52;332.91;-13.61;679.43
347.00;332.56;-14.44;679.56
346.68;330.36;-16.32;677.05
346.68;331.11;-15.56;677.79
346.79;331.87;-14.92;678.66
346.61;332.01;-14.60;678.62
346.57;331.46;-15.11;678.04
346.23;332.19;-14.04;678.42
346.25;331.08;-15.17;677.32
345.89;332.72;-13.16;678.61
345.69;333.82;-11.87;679.51
345.38;331.55;-13.84;676.93
345.10;331.31;-13.79;676.41
346.55;331.02;-15.53;677.56
346.29;332.41;-13.88;678.69
346.12;332.34;-13.78;678.46
346.36;332.24;-14.12;678.59
346.47;333.02;-13.45;679.49
346.51;331.82;-14.68;678.33
346.44;332.68;-13.76;679.12
347.37;332.44;-14.93;679.81
346.07;333.45;-12.62;679.52
345.66;331.94;-13.72;677.60
345.38;332.53;-12.85;677.91
347.35;331.09;-16.26;678.44
344.81;331.87;-12.94;676.68
346.49;332.07;-14.42;678.56
346.42;332.39;-14.03;678.81
346.44;332.29;-14.14;678.73
346.94;331.92;-15.01;678.86
346.74;333.60;-13.14;680.34
346.13;331.39;-14.74;677.52
346.23;331.16;-15.06;677.39
345.92;331.01;-14.91;676.92
345.65;333.71;-11.94;679.36
345.52;331.68;-13.85;677.20
347.17;331.37;-15.80;678.54
346.97;332.41;-14.56;679.38
346.90;330.88;-16.02;677.78
346.73;330.62;-16.11;677.35
347.12;332.84;-14.28;679.96
347.14;332.63;-14.51;679.76
345.78;333.06;-12.71;678.84
346.77;332.90;-13.87;679.67
345.61;332.58;-13.03;678.19
346.22;332.52;-13.70;678.75
346.02;333.16;-12.86;679.18
346.59;330.76;-15.83;677.36
347.34;331.79;-15.55;679.13
345.35;331.49;-13.86;676.84
346.87;332.74;-14.13;679.61
346.13;332.50;-13.63;678.63
344.68;330.76;-13.91;675.44
346.83;332.15;-14.68;678.98
347.46;333.42;-14.05;680.88
347.11;332.99;-14.12;680.10
346.73;331.72;-15.01;678.45
346.44;331.98;-14.46;678.41
345.45;332.18;-13.27;677.64
345.89;333.52;-12.36;679.41
345.58;331.76;-13.82;677.34
347.26;331.45;-15.81;678.71
345.05;331.27;-13.78;676.32
344.91;333.11;-11.80;678.01
344.59;330.76;-13.84;675.35
346.68;331.39;-15.29;678.08
346.39;332.27;-14.12;678.66
346.41;332.03;-14.38;678.44
346.38;331.64;-14.74;678.01
346.38;331.90;-14.48;678.28
346.20;332.38;-13.82;678.58
345.93;332.08;-13.85;678.01
345.64;332.52;-13.11;678.16
345.48;333.31;-12.16;678.79
346.49;332.58;-13.91;679.06
346.89;331.22;-15.66;678.11
344.80;332.98;-11.82;677.78
346.53;333.16;-13.37;679.69
346.59;330.46;-16.13;677.06
344.05;332.22;-11.82;676.27
346.21;333.12;-13.09;679.34
346.66;332.92;-13.74;679.59
346.29;331.28;-15.02;677.57
346.13;331.11;-15.02;677.24
345.77;332.99;-12.78;678.76
345.51;332.31;-13.21;677.82
347.43;332.68;-14.75;680.11
344.92;332.98;-11.94;677.91
344.68;330.76;-13.92;675.44
346.02;332.39;-13.64;678.41
347.02;332.64;-14.39;679.66
346.96;332.71;-14.25;679.66
346.71;332.75;-13.96;679.46
346.53;332.65;-13.88;679.18
346.38;332.51;-13.87;678.88
346.04;332.32;-13.72;678.35
345.80;330.85;-14.95;676.65
345.69;331.36;-14.34;677.05
346.54;331.63;-14.91;678.16
345.34;331.35;-13.99;676.69
346.97;331.21;-15.76;678.18
344.88;332.88;-11.99;677.76
346.89;330.88;-16.01;677.77
344.36;332.57;-11.79;676.94
346.02;330.29;-15.73;676.32
347.05;332.00;-15.05;679.05
346.82;332.79;-14.04;679.61
346.47;332.10;-14.37;678.57
346.27;332.51;-13.76;678.78
345.94;333.15;-12.79;679.09
345.89;332.09;-13.80;677.99
345.66;333.19;-12.46;678.85
345.45;333.50;-11.95;678.95
345.26;333.01;-12.25;678.26
345.75;332.53;-13.22;678.28
344.88;333.05;-11.83;677.94
347.56;331.52;-16.04;679.08
346.56;333.56;-12.99;680.12
346.41;334.02;-12.39;680.44
346.68;331.95;-14.73;678.64
346.05;332.62;-13.43;678.66
346.14;331.31;-14.84;677.45
346.08;332.29;-13.79;678.38
346.94;333.19;-13.75;680.12
347.68;332.56;-15.12;680.25
347.25;332.20;-15.05;679.45
345.01;331.27;-13.74;676.28
344.81;330.99;-13.82;675.80
344.62;332.22;-12.41;676.84
344.45;332.62;-11.83;677.06
344.23;332.44;-11.79;676.67
346.78;333.25;-13.53;680.04
345.68;332.87;-12.81;678.55
346.65;330.53;-16.12;677.18
346.50;332.72;-13.78;679.22
346.27;332.29;-13.98;678.56
346.05;333.08;-12.98;679.13
345.88;331.86;-14.01;677.74
345.76;331.89;-13.87;677.65
346.85;332.96;-13.89;679.81
345.26;331.34;-13.92;676.60
346.94;331.06;-15.88;677.99
347.69;332.09;-15.60;679.79
344.41;332.06;-12.35;676.47
346.82;332.32;-14.51;679.14
347.07;331.92;-15.15;678.99
346.96;332.01;-14.96;678.97
346.62;332.70;-13.92;679.32
347.68;332.66;-15.02;680.35
346.12;332.30;-13.82;678.42
345.80;333.02;-12.78;678.82
345.56;330.64;-14.92;676.20
345.24;332.28;-12.95;677.52
345.08;333.06;-12.02;678.14
346.86;332.99;-13.88;679.85
346.49;333.34;-13.15;679.82
346.41;332.35;-14.06;678.75
346.84;333.29;-13.55;680.12
347.02;333.08;-13.95;680.10
345.96;331.69;-14.28;677.65
346.25;332.47;-13.78;678.72
346.08;332.18;-13.89;678.26
345.89;331.75;-14.14;677.64
347.13;331.79;-15.34;678.92
345.40;332.35;-13.05;677.75
346.74;331.32;-15.42;678.06
346.68;333.85;-12.84;680.53
347.31;332.58;-14.73;679.88
344.35;331.85;-12.50;676.21
346.45;332.35;-14.10;678.79
347.04;333.01;-14.02;680.05
346.62;332.26;-14.36;678.88
346.68;332.52;-14.16;679.19
345.33;332.24;-13.09;677.56
346.39;332.53;-13.86;678.92
347.35;331.18;-16.18;678.53
345.99;330.90;-15.09;676.89
347.49;331.87;-15.62;679.36
345.45;331.45;-14.01;676.90
345.18;333.21;-11.98;678.39
347.26;332.59;-14.66;679.85
346.94;332.72;-14.22;679.65
344.35;332.89;-11.45;677.24
346.57;332.22;-14.35;678.79
347.02;332.36;-14.66;679.38
346.81;332.44;-14.37;679.25
346.25;331.84;-14.42;678.09
346.18;331.16;-15.02;677.35
347.68;332.17;-15.51;679.85
345.58;332.76;-12.82;678.34
345.27;331.54;-13.73;676.81
347.68;331.31;-16.37;678.98
344.78;332.69;-12.09;677.48
344.51;330.60;-13.91;675.11
346.70;332.56;-14.14;679.26
346.45;332.19;-14.25;678.64
346.87;332.61;-14.26;679.48
346.98;332.41;-14.57;679.38
346.55;332.67;-13.88;679.22
346.31;332.36;-13.95;678.68
345.97;332.18;-13.79;678.15
347.12;331.98;-15.14;679.10
345.57;330.37;-15.20;675.94
345.26;331.52;-13.74;676.78
347.46;331.20;-16.26;678.66
347.57;331.04;-16.54;678.61
344.64;332.32;-12.31;676.96
346.66;332.42;-14.25;679.08
347.14;332.37;-14.77;679.51
347.14;332.10;-15.04;679.24
346.91;331.79;-15.12;678.70
346.62;332.54;-14.09;679.16
346.32;331.32;-15.00;677.64
346.04;332.18;-13.86;678.22
345.85;332.06;-13.79;677.91
345.50;331.73;-13.77;677.23
345.30;331.48;-13.82;676.78
347.22;331.26;-15.95;678.48
346.29;330.29;-16.01;676.58
346.69;332.82;-13.87;679.51
346.28;330.70;-15.58;676.98
346.54;331.74;-14.81;678.28
346.41;332.54;-13.87;678.94
347.05;330.92;-16.12;677.97
346.93;332.05;-14.88;678.98
346.75;332.45;-14.29;679.20
346.59;332.63;-13.96;679.22
346.98;331.38;-15.59;678.36
347.69;331.11;-16.58;678.80
347.17;331.42;-15.75;678.59
345.70;331.91;-13.79;677.61
346.58;332.48;-14.09;679.06
345.16;331.34;-13.82;676.49
345.74;332.45;-13.28;678.19
344.71;330.75;-13.96;675.46
347.43;332.55;-14.88;679.98
346.74;330.53;-16.21;677.27
346.29;332.64;-13.66;678.93
346.85;330.01;-16.84;676.86
346.50;331.78;-14.72;678.28
346.31;332.78;-13.54;679.09
346.44;332.63;-13.81;679.07
346.15;333.08;-13.08;679.23
345.87;332.77;-13.10;678.64
347.21;330.76;-16.44;677.97
345.44;331.63;-13.81;677.07
345.26;331.42;-13.84;676.68
345.05;331.21;-13.84;676.25
347.69;332.80;-14.89;680.49
346.34;330.87;-15.46;677.21
344.44;330.64;-13.81;675.08
344.24;331.85;-12.39;676.08
347.12;332.27;-14.85;679.39
346.84;332.95;-13.89;679.79
346.29;332.81;-13.49;679.10
346.46;331.38;-15.09;677.84
346.16;332.35;-13.81;678.51
345.93;333.13;-12.80;679.06
345.69;331.94;-13.76;677.63
346.21;331.80;-14.41;678.01
345.34;331.63;-13.71;676.96
347.05;333.89;-13.15;680.94
344.95;331.14;-13.81;676.09
346.36;332.41;-13.95;678.78
346.61;332.89;-13.71;679.50
346.91;333.20;-13.71;680.11
346.62;331.24;-15.39;677.86
346.81;332.28;-14.52;679.09
346.51;333.16;-13.35;679.66
346.35;331.58;-14.78;677.93
346.56;332.64;-13.92;679.20
346.41;332.65;-13.76;679.06
345.58;332.48;-13.10;678.05
346.08;331.62;-14.46;677.69
345.49;332.13;-13.36;677.62
345.81;331.84;-13.96;677.65
345.57;331.69;-13.88;677.26
345.28;332.94;-12.34;678.22
345.04;331.26;-13.78;676.29
346.72;330.97;-15.75;677.69
346.18;332.56;-13.61;678.74
347.00;330.39;-16.61;677.39
346.55;332.69;-13.86;679.25
347.15;332.03;-15.12;679.18
345.91;332.51;-13.40;678.41
346.51;331.45;-15.05;677.96
346.10;332.28;-13.82;678.38
346.06;332.13;-13.94;678.19
347.08;331.82;-15.26;678.89
345.59;330.52;-15.07;676.12
347.57;331.49;-16.08;679.06
347.02;333.09;-13.92;680.11
347.61;330.88;-16.73;678.48
346.46;331.58;-14.88;678.04
346.70;333.05;-13.65;679.75
346.46;333.12;-13.34;679.58
346.81;331.68;-15.13;678.49
346.47;332.96;-13.51;679.44
346.21;332.66;-13.55;678.87
346.26;332.21;-14.06;678.47
346.02;332.16;-13.86;678.18
345.74;332.78;-12.96;678.51
345.42;331.62;-13.81;677.04
345.21;332.20;-13.01;677.41
345.03;331.10;-13.93;676.13
346.54;330.87;-15.66;677.41
347.75;332.74;-15.01;680.49
346.46;333.69;-12.77;680.15
346.21;332.68;-13.53;678.88
347.08;332.52;-14.56;679.60
346.88;331.79;-15.09;678.68
346.38;332.12;-14.26;678.51
346.26;332.43;-13.84;678.69
346.22;332.36;-13.86;678.59
347.55;332.05;-15.50;679.61
345.73;333.09;-12.64;678.82
345.43;333.14;-12.29;678.57
347.12;330.14;-16.98;677.25
346.84;333.37;-13.46;680.21
347.37;332.22;-15.15;679.59
347.58;330.61;-16.97;678.19
347.14;332.46;-14.68;679.59
346.71;330.21;-16.50;676.92
346.62;332.22;-14.40;678.84
346.21;330.06;-16.15;676.27
345.89;331.95;-13.94;677.85
346.56;332.24;-14.33;678.80
346.21;332.54;-13.68;678.75
346.64;331.42;-15.22;678.05
345.61;331.41;-14.20;677.01
345.38;332.16;-13.22;677.54
345.89;330.95;-14.94;676.84
347.29;331.94;-15.36;679.23
347.49;332.62;-14.87;680.11
346.98;331.55;-15.44;678.53
346.79;332.20;-14.59;678.99
347.20;332.16;-15.04;679.36
347.08;332.59;-14.49;679.66
346.53;330.62;-15.91;677.15
347.13;330.33;-16.80;677.46
346.94;332.02;-14.92;678.96
346.86;331.94;-14.92;678.80
346.62;332.61;-14.01;679.24
346.59;332.72;-13.87;679.31
346.26;331.25;-15.01;677.52
346.05;332.95;-13.09;679.00
345.77;332.05;-13.72;677.82
347.84;332.54;-15.31;680.38
345.30;330.98;-14.32;676.28
345.12;331.28;-13.85;676.40
347.30;332.34;-14.96;679.64
347.63;332.75;-14.88;680.38
344.45;332.42;-12.03;676.86
346.65;332.10;-14.55;678.75
347.05;332.66;-14.39;679.71
347.52;333.01;-14.51;680.54
346.56;332.16;-14.39;678.72
346.42;332.01;-14.41;678.43
346.12;332.36;-13.76;678.49
345.89;331.99;-13.90;677.89
345.71;330.66;-15.04;676.37
347.17;332.40;-14.77;679.57
347.18;332.05;-15.14;679.23
344.82;331.00;-13.82;675.82
347.59;331.46;-16.14;679.05
347.09;331.81;-15.28;678.91
347.05;332.02;-15.02;679.07
346.89;333.11;-13.78;680.01
346.52;332.20;-14.32;678.72
346.33;333.14;-13.19;679.46
346.51;331.01;-15.49;677.52
347.22;330.82;-16.41;678.04
347.76;331.87;-15.89;679.63
347.84;331.61;-16.22;679.45
345.29;331.53;-13.76;676.82
345.14;331.25;-13.89;676.39
346.63;331.04;-15.59;677.67
346.70;330.84;-15.86;677.54
347.35;331.46;-15.88;678.81
347.41;332.31;-15.09;679.72
346.65;332.48;-14.16;679.13
346.45;330.67;-15.78;677.12
347.78;331.69;-16.09;679.47
346.55;332.64;-13.91;679.19
346.41;331.35;-15.06;677.75
346.00;331.08;-14.92;677.08
345.84;332.01;-13.82;677.85
345.62;331.92;-13.71;677.54
347.45;331.66;-15.79;679.11
345.38;331.35;-14.02;676.73
347.24;331.29;-15.95;678.52
347.01;331.89;-15.12;678.90
347.81;332.58;-15.22;680.39
346.51;332.50;-14.01;679.01
346.78;330.30;-16.48;677.08
347.29;332.25;-15.04;679.54
347.12;332.14;-14.98;679.26
347.00;332.55;-14.45;679.55
346.75;331.76;-14.99;678.52
346.65;331.59;-15.06;678.24
346.39;332.55;-13.85;678.94
346.20;331.09;-15.11;677.29
345.97;330.91;-15.06;676.88
345.59;333.11;-12.48;678.71
347.74;331.54;-16.20;679.27
347.20;332.23;-14.97;679.43
347.23;332.36;-14.87;679.59
346.58;332.84;-13.74;679.42
347.41;332.45;-14.96;679.85
347.21;330.31;-16.90;677.52
345.91;330.08;-15.84;675.99
346.92;331.83;-15.09;678.75
346.59;331.57;-15.02;678.16
346.32;333.05;-13.27;679.38
346.10;332.24;-13.86;678.34
345.94;331.99;-13.94;677.93
347.49;332.62;-14.88;680.11
345.38;331.61;-13.78;676.99
345.22;332.15;-13.06;677.37
346.11;330.42;-15.69;676.53
347.27;332.66;-14.61;679.94
346.87;331.46;-15.41;678.34
347.38;332.42;-14.96;679.80
346.66;332.20;-14.46;678.86
347.01;330.72;-16.29;677.72
346.70;332.41;-14.29;679.11
346.50;331.80;-14.70;678.30
346.21;331.21;-14.99;677.42
346.00;332.23;-13.77;678.23
345.72;331.93;-13.79;677.65
347.47;330.40;-17.07;677.87
345.40;330.32;-15.08;675.72
347.01;331.29;-15.71;678.30
345.08;331.25;-13.82;676.33
347.86;332.88;-14.98;680.75
344.69;333.37;-11.32;678.06
345.74;330.73;-15.01;676.47
346.41;330.43;-15.98;676.84
346.38;332.38;-14.01;678.76
345.92;331.56;-14.35;677.48
346.91;331.86;-15.05;678.78
347.27;331.52;-15.75;678.79
346.33;332.25;-14.08;678.58
345.84;333.26;-12.58;679.09
345.69;331.81;-13.88;677.51
346.84;332.91;-13.92;679.75
347.42;331.24;-16.18;678.65
346.15;331.15;-15.00;677.31
346.74;330.78;-15.96;677.52
346.44;332.35;-14.09;678.79
346.90;332.37;-14.53;679.27
346.29;332.32;-13.97;678.61
346.95;332.20;-14.75;679.15
346.01;332.01;-14.00;678.02
346.11;333.02;-13.09;679.12
346.66;329.64;-17.03;676.30
346.41;331.36;-15.04;677.77
346.16;331.97;-14.19;678.13
346.11;332.00;-14.11;678.11
345.84;332.05;-13.79;677.89
346.96;331.83;-15.14;678.79
346.88;331.63;-15.25;678.51
345.26;332.29;-12.97;677.55
347.11;332.10;-15.01;679.21
346.63;331.02;-15.61;677.65
346.91;332.21;-14.70;679.11
347.02;332.06;-14.96;679.08
346.68;332.66;-14.01;679.34
346.55;331.21;-15.34;677.76
347.07;333.06;-14.01;680.14
346.96;331.86;-15.10;678.83
346.50;331.48;-15.02;677.98
346.34;333.19;-13.15;679.52
346.17;331.85;-14.32;678.02
345.94;330.82;-15.12;676.76
346.75;330.52;-16.23;677.28
347.15;330.29;-16.86;677.45
347.03;331.18;-15.85;678.21
346.82;331.05;-15.76;677.87
347.72;332.04;-15.68;679.76
347.04;330.65;-16.39;677.68
346.89;330.49;-16.40;677.38
344.29;332.35;-11.94;676.64
347.09;333.06;-14.03;680.15
346.46;330.15;-16.31;676.61
346.89;333.08;-13.81;679.96
346.75;331.71;-15.04;678.46
346.45;332.22;-14.23;678.68
346.26;332.41;-13.85;678.68
345.98;332.32;-13.66;678.29
345.95;332.15;-13.79;678.10
347.65;331.86;-15.79;679.51
345.41;331.43;-13.98;676.84
347.54;332.08;-15.45;679.62
346.07;332.25;-13.82;678.32
344.69;332.53;-12.16;677.22
346.46;331.81;-14.65;678.26
346.42;330.15;-16.27;676.56
346.69;331.86;-14.84;678.55
346.57;332.68;-13.89;679.25
346.35;332.37;-13.98;678.72
346.02;332.03;-13.99;678.05
345.75;332.61;-13.14;678.35
347.58;330.81;-16.77;678.39
347.02;333.04;-13.98;680.06
346.15;331.08;-15.06;677.23
344.67;330.77;-13.90;675.44
346.45;332.61;-13.84;679.06
346.54;332.42;-14.12;678.95
346.96;333.31;-13.65;680.26
346.91;331.81;-15.09;678.72
346.55;333.44;-13.11;679.99
346.34;331.38;-14.96;677.72
346.16;331.15;-15.01;677.32
346.10;331.08;-15.02;677.18
345.82;330.53;-15.29;676.35
345.52;331.73;-13.79;677.25
347.14;333.15;-13.99;680.28
347.03;331.12;-15.91;678.15
346.54;332.84;-13.70;679.37
346.51;332.54;-13.97;679.05
346.54;332.35;-14.19;678.89
346.91;332.02;-14.89;678.93
346.31;331.79;-14.52;678.10
346.48;332.69;-13.78;679.17
346.20;332.49;-13.71;678.69
347.09;332.20;-14.89;679.29
345.74;331.72;-14.02;677.45
345.48;331.62;-13.86;677.11
346.62;331.41;-15.21;678.04
347.18;333.14;-14.04;680.31
346.85;332.65;-14.19;679.50
347.59;330.55;-17.04;678.14
346.87;331.12;-15.75;677.99
346.96;332.46;-14.50;679.43
346.69;332.88;-13.81;679.58
346.49;332.71;-13.78;679.20
346.32;332.23;-14.09;678.55
345.94;332.77;-13.17;678.71
346.76;332.44;-14.32;679.21
345.32;331.45;-13.87;676.76
347.23;331.12;-16.11;678.35
347.37;330.78;-16.59;678.15
347.34;330.61;-16.73;677.95
347.12;332.39;-14.73;679.52
346.60;332.75;-13.85;679.35
346.79;332.59;-14.21;679.38
346.36;331.34;-15.02;677.69
346.17;331.06;-15.11;677.23
345.82;331.93;-13.89;677.75
346.63;330.50;-16.13;677.13
347.55;332.14;-15.41;679.69
347.32;331.11;-16.21;678.42
347.20;331.67;-15.53;678.87
347.00;332.53;-14.47;679.53
347.28;332.30;-14.98;679.58
347.11;332.54;-14.57;679.64
346.69;331.76;-14.93;678.45
347.34;332.25;-15.08;679.59
346.91;331.86;-15.05;678.76
345.66;331.78;-13.88;677.45
345.36;331.54;-13.82;676.89
345.13;332.52;-12.61;677.65
344.81;330.90;-13.91;675.71
346.84;330.69;-16.15;677.54
347.32;330.24;-17.08;677.55
346.80;332.18;-14.62;678.98
345.55;331.80;-13.75;677.35
346.07;331.47;-14.60;677.54
346.27;331.11;-15.16;677.38
345.86;332.06;-13.81;677.92
347.35;331.58;-15.78;678.93
347.93;331.52;-16.41;679.45
346.92;331.95;-14.96;678.87
346.63;333.29;-13.34;679.92
346.29;332.30;-13.99;678.59
347.05;332.83;-14.22;679.88
347.04;331.32;-15.71;678.36
346.61;331.62;-14.98;678.23
346.38;332.02;-14.35;678.40
347.20;331.49;-15.71;678.69
345.79;331.89;-13.90;677.69
345.52;331.73;-13.79;677.25
345.25;331.38;-13.86;676.63
346.94;331.06;-15.88;677.99
346.66;330.89;-15.78;677.55
346.69;332.51;-14.18;679.20
347.09;331.06;-16.02;678.15
347.04;331.97;-15.07;679.01
346.76;331.68;-15.08;678.45
346.35;331.95;-14.40;678.29
347.05;332.16;-14.88;679.21
345.94;332.14;-13.81;678.08
345.61;331.69;-13.92;677.29
347.66;331.39;-16.27;679.06
347.31;332.34;-14.96;679.65
346.75;331.65;-15.09;678.40
346.64;332.02;-14.62;678.66
346.27;332.21;-14.06;678.48
347.05;331.94;-15.11;678.99
346.77;332.84;-13.93;679.61
346.55;332.00;-14.55;678.55
346.27;332.48;-13.79;678.75
346.09;332.41;-13.68;678.51
345.90;330.92;-14.98;676.82
347.86;332.00;-15.86;679.86
345.66;330.71;-14.96;676.37
348.14;332.40;-15.74;680.54
345.09;332.15;-12.94;677.25
347.21;333.04;-14.17;680.24
344.64;330.92;-13.72;675.56
347.03;332.58;-14.45;679.61
347.01;332.14;-14.86;679.15
346.19;332.81;-13.38;678.99
347.14;331.95;-15.19;679.08
346.71;331.75;-14.96;678.46
346.67;332.54;-14.13;679.21
346.35;331.35;-15.00;677.69
346.15;331.01;-15.14;677.16
347.85;330.73;-17.12;678.58
345.61;332.50;-13.11;678.11
345.48;332.47;-13.01;677.95
345.16;332.17;-12.99;677.34
347.55;331.16;-16.38;678.71
346.63;331.11;-15.52;677.74
347.44;332.45;-14.99;679.89
346.90;331.32;-15.58;678.22
346.59;332.15;-14.44;678.74
346.16;332.53;-13.63;678.69
346.68;331.58;-15.11;678.26
346.26;332.25;-14.01;678.51
347.25;331.60;-15.65;678.85
345.81;331.99;-13.82;677.79
345.71;331.91;-13.80;677.61
345.47;333.53;-11.94;679.00
345.29;330.22;-15.07;675.52
345.01;331.22;-13.78;676.23
347.38;331.05;-16.32;678.43
347.16;332.70;-14.46;679.86
346.75;330.69;-16.06;677.44
346.28;332.43;-13.85;678.71
347.15;332.55;-14.59;679.70
346.92;330.03;-16.89;676.95
346.82;332.71;-14.11;679.52
347.59;331.99;-15.60;679.59
346.48;332.64;-13.84;679.11
347.54;331.69;-15.85;679.22
346.14;332.03;-14.11;678.17
347.72;331.96;-15.76;679.69
345.59;331.81;-13.78;677.40
345.34;331.50;-13.84;676.84
347.66;331.23;-16.44;678.89
344.89;332.74;-12.15;677.62
347.59;331.84;-15.75;679.42
347.42;333.39;-14.03;680.81
346.58;330.86;-15.72;677.45
346.81;332.86;-13.94;679.67
346.50;331.47;-15.03;677.97
346.21;332.27;-13.94;678.48
346.01;332.12;-13.89;678.12
345.60;331.49;-14.11;677.09
347.29;330.35;-16.94;677.64
346.32;331.30;-15.02;677.62
344.86;330.95;-13.91;675.82
347.54;332.14;-15.41;679.68
346.54;332.36;-14.18;678.89
346.85;331.11;-15.74;677.96
