353.65;340.04;-13.61;693.69
352.95;339.73;-13.22;692.68
353.10;338.96;-14.14;692.06
353.61;340.37;-13.24;693.98
353.44;341.77;-11.66;695.21
353.42;340.19;-13.24;693.61
352.58;342.31;-10.27;694.89
353.03;339.52;-13.51;692.55
353.53;338.46;-15.06;691.99
353.31;340.39;-12.92;693.69
353.26;341.89;-11.37;695.15
353.08;340.75;-12.34;693.83
353.65;339.20;-14.45;692.85
352.38;340.05;-12.33;692.44
352.86;339.74;-13.12;692.59
352.68;339.69;-12.99;692.38
352.54;339.62;-12.91;692.16
352.33;338.66;-13.66;690.99
352.96;338.36;-14.60;691.33
354.49;339.89;-14.61;694.38
354.10;339.47;-14.63;693.57
351.73;339.19;-12.54;690.92
354.15;337.53;-16.62;691.68
351.28;339.92;-11.36;691.20
353.64;338.62;-15.01;692.26
353.46;339.13;-14.33;692.59
353.93;339.55;-14.38;693.48
353.44;339.95;-13.49;693.39
353.45;338.49;-14.95;691.94
352.92;339.50;-13.42;692.42
353.04;339.26;-13.77;692.30
352.88;340.42;-12.46;693.30
352.62;339.82;-12.80;692.45
352.59;339.49;-13.11;692.08
352.32;338.01;-14.31;690.34
352.11;339.23;-12.88;691.34
351.87;339.45;-12.42;691.32
353.54;338.69;-14.85;692.22
351.43;337.69;-13.74;689.12
353.39;339.25;-14.15;692.64
353.46;337.12;-16.35;690.58
353.93;339.04;-14.89;692.97
353.50;339.56;-13.94;693.06
353.48;338.72;-14.75;692.20
353.35;340.05;-13.31;693.40
353.05;339.36;-13.69;692.41
354.94;339.01;-15.93;693.94
352.72;340.06;-12.66;692.79
353.72;338.65;-15.07;692.36
352.26;339.79;-12.48;692.05
353.13;338.08;-15.05;691.21
353.53;339.32;-14.21;692.85
354.12;339.85;-14.27;693.96
353.26;339.59;-13.68;692.85
354.26;338.46;-15.80;692.73
353.61;339.38;-14.23;692.98
353.56;339.25;-14.31;692.82
354.15;340.09;-14.06;694.24
353.61;339.84;-13.78;693.45
353.74;339.55;-14.19;693.29
353.41;338.51;-14.90;691.92
353.10;339.38;-13.72;692.48
353.71;340.04;-13.67;693.75
352.75;339.82;-12.93;692.56
355.88;340.26;-15.61;696.14
353.83;339.51;-14.32;693.34
352.50;340.12;-12.38;692.62
354.32;340.12;-14.19;694.44
353.08;339.74;-13.35;692.82
354.11;339.65;-14.46;693.75
353.84;339.02;-14.82;692.86
353.69;339.78;-13.91;693.47
353.27;339.21;-14.06;692.48
353.96;339.63;-14.34;693.59
354.48;339.49;-14.99;693.97
353.56;338.62;-14.94;692.18
353.30;341.72;-11.58;695.02
353.81;339.93;-13.88;693.74
353.68;339.85;-13.82;693.53
353.56;339.14;-14.43;692.70
355.64;339.35;-16.29;694.99
353.21;339.23;-13.98;692.44
354.17;339.12;-15.05;693.29
352.82;338.96;-13.86;691.78
353.78;338.71;-15.06;692.49
353.59;340.78;-12.81;694.37
352.24;339.68;-12.56;691.91
354.35;339.47;-14.88;693.82
354.01;341.22;-12.79;695.23
353.88;340.46;-13.42;694.35
351.35;338.38;-12.97;689.74
351.15;339.26;-11.89;690.41
354.00;338.97;-15.03;692.97
350.71;339.94;-10.77;690.65
352.61;342.01;-10.60;694.62
353.31;338.95;-14.36;692.26
353.24;338.96;-14.27;692.20
352.98;339.22;-13.76;692.19
353.64;339.16;-14.47;692.80
352.70;338.91;-13.79;691.61
354.35;338.84;-15.51;693.19
352.41;339.46;-12.95;691.87
352.29;338.62;-13.66;690.91
353.32;340.34;-12.98;693.66
352.75;339.08;-13.67;691.82
353.60;339.50;-14.10;693.10
353.43;338.94;-14.49;692.37
353.56;338.40;-15.16;691.96
353.00;339.41;-13.59;692.41
353.42;339.80;-13.62;693.22
353.51;339.22;-14.29;692.72
353.31;339.58;-13.73;692.88
353.79;339.35;-14.44;693.14
353.16;339.54;-13.62;692.71
352.64;339.38;-13.25;692.02
353.06;341.16;-11.89;694.22
353.38;338.96;-14.41;692.34
352.66;340.05;-12.61;692.71
352.48;338.54;-13.94;691.01
353.57;337.23;-16.34;690.80
353.32;338.36;-14.95;691.68
353.78;342.24;-11.54;696.02
354.09;337.88;-16.21;691.97
353.39;338.51;-14.88;691.91
354.52;339.09;-15.44;693.61
354.01;342.08;-11.94;696.09
353.65;339.64;-14.02;693.29
353.30;339.79;-13.51;693.09
353.35;338.40;-14.95;691.75
353.82;339.38;-14.44;693.19
353.12;339.28;-13.84;692.39
353.45;338.99;-14.46;692.45
354.36;340.19;-14.18;694.55
352.30;339.87;-12.43;692.17
352.25;339.68;-12.56;691.93
352.01;339.56;-12.45;691.58
351.93;340.24;-11.69;692.16
353.94;339.44;-14.51;693.38
353.82;337.95;-15.87;691.76
351.57;339.11;-12.46;690.68
354.05;339.35;-14.69;693.40
353.73;339.31;-14.42;693.04
353.54;339.82;-13.72;693.36
353.61;339.63;-13.98;693.24
353.82;339.92;-13.89;693.74
352.59;339.66;-12.92;692.25
353.15;339.28;-13.87;692.42
353.05;340.46;-12.59;693.52
352.95;339.81;-13.14;692.75
353.34;342.82;-10.52;696.16
353.61;339.42;-14.19;693.04
352.20;338.32;-13.88;690.52
354.04;339.97;-14.07;694.01
351.51;338.76;-12.74;690.27
353.99;339.53;-14.46;693.52
352.95;339.88;-13.07;692.82
353.69;339.56;-14.14;693.25
353.67;339.96;-13.71;693.63
353.30;338.48;-14.82;691.78
353.15;339.28;-13.86;692.43
353.70;339.03;-14.67;692.73
352.70;339.79;-12.91;692.49
353.32;338.56;-14.76;691.88
352.08;339.16;-12.92;691.25
354.04;339.74;-14.31;693.78
353.36;339.79;-13.57;693.16
353.42;337.45;-15.97;690.86
353.35;339.25;-14.10;692.59
353.50;339.95;-13.55;693.45
353.74;338.84;-14.91;692.58
353.45;338.61;-14.84;692.06
353.23;339.34;-13.89;692.56
354.26;338.71;-15.55;692.96
352.66;338.86;-13.81;691.52
353.46;339.35;-14.11;692.81
353.25;341.36;-11.89;694.61
352.89;340.28;-12.61;693.17
354.30;339.72;-14.58;694.02
354.09;340.20;-13.89;694.29
353.20;339.17;-14.03;692.37
354.12;338.95;-15.17;693.06
353.64;339.04;-14.61;692.68
353.24;338.76;-14.47;692.00
352.25;340.21;-12.05;692.46
353.00;339.18;-13.82;692.18
352.75;341.06;-11.69;693.81
352.56;339.56;-13.00;692.12
352.30;338.63;-13.67;690.93
353.38;341.50;-11.88;694.88
354.56;338.08;-16.48;692.64
354.16;339.35;-14.81;693.52
354.49;341.61;-12.88;696.11
353.19;340.20;-12.99;693.39
352.66;339.98;-12.69;692.64
352.94;339.48;-13.46;692.42
353.14;341.65;-11.49;694.79
353.12;340.56;-12.56;693.69
353.95;339.09;-14.86;693.05
353.77;340.16;-13.61;693.94
352.35;339.82;-12.53;692.18
352.07;341.36;-10.71;693.43
353.84;339.08;-14.76;692.92
353.98;338.66;-15.31;692.64
354.64;339.56;-15.07;694.20
354.18;340.59;-13.59;694.76
353.01;340.23;-12.78;693.24
353.54;340.08;-13.46;693.61
353.68;339.96;-13.72;693.64
351.41;339.39;-12.02;690.81
353.19;339.47;-13.72;692.66
353.02;339.05;-13.98;692.07
352.75;339.85;-12.90;692.59
353.80;340.27;-13.53;694.07
353.53;341.79;-11.74;695.32
352.99;339.60;-13.39;692.59
353.72;339.56;-14.16;693.28
353.56;339.12;-14.44;692.68
352.79;339.45;-13.35;692.24
353.75;339.51;-14.24;693.25
353.14;341.40;-11.74;694.54
352.98;340.35;-12.62;693.33
353.25;339.09;-14.16;692.34
353.35;339.29;-14.05;692.64
353.48;339.53;-13.95;693.01
353.32;339.54;-13.78;692.86
353.37;340.46;-12.91;693.83
353.28;340.09;-13.19;693.37
352.92;339.91;-13.01;692.82
352.69;340.45;-12.25;693.14
353.24;338.65;-14.59;691.89
353.29;338.55;-14.75;691.84
353.18;340.41;-12.78;693.59
353.21;338.20;-15.01;691.41
353.66;339.95;-13.71;693.61
351.71;339.91;-11.80;691.62
353.28;339.66;-13.62;692.94
353.35;338.48;-14.87;691.84
354.40;339.32;-15.08;693.72
353.65;339.03;-14.62;692.68
353.20;339.12;-14.08;692.32
353.51;339.44;-14.08;692.95
353.49;339.29;-14.21;692.78
353.41;339.40;-14.01;692.81
353.24;338.12;-15.12;691.36
352.96;340.43;-12.53;693.39
352.79;338.84;-13.95;691.64
352.36;339.94;-12.43;692.30
353.14;339.79;-13.35;692.94
353.21;339.41;-13.79;692.62
353.56;339.02;-14.54;692.58
354.05;338.96;-15.08;693.01
353.02;338.69;-14.33;691.71
353.29;339.01;-14.28;692.30
353.70;339.79;-13.91;693.49
352.82;339.86;-12.95;692.68
352.62;339.73;-12.89;692.35
353.03;339.54;-13.49;692.56
353.12;339.20;-13.92;692.32
352.74;338.95;-13.78;691.69
352.52;338.79;-13.74;691.31
352.33;339.54;-12.79;691.87
352.26;341.45;-10.82;693.71
353.65;340.09;-13.56;693.74
353.61;339.66;-13.94;693.27
353.78;339.04;-14.74;692.81
353.32;339.52;-13.80;692.85
353.90;339.22;-14.68;693.12
352.81;339.09;-13.72;691.89
353.29;339.59;-13.70;692.89
353.72;340.61;-13.11;694.33
353.52;339.71;-13.82;693.23
355.42;341.66;-13.76;697.08
355.31;340.01;-15.31;695.32
352.79;341.16;-11.62;693.95
352.55;338.91;-13.64;691.45
354.37;339.91;-14.46;694.28
352.30;339.81;-12.49;692.11
353.01;340.21;-12.81;693.22
353.57;338.05;-15.52;691.62
352.97;337.88;-15.09;690.85
354.39;339.67;-14.72;694.06
353.66;339.74;-13.92;693.41
353.56;339.44;-14.12;693.01
353.65;338.79;-14.86;692.44
352.81;339.66;-13.15;692.47
353.57;340.46;-13.11;694.03
353.19;339.58;-13.61;692.76
353.00;340.58;-12.42;693.58
352.75;338.96;-13.79;691.71
352.66;340.88;-11.78;693.54
352.45;339.88;-12.57;692.32
353.91;340.34;-13.56;694.25
351.91;341.55;-10.36;693.46
351.90;339.41;-12.49;691.31
351.69;339.66;-12.02;691.35
353.21;339.31;-13.90;692.51
351.41;339.41;-12.00;690.81
353.05;339.46;-13.58;692.51
353.38;339.34;-14.04;692.72
352.85;339.99;-12.86;692.84
353.81;338.88;-14.94;692.69
352.84;339.15;-13.69;691.99
353.35;339.32;-14.02;692.67
352.82;339.05;-13.78;691.87
352.72;339.86;-12.86;692.58
352.59;338.66;-13.93;691.25
351.92;338.62;-13.31;690.54
353.27;338.47;-14.80;691.74
352.65;338.96;-13.69;691.62
351.74;340.61;-11.14;692.35
351.55;339.41;-12.14;690.95
354.36;339.48;-14.88;693.84
351.04;339.22;-11.81;690.26
352.79;340.00;-12.79;692.79
352.72;339.74;-12.98;692.46
353.52;339.66;-13.86;693.18
353.27;339.47;-13.80;692.74
352.59;340.02;-12.56;692.61
352.79;339.43;-13.36;692.22
353.37;339.58;-13.79;692.95
352.28;338.59;-13.69;690.86
352.05;339.06;-12.99;691.12
351.88;339.53;-12.35;691.41
353.06;339.29;-13.76;692.35
353.21;339.43;-13.78;692.64
353.28;339.51;-13.77;692.78
352.90;341.30;-11.60;694.20
353.97;338.89;-15.08;692.86
353.07;337.84;-15.23;690.91
352.16;339.60;-12.56;691.76
353.02;339.34;-13.68;692.35
352.89;339.04;-13.85;691.92
352.63;340.48;-12.15;693.11
352.37;339.32;-13.05;691.69
352.01;340.15;-11.86;692.15
351.85;339.96;-11.89;691.82
353.89;339.97;-13.92;693.86
353.89;340.72;-13.18;694.61
354.11;339.25;-14.86;693.36
353.82;340.26;-13.56;694.09
353.76;339.69;-14.07;693.46
352.84;340.47;-12.37;693.31
353.17;339.43;-13.74;692.60
352.90;340.45;-12.45;693.35
352.64;339.54;-13.10;692.18
354.56;338.54;-16.02;693.11
354.16;340.19;-13.96;694.35
351.99;340.09;-11.90;692.08
351.81;338.86;-12.95;690.66
351.68;338.95;-12.72;690.63
353.14;340.17;-12.97;693.31
353.49;339.13;-14.36;692.62
353.87;339.79;-14.08;693.66
352.58;338.71;-13.86;691.29
353.29;339.43;-13.86;692.72
352.72;341.32;-11.40;694.05
352.85;340.24;-12.62;693.09
352.72;339.68;-13.05;692.40
352.26;340.34;-11.92;692.59
352.13;338.28;-13.85;690.41
351.78;339.82;-11.96;691.60
353.84;339.82;-14.02;693.66
354.18;341.39;-12.79;695.57
354.06;339.26;-14.81;693.32
353.15;339.95;-13.20;693.09
350.60;339.85;-10.75;690.45
353.48;338.55;-14.94;692.03
353.24;339.48;-13.75;692.72
353.74;338.10;-15.64;691.84
352.94;339.11;-13.83;692.04
352.69;341.58;-11.11;694.27
352.44;340.03;-12.41;692.47
352.03;339.14;-12.89;691.17
353.02;339.46;-13.56;692.48
352.88;339.68;-13.20;692.55
353.42;339.64;-13.79;693.06
353.76;340.06;-13.71;693.82
353.83;341.03;-12.80;694.86
353.55;340.59;-12.96;694.14
352.57;339.73;-12.84;692.30
353.04;340.19;-12.84;693.23
355.08;339.18;-15.90;694.26
352.72;339.75;-12.96;692.47
353.21;341.29;-11.92;694.49
352.29;340.19;-12.11;692.48
354.08;338.94;-15.14;693.02
354.10;338.99;-15.11;693.09
353.39;339.42;-13.98;692.81
353.59;340.01;-13.58;693.59
353.94;339.21;-14.74;693.15
353.68;341.92;-11.76;695.61
352.89;339.82;-13.08;692.71
353.16;338.65;-14.51;691.82
353.36;339.50;-13.86;692.86
353.14;339.34;-13.80;692.48
352.98;339.03;-13.95;692.01
352.84;339.05;-13.79;691.89
352.66;338.83;-13.83;691.49
354.21;339.59;-14.62;693.81
353.66;339.32;-14.34;692.98
354.09;340.03;-14.06;694.12
353.11;339.55;-13.56;692.66
354.32;340.44;-13.88;694.75
353.37;337.71;-15.66;691.08
354.32;339.44;-14.89;693.76
354.20;339.83;-14.37;694.03
353.81;338.92;-14.89;692.74
353.54;339.54;-14.00;693.07
352.83;340.32;-12.51;693.15
353.37;338.24;-15.13;691.61
353.02;340.05;-12.98;693.07
352.84;340.56;-12.28;693.39
355.45;338.98;-16.47;694.42
352.46;340.04;-12.43;692.50
354.04;340.36;-13.67;694.40
353.12;339.80;-13.32;692.92
355.19;340.24;-14.95;695.42
354.74;336.90;-17.84;691.64
353.58;337.92;-15.65;691.50
353.51;339.50;-14.01;693.01
353.34;339.21;-14.12;692.55
354.19;339.67;-14.52;693.86
352.76;339.69;-13.08;692.45
353.41;339.22;-14.19;692.63
353.28;341.62;-11.66;694.90
353.15;339.44;-13.71;692.58
353.12;340.09;-13.03;693.21
352.84;338.56;-14.27;691.40
353.28;341.37;-11.91;694.65
352.36;339.47;-12.89;691.84
352.22;339.01;-13.21;691.23
351.95;338.08;-13.87;690.04
353.02;339.46;-13.56;692.48
353.57;339.11;-14.46;692.68
353.62;338.84;-14.78;692.46
352.94;339.26;-13.67;692.20
353.28;339.21;-14.07;692.48
353.75;340.28;-13.46;694.03
353.59;338.80;-14.79;692.39
354.12;339.54;-14.58;693.66
353.14;339.41;-13.73;692.55
352.81;339.21;-13.61;692.02
353.64;338.95;-14.69;692.59
352.59;339.49;-13.11;692.08
355.43;340.61;-14.82;696.04
354.03;338.94;-15.09;692.96
351.72;341.19;-10.53;692.91
353.93;339.16;-14.76;693.09
353.23;339.05;-14.18;692.28
353.34;339.15;-14.18;692.49
353.03;340.26;-12.77;693.29
353.67;339.97;-13.70;693.64
353.31;341.85;-11.46;695.16
353.31;340.11;-13.20;693.41
353.06;339.36;-13.70;692.43
355.36;337.86;-17.49;693.22
352.68;338.79;-13.89;691.48
353.14;339.55;-13.59;692.69
353.78;338.35;-15.44;692.13
351.89;338.89;-12.99;690.78
353.57;339.79;-13.78;693.36
353.85;339.13;-14.72;692.98
353.70;339.61;-14.09;693.31
354.10;339.69;-14.41;693.79
353.49;340.00;-13.49;693.49
353.14;339.75;-13.39;692.89
353.54;339.91;-13.63;693.45
353.51;339.64;-13.86;693.15
354.13;339.62;-14.51;693.75
353.25;339.48;-13.77;692.74
353.11;339.35;-13.76;692.45
352.84;339.89;-12.94;692.73
352.39;339.53;-12.86;691.92
354.12;339.39;-14.74;693.51
352.07;338.32;-13.75;690.39
351.91;339.84;-12.06;691.75
351.68;339.54;-12.14;691.22
354.07;339.60;-14.47;693.67
353.59;339.50;-14.09;693.09
354.05;339.22;-14.82;693.27
352.95;339.09;-13.86;692.04
353.05;338.81;-14.24;691.86
353.69;339.42;-14.28;693.11
353.39;339.44;-13.96;692.83
353.17;339.35;-13.82;692.52
352.96;338.56;-14.39;691.52
353.75;338.96;-14.79;692.72
353.69;339.31;-14.39;693.00
352.22;339.26;-12.95;691.48
353.07;338.35;-14.72;691.42
353.62;339.98;-13.64;693.60
353.14;337.92;-15.22;691.06
353.65;340.99;-12.65;694.64
353.15;338.42;-14.74;691.57
353.66;339.31;-14.36;692.97
353.34;339.60;-13.74;692.94
352.94;338.69;-14.24;691.63
353.51;338.46;-15.05;691.96
353.02;338.74;-14.28;691.75
353.16;339.29;-13.87;692.46
354.23;338.95;-15.28;693.18
352.52;338.51;-14.01;691.03
355.45;340.51;-14.94;695.96
353.46;338.85;-14.61;692.31
354.01;339.21;-14.79;693.22
351.36;339.01;-12.35;690.37
354.08;339.11;-14.98;693.19
353.32;339.01;-14.31;692.34
353.79;339.62;-14.18;693.41
353.10;339.27;-13.83;692.37
352.64;339.42;-13.21;692.06
354.64;339.16;-15.48;693.80
352.67;339.62;-13.05;692.29
352.48;339.22;-13.26;691.70
353.24;338.35;-14.89;691.59
352.85;339.61;-13.24;692.46
354.61;339.72;-14.89;694.33
352.97;339.21;-13.76;692.18
354.22;339.23;-14.99;693.45
353.71;341.51;-12.19;695.22
353.62;339.65;-13.98;693.27
353.48;338.96;-14.51;692.44
353.97;340.05;-13.92;694.02
352.88;338.95;-13.93;691.84
352.64;338.92;-13.72;691.56
352.46;338.57;-13.89;691.04
352.15;339.14;-13.02;691.29
353.39;338.84;-14.56;692.23
351.72;339.10;-12.62;690.82
354.35;340.84;-13.51;695.19
352.99;338.75;-14.24;691.75
353.73;340.35;-13.38;694.08
353.21;340.04;-13.17;693.25
353.64;339.76;-13.87;693.40
353.17;339.61;-13.56;692.78
353.39;339.38;-14.02;692.77
353.11;340.01;-13.11;693.12
352.69;339.04;-13.65;691.73
353.83;339.27;-14.56;693.10
352.28;339.35;-12.93;691.62
351.95;339.91;-12.04;691.85
353.81;341.16;-12.65;694.97
351.62;339.19;-12.44;690.81
351.48;339.01;-12.46;690.49
353.24;339.53;-13.71;692.77
353.35;339.47;-13.88;692.82
353.82;340.16;-13.65;693.98
353.53;339.75;-13.78;693.28
353.29;339.60;-13.69;692.89
352.94;339.17;-13.76;692.11
352.64;340.08;-12.55;692.72
352.31;339.35;-12.96;691.66
353.46;339.54;-13.92;693.01
353.44;339.62;-13.82;693.05
352.79;340.69;-12.11;693.48
353.71;340.35;-13.35;694.06
353.76;339.86;-13.91;693.62
353.29;339.56;-13.72;692.85
353.37;339.45;-13.92;692.82
354.36;339.95;-14.41;694.32
353.93;341.55;-12.38;695.48
353.24;338.69;-14.55;691.93
354.42;339.42;-15.00;693.85
352.22;339.22;-12.99;691.44
354.93;338.17;-16.76;693.10
354.65;341.09;-13.56;695.74
353.72;339.52;-14.20;693.25
354.41;339.15;-15.26;693.56
353.42;339.14;-14.28;692.55
353.47;339.93;-13.54;693.40
354.14;339.51;-14.63;693.64
353.07;340.05;-13.02;693.12
352.79;339.52;-13.26;692.31
352.51;338.74;-13.77;691.25
352.12;340.31;-11.81;692.42
353.30;340.65;-12.65;693.95
354.78;339.54;-15.24;694.31
353.62;339.99;-13.63;693.62
354.31;339.75;-14.56;694.06
353.76;338.88;-14.88;692.64
353.54;340.62;-12.92;694.16
353.48;342.81;-10.66;696.29
353.22;339.43;-13.79;692.65
353.11;340.08;-13.03;693.18
352.82;339.93;-12.89;692.75
352.72;339.80;-12.92;692.52
353.40;339.04;-14.36;692.44
352.74;340.29;-12.45;693.02
354.25;338.88;-15.37;693.12
352.41;338.78;-13.64;691.19
352.17;339.56;-12.61;691.73
352.41;340.62;-11.79;693.04
352.16;338.28;-13.88;690.44
353.75;339.42;-14.33;693.18
353.05;343.04;-10.02;696.09
353.76;340.28;-13.49;694.04
353.65;339.39;-14.26;693.04
353.46;339.08;-14.39;692.54
352.81;338.83;-13.98;691.64
352.59;339.53;-13.06;692.12
352.89;339.90;-12.99;692.79
353.19;339.47;-13.72;692.66
353.08;339.32;-13.76;692.41
352.75;339.84;-12.91;692.58
352.68;340.19;-12.49;692.86
352.33;338.66;-13.67;690.99
352.05;338.32;-13.74;690.37
351.79;341.91;-9.88;693.69
353.31;339.81;-13.50;693.12
351.25;339.38;-11.86;690.63
354.05;340.22;-13.84;694.27
350.75;340.05;-10.71;690.80
353.76;339.91;-13.85;693.68
353.31;339.48;-13.83;692.78
354.70;339.08;-15.62;693.78
352.63;340.75;-11.88;693.38
353.89;341.12;-12.77;695.02
352.34;338.52;-13.82;690.86
353.60;339.68;-13.92;693.28
354.99;339.10;-15.89;694.09
353.81;339.75;-14.05;693.56
354.48;341.38;-13.09;695.86
353.26;339.58;-13.68;692.84
353.56;340.75;-12.81;694.31
353.64;339.19;-14.44;692.83
353.25;340.33;-12.92;693.58
352.92;339.19;-13.73;692.12
354.39;338.92;-15.48;693.31
352.63;338.92;-13.71;691.55
352.45;342.68;-9.77;695.14
352.22;339.71;-12.51;691.94
352.01;339.62;-12.38;691.63
353.67;339.31;-14.36;692.98
353.93;340.86;-13.07;694.79
353.79;337.54;-16.25;691.33
353.77;339.79;-13.98;693.56
353.15;339.04;-14.11;692.19
353.06;339.02;-14.04;692.08
353.23;339.68;-13.55;692.91
353.72;339.14;-14.58;692.86
353.31;339.41;-13.91;692.72
353.22;340.58;-12.64;693.81
353.05;340.51;-12.54;693.56
352.75;339.86;-12.89;692.61
353.95;338.34;-15.61;692.29
354.15;338.47;-15.68;692.62
353.99;339.56;-14.43;693.56
353.64;338.81;-14.83;692.44
353.52;339.68;-13.85;693.20
353.22;340.38;-12.84;693.60
350.99;339.72;-11.28;690.71
353.70;339.51;-14.19;693.21
353.02;339.81;-13.21;692.83
353.22;340.79;-12.44;694.01
353.15;339.21;-13.94;692.36
352.81;339.98;-12.83;692.78
352.60;339.54;-13.06;692.14
352.40;339.38;-13.02;691.78
352.14;339.18;-12.96;691.32
351.81;340.73;-11.08;692.54
352.47;338.61;-13.86;691.08
352.72;339.47;-13.25;692.19
353.91;339.48;-14.42;693.39
353.32;340.26;-13.06;693.58
353.51;339.99;-13.52;693.49
352.94;339.78;-13.16;692.72
353.20;341.24;-11.96;694.44
352.97;339.33;-13.64;692.30
352.91;339.95;-12.95;692.86
352.79;339.82;-12.96;692.61
352.62;339.66;-12.95;692.28
352.39;339.26;-13.13;691.66
352.19;339.80;-12.39;691.99
352.84;339.44;-13.39;692.28
353.59;339.75;-13.85;693.34
353.35;339.65;-13.70;693.01
352.48;339.28;-13.21;691.76
354.20;338.79;-15.41;692.99
353.55;338.77;-14.78;692.32
352.63;339.45;-13.18;692.08
353.27;339.36;-13.91;692.63
353.95;339.05;-14.91;693.00
352.65;339.48;-13.17;692.14
352.39;339.87;-12.52;692.26
354.03;338.14;-15.89;692.16
351.81;339.89;-11.92;691.69
353.82;338.95;-14.87;692.78
353.85;339.98;-13.88;693.83
353.51;340.01;-13.49;693.52
353.71;339.86;-13.85;693.58
353.33;339.78;-13.55;693.11
353.82;342.38;-11.44;696.21
353.00;339.96;-13.04;692.96
352.88;338.95;-13.93;691.84
353.45;339.66;-13.79;693.11
352.25;340.51;-11.74;692.75
352.01;339.38;-12.62;691.39
353.37;339.73;-13.64;693.10
353.31;340.17;-13.14;693.48
354.08;340.38;-13.69;694.46
353.48;339.95;-13.53;693.42
353.82;338.99;-14.82;692.81
354.67;339.82;-14.85;694.49
353.25;339.16;-14.08;692.41
353.06;340.07;-12.99;693.14
352.82;338.86;-13.96;691.68
352.65;338.72;-13.94;691.37
352.41;340.23;-12.18;692.64
353.62;341.14;-12.48;694.76
353.62;339.96;-13.66;693.58
354.23;339.04;-15.19;693.26
353.61;339.77;-13.84;693.38
353.39;339.08;-14.31;692.46
353.15;339.46;-13.69;692.61
353.51;339.64;-13.86;693.15
353.46;339.65;-13.81;693.11
351.96;339.45;-12.51;691.42
353.12;338.19;-14.93;691.32
352.98;339.98;-12.99;692.96
352.71;339.74;-12.98;692.45
352.35;338.68;-13.67;691.02
354.71;338.32;-16.38;693.03
353.55;339.42;-14.14;692.97
351.66;338.67;-12.99;690.33
353.28;339.30;-13.98;692.58
353.57;339.46;-14.11;693.04
352.87;340.04;-12.83;692.91
352.70;340.25;-12.45;692.95
353.07;339.98;-13.09;693.05
353.26;339.57;-13.69;692.84
353.21;339.38;-13.83;692.59
353.00;339.32;-13.68;692.32
352.84;339.11;-13.72;691.95
352.51;338.72;-13.79;691.23
352.27;339.25;-13.02;691.52
353.79;340.21;-13.58;694.01
353.97;339.31;-14.66;693.28
352.51;340.51;-11.99;693.02
352.76;338.92;-13.84;691.68
353.42;339.28;-14.14;692.69
353.52;339.77;-13.75;693.29
352.26;339.08;-13.18;691.35
353.12;338.52;-14.59;691.64
352.81;339.06;-13.75;691.86
352.62;340.89;-11.73;693.52
352.47;341.74;-10.73;694.21
353.47;341.01;-12.46;694.48
352.54;336.94;-15.60;689.48
353.71;339.61;-14.10;693.31
353.34;339.01;-14.33;692.35
353.45;339.55;-13.89;693.00
353.97;339.15;-14.82;693.12
353.09;341.03;-12.06;694.12
352.85;340.02;-12.83;692.86
353.45;339.51;-13.94;692.96
353.39;339.62;-13.77;693.02
352.49;340.30;-12.19;692.79
353.09;339.29;-13.80;692.38
352.84;340.07;-12.76;692.91
352.49;340.15;-12.34;692.65
352.31;340.41;-11.90;692.71
351.97;339.89;-12.08;691.86
355.14;339.88;-15.26;695.01
352.69;340.36;-12.34;693.05
353.49;339.56;-13.93;693.06
353.10;339.21;-13.89;692.31
352.92;338.98;-13.94;691.91
353.25;339.79;-13.46;693.04
353.66;339.79;-13.86;693.45
352.34;339.56;-12.78;691.91
353.00;340.49;-12.51;693.49
352.69;340.40;-12.29;693.09
352.49;338.70;-13.79;691.19
352.37;338.69;-13.68;691.06
353.32;339.62;-13.69;692.94
353.09;339.65;-13.45;692.74
351.77;339.37;-12.40;691.14
353.68;339.70;-13.98;693.38
353.49;339.42;-14.07;692.92
353.47;339.07;-14.40;692.54
353.65;338.88;-14.77;692.52
353.62;340.48;-13.14;694.09
352.87;339.68;-13.19;692.55
353.28;341.03;-12.25;694.31
352.64;339.95;-12.68;692.59
353.37;340.54;-12.83;693.91
352.48;340.60;-11.88;693.08
352.21;341.41;-10.80;693.61
353.16;340.74;-12.42;693.91
352.66;339.94;-12.72;692.61
353.41;340.50;-12.91;693.91
353.57;339.52;-14.05;693.09
352.84;339.29;-13.54;692.13
350.88;340.40;-10.48;691.28
352.99;340.09;-12.91;693.08
352.59;339.81;-12.78;692.39
353.08;339.62;-13.46;692.69
351.87;340.35;-11.52;692.22
352.82;339.09;-13.74;691.91
352.61;340.88;-11.72;693.49
355.42;341.47;-13.95;696.89
354.10;339.29;-14.81;693.39
353.64;339.42;-14.21;693.06
353.54;340.06;-13.48;693.61
353.23;339.91;-13.32;693.14
352.60;340.02;-12.58;692.62
353.25;338.69;-14.56;691.95
353.38;340.52;-12.86;693.89
353.15;340.68;-12.47;693.84
352.86;339.89;-12.96;692.75
353.77;338.72;-15.05;692.49
353.31;343.20;-10.11;696.51
352.69;339.42;-13.28;692.11
351.63;339.79;-11.84;691.42
354.20;339.30;-14.90;693.50
351.10;339.89;-11.21;690.99
353.86;340.12;-13.74;693.98
352.95;340.65;-12.29;693.60
353.48;339.55;-13.92;693.03
353.35;339.50;-13.85;692.85
355.00;339.02;-15.98;694.02
352.78;338.94;-13.84;691.71
352.50;339.26;-13.24;691.76
352.11;339.21;-12.90;691.31
351.85;338.89;-12.96;690.75
353.71;339.02;-14.69;692.73
354.08;339.21;-14.86;693.29
353.44;339.12;-14.32;692.56
353.74;339.28;-14.46;693.02
353.19;339.63;-13.56;692.82
353.29;339.47;-13.82;692.76
352.87;340.56;-12.31;693.43
352.78;338.84;-13.95;691.62
352.39;339.90;-12.49;692.29
352.21;342.18;-10.02;694.39
353.58;339.66;-13.92;693.24
351.58;339.54;-12.04;691.12
353.42;341.92;-11.50;695.34
353.67;340.16;-13.51;693.84
353.22;338.82;-14.41;692.04
355.81;342.19;-13.61;698.00
353.32;339.36;-13.96;692.68
352.81;339.29;-13.52;692.11
352.96;339.13;-13.84;692.09
353.35;341.25;-12.10;694.59
352.42;339.52;-12.89;691.94
352.15;339.55;-12.60;691.71
353.25;341.39;-11.86;694.64
353.93;339.86;-14.07;693.79
353.31;339.16;-14.15;692.48
353.31;340.02;-13.28;693.33
353.85;339.56;-14.29;693.42
352.95;338.06;-14.89;691.01
353.22;340.21;-13.01;693.44
353.79;339.76;-14.03;693.56
353.42;339.95;-13.47;693.38
353.11;338.99;-14.11;692.10
353.35;339.65;-13.71;693.00
353.24;339.41;-13.84;692.65
352.97;338.86;-14.11;691.84
354.08;338.85;-15.23;692.94
352.41;338.83;-13.58;691.24
353.70;337.38;-16.32;691.08
354.13;338.30;-15.83;692.43
353.94;339.67;-14.27;693.61
353.91;338.81;-15.10;692.72
354.53;339.64;-14.89;694.16
354.49;338.71;-15.78;693.21
353.98;339.22;-14.76;693.20
352.64;339.01;-13.63;691.64
353.76;338.93;-14.83;692.69
353.44;339.68;-13.76;693.12
353.38;339.31;-14.07;692.68
353.15;340.40;-12.75;693.55
353.09;339.16;-13.93;692.26
352.66;339.01;-13.65;691.67
353.90;339.92;-13.98;693.82
352.47;340.16;-12.31;692.64
353.89;341.52;-12.37;695.42
353.17;339.04;-14.14;692.21
353.28;339.26;-14.02;692.54
353.26;339.46;-13.80;692.72
353.84;339.44;-14.41;693.28
353.25;339.19;-14.06;692.45
354.35;338.87;-15.48;693.22
353.48;340.28;-13.20;693.75
352.98;339.39;-13.58;692.37
353.39;340.55;-12.84;693.95
353.42;339.62;-13.81;693.04
353.71;340.19;-13.52;693.91
353.05;340.05;-13.01;693.10
353.57;339.85;-13.72;693.42
353.84;339.76;-14.07;693.60
353.59;341.80;-11.79;695.39
353.44;339.71;-13.73;693.15
353.27;339.47;-13.80;692.74
353.08;340.55;-12.54;693.63
352.75;339.68;-13.07;692.44
352.52;339.82;-12.71;692.34
352.33;338.45;-13.88;690.78
351.97;340.48;-11.49;692.45
353.80;337.96;-15.84;691.76
353.39;339.84;-13.56;693.23
354.52;339.79;-14.73;694.32
353.81;339.98;-13.83;693.78
353.29;340.03;-13.26;693.32
353.26;338.78;-14.48;692.04
353.47;339.55;-13.92;693.02
354.01;339.43;-14.58;693.44
354.16;340.53;-13.64;694.69
353.78;338.48;-15.30;692.26
352.59;338.76;-13.84;691.35
353.67;339.96;-13.71;693.63
352.06;339.95;-12.11;692.01
351.96;339.55;-12.41;691.51
353.98;340.60;-13.38;694.58
353.28;337.54;-15.74;690.82
354.20;339.52;-14.68;693.72
354.12;339.42;-14.70;693.55
355.60;339.65;-15.95;695.25
353.77;338.90;-14.87;692.67
355.71;339.72;-15.99;695.43
353.21;338.98;-14.24;692.19
352.97;338.08;-14.89;691.05
352.60;337.74;-14.86;690.34
352.52;338.69;-13.83;691.22
352.31;339.84;-12.47;692.14
354.08;338.22;-15.85;692.30
353.61;338.11;-15.49;691.72
353.56;339.82;-13.74;693.39
353.06;339.07;-13.99;692.14
353.61;339.34;-14.26;692.95
354.15;340.03;-14.12;694.18
353.82;339.02;-14.80;692.84
353.70;338.86;-14.84;692.56
353.04;339.51;-13.53;692.55
353.22;340.10;-13.12;693.32
353.72;337.94;-15.78;691.66
353.64;338.77;-14.87;692.41
352.48;339.92;-12.56;692.39
352.24;338.38;-13.86;690.62
353.14;339.28;-13.86;692.41
354.86;340.90;-13.96;695.76
354.69;338.45;-16.25;693.14
351.20;339.22;-11.98;690.42
351.01;339.09;-11.92;690.11
353.06;339.79;-13.27;692.85
353.05;339.49;-13.56;692.54
355.08;339.61;-15.46;694.69
353.22;338.98;-14.24;692.20
352.91;339.21;-13.70;692.11
352.92;339.07;-13.85;691.99
353.48;340.55;-12.94;694.03
352.38;340.00;-12.38;692.38
353.15;339.82;-13.32;692.97
353.16;339.09;-14.06;692.25
351.77;339.24;-12.53;691.01
353.60;339.36;-14.24;692.96
353.49;340.08;-13.41;693.57
354.44;339.82;-14.62;694.26
353.02;340.04;-12.98;693.06
352.96;340.04;-12.93;693.00
353.32;338.70;-14.62;692.02
352.98;341.08;-11.91;694.06
353.29;339.55;-13.75;692.84
353.09;342.49;-10.60;695.58
353.02;340.74;-12.28;693.75
352.89;339.15;-13.74;692.04
352.66;341.07;-11.59;693.73
352.52;341.48;-11.05;694.00
352.36;339.92;-12.44;692.29
354.43;339.68;-14.75;694.11
353.46;339.11;-14.35;692.58
353.51;339.85;-13.66;693.36
354.02;341.68;-12.35;695.70
353.34;339.81;-13.54;693.15
353.96;340.31;-13.65;694.27
352.98;339.06;-13.92;692.04
353.74;339.29;-14.44;693.03
352.85;339.53;-13.32;692.38
353.23;339.30;-13.93;692.53
352.84;339.81;-13.03;692.64
352.56;338.78;-13.78;691.34
353.44;339.85;-13.59;693.29
352.23;339.26;-12.97;691.49
353.11;340.18;-12.94;693.29
353.64;341.28;-12.36;694.91
351.64;341.92;-9.72;693.55
351.39;339.52;-11.86;690.91
353.62;340.69;-12.92;694.31
350.96;339.17;-11.79;690.13
350.87;339.89;-10.98;690.76
353.13;340.78;-12.35;693.91
354.91;339.31;-15.61;694.22
353.03;339.65;-13.38;692.68
353.14;340.18;-12.96;693.31
354.21;339.17;-15.04;693.38
352.53;339.79;-12.74;692.32
352.47;340.01;-12.46;692.48
353.09;340.43;-12.66;693.52
352.06;338.98;-13.09;691.04
353.84;339.71;-14.12;693.55
353.79;340.88;-12.91;694.68
353.19;338.82;-14.36;692.01
353.89;338.97;-14.92;692.86
353.88;338.88;-15.00;692.75
353.30;339.89;-13.41;693.19
352.75;339.38;-13.38;692.13
353.15;339.18;-13.96;692.33
352.85;339.09;-13.76;691.94
354.74;339.56;-15.17;694.30
353.12;340.32;-12.80;693.44
353.27;340.07;-13.20;693.34
351.68;341.87;-9.81;693.55
355.40;340.69;-14.71;696.09
354.28;337.45;-16.83;691.72
353.25;339.70;-13.55;692.95
353.74;341.26;-12.48;695.01
353.61;339.27;-14.34;692.88
353.41;339.38;-14.04;692.79
353.09;339.23;-13.86;692.32
354.31;339.09;-15.22;693.40
352.67;338.85;-13.82;691.52
353.54;339.68;-13.86;693.22
352.27;339.58;-12.69;691.85
352.02;339.89;-12.13;691.92
354.23;339.92;-14.31;694.15
353.74;340.89;-12.85;694.62
353.99;339.55;-14.44;693.54
353.31;339.26;-14.05;692.56
353.29;339.18;-14.11;692.47
352.71;339.71;-12.99;692.42
353.41;339.68;-13.74;693.09
352.98;340.09;-12.89;693.08
352.94;338.86;-14.07;691.80
352.76;339.58;-13.18;692.35
353.49;339.82;-13.67;693.31
352.43;340.16;-12.26;692.59
351.84;340.01;-11.83;691.84
352.21;339.68;-12.53;691.88
351.88;338.79;-13.09;690.66
352.76;339.02;-13.75;691.78
353.69;339.36;-14.33;693.06
353.26;340.31;-12.95;693.58
353.39;340.86;-12.52;694.25
353.46;340.05;-13.41;693.51
353.76;339.78;-13.98;693.54
353.43;338.56;-14.86;691.99
353.35;339.44;-13.91;692.79
354.06;340.40;-13.66;694.46
352.94;339.09;-13.85;692.04
352.78;342.94;-9.85;695.72
352.50;340.24;-12.26;692.74
354.05;339.40;-14.65;693.45
353.32;341.26;-12.06;694.59
354.60;339.03;-15.57;693.63
351.82;340.56;-11.26;692.38
354.11;339.76;-14.35;693.86
351.34;339.48;-11.86;690.82
353.92;339.31;-14.62;693.23
353.28;339.78;-13.50;693.05
353.74;339.86;-13.88;693.60
353.06;339.56;-13.50;692.63
353.25;339.32;-13.93;692.58
352.92;339.18;-13.74;692.11
353.71;338.79;-14.92;692.51
352.53;340.01;-12.52;692.54
352.78;339.85;-12.93;692.62
351.92;340.04;-11.88;691.95
353.60;338.64;-14.96;692.24
351.48;339.72;-11.76;691.19
353.67;340.74;-12.93;694.41
352.75;340.02;-12.73;692.76
353.04;339.83;-13.21;692.86
353.75;339.92;-13.84;693.67
353.52;340.54;-12.98;694.05
353.38;338.36;-15.02;691.74
353.02;339.27;-13.75;692.29
352.78;339.02;-13.76;691.79
352.59;339.77;-12.82;692.36
353.22;338.58;-14.64;691.81
352.19;339.09;-13.10;691.28
354.83;339.34;-15.49;694.17
351.69;341.91;-9.78;693.59
354.70;338.74;-15.96;693.44
353.62;338.79;-14.83;692.42
353.49;337.23;-16.26;690.72
353.16;338.88;-14.28;692.04
353.84;338.66;-15.17;692.50
354.02;339.66;-14.36;693.69
353.19;340.09;-13.11;693.28
354.15;339.19;-14.96;693.35
352.66;340.94;-11.73;693.60
352.49;338.56;-13.94;691.05
352.27;341.02;-11.25;693.29
354.33;340.17;-14.16;694.50
353.51;338.62;-14.88;692.13
354.41;340.26;-14.14;694.67
354.21;340.03;-14.18;694.24
353.41;339.68;-13.73;693.09
353.75;339.22;-14.53;692.96
353.56;338.83;-14.73;692.39
353.28;339.50;-13.78;692.78
353.05;343.11;-9.94;696.15
354.34;338.78;-15.56;693.12
352.61;339.56;-13.05;692.17
354.34;338.33;-16.01;692.66
352.74;338.98;-13.75;691.72
351.80;339.96;-11.84;691.76
353.22;339.51;-13.72;692.73
353.58;339.38;-14.20;692.95
354.10;338.95;-15.15;693.05
353.77;339.42;-14.35;693.19
353.60;339.64;-13.96;693.24
353.35;339.18;-14.16;692.53
352.92;339.98;-12.94;692.90
354.75;338.98;-15.77;693.74
353.58;338.83;-14.75;692.41
354.77;339.92;-14.85;694.69
352.14;339.06;-13.08;691.20
354.14;341.29;-12.85;695.44
353.51;339.02;-14.48;692.53
353.14;338.75;-14.39;691.89
353.43;338.51;-14.92;691.94
354.09;340.89;-13.20;694.99
353.21;338.57;-14.64;691.78
353.69;336.58;-17.11;690.26
353.35;339.33;-14.02;692.68
353.19;338.12;-15.06;691.31
354.87;339.94;-14.94;694.81
354.62;338.84;-15.78;693.46
352.45;338.59;-13.86;691.04
354.25;339.72;-14.52;693.97
353.15;339.54;-13.62;692.69
353.67;339.45;-14.22;693.12
354.73;339.12;-15.61;693.85
354.26;339.22;-15.04;693.48
353.50;338.83;-14.67;692.33
355.27;339.52;-15.75;694.79
353.64;338.65;-14.99;692.29
354.54;340.19;-14.34;694.73
353.11;339.01;-14.11;692.12
352.76;340.41;-12.35;693.16
352.64;338.79;-13.85;691.43
352.36;338.54;-13.83;690.90
352.02;338.97;-13.05;690.99
351.77;337.86;-13.91;689.63
354.06;339.54;-14.52;693.60
353.09;339.13;-13.96;692.22
353.42;339.13;-14.29;692.55
353.96;339.72;-14.24;693.69
353.48;339.43;-14.05;692.91
353.96;338.99;-14.98;692.95
353.11;339.21;-13.90;692.31
352.75;338.97;-13.78;691.72
352.56;338.72;-13.84;691.28
353.95;338.42;-15.53;692.36
354.03;341.55;-12.48;695.58
354.38;339.08;-15.30;693.46
353.94;338.84;-15.11;692.78
354.19;340.27;-13.92;694.46
353.89;339.07;-14.82;692.96
353.70;338.16;-15.54;691.86
353.31;339.53;-13.78;692.84
353.31;339.14;-14.16;692.45
352.88;339.18;-13.71;692.06
353.54;338.78;-14.76;692.32
354.23;339.32;-14.91;693.55
352.08;338.29;-13.79;690.36
355.14;338.72;-16.42;693.86
353.59;339.39;-14.19;692.98
353.74;338.92;-14.81;692.66
354.13;339.06;-15.06;693.19
353.13;338.75;-14.38;691.88
353.22;339.65;-13.57;692.88
353.34;339.49;-13.85;692.84
353.00;341.56;-11.44;694.56
352.66;339.92;-12.74;692.59
353.82;338.41;-15.41;692.23
354.66;339.07;-15.59;693.73
353.78;338.81;-14.97;692.58
353.89;340.97;-12.92;694.86
353.69;339.49;-14.21;693.18
353.29;338.89;-14.40;692.19
354.43;338.75;-15.68;693.18
353.47;338.44;-15.04;691.91
353.15;339.36;-13.79;692.51
355.66;338.88;-16.78;694.54
352.42;339.61;-12.81;692.03
353.97;339.15;-14.82;693.12
353.37;339.08;-14.29;692.45
354.72;339.49;-15.22;694.21
354.52;339.14;-15.38;693.66
353.41;338.94;-14.48;692.35
353.74;338.66;-15.07;692.40
353.37;339.51;-13.86;692.88
353.41;338.94;-14.48;692.35
353.06;338.61;-14.45;691.67
352.81;339.84;-12.96;692.65
354.26;339.52;-14.74;693.79
352.44;338.69;-13.75;691.12
354.01;339.04;-14.98;693.05
354.38;339.85;-14.52;694.23
354.45;339.28;-15.18;693.73
353.73;340.22;-13.51;693.95
353.98;338.60;-15.38;692.58
353.26;338.39;-14.87;691.65
353.82;338.81;-15.01;692.62
355.74;338.84;-16.89;694.58
354.22;340.27;-13.95;694.49
353.21;338.84;-14.38;692.05
353.94;339.09;-14.84;693.03
355.28;339.02;-16.26;694.29
353.57;339.52;-14.05;693.09
355.28;341.66;-13.61;696.94
354.35;339.56;-14.79;693.92
351.85;339.38;-12.47;691.24
353.74;339.52;-14.22;693.26
353.86;340.89;-12.97;694.76
353.82;339.05;-14.76;692.87
353.48;340.11;-13.37;693.58
353.16;340.02;-13.15;693.18
353.01;339.27;-13.74;692.28
352.91;340.28;-12.62;693.19
353.08;339.25;-13.83;692.34
353.04;339.09;-13.95;692.13
352.69;338.85;-13.84;691.54
352.28;339.38;-12.89;691.66
353.93;339.65;-14.28;693.58
353.00;338.72;-14.28;691.72
353.82;339.28;-14.54;693.10
354.45;338.89;-15.56;693.34
354.16;339.65;-14.51;693.81
353.76;339.84;-13.92;693.59
353.42;341.06;-12.35;694.48
353.26;339.21;-14.05;692.46
352.91;339.03;-13.88;691.94
352.68;340.38;-12.30;693.05
353.45;338.69;-14.76;692.14
353.86;338.42;-15.44;692.29
353.48;339.53;-13.95;693.01
353.61;338.78;-14.84;692.39
351.61;339.19;-12.41;690.80
353.15;339.47;-13.68;692.62
354.06;339.44;-14.62;693.51
353.92;342.26;-11.66;696.19
353.77;338.77;-15.00;692.54
353.58;338.53;-15.05;692.11
353.32;339.35;-13.96;692.67
352.93;339.14;-13.79;692.06
353.97;338.85;-15.12;692.82
354.13;339.23;-14.90;693.36
351.98;338.11;-13.87;690.08
353.59;337.84;-15.75;691.42
353.98;338.83;-15.15;692.81
353.31;339.17;-14.14;692.48
353.82;339.60;-14.22;693.42
353.72;339.75;-13.98;693.47
354.12;339.22;-14.89;693.34
353.22;341.98;-11.24;695.21
353.01;340.67;-12.34;693.68
352.97;339.03;-13.94;692.00
352.74;339.66;-13.08;692.39
354.59;340.41;-14.18;695.01
354.12;339.15;-14.97;693.28
354.07;338.15;-15.92;692.22
354.23;338.76;-15.47;692.99
353.74;341.01;-12.74;694.75
353.32;339.02;-14.29;692.34
353.84;338.87;-14.96;692.71
353.08;339.00;-14.08;692.08
353.68;338.75;-14.93;692.42
353.08;338.51;-14.56;691.59
353.18;340.82;-12.36;693.99
353.02;339.90;-13.12;692.92
353.92;338.97;-14.95;692.89
352.40;339.55;-12.85;691.95
352.28;338.46;-13.82;690.74
355.12;339.52;-15.60;694.64
351.80;338.83;-12.97;690.63
354.05;340.75;-13.30;694.81
353.70;337.38;-16.32;691.08
353.63;340.46;-13.16;694.09
353.76;338.78;-14.98;692.55
353.62;338.65;-14.97;692.28
355.73;339.48;-16.25;695.21
353.38;340.32;-13.06;693.71
353.15;338.18;-14.97;691.34
352.85;339.08;-13.77;691.94
352.66;338.84;-13.82;691.50
352.67;338.88;-13.79;691.55
352.44;339.85;-12.59;692.29
352.29;339.87;-12.42;692.16
354.22;341.19;-13.03;695.42
351.80;339.39;-12.41;691.19
354.45;339.69;-14.76;694.15
353.54;338.17;-15.36;691.71
354.03;339.77;-14.26;693.80
353.29;338.78;-14.52;692.07
353.65;339.74;-13.91;693.39
353.26;339.55;-13.71;692.82
353.13;340.00;-13.13;693.13
353.54;341.22;-12.32;694.76
352.68;338.88;-13.79;691.56
354.34;338.71;-15.64;693.05
353.86;340.05;-13.81;693.91
351.99;341.25;-10.74;693.25
354.38;339.31;-15.07;693.68
353.01;339.69;-13.32;692.70
353.64;339.53;-14.11;693.17
353.47;339.66;-13.81;693.14
353.86;340.09;-13.78;693.95
353.69;338.88;-14.81;692.56
354.19;338.54;-15.65;692.73
353.29;339.37;-13.92;692.66
353.01;339.21;-13.79;692.22
352.66;338.91;-13.75;691.58
353.48;341.29;-12.19;694.76
352.33;340.10;-12.23;692.43
354.63;339.38;-15.25;694.01
353.69;338.94;-14.75;692.64
353.98;340.92;-13.06;694.90
353.06;338.85;-14.22;691.91
353.35;340.31;-13.04;693.66
353.16;339.26;-13.90;692.42
353.67;339.85;-13.82;693.52
353.49;339.56;-13.93;693.05
353.26;339.41;-13.85;692.67
354.74;339.92;-14.82;694.66
352.53;339.58;-12.95;692.11
352.40;340.38;-12.02;692.78
352.76;339.86;-12.89;692.62
353.12;340.46;-12.66;693.58
353.40;337.86;-15.54;691.26
351.42;339.22;-12.20;690.65
353.08;339.31;-13.78;692.39
355.51;339.18;-16.33;694.69
353.67;338.76;-14.91;692.44
353.46;339.64;-13.82;693.09
355.58;338.76;-16.82;694.34
352.96;341.71;-11.25;694.68
352.52;337.54;-14.98;690.06
352.37;343.14;-9.24;695.51
353.71;340.18;-13.53;693.89
353.67;339.31;-14.36;692.98
353.65;339.35;-14.31;693.00
353.46;340.08;-13.38;693.54
354.02;339.41;-14.61;693.42
353.11;339.79;-13.32;692.90
353.49;339.72;-13.78;693.21
353.29;339.49;-13.80;692.79
353.02;338.87;-14.15;691.89
352.76;338.82;-13.94;691.58
353.19;337.44;-15.75;690.64
353.45;338.44;-15.01;691.89
352.06;339.41;-12.65;691.48
353.89;339.69;-14.20;693.59
351.46;339.63;-11.83;691.09
353.57;339.30;-14.27;692.87
353.74;339.48;-14.25;693.22
353.57;339.90;-13.67;693.47
353.25;338.35;-14.89;691.60
352.49;339.48;-13.01;691.96
353.03;339.95;-13.08;692.98
352.81;339.65;-13.15;692.46
352.54;338.51;-14.04;691.05
353.41;339.18;-14.24;692.59
353.81;338.82;-14.99;692.64
354.20;339.48;-14.72;693.68
353.39;337.32;-16.06;690.71
353.48;339.04;-14.45;692.52
353.48;339.68;-13.81;693.16
353.38;338.49;-14.89;691.86
353.14;339.17;-13.96;692.31
352.85;338.91;-13.94;691.76
353.69;339.62;-14.06;693.31
352.36;338.46;-13.91;690.82
353.93;339.55;-14.38;693.48
353.74;340.08;-13.66;693.81
354.44;338.86;-15.57;693.30
353.52;340.67;-12.85;694.19
354.20;338.12;-16.08;692.32
354.12;339.26;-14.86;693.38
353.86;338.91;-14.95;692.76
352.74;338.57;-14.17;691.31
353.47;338.93;-14.54;692.40
354.27;339.14;-15.13;693.41
352.78;338.81;-13.97;691.58
352.47;339.74;-12.74;692.21
352.14;339.72;-12.42;691.86
353.68;340.65;-13.04;694.33
353.37;339.06;-14.31;692.43
353.09;339.22;-13.87;692.32
353.79;340.11;-13.68;693.91
353.58;339.59;-13.99;693.16
353.35;339.57;-13.78;692.92
354.31;339.14;-15.17;693.45
354.51;339.90;-14.61;694.41
352.41;339.52;-12.89;691.93
354.29;338.41;-15.89;692.70
355.22;339.01;-16.22;694.23
354.33;337.99;-16.34;692.32
354.06;340.71;-13.35;694.76
354.25;339.43;-14.82;693.68
353.28;338.88;-14.41;692.16
353.95;338.85;-15.10;692.81
353.71;339.61;-14.10;693.31
353.42;338.33;-15.09;691.75
353.14;339.12;-14.02;692.26
354.66;339.90;-14.76;694.56
352.52;341.89;-10.64;694.41
353.60;337.12;-16.48;690.72
354.58;338.85;-15.73;693.44
353.54;339.14;-14.39;692.68
353.41;338.26;-15.15;691.67
353.75;341.21;-12.55;694.96
353.99;338.91;-15.08;692.91
353.73;338.58;-15.15;692.31
353.31;338.72;-14.58;692.03
352.87;339.86;-13.01;692.73
353.50;338.65;-14.85;692.15
354.18;338.45;-15.73;692.62
353.94;339.04;-14.90;692.97
354.15;338.70;-15.45;692.85
354.05;338.98;-15.06;693.03
354.09;338.06;-16.04;692.15
353.85;338.78;-15.07;692.62
353.59;339.58;-14.01;693.16
353.35;339.43;-13.92;692.78
352.96;337.93;-15.03;690.89
354.12;338.71;-15.41;692.83
354.27;338.56;-15.71;692.83
354.40;340.28;-14.12;694.68
356.06;338.87;-17.19;694.93
353.90;337.74;-16.16;691.64
353.56;338.84;-14.72;692.41
353.79;338.57;-15.22;692.36
354.11;338.99;-15.11;693.10
353.75;338.59;-15.15;692.34
354.65;338.78;-15.86;693.43
353.06;340.01;-13.05;693.06
354.28;339.74;-14.54;694.02
354.31;338.58;-15.72;692.89
354.26;338.26;-16.00;692.52
354.42;338.09;-16.34;692.51
354.46;339.19;-15.26;693.65
354.33;339.20;-15.13;693.53
354.22;340.15;-14.07;694.36
353.28;338.96;-14.31;692.24
354.50;338.98;-15.52;693.48
353.26;339.44;-13.83;692.70
352.86;338.95;-13.91;691.82
352.71;338.64;-14.07;691.34
352.25;341.80;-10.45;694.05
354.74;338.32;-16.42;693.06
354.51;340.52;-13.99;695.03
353.62;338.69;-14.93;692.31
353.52;338.59;-14.92;692.11
356.10;338.73;-17.37;694.83
353.84;338.79;-15.05;692.63
353.76;338.83;-14.94;692.59
353.55;338.54;-15.01;692.08
353.34;339.23;-14.11;692.56
354.28;338.92;-15.36;693.19
354.48;340.41;-14.06;694.89
354.68;338.64;-16.04;693.31
353.79;339.90;-13.89;693.69
354.22;338.99;-15.24;693.21
355.02;337.89;-17.14;692.91
353.58;339.29;-14.29;692.86
354.31;338.65;-15.65;692.96
353.99;338.86;-15.13;692.86
353.56;340.06;-13.50;693.63
352.96;338.61;-14.35;691.58
353.39;338.90;-14.49;692.29
353.17;339.20;-13.97;692.37
353.94;338.99;-14.94;692.93
354.20;338.73;-15.47;692.93
353.75;338.58;-15.16;692.33
352.12;338.27;-13.85;690.39
354.65;338.79;-15.86;693.44
354.32;339.23;-15.09;693.55
354.02;339.25;-14.76;693.27
354.24;337.02;-17.22;691.25
353.66;339.42;-14.24;693.09
353.54;339.26;-14.28;692.79
353.25;339.56;-13.69;692.81
353.99;338.72;-15.26;692.71
353.75;337.93;-15.82;691.68
354.14;338.84;-15.29;692.98
354.23;338.71;-15.52;692.94
354.48;339.34;-15.15;693.82
354.04;338.00;-16.04;692.04
353.01;339.04;-13.96;692.05
354.34;338.82;-15.52;693.16
354.35;339.13;-15.22;693.48
354.02;339.04;-14.98;693.06
353.84;339.44;-14.40;693.27
354.02;338.34;-15.69;692.36
354.22;339.22;-14.99;693.44
352.88;338.75;-14.13;691.62
355.29;338.48;-16.82;693.77
353.21;338.42;-14.79;691.62
353.22;337.98;-15.25;691.20
353.12;338.48;-14.64;691.59
353.66;341.95;-11.71;695.61
353.14;338.92;-14.22;692.06
353.48;339.82;-13.66;693.29
353.44;339.23;-14.21;692.66
353.16;340.19;-12.97;693.36
352.88;337.72;-15.16;690.61
352.51;339.38;-13.14;691.89
353.60;339.99;-13.61;693.59
355.02;339.82;-15.21;694.84
353.92;340.42;-13.51;694.34
353.05;339.30;-13.75;692.35
353.98;339.36;-14.61;693.34
353.56;339.62;-13.94;693.18
353.35;340.32;-13.03;693.68
353.25;342.46;-10.79;695.71
352.94;339.86;-13.07;692.80
353.89;338.51;-15.38;692.40
353.41;338.64;-14.78;692.05
352.20;339.74;-12.46;691.94
353.93;338.90;-15.03;692.83
353.42;337.79;-15.62;691.21
353.84;338.91;-14.93;692.74
353.46;338.40;-15.06;691.86
353.68;340.12;-13.56;693.79
353.52;339.79;-13.73;693.32
353.48;339.39;-14.08;692.87
352.84;339.17;-13.66;692.01
352.65;339.66;-12.99;692.31
354.22;338.41;-15.81;692.62
353.52;340.12;-13.40;693.65
354.88;337.88;-16.99;692.76
353.91;337.60;-16.31;691.51
354.25;339.12;-15.12;693.37
353.79;339.45;-14.34;693.25
353.91;338.82;-15.09;692.73
353.51;339.13;-14.38;692.64
353.25;339.36;-13.89;692.61
352.92;338.82;-14.11;691.74
354.06;338.68;-15.39;692.74
354.04;339.21;-14.83;693.24
353.82;339.35;-14.46;693.17
354.66;338.58;-16.09;693.24
353.73;338.88;-14.85;692.61
354.33;339.67;-14.66;694.00
353.53;339.48;-14.05;693.01
353.48;339.61;-13.87;693.09
353.08;340.01;-13.06;693.09
352.96;339.11;-13.85;692.08
352.54;338.71;-13.83;691.25
352.28;339.35;-12.94;691.63
353.71;338.79;-14.91;692.50
354.48;337.78;-16.69;692.26
351.38;338.95;-12.43;690.34
354.28;339.04;-15.24;693.32
353.14;340.13;-13.01;693.27
353.66;339.72;-13.94;693.39
353.51;338.92;-14.59;692.44
353.59;340.04;-13.55;693.63
353.96;338.95;-15.01;692.92
353.63;339.51;-14.12;693.14
352.95;341.65;-11.31;694.60
355.11;338.05;-17.05;693.16
354.88;338.55;-16.32;693.43
354.01;340.11;-13.89;694.12
353.29;338.90;-14.39;692.19
353.81;338.78;-15.03;692.59
353.48;339.64;-13.84;693.11
353.18;340.08;-13.10;693.25
353.95;339.89;-14.06;693.85
352.64;339.64;-13.00;692.28
353.48;338.50;-14.98;691.98
352.08;341.49;-10.58;693.57
353.62;339.39;-14.22;693.01
353.97;339.89;-14.08;693.86
354.56;338.99;-15.56;693.55
354.10;338.34;-15.76;692.44
353.75;339.96;-13.79;693.71
353.84;338.59;-15.25;692.43
353.25;339.69;-13.55;692.94
353.12;338.92;-14.20;692.04
352.96;339.28;-13.68;692.24
352.66;338.89;-13.76;691.55
355.67;338.61;-17.06;694.28
353.73;339.11;-14.62;692.84
353.98;339.43;-14.55;693.41
353.49;338.49;-15.01;691.98
353.98;339.11;-14.86;693.09
353.25;338.56;-14.68;691.81
353.68;339.58;-14.11;693.26
353.57;338.56;-15.01;692.13
353.39;338.39;-14.99;691.78
355.12;338.04;-17.08;693.16
352.78;338.93;-13.85;691.71
353.70;337.91;-15.79;691.61
353.14;339.45;-13.68;692.59
355.06;339.42;-15.65;694.48
353.49;339.52;-13.97;693.01
353.91;339.68;-14.22;693.59
352.86;338.64;-14.22;691.49
353.72;339.89;-13.83;693.62
353.70;339.72;-13.98;693.42
353.44;340.88;-12.56;694.32
353.06;339.31;-13.76;692.37
355.46;339.15;-16.31;694.61
354.55;338.78;-15.77;693.34
353.69;339.77;-13.92;693.46
352.19;338.37;-13.82;690.56
354.39;338.14;-16.25;692.52
352.99;341.08;-11.91;694.08
355.40;339.08;-16.32;694.48
353.41;339.15;-14.26;692.56
353.91;340.18;-13.73;694.08
353.98;339.41;-14.56;693.39
353.87;338.76;-15.11;692.63
353.39;341.83;-11.56;695.22
353.21;341.02;-12.19;694.22
352.97;338.98;-13.99;691.95
353.65;340.19;-13.46;693.84
354.24;338.58;-15.66;692.82
354.16;339.75;-14.42;693.91
354.20;339.43;-14.77;693.63
353.94;341.08;-12.86;695.02
353.94;339.38;-14.56;693.32
353.70;338.87;-14.83;692.57
353.76;339.16;-14.60;692.92
353.66;339.79;-13.87;693.46
353.31;340.79;-12.52;694.10
353.15;339.14;-14.01;692.29
352.76;341.02;-11.74;693.78
352.52;338.72;-13.80;691.25
353.85;339.98;-13.87;693.84
354.49;338.90;-15.59;693.39
353.15;337.73;-15.42;690.88
353.65;338.79;-14.86;692.44
353.16;340.39;-12.78;693.55
353.77;338.91;-14.86;692.68
353.62;339.39;-14.22;693.01
353.32;339.50;-13.82;692.82
352.75;339.98;-12.77;692.74
353.84;338.75;-15.09;692.59
353.56;340.38;-13.19;693.94
351.89;337.99;-13.90;689.89
351.66;339.28;-12.38;690.94
353.62;338.88;-14.74;692.49
353.55;339.04;-14.51;692.59
353.89;339.29;-14.61;693.18
353.28;339.45;-13.84;692.73
353.38;340.40;-12.98;693.78
352.32;339.35;-12.97;691.68
353.74;339.74;-14.00;693.47
352.73;338.96;-13.76;691.69
352.61;340.02;-12.59;692.63
352.21;338.37;-13.84;690.58
353.64;341.31;-12.34;694.95
353.72;339.92;-13.80;693.64
354.68;339.45;-15.24;694.13
353.22;338.60;-14.62;691.82
353.72;337.17;-16.55;690.89
352.99;339.99;-13.01;692.98
353.67;339.72;-13.95;693.39
353.24;341.63;-11.61;694.87
353.05;339.15;-13.89;692.20
352.88;338.92;-13.96;691.79
352.64;340.38;-12.26;693.01
353.55;339.15;-14.39;692.70
354.05;340.05;-14.00;694.11
354.08;339.96;-14.12;694.04
353.26;339.62;-13.64;692.89
354.36;340.47;-13.89;694.83
353.08;340.05;-13.03;693.14
353.95;339.76;-14.19;693.72
352.34;338.61;-13.73;690.95
353.34;341.46;-11.88;694.79
353.69;339.25;-14.44;692.94
352.91;339.92;-12.98;692.83
352.66;340.15;-12.51;692.82
352.29;341.22;-11.07;693.51
352.03;340.02;-12.01;692.05
353.22;339.79;-13.42;693.01
353.53;339.65;-13.88;693.18
353.56;339.47;-14.09;693.04
355.14;341.74;-13.39;696.88
354.01;339.62;-14.39;693.62
353.09;341.99;-11.10;695.09
353.24;339.91;-13.32;693.15
353.32;339.48;-13.84;692.81
353.08;339.29;-13.79;692.37
352.78;339.59;-13.19;692.36
353.28;338.72;-14.56;692.01
352.26;339.36;-12.90;691.62
355.25;339.02;-16.24;694.27
351.81;338.80;-13.01;690.61
352.86;338.61;-14.25;691.48
353.08;337.56;-15.51;690.64
353.25;338.84;-14.41;692.08
353.12;339.09;-14.04;692.21
356.08;340.00;-16.08;696.08
353.61;339.60;-14.01;693.21
354.25;339.13;-15.12;693.38
353.20;339.19;-14.01;692.39
352.73;339.77;-12.96;692.50
353.75;339.76;-13.99;693.52
352.45;340.06;-12.39;692.52
352.33;340.48;-11.85;692.81
353.65;341.34;-12.31;694.98
354.00;340.04;-13.96;694.04
354.30;339.33;-14.97;693.63
354.31;339.59;-14.72;693.90
354.18;340.46;-13.71;694.64
353.68;338.60;-15.08;692.28
353.36;339.37;-13.99;692.74
352.95;339.06;-13.89;692.01
352.64;339.18;-13.46;691.81
354.46;339.12;-15.35;693.58
353.08;340.73;-12.35;693.81
353.54;340.43;-13.11;693.97
352.59;338.74;-13.85;691.32
352.41;338.56;-13.85;690.97
354.16;339.76;-14.40;693.93
353.95;338.89;-15.06;692.84
354.91;341.17;-13.74;696.08
353.40;339.41;-13.99;692.81
353.36;339.46;-13.91;692.82
353.78;339.20;-14.58;692.98
353.86;341.90;-11.96;695.76
352.83;340.00;-12.83;692.83
353.48;337.34;-16.14;690.82
353.18;338.69;-14.49;691.87
353.06;339.29;-13.76;692.35
352.81;337.86;-14.95;690.68
353.24;339.54;-13.70;692.78
352.24;339.28;-12.96;691.52
353.38;339.89;-13.49;693.28
351.95;338.95;-13.01;690.90
354.32;339.75;-14.57;694.06
353.59;339.65;-13.94;693.25
353.73;338.82;-14.91;692.55
353.41;339.72;-13.68;693.13
352.94;340.19;-12.74;693.13
353.29;338.70;-14.59;691.99
353.35;339.42;-13.93;692.76
353.10;338.75;-14.35;691.85
352.79;339.03;-13.76;691.82
352.60;339.92;-12.68;692.52
353.95;339.33;-14.62;693.28
353.59;339.67;-13.92;693.26
351.88;338.72;-13.16;690.60
353.25;339.39;-13.86;692.64
351.33;338.78;-12.55;690.11
353.14;339.32;-13.82;692.46
353.15;339.08;-14.08;692.23
353.81;338.54;-15.27;692.34
353.50;338.52;-14.98;692.02
353.16;339.01;-14.15;692.17
353.17;339.25;-13.92;692.42
353.65;338.86;-14.79;692.52
354.94;338.22;-16.72;693.16
354.23;340.22;-14.01;694.45
354.88;339.65;-15.23;694.54
353.59;341.94;-11.65;695.54
354.06;337.68;-16.38;691.75
353.61;339.24;-14.38;692.85
355.38;342.49;-12.89;697.87
353.82;339.66;-14.16;693.48
353.90;338.79;-15.11;692.69
353.48;339.30;-14.18;692.78
353.49;339.54;-13.95;693.02
354.24;340.24;-14.01;694.48
352.88;337.76;-15.12;690.64
352.56;338.65;-13.92;691.21
354.02;338.41;-15.61;692.44
354.34;339.81;-14.53;694.15
353.60;337.73;-15.87;691.33
354.15;339.44;-14.71;693.58
351.08;339.00;-12.08;690.08
353.64;338.85;-14.79;692.49
353.60;339.74;-13.86;693.34
354.54;338.98;-15.56;693.51
353.08;338.09;-14.98;691.17
354.30;339.06;-15.24;693.36
355.76;341.71;-14.05;697.48
353.01;339.96;-13.05;692.97
353.91;339.45;-14.45;693.36
353.96;341.33;-12.63;695.29
351.62;341.16;-10.46;692.79
354.22;338.45;-15.77;692.66
353.86;339.31;-14.55;693.18
353.26;340.46;-12.80;693.72
353.55;339.92;-13.62;693.47
353.71;341.99;-11.71;695.70
353.52;338.96;-14.55;692.48
353.12;338.21;-14.91;691.33
353.03;339.06;-13.96;692.09
355.05;338.88;-16.17;693.92
352.65;339.58;-13.08;692.23
352.29;337.12;-15.18;689.41
351.88;340.12;-11.75;692.00
353.94;339.78;-14.16;693.71
354.09;338.92;-15.18;693.01
353.65;339.11;-14.54;692.75
353.64;339.96;-13.68;693.60
353.70;338.76;-14.94;692.46
353.39;339.65;-13.74;693.04
353.09;339.94;-13.15;693.03
352.80;338.89;-13.91;691.69
354.16;338.58;-15.58;692.75
354.39;339.90;-14.49;694.29
354.69;339.31;-15.38;693.99
354.66;339.60;-15.06;694.26
354.18;339.06;-15.11;693.24
354.05;339.00;-15.05;693.05
353.72;338.82;-14.90;692.55
353.51;339.59;-13.92;693.10
355.11;338.58;-16.52;693.69
354.15;338.94;-15.22;693.09
352.66;338.78;-13.88;691.45
353.62;338.56;-15.05;692.18
354.02;338.25;-15.77;692.28
355.11;339.26;-15.85;694.38
354.16;339.74;-14.42;693.90
353.88;338.74;-15.14;692.61
353.76;339.38;-14.38;693.14
354.03;338.79;-15.24;692.82
353.67;338.99;-14.68;692.66
353.48;339.34;-14.14;692.81
352.92;339.17;-13.75;692.09
353.86;339.26;-14.61;693.12
352.72;339.74;-12.98;692.46
352.53;339.47;-13.06;692.00
353.39;339.71;-13.68;693.10
353.74;339.50;-14.24;693.24
351.78;337.98;-13.80;689.76
353.94;339.62;-14.32;693.56
354.40;339.16;-15.24;693.56
353.98;341.27;-12.71;695.25
353.15;338.89;-14.26;692.04
353.76;338.65;-15.11;692.41
353.48;338.96;-14.52;692.44
353.06;340.03;-13.03;693.09
352.79;339.11;-13.68;691.90
352.56;338.68;-13.88;691.24
352.36;338.32;-14.04;690.68
353.70;342.77;-10.93;696.47
353.74;339.20;-14.54;692.94
353.11;338.91;-14.20;692.01
354.45;339.32;-15.13;693.78
353.61;339.14;-14.46;692.75
353.31;339.96;-13.35;693.26
353.59;341.71;-11.88;695.30
353.16;339.39;-13.77;692.55
353.02;340.51;-12.52;693.53
352.83;339.83;-13.00;692.66
352.47;338.69;-13.78;691.16
354.03;338.44;-15.59;692.47
353.78;338.15;-15.63;691.92
353.63;337.77;-15.86;691.40
353.54;339.42;-14.12;692.96
354.01;339.75;-14.26;693.76
354.01;338.72;-15.29;692.72
353.61;341.68;-11.92;695.29
353.30;339.55;-13.75;692.85
353.12;339.13;-13.99;692.25
352.73;341.49;-11.24;694.22
352.47;339.42;-13.05;691.89
352.19;339.22;-12.97;691.42
354.93;339.05;-15.88;693.98
353.78;339.52;-14.26;693.30
353.85;338.38;-15.48;692.23
351.13;338.71;-12.42;689.84
354.09;339.02;-15.06;693.11
353.84;339.89;-13.95;693.72
353.36;339.45;-13.91;692.81
353.88;339.28;-14.60;693.15
353.71;339.90;-13.81;693.61
352.78;338.95;-13.83;691.74
355.01;339.89;-15.12;694.90
352.09;339.76;-12.33;691.85
354.17;337.84;-16.33;692.01
351.56;341.01;-10.55;692.57
351.30;339.36;-11.94;690.66
353.30;339.58;-13.72;692.88
353.82;339.88;-13.94;693.69
353.56;338.99;-14.58;692.55
353.84;339.28;-14.56;693.11
352.84;339.25;-13.59;692.08
353.71;338.70;-15.01;692.41
352.43;341.47;-10.96;693.90
355.21;339.74;-15.47;694.94
354.14;339.53;-14.61;693.66
354.55;339.58;-14.96;694.13
353.41;339.24;-14.17;692.65
353.55;339.38;-14.17;692.94
353.46;339.26;-14.20;692.73
353.63;338.62;-15.01;692.25
353.39;339.54;-13.85;692.93
352.72;339.21;-13.51;691.93
354.28;339.72;-14.56;693.99
352.68;338.72;-13.95;691.40
354.38;339.74;-14.64;694.12
353.89;339.63;-14.26;693.52
353.81;339.16;-14.65;692.97
354.54;339.28;-15.26;693.82
353.43;339.74;-13.69;693.16
353.67;340.04;-13.64;693.71
353.46;339.87;-13.59;693.33
353.37;340.36;-13.01;693.73
353.01;339.98;-13.04;692.99
352.91;339.96;-12.95;692.88
352.62;339.54;-13.08;692.15
352.32;340.43;-11.89;692.75
352.11;339.91;-12.19;692.02
352.94;339.94;-13.00;692.88
353.78;339.63;-14.15;693.41
353.23;339.24;-13.99;692.47
353.71;339.09;-14.62;692.81
353.76;339.50;-14.26;693.26
352.61;339.69;-12.92;692.31
353.28;338.76;-14.52;692.05
352.98;342.29;-10.68;695.27
352.65;338.89;-13.76;691.54
352.43;340.53;-11.90;692.96
353.54;337.24;-16.30;690.78
353.19;340.04;-13.15;693.22
353.78;337.98;-15.80;691.76
354.31;341.10;-13.21;695.41
353.28;339.75;-13.54;693.03
354.13;339.24;-14.89;693.36
353.44;339.15;-14.29;692.59
353.73;339.52;-14.21;693.25
353.26;339.78;-13.48;693.04
353.55;339.65;-13.90;693.21
353.06;339.42;-13.64;692.48
352.89;339.98;-12.91;692.86
352.75;340.31;-12.44;693.06
353.35;339.59;-13.76;692.94
352.23;339.09;-13.14;691.32
351.84;339.81;-12.03;691.64
353.41;339.65;-13.76;693.05
352.93;340.58;-12.35;693.51
353.41;339.08;-14.32;692.49
352.84;340.05;-12.79;692.88
352.42;338.59;-13.83;691.02
352.98;339.14;-13.84;692.11
352.95;339.05;-13.89;692.00
352.46;342.74;-9.72;695.20
352.35;340.15;-12.20;692.49
351.91;341.12;-10.79;693.04
353.06;339.24;-13.83;692.30
352.55;339.61;-12.94;692.16
353.56;339.34;-14.22;692.89
353.00;339.10;-13.90;692.10
353.24;339.87;-13.36;693.11
353.39;339.75;-13.64;693.14
353.21;341.59;-11.62;694.81
353.06;341.15;-11.91;694.22
352.84;340.41;-12.43;693.24
352.12;340.12;-12.00;692.24
352.22;339.34;-12.88;691.56
351.99;340.23;-11.76;692.22
351.82;340.09;-11.73;691.92
352.93;339.84;-13.09;692.76
353.04;339.31;-13.73;692.34
353.14;339.41;-13.74;692.55
352.58;340.09;-12.49;692.66
353.13;339.90;-13.23;693.03
353.07;341.43;-11.64;694.50
353.16;339.34;-13.82;692.51
352.75;340.35;-12.40;693.11
352.56;338.74;-13.82;691.30
353.35;339.82;-13.53;693.16
351.93;340.06;-11.86;691.99
351.71;339.91;-11.80;691.62
353.32;339.61;-13.71;692.93
352.49;339.38;-13.11;691.88
352.82;340.35;-12.46;693.17
353.05;339.91;-13.15;692.96
353.16;341.25;-11.92;694.41
352.88;339.67;-13.21;692.55
353.19;339.42;-13.77;692.62
352.90;338.94;-13.96;691.84
353.53;339.86;-13.67;693.39
352.41;339.50;-12.91;691.91
353.52;340.40;-13.12;693.92
352.94;339.55;-13.39;692.49
352.97;339.99;-12.98;692.96
351.51;340.16;-11.34;691.67
353.34;339.55;-13.78;692.89
353.65;339.60;-14.05;693.25
353.12;339.45;-13.68;692.57
352.95;339.75;-13.19;692.70
352.21;340.45;-11.75;692.66
353.03;341.18;-11.85;694.21
352.57;339.07;-13.50;691.64
352.35;339.64;-12.71;691.98
352.43;339.74;-12.69;692.16
