353.41;338.92;-14.49;692.32
353.76;339.95;-13.81;693.71
352.96;339.08;-13.88;692.05
355.60;338.47;-17.13;694.07
353.54;338.67;-14.87;692.21
353.37;339.43;-13.94;692.80
352.45;338.98;-13.46;691.43
356.24;338.71;-17.54;694.95
352.97;338.67;-14.30;691.64
352.88;337.87;-15.01;690.75
352.59;338.86;-13.72;691.45
354.31;338.56;-15.75;692.87
352.32;338.53;-13.79;690.85
352.08;338.15;-13.94;690.23
353.96;339.40;-14.56;693.36
351.62;337.65;-13.97;689.28
354.20;337.63;-16.57;691.83
353.56;338.65;-14.91;692.22
353.41;338.46;-14.95;691.88
352.71;338.76;-13.95;691.48
353.71;338.77;-14.94;692.48
353.46;338.31;-15.16;691.77
353.41;339.19;-14.21;692.60
353.20;340.04;-13.16;693.24
352.86;339.87;-12.99;692.73
352.78;338.96;-13.82;691.74
353.92;339.97;-13.95;693.89
354.16;338.25;-15.91;692.41
353.44;339.06;-14.37;692.50
355.12;339.44;-15.68;694.56
354.61;339.16;-15.45;693.78
354.76;338.43;-16.33;693.19
354.39;338.19;-16.20;692.58
353.61;338.08;-15.53;691.69
354.04;337.25;-16.79;691.29
353.88;342.12;-11.75;696.00
353.98;339.04;-14.94;693.02
353.68;336.72;-16.96;690.39
353.73;339.17;-14.56;692.90
353.66;340.56;-13.10;694.22
353.36;338.32;-15.05;691.68
353.19;338.29;-14.90;691.48
353.07;337.99;-15.08;691.06
352.77;338.60;-14.17;691.37
354.06;339.15;-14.91;693.21
352.69;338.91;-13.78;691.61
352.48;338.82;-13.66;691.30
352.34;339.44;-12.89;691.78
354.61;339.28;-15.33;693.89
353.66;339.09;-14.56;692.75
352.01;338.28;-13.73;690.28
354.48;338.76;-15.72;693.24
354.91;337.75;-17.16;692.66
354.50;338.34;-16.16;692.84
355.15;337.43;-17.72;692.58
353.91;339.91;-14.00;693.82
354.09;337.01;-17.08;691.09
353.68;338.76;-14.92;692.45
353.67;339.02;-14.65;692.69
353.39;339.13;-14.26;692.52
353.11;338.22;-14.89;691.33
353.02;338.49;-14.53;691.52
352.84;338.28;-14.55;691.12
352.65;338.80;-13.85;691.45
355.11;338.36;-16.75;693.48
355.42;338.98;-16.44;694.39
355.18;338.95;-16.23;694.14
354.33;337.95;-16.38;692.28
353.88;341.87;-12.01;695.75
354.44;339.10;-15.34;693.54
355.78;338.59;-17.19;694.37
355.26;341.66;-13.61;696.92
352.89;338.71;-14.18;691.59
353.56;339.55;-14.02;693.11
353.39;339.52;-13.86;692.91
355.43;338.82;-16.61;694.25
352.74;340.88;-11.86;693.62
352.55;338.73;-13.82;691.28
354.76;338.51;-16.25;693.26
354.32;339.06;-15.26;693.38
353.70;338.10;-15.60;691.80
354.93;338.72;-16.21;693.65
353.28;340.69;-12.59;693.96
354.32;339.06;-15.26;693.38
355.44;339.08;-16.36;694.52
353.54;338.79;-14.75;692.33
353.72;338.99;-14.73;692.71
353.49;338.42;-15.07;691.91
353.42;339.07;-14.35;692.49
354.06;338.62;-15.45;692.68
354.20;340.99;-13.21;695.19
353.84;338.75;-15.09;692.59
355.84;338.82;-17.02;694.65
352.32;338.57;-13.75;690.89
352.23;338.26;-13.96;690.49
355.05;338.04;-17.01;693.09
354.05;337.83;-16.22;691.88
354.77;337.61;-17.16;692.38
354.54;339.46;-15.08;694.00
354.25;338.52;-15.73;692.78
353.46;339.17;-14.29;692.64
353.90;338.79;-15.11;692.69
353.56;339.16;-14.40;692.73
355.09;338.87;-16.22;693.96
353.02;338.18;-14.84;691.21
354.58;337.75;-16.82;692.33
352.55;339.52;-13.03;692.06
355.07;338.63;-16.44;693.70
355.31;338.33;-16.98;693.64
351.98;337.96;-14.02;689.95
354.21;339.23;-14.98;693.44
353.61;338.97;-14.64;692.58
353.95;337.43;-16.52;691.38
354.26;337.35;-16.91;691.61
354.21;338.46;-15.75;692.66
356.12;338.74;-17.38;694.86
353.69;339.32;-14.37;693.01
353.16;338.26;-14.91;691.42
353.21;339.24;-13.96;692.45
352.99;338.85;-14.14;691.84
352.60;338.79;-13.81;691.39
353.56;339.42;-14.14;692.98
355.42;339.01;-16.41;694.42
354.69;338.16;-16.53;692.85
351.68;338.78;-12.89;690.46
353.84;337.69;-16.15;691.52
354.31;339.49;-14.82;693.80
355.79;340.54;-15.25;696.34
353.54;338.48;-15.06;692.02
353.98;340.15;-13.83;694.14
353.75;339.31;-14.44;693.06
354.89;339.15;-15.74;694.05
353.19;338.96;-14.23;692.16
353.07;338.61;-14.46;691.68
353.58;339.11;-14.46;692.69
355.05;338.96;-16.09;694.02
353.72;338.76;-14.96;692.49
352.31;338.36;-13.95;690.67
354.17;341.54;-12.63;695.71
353.84;338.02;-15.82;691.86
353.57;338.56;-15.01;692.13
353.68;337.66;-16.02;691.35
354.26;338.62;-15.64;692.89
354.02;339.12;-14.90;693.14
353.34;338.99;-14.35;692.32
353.79;338.66;-15.13;692.45
354.54;338.58;-15.96;693.12
354.01;338.34;-15.68;692.35
353.12;339.09;-14.04;692.21
354.83;339.19;-15.64;694.02
353.51;338.90;-14.61;692.41
354.43;337.56;-16.87;691.99
352.41;338.21;-14.19;690.62
352.16;338.93;-13.24;691.09
353.94;338.17;-15.77;692.11
354.97;337.94;-17.04;692.91
353.77;337.75;-16.02;691.52
353.83;338.32;-15.51;692.15
353.63;339.36;-14.26;692.99
352.99;338.92;-14.07;691.91
353.90;339.80;-14.10;693.70
353.55;339.25;-14.29;692.80
352.41;339.21;-13.20;691.61
353.16;339.26;-13.90;692.42
353.04;341.05;-11.99;694.09
353.61;338.82;-14.78;692.43
352.61;338.73;-13.88;691.34
352.40;338.51;-13.89;690.91
354.14;338.31;-15.84;692.45
351.91;338.12;-13.79;690.03
357.09;339.21;-17.88;696.29
354.45;338.43;-16.02;692.88
353.88;338.78;-15.11;692.66
354.26;338.46;-15.80;692.73
353.65;338.38;-15.27;692.04
353.95;339.76;-14.18;693.71
353.71;339.84;-13.87;693.55
353.54;338.35;-15.18;691.89
355.16;338.28;-16.88;693.44
353.14;339.04;-14.11;692.18
352.89;338.95;-13.95;691.84
352.65;338.89;-13.76;691.54
352.47;338.48;-13.99;690.95
353.91;338.36;-15.55;692.26
352.00;338.96;-13.04;690.96
353.29;338.54;-14.75;691.82
354.02;338.62;-15.41;692.64
354.42;337.40;-17.02;691.82
353.21;338.55;-14.66;691.76
354.16;337.05;-17.11;691.21
353.74;338.84;-14.89;692.58
353.52;338.22;-15.29;691.74
353.32;339.06;-14.25;692.38
352.85;339.07;-13.78;691.92
354.01;338.91;-15.09;692.92
355.16;340.83;-14.33;695.99
352.39;339.36;-13.03;691.75
354.69;337.07;-17.62;691.76
353.84;338.86;-14.97;692.70
353.66;340.37;-13.29;694.04
353.34;337.55;-15.79;690.89
353.39;338.67;-14.72;692.06
353.98;339.16;-14.81;693.14
353.82;338.68;-15.14;692.49
353.56;338.48;-15.08;692.04
353.29;339.73;-13.56;693.02
353.22;338.95;-14.27;692.18
354.93;339.11;-15.82;694.04
352.82;338.79;-14.03;691.62
352.55;338.75;-13.80;691.29
353.22;338.37;-14.85;691.59
353.22;338.23;-14.99;691.45
351.89;338.09;-13.79;689.98
354.80;338.65;-16.15;693.45
353.94;337.76;-16.18;691.71
353.66;339.71;-13.95;693.36
354.22;337.41;-16.81;691.62
353.13;340.32;-12.81;693.45
350.74;338.94;-11.80;689.67
353.33;338.64;-14.69;691.96
355.54;341.41;-14.13;696.95
353.28;339.15;-14.13;692.44
354.83;339.28;-15.55;694.11
352.82;337.91;-14.92;690.73
352.61;338.80;-13.81;691.41
355.06;342.67;-12.39;697.73
352.12;338.34;-13.78;690.46
354.04;339.95;-14.09;693.99
354.71;338.57;-16.14;693.28
353.32;339.39;-13.93;692.72
353.99;339.22;-14.76;693.21
353.91;338.12;-15.79;692.04
353.71;339.66;-14.05;693.38
353.49;338.52;-14.97;692.01
353.28;340.25;-13.03;693.54
355.61;338.04;-17.58;693.65
353.94;338.69;-15.24;692.63
354.36;338.65;-15.71;693.01
354.21;339.18;-15.04;693.39
354.38;338.12;-16.26;692.50
354.28;337.98;-16.31;692.26
353.78;338.69;-15.09;692.47
353.48;338.31;-15.16;691.79
354.30;340.68;-13.62;694.98
353.88;337.16;-16.72;691.05
353.94;337.00;-16.94;690.94
353.79;337.99;-15.81;691.78
353.44;338.25;-15.18;691.69
353.03;338.13;-14.90;691.16
352.91;338.39;-14.52;691.31
353.67;337.94;-15.74;691.61
354.04;338.81;-15.23;692.84
354.32;338.47;-15.85;692.79
354.67;339.22;-15.45;693.89
354.19;340.28;-13.91;694.48
354.74;338.74;-16.00;693.47
354.03;338.57;-15.46;692.60
356.26;340.25;-16.02;696.51
353.87;338.00;-15.87;691.87
353.99;337.86;-16.14;691.85
353.02;338.62;-14.40;691.65
353.59;338.49;-15.10;692.08
356.02;339.71;-16.32;695.73
353.11;338.76;-14.35;691.87
355.74;338.89;-16.85;694.64
355.69;337.78;-17.91;693.46
352.46;339.34;-13.12;691.79
352.30;338.41;-13.89;690.71
353.32;339.01;-14.31;692.34
353.36;339.32;-14.04;692.69
353.77;337.83;-15.94;691.60
354.44;337.73;-16.71;692.16
354.25;339.23;-15.02;693.48
353.72;340.58;-13.14;694.31
353.69;338.57;-15.12;692.26
354.05;338.78;-15.27;692.82
353.38;339.18;-14.20;692.56
353.38;339.29;-14.08;692.67
353.11;338.81;-14.30;691.92
353.04;339.09;-13.94;692.13
354.12;340.15;-13.96;694.27
354.28;339.34;-14.95;693.62
354.63;338.26;-16.36;692.89
354.21;338.67;-15.54;692.88
354.94;338.48;-16.46;693.42
353.78;339.32;-14.46;693.10
353.59;338.69;-14.91;692.28
353.78;338.81;-14.98;692.59
353.66;338.56;-15.10;692.22
353.25;339.02;-14.24;692.27
353.05;338.87;-14.18;691.92
352.83;338.52;-14.31;691.35
355.54;338.78;-16.75;694.32
354.78;338.42;-16.35;693.20
353.35;340.10;-13.25;693.45
354.56;337.99;-16.57;692.56
353.62;338.63;-14.99;692.25
354.68;338.92;-15.76;693.59
354.17;339.45;-14.72;693.62
353.62;337.14;-16.48;690.76
355.49;341.18;-14.31;696.68
353.93;338.49;-15.44;692.42
353.79;339.11;-14.68;692.89
354.88;338.52;-16.35;693.40
354.57;339.20;-15.37;693.77
353.01;338.94;-14.08;691.95
354.34;339.72;-14.61;694.06
354.37;340.81;-13.56;695.18
354.91;339.29;-15.62;694.21
355.41;339.22;-16.19;694.63
352.09;339.00;-13.09;691.09
354.38;338.02;-16.36;692.39
354.88;338.65;-16.23;693.54
354.14;338.34;-15.79;692.48
354.54;339.36;-15.18;693.91
355.28;337.28;-18.00;692.56
354.06;338.88;-15.18;692.94
353.80;337.96;-15.84;691.76
353.34;338.18;-15.16;691.51
355.55;341.07;-14.48;696.62
352.85;340.36;-12.48;693.21
354.10;338.64;-15.46;692.74
354.07;337.85;-16.22;691.92
354.24;338.05;-16.19;692.28
354.26;338.74;-15.52;693.00
354.70;339.50;-15.20;694.20
354.11;338.10;-16.01;692.21
354.42;338.74;-15.69;693.16
352.91;338.61;-14.30;691.51
354.66;338.26;-16.40;692.92
353.41;341.58;-11.83;694.99
353.08;339.12;-13.96;692.21
355.26;338.71;-16.56;693.97
352.72;338.84;-13.89;691.56
352.44;337.98;-14.46;690.41
355.39;339.35;-16.04;694.75
352.15;337.92;-14.22;690.07
355.11;339.34;-15.78;694.45
354.79;339.34;-15.45;694.13
353.86;339.16;-14.70;693.03
353.68;337.48;-16.19;691.16
353.60;339.65;-13.95;693.25
356.11;337.73;-18.38;693.84
353.84;338.62;-15.22;692.45
353.07;338.42;-14.65;691.49
355.24;342.55;-12.68;697.79
352.98;337.99;-14.99;690.96
354.29;338.88;-15.41;693.16
352.49;341.79;-10.69;694.28
353.31;338.14;-15.17;691.45
354.12;340.41;-13.71;694.52
354.34;338.59;-15.75;692.93
353.76;340.64;-13.12;694.40
354.12;338.51;-15.61;692.64
353.78;335.75;-18.03;689.52
356.17;338.92;-17.25;695.09
353.62;341.67;-11.95;695.29
353.48;338.22;-15.25;691.70
353.26;336.25;-17.01;689.52
355.25;337.74;-17.52;692.99
354.66;338.11;-16.55;692.76
355.75;338.62;-17.13;694.36
353.67;338.64;-15.03;692.31
354.32;339.71;-14.62;694.03
352.06;338.30;-13.76;690.36
354.00;338.85;-15.15;692.85
354.22;338.96;-15.26;693.18
354.06;339.57;-14.49;693.64
353.72;339.12;-14.61;692.84
353.96;338.34;-15.62;692.31
353.84;338.71;-15.13;692.55
354.31;338.49;-15.82;692.80
354.05;338.76;-15.29;692.82
353.26;338.13;-15.13;691.39
354.51;339.24;-15.27;693.75
352.81;338.98;-13.82;691.79
353.31;338.75;-14.56;692.05
354.50;339.44;-15.06;693.94
354.62;338.44;-16.19;693.06
355.08;338.98;-16.10;694.05
353.91;337.94;-15.97;691.84
354.41;337.65;-16.76;692.06
354.22;340.65;-13.56;694.87
353.52;338.48;-15.04;691.99
353.98;338.71;-15.26;692.69
353.68;341.84;-11.85;695.52
353.56;338.42;-15.14;691.98
353.97;339.29;-14.68;693.26
353.08;339.12;-13.96;692.20
352.84;338.99;-13.85;691.82
353.57;340.61;-12.96;694.18
354.43;339.29;-15.14;693.72
351.97;339.01;-12.96;690.98
354.88;338.71;-16.18;693.59
353.73;337.68;-16.05;691.41
354.51;338.81;-15.70;693.31
353.40;337.93;-15.47;691.33
353.89;337.06;-16.82;690.95
353.82;338.83;-14.99;692.65
353.65;338.61;-15.04;692.25
353.32;338.44;-14.88;691.75
353.25;339.44;-13.81;692.68
353.79;339.05;-14.75;692.84
355.22;338.84;-16.38;694.06
354.42;337.33;-17.09;691.75
352.94;338.35;-14.59;691.29
354.68;339.39;-15.29;694.06
353.85;339.09;-14.75;692.94
353.62;338.91;-14.71;692.54
353.89;338.89;-14.99;692.78
354.07;340.41;-13.66;694.48
353.75;338.99;-14.76;692.75
353.95;339.26;-14.69;693.22
353.68;338.56;-15.11;692.24
355.68;338.65;-17.04;694.33
353.49;338.44;-15.05;691.94
353.29;339.14;-14.15;692.44
353.13;340.14;-12.99;693.27
352.82;338.92;-13.90;691.75
352.68;338.96;-13.72;691.64
355.16;341.73;-13.43;696.89
354.24;339.86;-14.37;694.10
353.39;338.45;-14.95;691.84
353.09;340.81;-12.28;693.90
354.83;340.97;-13.86;695.80
353.95;339.12;-14.84;693.07
354.58;338.15;-16.43;692.74
354.15;338.62;-15.52;692.77
353.32;339.74;-13.59;693.06
353.81;338.66;-15.15;692.46
354.86;338.55;-16.31;693.41
353.39;338.82;-14.56;692.21
356.04;339.18;-16.86;695.21
354.84;338.94;-15.90;693.77
352.74;337.68;-15.05;690.42
352.54;339.62;-12.92;692.16
354.85;338.56;-16.29;693.42
352.33;341.60;-10.73;693.93
354.21;338.29;-15.92;692.50
352.12;338.20;-13.92;690.32
354.79;340.26;-14.54;695.05
354.82;338.59;-16.23;693.42
354.19;338.53;-15.66;692.72
351.15;339.40;-11.75;690.55
354.98;339.12;-15.85;694.10
353.88;340.95;-12.92;694.83
353.44;339.79;-13.64;693.23
353.60;339.62;-13.98;693.22
353.15;339.09;-14.06;692.24
354.88;338.63;-16.25;693.51
352.82;338.72;-14.11;691.54
354.29;338.76;-15.53;693.06
354.22;339.91;-14.32;694.13
353.86;338.27;-15.59;692.14
354.45;337.86;-16.59;692.31
354.81;338.53;-16.28;693.34
354.26;338.79;-15.46;693.05
355.76;338.22;-17.54;693.98
354.21;338.96;-15.25;693.18
354.16;339.06;-15.09;693.22
353.71;339.05;-14.66;692.76
353.59;339.76;-13.83;693.36
353.34;339.03;-14.31;692.36
355.09;339.12;-15.97;694.22
352.79;340.98;-11.82;693.77
354.37;338.72;-15.65;693.09
354.23;338.51;-15.72;692.74
355.38;338.39;-16.99;693.78
355.15;338.81;-16.34;693.95
354.16;338.69;-15.48;692.85
357.09;338.84;-18.25;695.93
355.28;337.34;-17.94;692.62
354.05;338.06;-15.99;692.11
353.99;338.07;-15.92;692.06
353.50;338.48;-15.02;691.98
356.41;338.38;-18.03;694.78
354.25;339.42;-14.82;693.67
352.95;338.64;-14.31;691.59
354.96;340.88;-14.08;695.84
355.66;339.16;-16.51;694.82
353.42;337.89;-15.52;691.31
351.98;338.88;-13.09;690.86
354.77;337.80;-16.97;692.57
354.45;338.83;-15.62;693.28
354.04;338.65;-15.38;692.69
353.89;339.16;-14.74;693.05
353.96;339.44;-14.52;693.40
355.11;338.54;-16.57;693.64
355.48;339.53;-15.95;695.01
353.41;339.41;-14.00;692.81
353.13;341.51;-11.62;694.64
353.08;340.48;-12.60;693.56
352.78;338.83;-13.95;691.61
352.50;338.36;-14.14;690.86
354.16;338.36;-15.79;692.52
354.08;338.05;-16.03;692.12
355.05;338.09;-16.96;693.15
351.67;338.82;-12.85;690.49
353.45;339.63;-13.82;693.08
354.40;338.16;-16.24;692.56
353.59;338.04;-15.55;691.62
353.75;337.04;-16.71;690.78
353.74;338.92;-14.82;692.66
353.41;339.61;-13.80;693.01
353.41;338.50;-14.91;691.91
353.19;338.75;-14.44;691.94
352.92;338.84;-14.09;691.76
352.73;338.86;-13.87;691.59
352.46;338.39;-14.06;690.85
354.75;338.35;-16.40;693.11
354.07;338.06;-16.01;692.14
353.82;337.84;-15.99;691.66
353.98;339.68;-14.29;693.66
354.20;340.71;-13.49;694.91
354.11;338.71;-15.40;692.81
353.79;338.85;-14.94;692.64
353.49;338.65;-14.84;692.14
353.30;338.82;-14.48;692.12
353.13;338.03;-15.10;691.16
352.73;338.97;-13.76;691.70
353.98;338.67;-15.31;692.65
352.26;340.64;-11.63;692.90
353.88;340.08;-13.81;693.96
351.81;340.72;-11.09;692.52
354.41;339.73;-14.68;694.14
353.30;339.34;-13.96;692.64
353.59;339.35;-14.24;692.95
354.18;339.16;-15.01;693.34
353.46;336.89;-16.56;690.35
353.69;338.79;-14.90;692.48
353.41;338.37;-15.04;691.78
353.34;338.17;-15.17;691.51
352.98;339.14;-13.84;692.11
352.84;339.03;-13.81;691.86
355.18;341.47;-13.71;696.65
354.72;338.42;-16.31;693.14
354.12;338.26;-15.86;692.38
355.01;337.81;-17.20;692.81
354.72;338.92;-15.80;693.64
354.29;338.56;-15.72;692.85
353.40;338.32;-15.08;691.72
353.77;338.61;-15.16;692.38
353.46;338.84;-14.63;692.30
355.42;337.93;-17.49;693.35
354.08;338.54;-15.54;692.62
352.51;340.02;-12.49;692.52
352.32;338.29;-14.04;690.61
353.39;338.06;-15.33;691.45
353.72;339.11;-14.61;692.83
355.85;338.98;-16.88;694.83
353.41;338.43;-14.98;691.84
353.84;338.94;-14.90;692.78
353.88;338.55;-15.33;692.42
353.41;338.38;-15.03;691.79
353.25;338.18;-15.06;691.43
353.08;337.92;-15.16;691.00
352.81;338.24;-14.56;691.05
354.22;338.42;-15.79;692.64
354.24;338.38;-15.86;692.62
354.08;338.18;-15.90;692.25
351.88;338.92;-12.96;690.79
354.89;338.94;-15.95;693.83
354.04;338.44;-15.61;692.48
355.26;338.71;-16.55;693.96
354.17;339.37;-14.80;693.54
353.98;338.36;-15.62;692.35
353.65;338.76;-14.89;692.41
353.38;338.32;-15.06;691.70
353.19;338.74;-14.45;691.92
352.97;338.48;-14.49;691.45
355.23;338.90;-16.33;694.13
352.57;338.54;-14.04;691.11
353.65;338.59;-15.06;692.25
353.45;339.79;-13.66;693.25
354.33;336.85;-17.48;691.18
354.25;337.80;-16.45;692.05
354.73;337.38;-17.35;692.11
353.72;339.10;-14.62;692.82
354.06;336.97;-17.09;691.04
353.80;336.68;-17.12;690.48
355.39;338.96;-16.43;694.35
353.91;339.12;-14.79;693.04
354.82;338.97;-15.85;693.79
352.80;338.90;-13.90;691.70
355.66;338.53;-17.13;694.19
352.21;339.25;-12.96;691.46
352.01;339.26;-12.75;691.27
354.68;339.10;-15.58;693.78
354.71;340.90;-13.81;695.61
354.44;338.30;-16.14;692.74
354.19;338.52;-15.67;692.72
354.14;339.20;-14.94;693.34
353.84;338.76;-15.08;692.61
354.01;338.40;-15.61;692.41
353.70;338.24;-15.46;691.94
353.28;339.23;-14.05;692.51
353.02;338.01;-15.01;691.04
355.33;338.76;-16.57;694.09
352.49;338.74;-13.75;691.23
353.35;338.39;-14.95;691.74
354.16;339.43;-14.73;693.59
354.06;339.95;-14.12;694.01
353.61;338.96;-14.64;692.57
353.63;337.38;-16.25;691.01
353.91;340.18;-13.74;694.09
354.05;338.49;-15.56;692.54
355.28;339.86;-15.41;695.14
353.64;339.00;-14.64;692.64
355.21;338.77;-16.44;693.98
355.09;339.04;-16.05;694.12
354.54;338.77;-15.76;693.31
353.68;339.46;-14.21;693.14
355.65;339.22;-16.44;694.87
354.75;338.32;-16.43;693.06
354.29;338.13;-16.16;692.42
351.79;339.16;-12.63;690.96
354.56;337.62;-16.94;692.18
355.36;337.38;-17.98;692.75
354.24;338.61;-15.63;692.84
355.60;338.94;-16.66;694.54
355.67;338.66;-17.01;694.33
356.20;338.66;-17.54;694.86
353.39;338.45;-14.94;691.85
356.36;341.31;-15.05;697.68
355.49;339.24;-16.25;694.72
352.83;339.86;-12.97;692.69
353.88;341.54;-12.35;695.42
353.78;338.54;-15.24;692.32
353.85;338.17;-15.68;692.02
354.24;338.85;-15.39;693.09
353.14;337.66;-15.48;690.79
354.02;339.49;-14.54;693.51
354.21;338.49;-15.72;692.71
353.99;338.92;-15.08;692.91
353.45;338.51;-14.94;691.96
353.43;339.55;-13.88;692.98
355.58;339.22;-16.36;694.80
354.91;339.11;-15.80;694.01
354.46;338.57;-15.89;693.04
355.04;339.25;-15.78;694.29
352.11;338.26;-13.84;690.37
354.02;338.88;-15.14;692.89
354.15;338.99;-15.16;693.15
354.32;337.42;-16.90;691.74
353.26;337.18;-16.08;690.45
353.97;338.75;-15.22;692.72
353.53;338.40;-15.13;691.93
353.37;338.98;-14.39;692.35
353.21;337.98;-15.24;691.19
353.02;339.02;-13.99;692.04
354.88;338.85;-16.03;693.74
352.58;339.51;-13.07;692.09
352.35;338.62;-13.74;690.97
354.05;338.02;-16.02;692.07
353.84;338.15;-15.68;691.99
353.70;337.91;-15.79;691.61
354.79;339.60;-15.19;694.39
353.96;338.32;-15.64;692.28
354.27;339.28;-14.99;693.55
353.95;338.96;-14.99;692.91
353.65;338.70;-14.95;692.35
353.55;340.64;-12.91;694.19
353.39;338.31;-15.08;691.69
353.25;338.12;-15.13;691.38
355.18;337.85;-17.32;693.03
354.05;341.47;-12.58;695.52
354.04;338.57;-15.47;692.61
354.25;339.06;-15.19;693.32
354.31;337.92;-16.39;692.24
353.92;338.67;-15.25;692.59
353.80;337.54;-16.26;691.34
354.19;337.29;-16.90;691.49
354.17;337.00;-17.17;691.17
353.82;337.61;-16.21;691.42
356.21;338.39;-17.82;694.59
355.26;339.45;-15.82;694.71
353.34;338.15;-15.18;691.49
353.81;338.32;-15.49;692.14
353.15;339.81;-13.35;692.96
356.01;338.74;-17.27;694.75
352.58;338.78;-13.80;691.36
354.47;338.48;-15.99;692.95
353.98;339.05;-14.94;693.03
354.20;338.80;-15.40;693.00
354.21;339.46;-14.75;693.67
354.34;339.54;-14.81;693.88
354.13;337.97;-16.16;692.10
353.75;338.78;-14.97;692.54
353.76;338.71;-15.05;692.47
354.62;337.26;-17.36;691.88
355.08;338.43;-16.65;693.51
353.22;338.53;-14.69;691.75
353.12;338.38;-14.74;691.49
352.88;339.90;-12.98;692.78
352.58;340.09;-12.48;692.67
354.94;338.39;-16.55;693.32
355.30;339.08;-16.22;694.38
355.10;338.82;-16.28;693.92
354.83;337.64;-17.19;692.46
353.66;337.52;-16.14;691.19
354.15;337.11;-17.04;691.26
353.62;339.09;-14.54;692.71
352.86;339.46;-13.39;692.32
353.46;338.85;-14.61;692.32
353.32;338.24;-15.08;691.56
353.15;337.93;-15.22;691.08
354.05;339.01;-15.04;693.05
352.71;338.70;-14.01;691.41
354.48;338.74;-15.74;693.22
352.35;340.42;-11.93;692.76
355.26;338.28;-16.98;693.55
353.66;338.12;-15.54;691.78
353.36;339.73;-13.64;693.09
354.51;340.56;-13.95;695.07
354.41;338.27;-16.14;692.68
353.32;338.76;-14.56;692.09
356.33;338.87;-17.46;695.20
354.83;339.82;-15.01;694.65
353.62;340.76;-12.86;694.39
353.45;338.41;-15.04;691.85
353.29;339.41;-13.89;692.70
353.12;338.15;-14.96;691.27
355.88;339.12;-16.76;695.00
352.83;338.80;-14.03;691.63
353.54;339.57;-13.96;693.11
352.39;338.63;-13.76;691.02
355.26;339.82;-15.45;695.08
352.20;338.37;-13.83;690.57
354.54;339.68;-14.85;694.22
353.92;338.11;-15.81;692.04
354.99;339.29;-15.71;694.28
353.97;338.71;-15.26;692.68
353.57;340.75;-12.82;694.32
353.42;339.28;-14.14;692.69
355.21;340.32;-14.88;695.53
353.53;339.54;-13.99;693.07
354.61;338.56;-16.05;693.18
353.57;339.15;-14.42;692.72
355.63;338.93;-16.70;694.56
353.14;338.99;-14.15;692.14
353.04;338.50;-14.54;691.54
352.79;339.62;-13.17;692.42
352.28;340.84;-11.44;693.12
352.29;338.35;-13.94;690.64
353.19;339.46;-13.73;692.66
354.06;339.34;-14.72;693.39
354.21;339.38;-14.82;693.59
353.81;338.23;-15.58;692.04
354.19;338.75;-15.44;692.95
353.39;338.96;-14.43;692.36
352.90;337.79;-15.11;690.69
353.68;339.84;-13.84;693.51
353.42;338.39;-15.02;691.81
353.12;339.28;-13.84;692.40
352.92;339.16;-13.76;692.08
352.63;339.62;-13.01;692.25
352.37;338.72;-13.65;691.09
353.81;341.61;-12.20;695.42
354.93;341.58;-13.35;696.51
354.37;338.13;-16.24;692.50
352.98;339.22;-13.75;692.20
353.39;339.71;-13.69;693.10
352.50;338.36;-14.14;690.86
354.18;339.49;-14.69;693.66
354.04;339.35;-14.69;693.39
353.15;340.35;-12.80;693.49
353.15;339.12;-14.03;692.26
355.81;339.00;-16.81;694.81
353.44;339.23;-14.21;692.66
354.67;339.02;-15.65;693.69
355.35;339.21;-16.15;694.56
353.31;338.88;-14.43;692.18
352.62;337.56;-15.06;690.18
354.62;338.59;-16.02;693.21
354.69;338.34;-16.35;693.04
354.04;338.26;-15.78;692.29
353.91;339.07;-14.84;692.98
354.09;338.59;-15.50;692.68
353.46;337.67;-15.79;691.13
355.88;338.82;-17.05;694.70
355.36;338.26;-17.11;693.62
353.55;339.10;-14.45;692.65
353.47;340.98;-12.49;694.45
353.58;339.72;-13.86;693.29
353.39;338.81;-14.58;692.20
355.02;337.75;-17.27;692.76
352.94;337.99;-14.95;690.93
352.86;337.79;-15.06;690.65
354.50;338.67;-15.83;693.17
353.71;338.41;-15.29;692.12
352.07;338.24;-13.83;690.31
354.62;338.67;-15.95;693.29
354.75;339.58;-15.18;694.33
354.12;337.53;-16.59;691.65
353.71;338.55;-15.16;692.26
353.98;338.42;-15.55;692.40
353.95;338.02;-15.94;691.97
353.57;338.80;-14.77;692.37
353.28;339.16;-14.12;692.44
353.07;339.17;-13.90;692.24
352.84;338.76;-14.07;691.60
354.70;338.67;-16.03;693.37
352.31;339.23;-13.08;691.54
353.92;338.11;-15.81;692.04
355.04;339.80;-15.24;694.84
354.84;337.85;-16.99;692.69
353.59;338.91;-14.68;692.51
354.18;337.39;-16.79;691.58
353.35;339.04;-14.31;692.39
353.61;338.38;-15.23;691.99
353.35;338.96;-14.39;692.31
353.30;339.05;-14.25;692.35
353.16;338.82;-14.35;691.98
353.24;339.11;-14.12;692.35
355.14;338.86;-16.28;694.00
355.88;339.55;-16.32;695.43
354.11;341.87;-12.24;695.98
352.18;338.33;-13.85;690.51
354.84;338.91;-15.93;693.74
354.86;339.36;-15.50;694.23
354.53;338.43;-16.10;692.96
353.94;338.31;-15.62;692.25
354.51;339.27;-15.24;693.78
353.85;338.58;-15.27;692.44
353.05;341.14;-11.91;694.19
353.82;339.16;-14.65;692.98
353.53;339.54;-13.99;693.07
353.31;338.26;-15.05;691.58
355.36;337.96;-17.39;693.32
353.96;339.87;-14.09;693.83
353.56;338.55;-15.01;692.11
352.39;338.41;-13.98;690.79
354.31;339.02;-15.29;693.34
354.42;339.04;-15.38;693.46
352.92;339.44;-13.48;692.36
351.34;338.43;-12.91;689.77
355.84;337.31;-18.54;693.15
354.16;338.33;-15.83;692.49
355.21;338.18;-17.03;693.38
353.48;338.80;-14.68;692.28
355.11;338.99;-16.11;694.10
355.36;338.74;-16.63;694.10
352.97;338.90;-14.07;691.87
353.31;338.61;-14.70;691.91
355.01;340.30;-14.71;695.31
354.74;339.05;-15.68;693.79
354.04;339.37;-14.67;693.41
353.72;339.06;-14.66;692.79
353.86;337.61;-16.26;691.47
353.66;338.26;-15.40;691.92
354.08;338.09;-15.99;692.17
353.95;338.58;-15.36;692.53
353.95;338.32;-15.63;692.28
353.65;338.62;-15.04;692.27
353.48;339.05;-14.42;692.53
353.37;339.16;-14.21;692.53
353.21;338.26;-14.95;691.48
353.09;339.19;-13.90;692.28
354.20;338.84;-15.36;693.04
352.75;338.83;-13.92;691.58
353.78;339.55;-14.23;693.34
352.39;339.32;-13.07;691.72
352.13;338.29;-13.84;690.42
354.86;338.80;-16.06;693.66
353.52;339.06;-14.46;692.59
354.41;338.25;-16.16;692.65
354.42;338.95;-15.46;693.37
353.84;337.88;-15.96;691.72
353.61;338.55;-15.06;692.16
353.11;338.58;-14.54;691.69
355.41;338.82;-16.59;694.24
352.55;339.19;-13.36;691.74
352.71;339.00;-13.71;691.71
352.59;338.47;-14.12;691.06
355.08;339.24;-15.84;694.32
353.48;338.29;-15.18;691.77
355.05;338.84;-16.21;693.89
352.72;341.68;-11.04;694.39
353.65;337.51;-16.14;691.15
354.02;337.29;-16.73;691.31
353.35;339.86;-13.49;693.21
353.54;338.70;-14.84;692.24
353.64;339.48;-14.16;693.12
353.85;338.17;-15.68;692.02
352.81;339.17;-13.64;691.98
352.72;339.01;-13.71;691.74
352.45;338.75;-13.69;691.20
353.46;338.43;-15.03;691.89
352.70;338.81;-13.89;691.51
353.66;339.08;-14.58;692.75
353.84;339.51;-14.33;693.35
354.34;340.14;-14.21;694.48
352.45;339.23;-13.22;691.68
355.42;339.26;-16.16;694.68
352.61;338.54;-14.07;691.15
353.16;339.15;-14.02;692.31
352.95;339.11;-13.84;692.06
353.96;339.46;-14.50;693.43
353.46;337.38;-16.08;690.85
353.92;339.52;-14.39;693.44
351.89;338.84;-13.05;690.73
353.67;338.64;-15.03;692.31
353.59;336.31;-17.28;689.90
353.94;338.69;-15.24;692.63
353.48;338.56;-14.92;692.04
353.15;338.37;-14.78;691.52
353.75;338.54;-15.22;692.29
353.45;338.41;-15.05;691.86
353.15;338.58;-14.58;691.73
352.79;339.63;-13.16;692.42
352.53;338.79;-13.74;691.32
353.46;338.41;-15.05;691.87
354.34;339.92;-14.42;694.25
354.83;338.68;-16.15;693.51
353.49;338.78;-14.71;692.26
354.05;338.03;-16.02;692.08
353.87;339.20;-14.67;693.07
353.89;341.83;-12.06;695.72
353.64;338.86;-14.78;692.49
353.30;339.41;-13.89;692.71
353.09;339.21;-13.88;692.30
352.92;337.77;-15.15;690.69
352.56;338.71;-13.85;691.27
355.12;338.25;-16.86;693.37
353.33;338.13;-15.20;691.46
354.96;338.72;-16.25;693.68
353.38;338.78;-14.61;692.16
353.49;337.48;-16.01;690.97
354.16;339.04;-15.12;693.19
353.81;336.92;-16.89;690.73
353.59;338.64;-14.95;692.22
353.50;339.51;-13.99;693.01
353.25;339.13;-14.12;692.38
353.91;338.76;-15.15;692.66
354.97;339.69;-15.28;694.66
352.52;338.58;-13.94;691.11
355.11;339.25;-15.86;694.36
353.96;338.26;-15.69;692.22
354.51;338.94;-15.58;693.45
354.16;337.91;-16.25;692.07
353.63;338.57;-15.06;692.20
353.74;337.68;-16.06;691.41
354.04;339.05;-14.99;693.08
354.11;339.15;-14.96;693.26
352.99;339.10;-13.89;692.09
353.74;341.34;-12.40;695.08
353.59;339.67;-13.92;693.26
354.89;339.42;-15.48;694.31
355.75;339.22;-16.52;694.97
355.86;339.15;-16.72;695.01
352.86;338.92;-13.94;691.78
352.47;338.74;-13.74;691.21
353.52;338.47;-15.05;691.99
354.62;339.65;-14.97;694.26
351.92;338.91;-13.02;690.83
353.61;337.82;-15.79;691.44
351.45;339.09;-12.36;690.54
353.72;340.59;-13.13;694.31
353.99;337.88;-16.11;691.86
355.27;338.73;-16.54;694.00
353.10;338.68;-14.42;691.78
355.25;338.95;-16.29;694.20
353.16;338.73;-14.44;691.89
352.88;340.56;-12.31;693.44
352.69;338.89;-13.80;691.59
352.49;338.65;-13.85;691.14
352.30;339.22;-13.08;691.52
353.89;338.15;-15.75;692.04
354.32;336.81;-17.52;691.13
354.12;338.94;-15.18;693.05
353.68;337.46;-16.21;691.14
354.52;338.21;-16.31;692.73
353.80;338.75;-15.05;692.55
354.18;338.04;-16.14;692.22
353.28;339.36;-13.92;692.64
353.84;339.09;-14.75;692.94
355.60;341.88;-13.72;697.48
353.56;338.52;-15.04;692.09
352.65;338.71;-13.94;691.36
353.24;337.59;-15.65;690.82
353.03;339.02;-14.01;692.05
354.71;338.85;-15.86;693.56
352.55;338.72;-13.83;691.28
353.59;339.24;-14.36;692.83
352.25;338.38;-13.87;690.62
353.84;341.44;-12.39;695.28
354.79;339.70;-15.09;694.49
353.70;340.72;-12.98;694.42
353.86;338.21;-15.65;692.08
354.12;339.08;-15.04;693.21
353.85;339.97;-13.88;693.82
353.86;338.73;-15.14;692.59
353.50;339.36;-14.14;692.86
353.21;338.85;-14.36;692.06
352.96;339.00;-13.96;691.96
352.79;338.86;-13.93;691.65
352.65;338.70;-13.95;691.35
352.56;338.06;-14.51;690.62
355.38;338.55;-16.82;693.93
354.85;338.24;-16.61;693.08
353.84;338.06;-15.78;691.90
353.77;339.04;-14.73;692.81
354.41;338.74;-15.67;693.14
354.71;339.51;-15.21;694.22
354.36;338.82;-15.55;693.18
355.03;339.11;-15.92;694.14
354.17;338.44;-15.74;692.61
353.92;338.65;-15.27;692.56
355.27;339.54;-15.74;694.81
353.62;338.49;-15.13;692.12
353.34;338.27;-15.06;691.61
353.15;339.16;-13.99;692.31
355.06;337.79;-17.28;692.85
353.97;338.98;-14.99;692.95
353.89;338.84;-15.05;692.74
352.45;338.49;-13.96;690.95
354.20;338.34;-15.86;692.54
354.32;338.04;-16.28;692.36
354.02;338.84;-15.18;692.85
351.56;337.44;-14.12;688.99
353.44;337.53;-15.91;690.96
353.11;338.67;-14.44;691.78
354.20;338.88;-15.32;693.08
353.15;336.86;-16.29;690.02
353.61;336.63;-16.98;690.24
355.77;338.41;-17.36;694.18
354.49;339.01;-15.48;693.50
355.54;338.41;-17.14;693.95
353.73;338.18;-15.55;691.91
353.08;337.96;-15.12;691.04
355.89;338.41;-17.49;694.30
354.22;338.04;-16.18;692.26
355.81;338.65;-17.16;694.46
352.35;339.31;-13.05;691.66
355.41;338.32;-17.09;693.73
351.89;337.98;-13.91;689.87
351.79;338.76;-13.03;690.55
354.62;337.75;-16.88;692.37
356.06;339.00;-17.06;695.06
353.26;338.84;-14.43;692.10
353.35;339.29;-14.06;692.64
355.65;338.48;-17.17;694.12
355.13;338.20;-16.93;693.33
353.73;338.64;-15.09;692.37
353.52;338.46;-15.05;691.98
355.60;338.18;-17.42;693.78
352.94;341.34;-11.60;694.27
355.51;337.94;-17.58;693.45
352.79;338.08;-14.71;690.86
352.57;338.33;-14.24;690.90
355.55;338.36;-17.18;693.91
352.11;340.36;-11.74;692.47
353.00;338.87;-14.13;691.87
354.98;337.59;-17.39;692.57
353.90;337.72;-16.18;691.62
354.57;340.60;-13.97;695.17
354.25;338.09;-16.16;692.34
354.20;338.70;-15.50;692.90
353.94;338.35;-15.58;692.29
353.82;338.79;-15.03;692.61
353.65;339.15;-14.50;692.81
353.28;339.47;-13.81;692.75
353.21;338.82;-14.39;692.03
355.85;339.76;-16.08;695.61
352.53;338.61;-13.92;691.14
355.16;339.31;-15.85;694.46
352.22;339.10;-13.12;691.32
355.06;339.07;-15.99;694.14
354.05;338.78;-15.27;692.84
353.53;339.28;-14.25;692.81
353.76;339.24;-14.53;693.00
352.51;338.29;-14.22;690.80
354.01;339.16;-14.85;693.17
353.82;338.29;-15.52;692.11
353.47;338.99;-14.48;692.46
353.42;338.75;-14.68;692.17
353.56;339.65;-13.91;693.22
353.10;339.66;-13.44;692.76
355.27;338.08;-17.19;693.35
352.91;338.32;-14.58;691.23
355.05;338.86;-16.19;693.92
355.18;338.79;-16.39;693.96
352.36;338.66;-13.71;691.02
352.38;339.35;-13.04;691.73
355.30;338.46;-16.84;693.76
353.82;337.59;-16.23;691.42
351.96;338.18;-13.79;690.14
353.07;337.98;-15.09;691.05
353.92;337.72;-16.20;691.65
353.50;338.56;-14.94;692.06
353.79;338.37;-15.42;692.16
354.38;338.24;-16.15;692.62
353.55;338.14;-15.41;691.68
354.89;338.40;-16.49;693.29
353.94;338.79;-15.15;692.72
353.62;338.53;-15.09;692.15
353.54;338.46;-15.07;692.00
355.84;339.05;-16.79;694.88
353.28;338.19;-15.09;691.47
353.12;338.86;-14.25;691.98
355.11;339.84;-15.27;694.95
354.81;338.95;-15.86;693.75
353.68;339.58;-14.10;693.25
353.56;338.38;-15.18;691.94
353.01;338.46;-14.55;691.48
354.13;338.25;-15.88;692.38
355.38;339.04;-16.34;694.42
353.20;339.46;-13.74;692.66
354.00;338.79;-15.21;692.79
353.15;339.40;-13.75;692.55
353.78;338.78;-15.00;692.56
353.01;338.99;-14.02;691.99
353.29;338.90;-14.39;692.19
353.72;338.11;-15.61;691.82
355.74;339.29;-16.44;695.03
355.25;338.19;-17.05;693.44
353.07;339.15;-13.92;692.22
352.84;339.04;-13.80;691.87
352.58;340.11;-12.47;692.68
352.35;339.80;-12.55;692.15
354.19;339.38;-14.82;693.57
353.98;337.93;-16.05;691.91
353.53;338.91;-14.62;692.44
354.22;339.02;-15.19;693.24
353.82;337.98;-15.85;691.80
354.04;340.25;-13.79;694.28
353.75;339.79;-13.96;693.55
354.24;338.51;-15.74;692.75
355.57;339.21;-16.36;694.78
353.08;338.07;-15.01;691.15
354.85;337.72;-17.14;692.57
356.56;337.32;-19.24;693.89
352.25;339.22;-13.03;691.48
353.24;341.36;-11.88;694.59
353.95;340.95;-13.01;694.90
354.71;338.94;-15.76;693.65
353.65;338.95;-14.70;692.61
353.86;338.19;-15.66;692.05
353.24;338.42;-14.82;691.66
353.56;338.44;-15.12;692.01
353.31;338.11;-15.19;691.42
353.76;339.05;-14.71;692.82
353.64;338.82;-14.82;692.46
352.47;338.35;-14.12;690.82
352.24;340.21;-12.02;692.45
353.25;337.89;-15.36;691.14
354.66;337.84;-16.82;692.50
352.93;338.39;-14.54;691.32
354.22;340.08;-14.15;694.30
354.19;338.44;-15.76;692.63
355.98;338.29;-17.69;694.27
353.38;339.04;-14.34;692.42
353.24;338.23;-15.01;691.47
353.10;338.57;-14.53;691.67
352.87;339.65;-13.22;692.52
352.48;338.64;-13.84;691.12
352.21;338.39;-13.81;690.60
354.29;340.01;-14.28;694.29
351.75;337.92;-13.83;689.66
353.86;337.81;-16.06;691.67
353.60;340.15;-13.45;693.75
353.21;337.38;-15.83;690.59
353.26;339.12;-14.14;692.38
353.07;338.79;-14.28;691.86
355.48;338.61;-16.87;694.09
353.26;338.44;-14.83;691.70
355.23;341.36;-13.87;696.59
353.06;339.14;-13.92;692.19
352.69;339.12;-13.57;691.82
355.20;339.52;-15.68;694.72
354.27;339.29;-14.98;693.56
353.98;339.15;-14.83;693.14
354.74;338.89;-15.85;693.64
354.56;338.51;-16.05;693.08
353.77;339.26;-14.51;693.04
353.08;338.64;-14.45;691.72
353.41;339.66;-13.75;693.06
353.31;340.11;-13.21;693.42
352.39;338.57;-13.82;690.96
353.32;341.76;-11.56;695.08
354.29;339.40;-14.89;693.69
352.89;339.14;-13.76;692.03
352.65;338.94;-13.71;691.59
352.42;338.66;-13.76;691.08
352.23;339.22;-13.01;691.45
354.37;339.10;-15.27;693.47
353.05;339.58;-13.48;692.63
353.26;340.82;-12.44;694.08
353.72;338.92;-14.80;692.65
353.65;339.27;-14.38;692.92
354.09;339.19;-14.91;693.28
354.08;338.74;-15.35;692.82
354.98;342.13;-12.85;697.11
353.25;339.00;-14.25;692.25
353.55;339.76;-13.79;693.31
353.39;339.53;-13.86;692.92
354.96;340.22;-14.74;695.18
354.01;339.89;-14.12;693.89
352.86;338.79;-14.08;691.65
353.21;338.76;-14.44;691.97
352.45;339.28;-13.17;691.74
354.57;339.66;-14.91;694.24
353.04;336.86;-16.17;689.90
352.90;338.59;-14.31;691.49
354.19;338.98;-15.21;693.16
354.32;339.21;-15.11;693.54
353.91;339.07;-14.84;692.98
353.35;338.85;-14.49;692.20
353.29;339.88;-13.42;693.17
353.21;339.51;-13.70;692.72
353.22;339.31;-13.91;692.54
352.86;338.96;-13.90;691.82
352.66;338.88;-13.78;691.54
355.34;339.24;-16.10;694.58
352.25;339.16;-13.09;691.42
352.50;339.05;-13.45;691.55
351.79;338.83;-12.96;690.62
353.75;338.55;-15.20;692.31
354.56;339.30;-15.26;693.86
353.46;337.38;-16.08;690.84
352.94;339.05;-13.88;691.99
353.97;338.90;-15.07;692.87
353.73;338.74;-14.99;692.47
353.52;339.75;-13.78;693.27
353.24;338.30;-14.94;691.54
353.78;339.21;-14.57;692.99
352.83;339.05;-13.78;691.88
352.62;340.90;-11.72;693.52
354.37;340.04;-14.34;694.41
352.01;339.89;-12.12;691.91
353.06;339.61;-13.46;692.67
354.41;339.29;-15.12;693.71
354.78;338.59;-16.18;693.37
354.44;341.65;-12.79;696.09
354.07;338.78;-15.29;692.85
354.15;338.55;-15.60;692.69
353.91;339.40;-14.51;693.31
353.56;339.68;-13.88;693.24
353.19;338.74;-14.45;691.94
354.70;337.90;-16.80;692.60
354.15;339.76;-14.39;693.91
354.17;339.52;-14.65;693.69
355.22;339.59;-15.62;694.81
351.97;338.89;-13.08;690.86
354.83;341.82;-13.01;696.65
354.49;337.52;-16.98;692.01
353.08;339.19;-13.89;692.28
353.46;338.59;-14.87;692.05
353.12;339.11;-14.01;692.22
353.72;339.94;-13.78;693.65
353.42;339.76;-13.65;693.18
353.46;341.93;-11.54;695.39
353.15;339.98;-13.17;693.14
352.90;339.80;-13.10;692.70
352.81;339.81;-12.99;692.62
354.40;339.32;-15.08;693.72
352.16;339.87;-12.29;692.03
352.05;339.46;-12.58;691.51
354.84;342.16;-12.67;697.00
354.94;337.83;-17.11;692.77
352.69;337.65;-15.04;690.34
353.72;339.22;-14.49;692.94
353.65;339.66;-13.99;693.32
352.96;339.94;-13.02;692.90
353.42;338.62;-14.80;692.04
352.77;340.37;-12.40;693.14
353.25;338.90;-14.35;692.15
352.85;340.06;-12.79;692.91
352.85;339.06;-13.78;691.91
353.66;340.13;-13.53;693.79
354.08;339.49;-14.58;693.57
352.27;341.82;-10.45;694.09
352.01;340.10;-11.91;692.11
351.79;338.72;-13.07;690.51
351.34;338.91;-12.43;690.24
353.34;339.41;-13.93;692.75
354.03;339.55;-14.48;693.58
353.02;338.97;-14.05;691.99
353.76;339.65;-14.12;693.41
352.66;338.59;-14.07;691.26
353.40;339.34;-14.06;692.74
353.12;340.16;-12.95;693.28
352.99;339.12;-13.87;692.12
354.74;339.65;-15.09;694.39
352.52;338.55;-13.97;691.08
352.06;339.91;-12.15;691.96
351.78;339.62;-12.16;691.39
353.55;339.07;-14.48;692.62
353.92;342.11;-11.82;696.03
355.34;339.14;-16.20;694.47
352.20;339.63;-12.57;691.83
353.39;339.29;-14.11;692.68
353.58;339.49;-14.09;693.07
353.29;339.42;-13.87;692.72
353.03;339.22;-13.81;692.25
353.87;339.65;-14.22;693.52
352.52;338.58;-13.94;691.11
353.49;339.22;-14.27;692.71
352.00;338.84;-13.16;690.84
354.05;338.66;-15.39;692.71
353.48;339.59;-13.89;693.07
353.47;339.76;-13.71;693.23
352.55;339.35;-13.19;691.90
354.78;338.71;-16.08;693.49
352.50;339.25;-13.25;691.75
355.92;339.31;-16.62;695.23
354.61;338.94;-15.68;693.55
353.12;340.71;-12.41;693.82
356.22;339.21;-17.01;695.44
351.88;339.51;-12.37;691.39
353.57;339.92;-13.65;693.49
353.96;338.44;-15.52;692.39
355.55;339.19;-16.36;694.75
353.59;338.00;-15.59;691.59
352.96;339.50;-13.46;692.46
353.79;338.72;-15.07;692.52
354.31;339.09;-15.22;693.41
352.05;341.47;-10.58;693.52
354.62;339.46;-15.16;694.09
353.27;339.52;-13.75;692.79
352.89;341.43;-11.46;694.32
352.86;337.96;-14.90;690.82
352.41;339.64;-12.77;692.04
352.49;340.15;-12.35;692.64
352.23;339.72;-12.51;691.95
352.99;339.58;-13.41;692.58
354.08;337.95;-16.14;692.03
353.84;339.68;-14.15;693.52
353.05;339.54;-13.51;692.59
353.86;339.66;-14.20;693.53
353.09;340.20;-12.89;693.29
353.08;339.75;-13.33;692.84
354.58;339.19;-15.38;693.77
353.36;339.62;-13.75;692.98
353.17;341.68;-11.49;694.85
352.79;339.16;-13.63;691.95
352.97;339.17;-13.80;692.14
353.35;339.05;-14.31;692.40
352.61;339.79;-12.82;692.40
354.19;338.45;-15.75;692.64
353.31;339.22;-14.08;692.53
354.70;340.03;-14.67;694.73
353.40;339.04;-14.36;692.44
354.49;339.45;-15.04;693.95
351.21;339.44;-11.78;690.65
353.34;339.53;-13.81;692.86
353.68;339.76;-13.92;693.45
353.70;338.70;-15.00;692.40
353.55;339.68;-13.87;693.24
353.11;338.31;-14.80;691.41
354.27;338.12;-16.15;692.39
352.89;338.98;-13.91;691.88
354.39;340.80;-13.59;695.19
354.20;340.05;-14.15;694.25
354.27;339.52;-14.75;693.79
353.67;338.36;-15.31;692.04
352.09;338.35;-13.75;690.44
353.97;339.35;-14.62;693.32
353.83;338.65;-15.18;692.48
353.27;337.64;-15.63;690.91
353.12;338.76;-14.35;691.88
353.02;339.27;-13.75;692.29
353.46;338.98;-14.48;692.44
355.84;338.78;-17.06;694.61
353.24;339.47;-13.77;692.71
353.42;339.58;-13.84;692.99
354.95;338.71;-16.24;693.65
352.94;337.43;-15.51;690.36
354.86;338.72;-16.14;693.58
352.35;341.74;-10.62;694.09
355.26;339.24;-16.02;694.50
353.76;338.80;-14.96;692.56
353.74;339.63;-14.11;693.37
351.51;337.69;-13.82;689.19
355.21;339.28;-15.93;694.49
353.64;337.11;-16.53;690.75
353.37;340.21;-13.16;693.58
353.82;338.71;-15.12;692.53
353.45;339.15;-14.31;692.60
353.23;339.08;-14.15;692.31
354.30;339.19;-15.11;693.49
352.92;338.92;-13.99;691.84
355.26;339.06;-16.20;694.33
353.85;338.76;-15.09;692.61
354.27;338.48;-15.79;692.75
353.49;338.21;-15.28;691.71
353.75;339.38;-14.37;693.14
355.08;338.79;-16.28;693.87
352.86;339.18;-13.68;692.04
354.14;337.65;-16.48;691.79
354.06;337.50;-16.56;691.56
353.35;338.04;-15.31;691.39
354.13;339.12;-15.01;693.25
354.93;339.83;-15.10;694.76
353.73;339.47;-14.26;693.20
353.46;339.34;-14.13;692.80
353.22;339.36;-13.86;692.58
353.04;338.81;-14.23;691.85
355.95;339.07;-16.88;695.02
355.21;338.74;-16.47;693.95
352.39;338.59;-13.81;690.98
355.12;339.33;-15.79;694.45
355.01;338.25;-16.76;693.25
354.09;337.95;-16.14;692.04
351.74;339.14;-12.59;690.88
353.44;340.91;-12.53;694.35
354.58;339.51;-15.07;694.08
354.44;338.92;-15.52;693.36
353.31;339.04;-14.26;692.35
354.08;339.04;-15.04;693.12
356.73;342.14;-14.59;698.87
356.01;339.84;-16.16;695.85
354.04;339.50;-14.54;693.54
353.88;338.17;-15.71;692.05
355.12;338.72;-16.41;693.84
352.76;339.55;-13.21;692.32
352.52;338.66;-13.85;691.18
352.18;339.24;-12.94;691.41
353.83;339.83;-14.00;693.66
353.73;338.86;-14.87;692.59
354.83;338.56;-16.27;693.39
353.94;338.78;-15.16;692.72
353.99;337.38;-16.61;691.38
353.35;338.62;-14.73;691.98
354.07;338.99;-15.08;693.06
353.88;338.78;-15.09;692.66
353.84;339.08;-14.76;692.92
353.63;339.05;-14.58;692.68
353.34;339.45;-13.89;692.79
354.11;338.52;-15.58;692.63
353.12;338.65;-14.47;691.78
353.08;335.98;-17.09;689.06
352.91;339.06;-13.85;691.96
355.32;338.79;-16.53;694.11
353.68;338.59;-15.09;692.28
352.41;339.49;-12.92;691.89
354.98;339.10;-15.88;694.08
354.18;339.39;-14.78;693.57
354.76;339.96;-14.79;694.72
354.06;337.74;-16.32;691.79
354.16;337.62;-16.54;691.78
354.55;341.94;-12.61;696.49
353.99;337.34;-16.65;691.34
353.87;338.91;-14.96;692.78
355.39;341.65;-13.74;697.04
353.81;339.14;-14.67;692.94
353.54;339.59;-13.95;693.13
353.25;339.18;-14.07;692.42
355.02;339.12;-15.91;694.14
352.79;338.59;-14.20;691.38
354.15;340.19;-13.95;694.34
352.49;337.36;-15.13;689.85
354.58;338.39;-16.19;692.96
353.78;338.14;-15.64;691.92
354.01;337.89;-16.12;691.89
353.67;338.49;-15.18;692.16
355.02;338.78;-16.24;693.80
354.40;338.94;-15.46;693.34
355.33;337.88;-17.45;693.21
354.00;338.19;-15.81;692.19
353.65;338.61;-15.05;692.26
353.37;338.30;-15.07;691.67
353.16;338.41;-14.75;691.56
353.01;339.74;-13.27;692.75
354.22;338.79;-15.43;693.01
353.90;338.44;-15.46;692.34
354.11;338.22;-15.89;692.32
353.06;338.99;-14.06;692.05
353.86;338.64;-15.22;692.50
354.27;337.59;-16.68;691.86
355.67;337.31;-18.36;692.98
354.01;338.94;-15.07;692.94
353.66;338.83;-14.84;692.49
355.81;339.68;-16.13;695.48
355.94;339.31;-16.62;695.25
353.02;338.94;-14.08;691.96
356.07;338.82;-17.25;694.89
352.59;339.58;-13.01;692.18
352.31;338.61;-13.70;690.92
354.03;340.51;-13.52;694.54
352.82;338.08;-14.74;690.91
353.82;339.61;-14.21;693.43
351.55;337.66;-13.89;689.21
354.42;337.37;-17.05;691.79
354.08;338.00;-16.08;692.08
354.11;338.53;-15.58;692.64
353.71;338.66;-15.05;692.38
353.50;338.65;-14.85;692.15
353.11;336.34;-16.76;689.45
353.27;339.16;-14.11;692.44
355.06;339.13;-15.94;694.19
355.08;338.85;-16.22;693.93
353.88;338.69;-15.19;692.57
353.19;339.33;-13.86;692.52
353.37;338.33;-15.04;691.70
355.01;338.95;-16.06;693.96
354.97;339.23;-15.74;694.20
354.76;341.02;-13.74;695.78
355.40;338.77;-16.63;694.17
354.47;338.55;-15.92;693.02
355.46;341.22;-14.24;696.69
353.96;337.01;-16.96;690.97
353.71;337.66;-16.05;691.37
353.78;338.56;-15.21;692.34
353.65;339.28;-14.37;692.94
353.40;339.32;-14.08;692.72
353.15;337.94;-15.22;691.09
353.02;339.34;-13.68;692.35
352.93;337.83;-15.10;690.76
353.81;337.56;-16.25;691.38
355.42;337.42;-18.00;692.84
353.62;339.75;-13.87;693.36
353.91;339.15;-14.75;693.06
354.19;340.31;-13.88;694.49
354.60;337.99;-16.61;692.59
354.22;338.02;-16.19;692.24
354.08;339.14;-14.94;693.21
353.73;338.82;-14.91;692.55
354.34;338.25;-16.09;692.59
354.16;338.07;-16.09;692.23
354.00;340.21;-13.79;694.21
353.88;338.76;-15.12;692.65
353.51;336.60;-16.91;690.11
355.52;338.45;-17.07;693.98
353.34;338.25;-15.09;691.59
354.82;338.99;-15.83;693.81
354.03;338.78;-15.25;692.81
352.61;338.65;-13.96;691.26
354.19;338.51;-15.68;692.71
354.20;339.09;-15.11;693.29
353.11;340.08;-13.03;693.19
354.11;338.75;-15.36;692.85
354.44;338.99;-15.45;693.44
354.56;340.71;-13.85;695.28
354.33;337.24;-17.09;691.56
353.21;340.28;-12.92;693.49
353.80;339.78;-14.02;693.58
355.32;338.87;-16.45;694.19
354.41;338.02;-16.39;692.42
352.98;338.95;-14.02;691.93
352.65;340.21;-12.44;692.86
353.64;339.16;-14.48;692.81
353.68;339.04;-14.64;692.72
354.31;338.71;-15.60;693.02
354.19;337.85;-16.34;692.04
353.69;338.46;-15.22;692.15
353.46;338.71;-14.75;692.16
353.45;337.95;-15.49;691.40
353.59;338.74;-14.86;692.33
353.67;338.69;-14.98;692.36
353.35;338.91;-14.44;692.26
353.29;341.20;-12.09;694.49
353.18;338.62;-14.56;691.80
354.79;338.88;-15.91;693.68
352.62;338.77;-13.85;691.39
355.51;338.57;-16.94;694.08
353.31;339.22;-14.09;692.54
353.94;338.79;-15.15;692.74
353.70;339.01;-14.69;692.71
353.82;339.47;-14.35;693.29
351.32;339.18;-12.14;690.51
353.46;339.96;-13.50;693.43
353.17;339.06;-14.11;692.23
352.88;339.97;-12.91;692.85
352.85;339.72;-13.14;692.57
353.34;339.10;-14.24;692.44
353.47;339.61;-13.86;693.08
353.17;340.11;-13.06;693.28
352.94;340.05;-12.89;692.98
352.89;338.94;-13.96;691.83
353.62;338.65;-14.98;692.27
353.63;339.55;-14.08;693.18
355.12;340.61;-14.52;695.73
352.18;338.38;-13.80;690.56
356.01;338.16;-17.85;694.16
353.01;342.15;-10.85;695.16
352.99;338.04;-14.95;691.03
354.73;337.82;-16.91;692.55
353.99;338.81;-15.19;692.80
353.69;339.31;-14.39;693.00
354.26;340.03;-14.23;694.29
353.08;338.96;-14.11;692.04
353.47;339.56;-13.91;693.03
353.78;338.67;-15.11;692.45
353.33;341.72;-11.61;695.05
355.29;339.42;-15.87;694.71
354.09;339.36;-14.73;693.45
352.78;338.76;-14.02;691.55
353.05;339.00;-14.05;692.05
352.80;340.74;-12.06;693.54
353.78;340.04;-13.75;693.82
353.43;338.55;-14.88;691.98
355.22;340.85;-14.37;696.06
354.99;338.79;-16.21;693.78
353.02;339.11;-13.91;692.13
354.06;339.38;-14.69;693.44
353.94;339.45;-14.49;693.39
354.35;339.13;-15.22;693.48
354.17;339.16;-15.01;693.33
356.10;338.88;-17.22;694.98
352.65;338.83;-13.82;691.48
353.51;339.44;-14.07;692.94
353.36;339.38;-13.98;692.74
352.82;339.46;-13.36;692.29
354.69;341.32;-13.37;696.01
353.63;339.07;-14.56;692.70
353.69;338.85;-14.84;692.54
353.54;338.55;-14.98;692.09
352.38;339.87;-12.51;692.25
353.86;339.08;-14.78;692.95
353.74;339.20;-14.54;692.94
354.69;339.32;-15.36;694.01
353.36;338.98;-14.38;692.34
351.49;339.00;-12.49;690.49
353.52;337.65;-15.86;691.17
354.49;338.67;-15.82;693.16
353.41;340.49;-12.92;693.90
353.06;338.99;-14.08;692.05
353.67;338.71;-14.96;692.38
353.63;338.62;-15.01;692.25
353.96;338.43;-15.54;692.39
353.28;339.06;-14.22;692.35
352.86;339.69;-13.18;692.55
355.20;338.04;-17.16;693.24
352.31;339.23;-13.08;691.54
353.26;338.17;-15.09;691.44
353.57;339.45;-14.12;693.02
352.95;337.72;-15.23;690.68
353.53;339.38;-14.15;692.91
353.82;338.18;-15.64;691.99
354.96;338.58;-16.38;693.54
353.01;336.85;-16.16;689.86
353.86;336.71;-17.15;690.56
353.26;338.63;-14.63;691.89
353.51;339.08;-14.43;692.59
353.28;338.22;-15.05;691.50
353.14;341.31;-11.82;694.45
352.93;339.17;-13.76;692.10
355.94;339.02;-16.92;694.95
352.61;338.69;-13.91;691.30
354.16;338.52;-15.64;692.68
352.26;339.32;-12.95;691.58
353.20;340.24;-12.96;693.44
354.44;338.18;-16.26;692.62
353.51;338.72;-14.79;692.23
354.18;339.76;-14.42;693.94
353.62;340.80;-12.82;694.42
355.01;339.05;-15.96;694.06
354.05;339.09;-14.96;693.14
354.05;339.59;-14.45;693.64
353.22;338.72;-14.51;691.94
352.98;341.86;-11.11;694.84
353.02;339.67;-13.35;692.69
353.17;338.54;-14.63;691.71
355.11;339.12;-15.98;694.23
352.73;338.65;-14.08;691.38
355.41;338.65;-16.76;694.05
352.22;338.42;-13.81;690.64
352.14;339.09;-13.05;691.22
354.56;340.24;-14.33;694.80
351.79;338.82;-12.96;690.61
352.96;338.62;-14.35;691.58
354.45;338.66;-15.79;693.12
354.31;339.16;-15.15;693.48
354.01;338.95;-15.05;692.96
353.04;338.83;-14.21;691.86
354.86;338.61;-16.25;693.46
353.26;338.88;-14.38;692.14
353.03;339.23;-13.80;692.26
353.02;339.14;-13.88;692.16
352.70;339.74;-12.96;692.44
355.06;339.46;-15.60;694.53
355.18;338.39;-16.79;693.57
353.36;338.32;-15.05;691.68
353.85;338.11;-15.74;691.96
353.39;339.30;-14.09;692.69
354.55;339.05;-15.50;693.61
354.31;337.62;-16.69;691.93
354.43;339.44;-14.99;693.86
354.19;338.72;-15.47;692.92
354.04;339.86;-14.18;693.90
353.89;338.60;-15.29;692.49
353.38;338.55;-14.82;691.93
353.26;339.25;-14.02;692.51
352.55;338.98;-13.58;691.53
356.12;338.92;-17.21;695.04
352.54;339.51;-13.03;692.05
353.95;337.43;-16.52;691.38
353.66;340.43;-13.24;694.09
353.68;338.01;-15.68;691.69
354.02;337.96;-16.06;691.99
354.70;338.72;-15.98;693.42
354.45;338.48;-15.97;692.94
353.71;340.13;-13.58;693.84
353.52;337.98;-15.54;691.51
354.20;340.34;-13.86;694.54
353.65;336.82;-16.82;690.47
353.75;336.65;-17.09;690.40
353.44;338.39;-15.04;691.83
353.24;338.06;-15.18;691.31
353.10;339.01;-14.09;692.11
355.19;338.66;-16.54;693.85
354.06;338.60;-15.46;692.66
352.23;338.36;-13.87;690.59
353.08;339.46;-13.62;692.55
354.61;337.88;-16.74;692.49
354.73;337.63;-17.10;692.36
353.75;339.26;-14.49;693.01
353.44;338.79;-14.64;692.23
353.92;338.82;-15.10;692.75
353.83;338.76;-15.07;692.59
353.58;338.49;-15.09;692.08
355.43;338.92;-16.51;694.35
353.91;341.09;-12.82;695.00
355.94;337.88;-18.06;693.82
352.81;339.76;-13.05;692.57
352.58;338.52;-14.06;691.10
353.71;338.44;-15.27;692.14
352.19;338.31;-13.88;690.50
355.01;338.14;-16.87;693.14
354.71;337.90;-16.81;692.61
354.46;338.95;-15.51;693.42
353.45;337.39;-16.06;690.84
354.28;337.22;-17.06;691.50
353.98;338.34;-15.65;692.32
353.85;338.70;-15.15;692.55
353.55;338.43;-15.12;691.98
354.75;338.47;-16.28;693.22
353.24;340.96;-12.28;694.20
353.10;338.90;-14.20;692.00
352.76;339.00;-13.76;691.76
352.66;337.78;-14.88;690.44
352.55;338.85;-13.69;691.40
352.42;339.22;-13.20;691.65
352.90;339.05;-13.85;691.95
353.86;338.18;-15.68;692.04
354.96;339.38;-15.59;694.34
351.49;338.46;-13.04;689.95
354.06;339.55;-14.51;693.62
354.31;340.45;-13.86;694.76
353.17;338.91;-14.26;692.08
353.84;338.92;-14.92;692.75
352.95;340.43;-12.52;693.38
353.26;338.28;-14.98;691.55
353.84;339.38;-14.46;693.21
352.78;337.36;-15.42;690.14
355.52;339.42;-16.10;694.94
354.06;340.18;-13.88;694.24
351.97;338.21;-13.76;690.18
355.06;337.75;-17.32;692.81
353.47;341.61;-11.86;695.08
353.94;338.74;-15.19;692.68
354.12;342.05;-12.08;696.17
353.20;337.94;-15.26;691.14
353.53;338.82;-14.71;692.35
353.69;338.82;-14.86;692.51
353.57;339.10;-14.47;692.67
355.29;339.54;-15.75;694.83
352.28;340.09;-12.19;692.37
352.83;338.82;-14.01;691.65
352.80;338.93;-13.87;691.73
352.60;338.52;-14.08;691.12
352.21;341.61;-10.61;693.82
355.12;338.09;-17.04;693.21
351.78;338.64;-13.14;690.41
354.29;339.50;-14.79;693.79
353.88;338.21;-15.68;692.09
353.26;340.38;-12.89;693.64
353.14;339.42;-13.72;692.56
354.45;339.56;-14.88;694.01
354.01;338.49;-15.51;692.50
355.11;338.68;-16.42;693.79
353.18;339.24;-13.94;692.42
352.95;338.89;-14.06;691.85
352.75;338.88;-13.87;691.62
352.64;338.65;-13.99;691.29
354.16;338.46;-15.70;692.63
354.55;338.22;-16.34;692.77
353.83;338.08;-15.75;691.91
354.73;337.97;-16.76;692.70
354.51;339.25;-15.25;693.76
354.22;338.19;-16.04;692.41
354.44;338.65;-15.78;693.09
353.95;339.02;-14.93;692.96
353.96;341.17;-12.79;695.14
353.80;339.99;-13.81;693.79
353.75;338.22;-15.53;691.98
353.51;338.45;-15.06;691.96
355.47;338.19;-17.28;693.66
353.10;338.89;-14.21;691.99
354.04;337.72;-16.32;691.75
352.46;338.64;-13.83;691.10
356.53;338.10;-18.43;694.63
351.91;339.45;-12.45;691.36
353.78;337.74;-16.04;691.51
353.65;336.38;-17.28;690.03
354.24;338.17;-16.06;692.41
354.13;338.52;-15.61;692.65
353.04;340.98;-12.06;694.01
355.05;339.81;-15.24;694.86
355.65;338.55;-17.11;694.20
354.63;338.19;-16.44;692.82
353.15;338.41;-14.74;691.56
352.83;338.95;-13.88;691.78
353.99;338.51;-15.48;692.50
354.44;338.63;-15.81;693.06
353.99;339.09;-14.89;693.08
354.21;336.86;-17.35;691.06
353.79;338.55;-15.25;692.34
353.60;338.99;-14.61;692.59
353.58;338.84;-14.74;692.42
354.20;338.39;-15.81;692.59
353.94;336.84;-17.10;690.77
356.71;338.66;-18.05;695.36
355.15;338.75;-16.41;693.90
353.31;338.10;-15.21;691.41
354.23;337.85;-16.38;692.08
353.91;338.41;-15.50;692.31
353.80;339.35;-14.45;693.15
352.35;338.44;-13.91;690.79
354.91;340.27;-14.64;695.18
351.84;337.99;-13.85;689.82
353.89;338.66;-15.23;692.56
351.44;338.44;-13.00;689.87
354.33;337.19;-17.14;691.52
354.03;339.74;-14.29;693.77
353.16;338.32;-14.84;691.48
353.69;338.74;-14.95;692.43
355.69;338.38;-17.32;694.07
354.51;338.22;-16.29;692.72
352.92;337.93;-14.99;690.85
353.82;338.78;-15.04;692.59
354.32;338.56;-15.76;692.88
354.17;338.42;-15.75;692.59
354.42;338.04;-16.38;692.45
354.74;337.63;-17.11;692.37
354.59;338.19;-16.41;692.78
354.35;337.29;-17.05;691.64
353.29;338.89;-14.40;692.19
353.81;339.09;-14.72;692.91
353.22;336.35;-16.88;689.57
353.16;336.05;-17.11;689.22
354.77;338.97;-15.80;693.74
352.69;338.91;-13.78;691.61
352.49;339.31;-13.18;691.81
354.10;338.14;-15.96;692.24
354.45;339.26;-15.18;693.71
353.39;338.01;-15.38;691.39
353.79;338.63;-15.16;692.42
353.29;338.62;-14.68;691.91
354.22;338.07;-16.15;692.29
353.29;338.75;-14.54;692.05
355.13;338.72;-16.41;693.85
353.54;337.62;-15.91;691.16
355.27;336.59;-18.68;691.86
355.45;338.34;-17.11;693.79
353.32;338.26;-15.06;691.58
354.25;338.11;-16.14;692.36
352.85;338.58;-14.26;691.43
354.32;340.92;-13.40;695.25
352.52;340.20;-12.32;692.72
353.62;338.64;-14.98;692.26
353.56;339.21;-14.35;692.77
352.06;339.77;-12.29;691.83
354.54;338.92;-15.61;693.46
353.64;337.80;-15.84;691.44
354.32;337.52;-16.80;691.85
354.41;338.19;-16.22;692.59
354.16;338.34;-15.82;692.50
354.01;338.56;-15.45;692.57
355.82;339.08;-16.74;694.91
353.38;338.21;-15.18;691.59
356.33;338.69;-17.64;695.02
352.84;338.65;-14.18;691.49
352.48;338.66;-13.82;691.14
353.99;340.31;-13.68;694.31
355.27;338.90;-16.37;694.17
355.63;338.71;-16.92;694.34
354.11;338.49;-15.62;692.61
353.51;337.36;-16.15;690.88
354.08;338.66;-15.42;692.75
354.14;338.34;-15.80;692.47
354.53;339.82;-14.71;694.35
353.53;338.34;-15.19;691.86
353.29;338.66;-14.64;691.95
353.05;338.69;-14.36;691.75
354.98;338.62;-16.36;693.61
352.49;338.10;-14.39;690.59
355.04;340.61;-14.42;695.65
353.89;339.74;-14.15;693.64
353.91;338.89;-15.02;692.80
354.08;337.81;-16.27;691.88
353.08;338.86;-14.22;691.94
353.58;339.51;-14.08;693.09
354.06;338.92;-15.15;692.98
354.02;338.69;-15.32;692.71
353.65;338.58;-15.07;692.24
353.43;339.01;-14.42;692.44
352.95;339.38;-13.57;692.32
355.68;338.93;-16.75;694.61
355.16;337.67;-17.49;692.83
354.05;338.38;-15.67;692.42
353.38;338.18;-15.20;691.55
353.83;337.92;-15.91;691.75
353.89;337.61;-16.28;691.51
353.84;338.34;-15.49;692.18
353.53;338.09;-15.44;691.62
353.06;335.76;-17.31;688.82
353.77;338.68;-15.09;692.45
354.36;338.40;-15.96;692.76
353.25;338.04;-15.22;691.29
354.18;337.92;-16.25;692.10
352.76;338.80;-13.96;691.56
354.04;338.39;-15.65;692.44
353.98;338.19;-15.78;692.17
353.90;338.84;-15.06;692.74
353.74;337.78;-15.96;691.52
354.23;339.65;-14.58;693.88
353.34;339.36;-13.98;692.69
353.79;340.18;-13.62;693.97
354.46;338.59;-15.87;693.05
353.75;338.45;-15.31;692.20
353.42;338.08;-15.34;691.50
353.08;339.14;-13.94;692.22
355.46;337.92;-17.54;693.38
355.03;338.96;-16.06;693.99
352.56;338.79;-13.78;691.35
354.94;339.49;-15.44;694.43
354.51;338.28;-16.24;692.79
354.44;338.18;-16.26;692.62
353.80;338.72;-15.08;692.52
356.04;338.74;-17.30;694.77
353.95;337.75;-16.21;691.70
354.75;338.45;-16.30;693.21
354.28;337.42;-16.86;691.69
353.48;338.60;-14.88;692.08
353.69;338.22;-15.47;691.92
353.55;338.39;-15.16;691.94
353.64;338.52;-15.11;692.16
354.84;338.95;-15.89;693.79
354.53;338.28;-16.25;692.81
353.06;338.64;-14.42;691.69
353.04;337.90;-15.14;690.94
352.76;339.03;-13.74;691.79
352.73;338.59;-14.14;691.32
353.88;338.53;-15.35;692.41
353.72;338.35;-15.38;692.07
354.21;337.99;-16.22;692.20
354.52;339.82;-14.69;694.34
353.99;338.61;-15.39;692.60
354.09;337.51;-16.58;691.61
354.04;337.28;-16.76;691.32
355.58;338.91;-16.66;694.49
353.72;340.12;-13.60;693.84
353.73;338.19;-15.54;691.92
353.56;338.36;-15.19;691.92
354.58;338.77;-15.81;693.35
355.41;338.09;-17.31;693.50
354.87;337.87;-17.00;692.74
353.40;338.81;-14.59;692.21
354.74;338.68;-16.05;693.42
355.03;339.97;-15.06;695.00
355.29;338.32;-16.97;693.61
354.47;338.97;-15.50;693.44
356.25;337.86;-18.39;694.11
353.89;337.78;-16.11;691.66
354.59;338.68;-15.92;693.27
356.07;337.40;-18.67;693.47
354.21;338.38;-15.82;692.59
353.91;336.95;-16.96;690.86
353.44;339.85;-13.58;693.29
353.63;338.13;-15.50;691.76
354.41;339.56;-14.85;693.97
354.34;338.52;-15.82;692.86
354.14;337.71;-16.42;691.85
355.98;338.78;-17.20;694.76
352.49;337.52;-14.96;690.01
354.13;337.30;-16.83;691.43
354.46;340.54;-13.92;694.99
354.52;338.16;-16.36;692.68
353.79;339.19;-14.61;692.98
354.17;338.57;-15.60;692.74
354.38;337.57;-16.81;691.95
355.53;338.76;-16.77;694.29
355.39;337.14;-18.26;692.53
354.91;338.43;-16.48;693.34
353.90;338.72;-15.18;692.62
353.42;337.89;-15.52;691.31
353.56;338.39;-15.16;691.95
356.26;338.04;-18.22;694.31
355.92;338.14;-17.78;694.05
353.49;338.19;-15.30;691.69
352.49;338.59;-13.91;691.08
352.22;335.93;-16.29;688.15
355.12;338.05;-17.08;693.17
354.10;337.82;-16.28;691.92
354.11;339.11;-15.00;693.21
354.56;337.33;-17.23;691.89
354.15;337.16;-16.99;691.31
353.39;337.75;-15.64;691.15
