349.94;332.79;-17.15;682.74
350.69;334.26;-16.43;684.96
349.62;333.41;-16.21;683.02
349.77;333.94;-15.84;683.71
349.84;334.35;-15.49;684.19
349.29;334.31;-14.99;683.60
349.12;334.69;-14.43;683.81
350.13;334.68;-15.45;684.81
348.44;333.26;-15.18;681.70
349.96;334.21;-15.75;684.16
349.97;333.85;-16.12;683.82
350.08;332.36;-17.71;682.44
350.18;333.27;-16.91;683.45
350.04;334.98;-15.06;685.01
349.71;332.72;-16.99;682.44
349.49;334.53;-14.96;684.02
349.32;334.18;-15.14;683.49
350.43;333.89;-16.54;684.32
349.99;335.84;-14.15;685.84
348.55;334.17;-14.38;682.72
348.29;334.23;-14.06;682.52
349.85;334.73;-15.12;684.58
349.69;333.74;-15.96;683.43
347.29;334.26;-13.02;681.55
349.98;334.22;-15.76;684.19
349.65;334.06;-15.59;683.71
350.84;334.28;-16.56;685.11
349.11;333.92;-15.19;683.04
348.81;334.65;-14.16;683.46
350.14;334.57;-15.56;684.71
349.70;334.01;-15.69;683.71
350.28;333.76;-16.52;684.05
350.01;333.64;-16.38;683.65
349.86;333.51;-16.35;683.36
349.11;333.91;-15.19;683.02
350.00;333.68;-16.32;683.68
348.92;334.54;-14.38;683.45
350.14;334.01;-16.12;684.15
348.96;333.78;-15.18;682.74
348.50;334.56;-13.94;683.06
350.16;333.01;-17.15;683.18
349.52;334.04;-15.49;683.56
347.72;333.68;-14.04;681.41
350.21;333.65;-16.55;683.86
348.96;333.27;-15.69;682.24
349.55;334.92;-14.62;684.47
349.86;334.77;-15.09;684.64
349.42;334.28;-15.14;683.71
350.32;334.14;-16.18;684.46
348.99;334.01;-14.99;683.00
348.79;334.29;-14.50;683.09
349.72;334.75;-14.97;684.46
348.48;334.45;-14.03;682.92
349.47;334.41;-15.06;683.88
350.18;334.09;-16.08;684.27
347.91;333.98;-13.92;681.89
349.88;332.49;-17.38;682.37
349.05;333.53;-15.52;682.58
349.55;334.72;-14.83;684.26
350.28;335.08;-15.21;685.36
349.87;334.44;-15.43;684.31
349.15;334.23;-14.92;683.38
349.04;332.50;-16.54;681.54
349.55;332.34;-17.22;681.89
349.10;332.14;-16.96;681.24
348.94;333.94;-15.01;682.88
349.33;336.78;-12.55;686.11
350.26;334.44;-15.82;684.71
348.21;335.89;-12.32;684.10
350.12;332.86;-17.26;682.99
349.57;333.75;-15.82;683.32
349.27;333.39;-15.88;682.66
349.81;334.12;-15.69;683.93
350.05;334.71;-15.35;684.76
349.82;334.22;-15.60;684.04
349.43;334.26;-15.16;683.69
349.24;333.51;-15.73;682.75
348.99;334.03;-14.96;683.02
348.64;333.69;-14.95;682.33
349.77;333.12;-16.65;682.89
350.31;333.75;-16.56;684.06
349.75;335.55;-14.19;685.30
350.61;333.82;-16.79;684.44
349.51;333.68;-15.83;683.18
349.75;332.39;-17.36;682.14
350.34;336.74;-13.61;687.08
349.71;336.23;-13.48;685.94
350.08;333.94;-16.14;684.02
349.63;332.80;-16.83;682.43
349.52;334.48;-15.04;684.00
349.30;333.97;-15.33;683.27
349.66;334.56;-15.10;684.22
350.21;333.79;-16.42;684.00
350.47;331.40;-19.07;681.87
348.34;333.28;-15.05;681.62
348.06;333.04;-15.02;681.11
349.60;332.66;-16.94;682.26
349.42;333.66;-15.76;683.09
349.66;334.39;-15.26;684.05
349.85;334.08;-15.77;683.94
349.67;333.91;-15.76;683.58
349.91;334.34;-15.57;684.25
349.49;334.32;-15.17;683.82
349.48;333.84;-15.65;683.32
350.09;333.98;-16.11;684.08
348.85;333.82;-15.02;682.67
348.42;334.29;-14.13;682.71
349.22;332.95;-16.26;682.17
347.76;334.93;-12.84;682.69
349.64;334.17;-15.47;683.81
349.82;335.12;-14.69;684.94
349.84;334.61;-15.22;684.45
349.24;334.49;-14.75;683.74
349.24;334.01;-15.23;683.25
349.01;334.40;-14.61;683.41
348.64;334.76;-13.88;683.39
348.34;333.33;-15.01;681.67
348.02;335.53;-12.49;683.55
350.77;334.60;-16.17;685.37
347.36;334.79;-12.57;682.15
349.98;335.06;-14.91;685.04
349.68;332.89;-16.78;682.57
349.82;332.59;-17.23;682.42
349.50;332.33;-17.17;681.83
349.25;334.17;-15.08;683.42
348.89;334.58;-14.31;683.48
348.84;333.64;-15.19;682.48
350.36;334.37;-15.99;684.74
348.25;333.09;-15.16;681.34
349.40;334.83;-14.57;684.23
349.89;334.60;-15.29;684.49
349.72;332.34;-17.39;682.06
349.64;332.24;-17.40;681.87
349.20;333.91;-15.29;683.11
350.01;334.23;-15.78;684.24
349.02;334.67;-14.35;683.69
349.35;333.15;-16.20;682.49
349.21;334.12;-15.09;683.33
350.75;335.64;-15.11;686.38
350.94;336.98;-13.95;687.92
348.39;333.42;-14.97;681.81
348.15;335.14;-13.01;683.29
349.06;334.05;-15.01;683.11
349.86;332.65;-17.22;682.51
350.18;333.56;-16.61;683.74
350.38;333.28;-17.10;683.66
349.42;333.05;-16.37;682.48
349.83;332.81;-17.02;682.64
349.51;334.21;-15.30;683.71
349.26;335.20;-14.06;684.46
348.88;332.75;-16.13;681.64
348.66;334.51;-14.15;683.16
348.39;334.15;-14.24;682.54
348.12;334.09;-14.04;682.21
347.88;333.98;-13.91;681.86
350.17;333.68;-16.49;683.85
349.46;334.27;-15.19;683.73
349.44;334.42;-15.02;683.86
350.12;334.38;-15.74;684.50
349.55;334.19;-15.35;683.74
349.46;332.44;-17.02;681.91
349.16;332.12;-17.04;681.28
348.89;334.06;-14.83;682.96
348.68;334.75;-13.94;683.43
348.46;334.56;-13.90;683.03
349.81;334.81;-14.99;684.62
347.85;333.98;-13.87;681.82
347.56;333.65;-13.91;681.21
347.24;334.28;-12.95;681.52
349.68;334.73;-14.95;684.41
349.76;332.85;-16.91;682.61
349.45;332.72;-16.73;682.18
349.30;336.99;-12.31;686.29
349.16;334.65;-14.52;683.81
348.90;333.91;-14.99;682.81
348.55;334.62;-13.92;683.17
348.36;334.25;-14.11;682.62
349.86;333.99;-15.88;683.85
350.36;332.59;-17.77;682.95
349.53;334.32;-15.21;683.85
349.77;334.48;-15.29;684.25
349.79;334.70;-15.09;684.49
349.54;334.39;-15.15;683.92
349.15;334.62;-14.53;683.78
348.89;331.75;-17.15;680.64
349.88;335.52;-14.36;685.39
349.55;334.22;-15.33;683.78
347.88;334.02;-13.85;681.90
349.42;334.55;-14.87;683.96
350.51;333.23;-17.28;683.74
349.26;333.85;-15.41;683.11
349.16;334.68;-14.48;683.84
349.05;332.28;-16.78;681.33
349.16;334.34;-14.82;683.50
348.99;335.26;-13.72;684.25
348.46;334.18;-14.29;682.64
349.63;334.24;-15.39;683.87
348.22;333.65;-14.56;681.87
350.15;332.73;-17.42;682.88
349.99;333.61;-16.38;683.60
350.08;335.25;-14.83;685.32
349.76;334.42;-15.35;684.18
349.45;334.49;-14.96;683.95
349.34;332.53;-16.81;681.87
349.26;334.52;-14.74;683.78
349.00;333.95;-15.05;682.95
349.64;334.22;-15.42;683.85
348.52;334.48;-14.04;683.00
351.21;334.25;-16.96;685.46
349.89;333.97;-15.92;683.86
350.09;333.58;-16.51;683.68
349.21;333.32;-15.89;682.53
349.99;333.91;-16.09;683.90
349.71;334.31;-15.40;684.02
349.55;333.63;-15.92;683.18
349.24;334.54;-14.71;683.78
348.89;333.82;-15.07;682.72
350.41;333.46;-16.95;683.86
349.92;335.26;-14.65;685.18
350.29;332.89;-17.40;683.18
350.67;332.56;-18.11;683.24
349.79;333.72;-16.08;683.51
349.15;332.26;-16.88;681.41
349.62;333.38;-16.25;683.00
349.42;336.17;-13.25;685.59
349.79;333.71;-16.08;683.51
349.44;334.19;-15.24;683.63
349.42;332.35;-17.06;681.77
350.25;334.49;-15.76;684.74
348.84;334.58;-14.25;683.42
348.66;333.66;-15.00;682.33
348.51;334.41;-14.10;682.91
348.25;334.23;-14.02;682.48
347.92;334.04;-13.89;681.96
350.03;333.79;-16.24;683.82
349.77;332.29;-17.48;682.06
350.06;333.09;-16.97;683.16
349.72;333.49;-16.22;683.21
349.45;332.58;-16.87;682.02
349.26;334.18;-15.08;683.44
350.14;334.68;-15.46;684.82
349.79;334.82;-14.98;684.61
348.44;335.40;-13.04;683.84
348.21;334.70;-13.51;682.91
348.01;333.97;-14.04;681.98
349.55;334.39;-15.16;683.94
347.34;332.25;-15.09;679.59
349.13;333.23;-15.90;682.36
349.93;334.17;-15.76;684.10
349.74;334.44;-15.30;684.18
349.52;334.31;-15.21;683.84
350.46;334.48;-15.99;684.94
348.89;334.38;-14.51;683.28
348.72;334.51;-14.21;683.23
348.35;333.32;-15.03;681.66
350.11;334.08;-16.03;684.19
350.95;333.95;-17.00;684.91
350.06;335.01;-15.06;685.07
350.11;333.34;-16.77;683.44
349.14;333.04;-16.11;682.18
348.94;334.28;-14.66;683.21
349.38;334.38;-14.99;683.76
350.25;334.01;-16.25;684.26
350.18;333.68;-16.50;683.85
350.29;333.75;-16.54;684.05
351.45;333.21;-18.24;684.66
349.26;334.12;-15.15;683.38
350.10;332.58;-17.52;682.68
349.29;332.82;-16.47;682.11
350.24;333.30;-16.94;683.54
349.65;334.98;-14.68;684.63
349.64;332.44;-17.21;682.08
349.30;334.85;-14.45;684.15
349.86;333.94;-15.92;683.80
348.72;333.66;-15.06;682.38
350.72;334.09;-16.63;684.82
350.09;333.87;-16.22;683.96
350.59;333.18;-17.41;683.78
350.14;334.31;-15.84;684.45
350.12;332.87;-17.25;682.99
350.73;333.81;-16.92;684.54
350.32;333.41;-16.91;683.73
349.96;335.10;-14.86;685.06
349.32;332.92;-16.40;682.24
349.72;334.46;-15.26;684.18
349.39;334.15;-15.24;683.54
349.25;334.13;-15.12;683.38
348.99;334.55;-14.44;683.54
348.71;333.81;-14.91;682.52
350.01;333.81;-16.20;683.82
349.77;335.21;-14.56;684.98
349.72;334.13;-15.59;683.85
349.65;334.00;-15.65;683.65
349.84;333.82;-16.01;683.66
349.69;332.31;-17.38;681.99
350.46;333.24;-17.22;683.71
349.94;334.57;-15.37;684.51
348.94;334.45;-14.48;683.39
349.58;334.43;-15.15;684.01
349.38;333.78;-15.60;683.16
349.26;332.15;-17.12;681.41
348.94;333.72;-15.22;682.66
349.88;334.65;-15.24;684.53
348.31;333.26;-15.05;681.57
348.11;334.25;-13.86;682.36
350.01;334.12;-15.89;684.14
349.97;335.06;-14.91;685.03
349.51;335.52;-13.98;685.03
347.12;333.32;-13.79;680.44
348.85;334.97;-13.88;683.82
350.63;333.01;-17.62;683.64
349.61;335.08;-14.54;684.69
349.25;334.57;-14.68;683.82
349.37;334.36;-15.01;683.73
350.29;334.87;-15.42;685.16
349.62;334.03;-15.59;683.65
350.68;334.45;-16.22;685.13
349.92;333.43;-16.49;683.35
349.80;333.15;-16.65;682.95
350.16;332.99;-17.16;683.15
347.74;335.01;-12.73;682.74
349.46;334.80;-14.66;684.26
349.59;333.42;-16.16;683.01
350.15;333.15;-17.00;683.29
349.86;332.78;-17.08;682.65
349.20;334.42;-14.78;683.62
349.38;334.24;-15.14;683.62
349.03;334.11;-14.92;683.14
348.92;335.06;-13.86;683.98
348.57;334.38;-14.19;682.95
350.33;333.21;-17.12;683.54
348.07;334.12;-13.95;682.19
350.19;333.91;-16.28;684.09
350.45;334.39;-16.06;684.85
349.40;334.69;-14.71;684.09
349.81;334.96;-14.85;684.76
350.74;334.37;-16.36;685.11
349.12;334.31;-14.81;683.43
349.28;334.50;-14.78;683.78
348.93;334.28;-14.65;683.21
350.21;333.94;-16.27;684.14
348.79;333.59;-15.20;682.39
348.51;334.78;-13.72;683.29
349.80;333.83;-15.97;683.63
349.93;332.97;-16.96;682.90
349.68;333.77;-15.91;683.45
348.54;334.38;-14.15;682.92
349.17;335.89;-13.28;685.06
349.36;333.26;-16.11;682.62
349.97;332.94;-17.03;682.91
348.98;333.68;-15.30;682.65
349.52;335.00;-14.52;684.52
349.55;332.42;-17.12;681.97
349.25;334.15;-15.09;683.40
349.12;334.57;-14.55;683.69
350.16;333.91;-16.25;684.07
351.15;334.77;-16.38;685.92
350.31;334.49;-15.82;684.80
348.22;333.97;-14.25;682.19
350.14;333.08;-17.06;683.22
349.74;334.15;-15.59;683.89
347.82;334.79;-13.03;682.61
349.85;333.82;-16.03;683.68
349.29;334.47;-14.82;683.76
347.29;333.44;-13.85;680.73
350.25;334.53;-15.72;684.78
349.89;332.99;-16.89;682.88
349.49;334.20;-15.29;683.69
349.62;332.61;-17.02;682.23
349.44;335.22;-14.21;684.66
349.91;333.97;-15.94;683.88
350.69;333.97;-16.72;684.66
348.85;334.84;-14.02;683.69
349.78;334.61;-15.17;684.38
349.65;334.59;-15.05;684.24
350.01;334.29;-15.71;684.30
350.01;334.28;-15.73;684.29
348.00;334.24;-13.76;682.24
350.21;333.89;-16.31;684.10
347.56;334.58;-12.98;682.14
349.39;334.38;-15.01;683.78
349.66;334.25;-15.41;683.91
348.96;333.96;-15.00;682.92
349.92;335.38;-14.55;685.30
349.29;332.46;-16.83;681.76
349.25;334.24;-15.01;683.49
349.21;334.79;-14.42;684.01
348.98;334.43;-14.55;683.41
348.73;334.31;-14.42;683.04
351.70;334.55;-17.15;686.25
348.18;333.99;-14.19;682.17
349.96;333.79;-16.17;683.76
347.52;333.59;-13.92;681.11
349.82;334.68;-15.14;684.50
349.49;333.11;-16.39;682.60
349.84;334.04;-15.81;683.88
350.91;332.48;-18.43;683.38
349.35;333.57;-15.78;682.92
349.01;334.07;-14.94;683.08
349.88;334.38;-15.50;684.26
348.47;334.55;-13.92;683.02
349.98;334.24;-15.74;684.22
348.22;334.34;-13.89;682.56
349.99;334.18;-15.81;684.18
350.08;331.47;-18.61;681.55
349.78;333.74;-16.04;683.52
349.59;335.16;-14.43;684.75
349.26;333.86;-15.41;683.12
349.66;332.65;-17.01;682.31
348.75;333.82;-14.92;682.57
349.21;334.00;-15.21;683.21
350.15;333.84;-16.31;683.99
348.65;334.08;-14.57;682.72
350.06;334.72;-15.34;684.78
350.26;334.49;-15.76;684.75
350.35;334.14;-16.21;684.49
350.98;334.06;-16.92;685.04
349.95;333.70;-16.25;683.65
350.29;334.13;-16.16;684.42
349.91;334.29;-15.62;684.20
349.89;334.21;-15.68;684.09
349.69;332.70;-16.99;682.39
349.54;334.57;-14.96;684.11
349.26;334.21;-15.05;683.48
349.02;334.18;-14.84;683.21
350.26;334.46;-15.80;684.73
348.51;334.34;-14.17;682.84
350.09;334.02;-16.07;684.12
349.44;332.66;-16.77;682.10
349.46;332.48;-16.98;681.94
350.13;334.30;-15.83;684.43
350.34;334.32;-16.01;684.66
349.66;334.99;-14.66;684.65
349.26;332.65;-16.61;681.91
349.16;332.42;-16.74;681.58
349.22;334.72;-14.50;683.95
349.57;333.88;-15.69;683.45
350.49;334.80;-15.69;685.29
348.36;333.44;-14.93;681.80
350.06;334.35;-15.71;684.42
348.02;334.20;-13.82;682.22
349.92;332.63;-17.29;682.55
347.52;334.39;-13.14;681.91
348.95;334.43;-14.52;683.38
349.20;333.04;-16.16;682.24
349.70;334.01;-15.69;683.71
349.56;334.23;-15.34;683.79
349.14;335.26;-13.88;684.41
348.87;334.55;-14.32;683.42
350.52;333.94;-16.58;684.46
348.37;334.52;-13.85;682.89
348.12;334.12;-13.99;682.24
349.17;334.65;-14.52;683.82
349.28;334.35;-14.93;683.64
347.05;333.05;-13.99;680.10
349.46;333.66;-15.80;683.12
349.68;334.37;-15.31;684.05
350.27;332.29;-17.98;682.56
349.07;333.95;-15.12;683.02
348.79;332.42;-16.37;681.22
349.31;333.32;-15.99;682.63
349.55;335.14;-14.41;684.68
349.85;334.98;-14.88;684.83
347.81;333.89;-13.92;681.71
347.56;333.74;-13.82;681.29
350.36;333.51;-16.85;683.86
349.56;333.11;-16.45;682.66
350.01;332.94;-17.07;682.95
349.24;332.58;-16.66;681.82
349.30;334.08;-15.22;683.38
350.25;334.05;-16.20;684.29
349.04;333.79;-15.25;682.84
348.75;333.76;-14.99;682.51
348.38;334.55;-13.82;682.93
348.15;333.69;-14.46;681.84
350.36;333.90;-16.46;684.26
349.90;333.78;-16.12;683.68
349.61;333.43;-16.18;683.04
349.25;334.07;-15.18;683.32
349.92;333.94;-15.98;683.86
349.90;333.97;-15.93;683.87
349.72;332.66;-17.06;682.38
349.44;334.09;-15.35;683.54
349.20;334.10;-15.10;683.30
348.93;334.18;-14.75;683.11
350.37;334.59;-15.78;684.96
349.49;333.26;-16.24;682.75
348.06;333.72;-14.34;681.79
349.44;333.92;-15.52;683.35
349.82;333.55;-16.27;683.36
349.05;334.02;-15.04;683.07
350.29;333.05;-17.24;683.34
349.85;332.88;-16.97;682.72
349.65;334.33;-15.32;683.98
349.46;333.86;-15.61;683.32
350.36;334.22;-16.14;684.58
349.10;333.89;-15.21;682.99
348.92;333.72;-15.20;682.64
351.72;334.58;-17.14;686.29
348.41;334.20;-14.21;682.61
350.09;335.28;-14.82;685.37
351.15;333.02;-18.13;684.18
350.32;334.00;-16.32;684.32
349.50;334.78;-14.72;684.28
349.66;333.39;-16.26;683.05
350.19;333.11;-17.09;683.30
348.99;334.62;-14.37;683.61
349.74;333.54;-16.20;683.27
349.67;335.06;-14.61;684.74
349.35;332.19;-17.15;681.54
349.68;331.94;-17.74;681.62
349.02;335.09;-13.92;684.11
348.68;333.71;-14.97;682.39
348.53;334.61;-13.92;683.14
348.29;333.16;-15.13;681.46
350.55;333.95;-16.60;684.49
347.84;334.72;-13.11;682.56
350.25;333.81;-16.44;684.06
349.78;333.47;-16.31;683.25
350.36;332.77;-17.59;683.14
349.48;333.14;-16.34;682.61
349.80;334.18;-15.62;683.98
349.62;334.39;-15.22;684.01
349.28;332.22;-17.06;681.50
348.46;333.94;-14.52;682.41
348.79;333.78;-15.02;682.57
349.84;334.32;-15.51;684.16
348.25;334.40;-13.85;682.65
350.15;335.27;-14.88;685.42
349.55;333.71;-15.84;683.25
349.81;334.15;-15.65;683.96
349.45;333.15;-16.31;682.60
349.34;334.33;-15.01;683.66
349.81;334.61;-15.21;684.42
349.52;332.45;-17.08;681.97
349.41;334.97;-14.44;684.38
350.26;332.01;-18.26;682.27
350.42;333.82;-16.59;684.24
350.46;334.76;-15.70;685.22
350.36;333.32;-17.05;683.68
348.28;333.74;-14.54;682.02
348.02;334.18;-13.84;682.19
349.78;333.94;-15.85;683.72
350.80;333.27;-17.53;684.07
347.31;332.18;-15.14;679.49
350.14;334.10;-16.04;684.24
349.38;332.89;-16.48;682.27
349.85;332.75;-17.10;682.59
350.74;334.37;-16.37;685.11
349.31;332.26;-17.04;681.57
349.11;334.13;-14.98;683.24
349.66;333.88;-15.78;683.54
349.98;334.32;-15.66;684.29
351.20;332.57;-18.63;683.77
350.19;333.01;-17.18;683.21
350.63;333.98;-16.65;684.61
350.56;333.64;-16.93;684.20
350.58;333.48;-17.10;684.05
350.35;333.23;-17.12;683.58
350.05;333.06;-16.99;683.11
349.84;333.72;-16.11;683.56
349.81;333.51;-16.29;683.32
349.50;332.43;-17.07;681.93
349.29;335.15;-14.14;684.44
350.16;334.33;-15.83;684.49
348.69;333.64;-15.05;682.34
348.44;334.41;-14.03;682.85
350.19;334.36;-15.82;684.55
347.94;333.95;-13.99;681.89
350.55;333.78;-16.77;684.34
349.94;334.55;-15.39;684.48
349.37;334.18;-15.19;683.55
349.70;333.09;-16.61;682.79
349.89;333.81;-16.09;683.70
349.28;333.71;-15.57;682.98
350.70;334.33;-16.37;685.03
349.27;334.05;-15.22;683.32
348.99;334.34;-14.65;683.33
349.75;334.78;-14.97;684.54
348.47;334.45;-14.02;682.92
348.16;333.67;-14.49;681.83
347.87;334.04;-13.84;681.91
350.34;334.53;-15.81;684.86
350.39;334.23;-16.16;684.62
349.44;334.99;-14.45;684.42
349.01;332.71;-16.31;681.72
349.51;334.24;-15.27;683.74
349.26;334.30;-14.96;683.56
349.11;333.99;-15.11;683.10
350.05;333.99;-16.05;684.04
349.99;335.95;-14.04;685.94
351.78;333.84;-17.94;685.62
348.60;333.61;-14.99;682.21
348.46;333.40;-15.06;681.86
348.37;333.24;-15.14;681.61
349.39;333.12;-16.26;682.51
349.89;332.82;-17.06;682.71
349.91;332.58;-17.32;682.49
349.61;333.46;-16.15;683.07
350.20;334.06;-16.14;684.26
349.48;331.94;-17.54;681.41
349.92;332.92;-17.01;682.84
349.84;334.49;-15.34;684.33
349.51;332.41;-17.10;681.91
349.24;334.72;-14.51;683.96
348.94;333.85;-15.09;682.79
348.66;333.52;-15.15;682.18
350.16;333.35;-16.82;683.51
349.95;334.22;-15.73;684.16
350.01;333.97;-16.04;683.98
350.81;332.52;-18.28;683.33
349.95;333.50;-16.45;683.45
349.41;334.14;-15.27;683.55
349.38;333.02;-16.36;682.40
349.74;333.58;-16.16;683.32
349.62;334.46;-15.16;684.08
349.32;333.88;-15.44;683.20
349.13;332.09;-17.04;681.22
348.86;333.72;-15.14;682.59
348.72;331.68;-17.04;680.41
348.45;333.90;-14.55;682.35
350.15;334.15;-16.00;684.31
348.07;334.21;-13.86;682.28
350.35;334.44;-15.92;684.79
349.72;332.38;-17.34;682.09
350.43;332.20;-18.23;682.63
350.21;333.22;-16.99;683.43
349.43;334.85;-14.58;684.28
349.84;333.89;-15.95;683.73
351.41;333.81;-17.59;685.22
349.41;333.68;-15.73;683.09
349.15;333.92;-15.24;683.07
348.84;333.95;-14.89;682.78
350.48;333.74;-16.74;684.22
350.72;333.40;-17.32;684.12
350.49;333.82;-16.67;684.31
348.05;333.62;-14.44;681.67
350.34;333.90;-16.44;684.24
349.36;334.22;-15.14;683.58
350.25;333.29;-16.96;683.54
350.02;332.78;-17.25;682.80
350.75;332.59;-18.16;683.35
349.48;332.36;-17.12;681.85
349.15;333.98;-15.16;683.13
349.93;333.65;-16.28;683.58
348.48;333.96;-14.52;682.45
350.13;334.23;-15.90;684.36
350.58;334.66;-15.92;685.24
350.29;333.39;-16.91;683.68
350.48;333.36;-17.12;683.85
350.11;333.98;-16.12;684.09
349.85;334.32;-15.53;684.16
349.90;334.85;-15.05;684.75
349.73;332.53;-17.20;682.26
350.07;333.81;-16.26;683.88
350.94;333.70;-17.24;684.64
350.08;333.68;-16.40;683.75
348.83;331.70;-17.13;680.53
348.58;334.63;-13.95;683.21
350.55;333.12;-17.42;683.67
350.15;333.57;-16.58;683.72
350.58;332.46;-18.12;683.04
349.94;333.51;-16.44;683.45
349.50;333.44;-16.06;682.94
349.32;333.99;-15.34;683.31
349.95;332.78;-17.16;682.73
350.36;332.62;-17.74;682.98
349.51;333.84;-15.67;683.35
349.37;334.83;-14.54;684.20
349.69;333.81;-15.88;683.49
350.71;333.42;-17.29;684.13
350.50;334.02;-16.48;684.52
350.24;332.39;-17.85;682.64
349.60;332.69;-16.91;682.29
350.65;333.58;-17.06;684.23
349.25;334.58;-14.67;683.82
349.80;333.82;-15.98;683.62
349.72;333.80;-15.92;683.52
349.37;334.44;-14.94;683.81
349.12;334.03;-15.09;683.15
348.75;334.79;-13.95;683.54
350.40;334.49;-15.91;684.89
350.03;334.26;-15.77;684.29
349.86;333.73;-16.13;683.59
347.74;334.01;-13.73;681.74
349.86;334.45;-15.41;684.32
349.52;333.48;-16.04;682.99
349.54;334.63;-14.91;684.16
349.84;334.21;-15.62;684.05
349.61;334.36;-15.25;683.98
350.23;334.06;-16.16;684.29
349.02;334.05;-14.97;683.08
349.48;333.54;-15.94;683.01
350.23;334.42;-15.81;684.65
348.14;335.64;-12.51;683.78
349.25;333.94;-15.32;683.19
349.08;333.55;-15.53;682.64
349.46;334.70;-14.76;684.16
349.76;333.89;-15.88;683.65
349.57;334.16;-15.41;683.74
349.62;334.21;-15.41;683.82
349.30;334.74;-14.56;684.04
348.91;334.72;-14.19;683.62
349.72;334.45;-15.27;684.18
349.36;334.39;-14.98;683.75
349.94;334.04;-15.90;683.97
347.89;333.77;-14.12;681.66
349.83;333.57;-16.26;683.40
349.78;333.42;-16.35;683.20
350.28;333.94;-16.35;684.22
349.25;334.76;-14.49;684.02
349.64;332.64;-17.00;682.28
349.45;335.55;-13.90;685.01
349.11;334.15;-14.95;683.26
350.58;335.03;-15.55;685.61
348.57;334.35;-14.22;682.92
349.78;335.79;-13.98;685.57
350.05;333.84;-16.21;683.89
350.44;334.56;-15.88;684.99
349.21;333.45;-15.76;682.66
350.26;333.95;-16.32;684.21
349.95;332.68;-17.27;682.62
349.58;335.15;-14.44;684.73
351.03;334.41;-16.62;685.44
349.04;334.45;-14.59;683.49
350.41;334.24;-16.18;684.65
350.07;333.96;-16.11;684.03
348.31;334.09;-14.22;682.41
350.43;334.29;-16.14;684.72
350.41;333.45;-16.95;683.86
349.77;333.75;-16.02;683.52
350.05;332.21;-17.85;682.26
349.39;333.35;-16.04;682.74
349.35;334.37;-14.98;683.72
349.81;332.71;-17.10;682.51
349.56;332.29;-17.27;681.85
350.56;334.15;-16.41;684.72
348.99;331.71;-17.28;680.71
348.75;333.63;-15.12;682.38
350.52;333.76;-16.76;684.28
350.02;334.01;-16.01;684.02
350.32;333.98;-16.35;684.30
349.82;334.50;-15.32;684.32
350.59;334.45;-16.14;685.04
349.80;335.38;-14.42;685.18
349.37;335.05;-14.32;684.42
349.86;334.68;-15.18;684.54
349.33;334.28;-15.05;683.61
350.03;334.58;-15.45;684.61
349.17;334.02;-15.15;683.19
350.09;333.78;-16.31;683.88
348.52;333.81;-14.71;682.32
348.19;334.26;-13.94;682.45
350.14;333.90;-16.24;684.04
349.88;333.64;-16.24;683.52
350.00;333.57;-16.43;683.57
350.88;331.94;-18.94;682.82
349.71;334.16;-15.54;683.87
350.72;333.83;-16.89;684.55
350.38;333.60;-16.78;683.98
349.10;335.11;-13.99;684.21
350.24;333.61;-16.63;683.84
348.48;333.38;-15.10;681.85
348.24;333.12;-15.12;681.36
348.02;334.19;-13.84;682.21
350.68;333.81;-16.87;684.48
350.64;333.58;-17.06;684.21
347.18;333.28;-13.89;680.46
351.28;333.05;-18.24;684.33
349.19;335.88;-13.31;685.07
349.46;332.32;-17.14;681.78
351.65;334.14;-17.51;685.78
349.09;334.01;-15.08;683.09
350.24;333.67;-16.56;683.91
350.34;333.40;-16.94;683.74
349.47;333.96;-15.51;683.43
350.07;334.14;-15.94;684.21
350.16;333.95;-16.21;684.11
350.34;333.76;-16.57;684.10
349.87;333.72;-16.15;683.59
349.56;334.35;-15.21;683.92
349.83;333.36;-16.47;683.19
350.11;332.09;-18.01;682.20
349.86;334.93;-14.93;684.79
349.90;334.22;-15.68;684.12
349.59;334.45;-15.14;684.04
349.35;333.84;-15.51;683.19
350.48;333.68;-16.81;684.16
349.03;332.05;-16.98;681.08
348.91;333.72;-15.18;682.63
348.61;333.98;-14.64;682.59
348.44;333.31;-15.13;681.74
349.34;333.11;-16.23;682.45
349.99;332.82;-17.17;682.82
349.84;333.70;-16.14;683.54
349.75;332.13;-17.62;681.88
349.59;333.14;-16.46;682.73
348.96;333.64;-15.32;682.61
352.02;334.36;-17.66;686.38
350.64;333.82;-16.82;684.46
349.15;333.65;-15.50;682.79
350.14;334.47;-15.67;684.61
350.55;333.52;-17.04;684.07
350.01;334.62;-15.38;684.63
350.51;334.39;-16.12;684.91
350.00;334.08;-15.92;684.08
349.11;332.84;-16.27;681.95
347.71;333.74;-13.98;681.45
349.77;333.64;-16.13;683.41
349.09;333.31;-15.79;682.40
348.82;332.81;-16.01;681.63
349.86;333.63;-16.24;683.49
349.48;334.42;-15.06;683.91
349.35;334.81;-14.54;684.16
349.14;334.66;-14.48;683.80
348.90;334.50;-14.40;683.40
351.00;333.84;-17.16;684.84
349.56;334.51;-15.06;684.07
348.04;334.06;-13.97;682.10
349.52;334.77;-14.75;684.29
347.49;334.39;-13.11;681.88
349.74;334.10;-15.64;683.84
349.21;334.92;-14.29;684.14
349.63;333.62;-16.01;683.25
349.35;334.27;-15.08;683.62
349.17;334.26;-14.91;683.43
350.64;334.71;-15.93;685.35
348.48;333.41;-15.06;681.89
350.57;333.14;-17.43;683.71
350.36;333.46;-16.91;683.82
349.30;333.75;-15.55;683.05
347.56;333.55;-14.01;681.12
349.72;333.52;-16.19;683.24
350.03;332.47;-17.56;682.50
349.53;334.75;-14.78;684.28
349.71;334.48;-15.22;684.19
349.39;334.53;-14.86;683.92
349.12;331.92;-17.19;681.04
349.94;334.31;-15.63;684.24
348.39;334.01;-14.38;682.39
350.16;334.15;-16.01;684.31
350.33;333.86;-16.47;684.19
349.66;333.42;-16.25;683.08
349.41;333.18;-16.23;682.59
349.85;332.81;-17.04;682.66
349.68;334.44;-15.25;684.12
349.46;333.20;-16.26;682.66
349.07;333.92;-15.15;682.99
348.81;333.55;-15.25;682.36
348.32;333.74;-14.59;682.06
349.58;334.15;-15.44;683.73
350.76;333.79;-16.98;684.55
349.92;334.86;-15.06;684.78
350.44;333.44;-17.00;683.87
349.84;334.50;-15.34;684.34
349.64;334.68;-14.96;684.32
349.59;334.31;-15.28;683.90
349.94;335.07;-14.87;685.01
348.95;333.19;-15.75;682.14
350.72;333.52;-17.20;684.24
350.22;334.25;-15.97;684.46
350.25;332.87;-17.38;683.12
350.75;332.65;-18.09;683.40
350.03;333.45;-16.58;683.48
350.48;335.57;-14.91;686.05
349.72;332.71;-17.01;682.42
349.75;334.26;-15.48;684.01
350.14;334.24;-15.89;684.38
349.06;336.07;-12.99;685.13
348.82;334.54;-14.29;683.36
348.67;333.91;-14.76;682.58
350.61;333.88;-16.73;684.49
350.28;334.04;-16.24;684.32
349.69;333.80;-15.89;683.49
350.30;333.67;-16.63;683.97
350.01;333.50;-16.51;683.51
350.86;333.29;-17.57;684.16
350.16;333.02;-17.14;683.19
349.66;332.72;-16.94;682.38
349.65;333.22;-16.42;682.87
349.25;334.72;-14.53;683.96
350.07;333.49;-16.58;683.56
348.62;333.54;-15.08;682.16
350.23;333.77;-16.46;684.00
350.09;334.06;-16.03;684.15
347.81;333.66;-14.15;681.47
349.48;333.55;-15.93;683.04
350.49;333.27;-17.22;683.76
349.85;333.85;-16.00;683.71
349.79;333.56;-16.23;683.35
349.41;334.12;-15.29;683.54
349.31;334.18;-15.13;683.49
350.04;333.15;-16.89;683.19
349.74;333.63;-16.11;683.36
350.14;334.31;-15.82;684.45
350.65;334.41;-16.24;685.06
350.19;333.53;-16.66;683.72
349.78;333.80;-15.98;683.58
349.87;332.34;-17.53;682.21
351.09;333.29;-17.80;684.38
349.91;332.98;-16.92;682.89
349.81;332.74;-17.08;682.55
349.52;332.62;-16.90;682.14
349.32;332.31;-17.01;681.63
349.08;332.02;-17.06;681.11
348.89;334.16;-14.74;683.05
350.51;334.48;-16.04;684.99
349.02;334.46;-14.55;683.48
349.96;333.69;-16.27;683.65
350.91;334.49;-16.42;685.41
349.46;333.63;-15.84;683.09
350.30;333.32;-16.98;683.62
349.10;333.07;-16.03;682.17
349.85;333.46;-16.39;683.32
349.55;334.22;-15.34;683.77
349.16;333.98;-15.19;683.14
348.95;334.97;-13.98;683.92
350.28;334.65;-15.63;684.94
350.31;333.26;-17.04;683.57
350.81;332.91;-17.90;683.72
348.99;333.31;-15.68;682.30
350.00;333.56;-16.44;683.56
349.41;333.24;-16.17;682.64
349.22;331.89;-17.33;681.11
349.07;334.09;-14.98;683.16
349.54;334.91;-14.62;684.45
349.29;334.28;-15.01;683.58
349.79;334.15;-15.64;683.94
349.72;334.66;-15.06;684.39
349.89;332.51;-17.38;682.39
349.29;334.05;-15.24;683.35
350.54;334.54;-16.00;685.08
349.51;334.04;-15.48;683.55
350.19;332.99;-17.20;683.19
349.55;333.92;-15.63;683.46
349.41;334.08;-15.34;683.49
350.22;333.75;-16.48;683.97
348.70;334.05;-14.65;682.75
350.55;334.32;-16.23;684.86
350.15;334.54;-15.62;684.69
350.59;334.35;-16.24;684.94
349.33;333.53;-15.80;682.86
350.19;333.04;-17.15;683.23
349.75;334.65;-15.11;684.40
349.64;332.52;-17.12;682.16
349.34;332.28;-17.06;681.62
349.06;334.92;-14.14;683.99
350.72;333.61;-17.12;684.33
348.42;334.19;-14.23;682.61
348.09;333.91;-14.18;682.01
347.62;333.39;-14.23;681.02
349.70;333.32;-16.38;683.02
349.28;333.91;-15.37;683.19
352.64;334.91;-17.73;687.54
349.62;333.81;-15.82;683.43
350.42;334.68;-15.75;685.10
348.93;333.72;-15.21;682.65
348.72;333.96;-14.76;682.69
350.18;333.21;-16.97;683.38
349.96;332.80;-17.16;682.76
349.89;333.17;-16.72;683.06
350.59;333.49;-17.10;684.08
350.08;333.09;-16.98;683.17
349.60;332.68;-16.92;682.28
349.58;334.45;-15.12;684.03
349.29;333.81;-15.49;683.10
349.05;333.91;-15.14;682.96
348.79;333.75;-15.04;682.54
348.40;331.34;-17.06;679.74
350.89;333.66;-17.24;684.55
350.10;333.79;-16.31;683.89
350.15;333.66;-16.49;683.81
351.31;333.38;-17.92;684.69
350.32;333.19;-17.13;683.51
349.86;332.88;-16.98;682.75
349.75;334.01;-15.75;683.76
350.71;332.22;-18.49;682.94
349.09;331.94;-17.16;681.03
349.60;333.56;-16.04;683.16
350.68;333.67;-17.01;684.35
351.42;334.05;-17.37;685.48
349.81;332.75;-17.06;682.56
350.01;333.52;-16.49;683.54
350.03;334.21;-15.82;684.24
350.09;335.13;-14.96;685.22
349.82;334.53;-15.29;684.35
349.58;332.34;-17.24;681.92
351.03;334.15;-16.88;685.18
349.05;333.91;-15.14;682.95
349.98;333.68;-16.30;683.66
348.49;334.26;-14.22;682.75
348.29;334.23;-14.06;682.52
349.99;332.89;-17.10;682.89
350.52;333.88;-16.65;684.40
349.75;333.41;-16.34;683.15
350.01;333.94;-16.07;683.95
350.11;332.89;-17.22;683.00
349.66;333.36;-16.29;683.02
349.75;333.73;-16.02;683.48
349.35;334.62;-14.73;683.98
349.17;334.09;-15.08;683.26
350.51;333.79;-16.72;684.29
350.47;331.55;-18.92;682.02
350.88;334.40;-16.48;685.28
349.72;333.39;-16.34;683.11
347.75;334.44;-13.31;682.19
350.06;334.32;-15.74;684.39
350.28;333.33;-16.95;683.61
349.64;333.02;-16.62;682.66
349.92;333.65;-16.27;683.56
349.60;334.25;-15.35;683.85
349.28;332.16;-17.12;681.44
349.05;335.14;-13.91;684.19
348.77;333.66;-15.11;682.44
350.37;334.40;-15.97;684.77
349.94;332.38;-17.55;682.32
350.31;333.68;-16.62;683.99
350.75;334.62;-16.13;685.36
350.42;333.93;-16.49;684.35
350.01;334.78;-15.22;684.79
349.75;332.75;-17.00;682.49
349.61;333.89;-15.72;683.51
349.34;334.06;-15.28;683.41
350.29;334.24;-16.06;684.53
350.22;333.24;-16.98;683.45
350.06;334.69;-15.38;684.75
348.41;335.08;-13.33;683.48
350.05;333.90;-16.15;683.95
350.18;334.46;-15.71;684.64
349.81;333.45;-16.35;683.26
350.15;334.26;-15.89;684.41
349.82;333.59;-16.22;683.41
349.52;333.24;-16.28;682.75
349.98;333.85;-16.12;683.83
348.94;333.79;-15.15;682.72
348.68;334.66;-14.02;683.35
349.64;334.24;-15.40;683.87
348.14;333.93;-14.21;682.06
350.10;334.60;-15.50;684.70
350.02;333.64;-16.38;683.66
350.37;333.29;-17.08;683.66
349.38;333.02;-16.36;682.40
349.79;332.69;-17.11;682.48
349.46;334.14;-15.32;683.59
350.18;331.86;-18.31;682.04
350.10;334.66;-15.44;684.76
349.99;332.06;-17.92;682.05
351.14;333.02;-18.12;684.16
350.86;333.76;-17.11;684.62
350.16;332.42;-17.74;682.58
350.49;334.12;-16.36;684.61
351.98;332.99;-18.99;684.97
349.84;333.46;-16.38;683.29
349.70;332.53;-17.17;682.23
349.48;333.66;-15.82;683.15
350.93;331.90;-19.03;682.83
348.78;334.30;-14.48;683.08
350.21;333.88;-16.33;684.08
349.39;333.09;-16.29;682.48
350.06;331.69;-18.38;681.75
349.93;332.64;-17.29;682.57
349.79;334.45;-15.35;684.24
350.42;333.36;-17.06;683.78
349.41;333.89;-15.51;683.30
350.01;334.28;-15.73;684.29
349.75;333.55;-16.20;683.29
349.44;333.26;-16.17;682.70
349.25;334.16;-15.09;683.41
350.22;333.26;-16.96;683.49
350.75;334.06;-16.68;684.81
351.45;333.29;-18.16;684.74
350.37;333.43;-16.94;683.80
347.84;332.76;-15.08;680.61
350.01;332.41;-17.60;682.42
350.08;333.37;-16.71;683.45
349.97;334.59;-15.38;684.56
351.02;333.50;-17.52;684.52
349.69;333.99;-15.71;683.68
350.42;333.75;-16.68;684.17
351.04;332.19;-18.85;683.22
349.08;331.89;-17.18;680.97
348.79;334.40;-14.39;683.19
350.15;334.00;-16.15;684.15
348.26;334.16;-14.10;682.42
348.08;332.99;-15.09;681.08
349.74;333.71;-16.03;683.44
347.66;334.65;-13.01;682.31
349.98;334.09;-15.89;684.07
349.48;336.39;-13.08;685.87
349.19;335.11;-14.09;684.30
350.06;332.84;-17.22;682.89
349.76;332.76;-17.01;682.52
349.62;334.64;-14.98;684.26
350.35;334.04;-16.31;684.38
350.46;333.95;-16.51;684.41
350.31;333.87;-16.44;684.18
350.02;333.62;-16.41;683.64
349.76;333.34;-16.43;683.10
350.02;333.71;-16.31;683.74
350.49;332.68;-17.81;683.18
350.55;332.41;-18.14;682.96
350.01;333.15;-16.86;683.16
349.80;334.42;-15.38;684.22
349.73;333.82;-15.91;683.55
350.55;334.99;-15.55;685.54
348.81;334.31;-14.49;683.12
348.71;334.86;-13.85;683.57
348.27;333.74;-14.53;682.01
349.94;333.86;-16.08;683.79
350.25;334.36;-15.88;684.61
349.54;333.49;-16.05;683.02
349.54;333.32;-16.21;682.86
350.17;332.94;-17.24;683.11
349.72;332.69;-17.04;682.41
349.49;333.52;-15.97;683.02
349.28;332.08;-17.21;681.36
348.81;331.72;-17.09;680.54
349.96;333.51;-16.45;683.46
350.48;333.16;-17.32;683.65
350.05;334.72;-15.32;684.77
349.73;334.50;-15.23;684.23
350.25;332.25;-18.00;682.49
350.14;333.29;-16.85;683.44
350.76;333.81;-16.95;684.58
349.73;334.09;-15.64;683.82
349.55;334.48;-15.07;684.02
349.21;334.02;-15.18;683.23
351.28;333.76;-17.52;685.04
350.39;335.50;-14.89;685.89
348.39;334.22;-14.18;682.61
350.55;334.04;-16.51;684.58
350.87;334.59;-16.28;685.46
350.08;333.37;-16.71;683.45
350.18;334.03;-16.15;684.21
349.26;335.68;-13.59;684.94
349.74;334.48;-15.26;684.22
349.42;335.22;-14.20;684.64
349.05;333.98;-15.06;683.03
348.73;333.43;-15.30;682.16
350.61;333.35;-17.26;683.96
350.95;334.34;-16.62;685.29
350.37;333.99;-16.38;684.36
349.97;332.56;-17.41;682.54
349.89;332.38;-17.51;682.26
349.63;334.46;-15.16;684.09
349.65;332.48;-17.17;682.12
349.65;332.51;-17.14;682.16
349.24;333.38;-15.86;682.62
349.24;334.18;-15.05;683.42
349.72;334.99;-14.74;684.71
348.84;333.66;-15.18;682.49
348.52;334.49;-14.03;683.01
348.23;335.06;-13.16;683.29
348.02;335.00;-13.02;683.02
350.55;333.86;-16.69;684.42
350.05;332.39;-17.65;682.44
349.65;333.38;-16.28;683.03
350.14;334.04;-16.11;684.18
349.85;334.21;-15.64;684.06
349.52;334.54;-14.98;684.05
349.36;334.68;-14.69;684.04
351.31;333.89;-17.42;685.20
348.79;333.61;-15.18;682.41
350.57;333.04;-17.53;683.61
350.84;334.31;-16.54;685.15
347.96;333.80;-14.16;681.76
350.49;333.04;-17.45;683.52
349.59;333.44;-16.15;683.04
350.30;333.92;-16.38;684.22
349.75;333.53;-16.22;683.28
349.65;332.58;-17.08;682.23
349.42;332.31;-17.12;681.73
349.06;333.79;-15.28;682.85
349.84;333.72;-16.12;683.56
348.52;335.41;-13.11;683.94
350.75;334.40;-16.35;685.15
348.07;333.96;-14.11;682.04
347.86;334.72;-13.14;682.59
350.71;333.71;-16.99;684.42
349.81;333.39;-16.42;683.21
349.99;332.99;-17.00;682.98
349.72;334.09;-15.64;683.81
349.49;334.26;-15.23;683.75
349.19;333.53;-15.66;682.72
348.86;334.94;-13.93;683.80
349.97;334.62;-15.35;684.59
348.17;333.04;-15.13;681.21
350.14;333.72;-16.42;683.85
350.19;333.53;-16.66;683.72
349.32;335.01;-14.31;684.32
349.24;334.72;-14.52;683.95
349.72;332.51;-17.21;682.23
349.26;334.25;-15.01;683.52
349.03;333.86;-15.16;682.89
349.87;333.54;-16.33;683.41
348.39;334.34;-14.05;682.72
350.33;334.26;-16.06;684.59
350.19;333.98;-16.21;684.18
350.08;333.74;-16.35;683.82
347.37;333.52;-13.85;680.89
350.19;333.25;-16.95;683.44
350.39;334.32;-16.07;684.71
349.65;333.95;-15.70;683.59
351.33;334.89;-16.44;686.22
349.04;333.85;-15.18;682.89
350.00;333.63;-16.37;683.63
351.65;333.41;-18.24;685.06
349.86;334.25;-15.61;684.11
349.84;333.87;-15.96;683.71
349.91;333.99;-15.92;683.90
350.49;333.56;-16.93;684.05
350.29;333.35;-16.95;683.64
349.54;331.94;-17.61;681.48
349.18;332.90;-16.28;682.08
349.47;333.77;-15.70;683.24
349.40;333.04;-16.36;682.44
350.24;333.77;-16.46;684.01
348.80;332.44;-16.36;681.24
348.48;335.31;-13.17;683.79
349.25;333.92;-15.34;683.17
350.41;332.72;-17.68;683.13
350.16;334.61;-15.55;684.76
349.24;333.59;-15.65;682.83
350.54;333.45;-17.09;683.99
349.89;333.05;-16.84;682.95
349.68;332.82;-16.86;682.51
349.69;332.56;-17.14;682.25
349.42;334.44;-14.98;683.85
349.35;333.95;-15.39;683.30
349.08;331.86;-17.21;680.94
350.66;334.34;-16.33;685.00
348.49;333.98;-14.51;682.48
348.21;333.13;-15.08;681.34
347.86;333.83;-14.04;681.69
347.49;333.60;-13.89;681.09
350.38;333.34;-17.05;683.72
350.18;333.89;-16.29;684.07
349.72;332.59;-17.12;682.31
349.47;334.39;-15.08;683.86
350.09;334.12;-15.96;684.21
350.54;333.79;-16.75;684.32
350.21;333.59;-16.62;683.81
350.01;333.21;-16.80;683.21
350.55;333.86;-16.68;684.41
350.12;332.73;-17.39;682.85
350.12;333.51;-16.61;683.64
349.35;334.22;-15.14;683.57
349.42;333.89;-15.54;683.31
350.04;332.98;-17.05;683.02
349.98;333.70;-16.28;683.68
349.73;332.66;-17.06;682.39
349.59;333.92;-15.67;683.51
349.20;334.85;-14.35;684.05
350.21;333.90;-16.31;684.11
350.27;333.75;-16.52;684.02
350.43;334.48;-15.95;684.91
350.20;333.72;-16.48;683.92
349.46;334.23;-15.23;683.69
350.15;333.49;-16.66;683.64
349.84;333.58;-16.26;683.41
349.31;333.31;-16.00;682.61
349.51;331.78;-17.72;681.29
349.94;334.19;-15.74;684.13
350.73;334.62;-16.11;685.35
349.44;334.21;-15.22;683.65
349.19;334.00;-15.19;683.19
348.85;333.62;-15.23;682.48
350.71;333.39;-17.32;684.09
349.55;332.65;-16.89;682.20
348.07;333.66;-14.41;681.74
350.28;332.81;-17.47;683.09
347.56;333.62;-13.94;681.18
349.81;334.89;-14.92;684.71
349.58;333.90;-15.68;683.48
349.94;332.78;-17.16;682.72
349.56;333.60;-15.96;683.16
349.50;332.62;-16.88;682.12
349.37;332.22;-17.15;681.59
350.08;332.05;-18.04;682.13
348.85;333.82;-15.04;682.67
348.60;333.24;-15.36;681.84
348.29;333.69;-14.61;681.98
350.11;334.06;-16.04;684.17
350.54;334.54;-16.01;685.08
347.49;334.39;-13.09;681.88
349.14;334.59;-14.55;683.74
350.15;333.01;-17.14;683.16
349.98;334.78;-15.20;684.76
349.59;332.65;-16.94;682.25
349.57;333.43;-16.14;683.00
349.31;333.91;-15.39;683.22
349.24;334.09;-15.15;683.32
350.22;333.78;-16.44;683.99
349.63;333.53;-16.10;683.16
350.33;333.29;-17.04;683.62
351.49;334.14;-17.35;685.64
350.44;334.12;-16.31;684.56
349.82;334.84;-14.98;684.66
347.58;332.52;-15.06;680.09
347.35;333.46;-13.89;680.81
350.16;333.30;-16.86;683.46
349.89;332.99;-16.90;682.88
349.76;334.59;-15.18;684.35
350.28;334.32;-15.96;684.60
349.13;333.91;-15.22;683.04
348.82;333.78;-15.04;682.60
348.52;334.57;-13.95;683.09
348.25;333.09;-15.16;681.34
349.58;333.26;-16.32;682.84
347.56;335.59;-11.96;683.15
350.08;334.54;-15.55;684.62
349.72;333.01;-16.71;682.74
349.71;331.58;-18.12;681.29
349.57;332.41;-17.16;681.98
349.24;334.08;-15.16;683.32
348.92;333.58;-15.34;682.50
348.67;333.60;-15.07;682.27
349.98;334.23;-15.75;684.21
350.32;334.29;-16.04;684.61
349.98;332.85;-17.14;682.83
350.18;333.88;-16.30;684.05
350.11;333.46;-16.64;683.57
349.41;333.93;-15.48;683.34
349.62;332.82;-16.80;682.44
349.42;333.26;-16.15;682.68
349.16;332.04;-17.13;681.20
350.89;334.88;-16.01;685.78
348.52;333.36;-15.16;681.88
350.24;334.22;-16.02;684.46
349.11;332.75;-16.36;681.86
350.07;333.58;-16.49;683.65
349.41;335.39;-14.01;684.80
349.90;333.08;-16.82;682.98
349.59;334.26;-15.32;683.85
349.55;332.52;-17.03;682.08
349.32;334.29;-15.04;683.61
349.05;334.81;-14.25;683.86
348.73;334.28;-14.45;683.01
349.01;332.71;-16.30;681.71
348.21;334.86;-13.34;683.07
350.15;333.98;-16.16;684.13
349.76;333.72;-16.04;683.48
350.06;333.32;-16.74;683.39
349.21;333.79;-15.41;683.00
349.62;332.54;-17.08;682.16
349.38;334.25;-15.13;683.64
349.09;333.76;-15.32;682.85
350.04;334.44;-15.60;684.48
350.16;334.36;-15.80;684.53
349.75;333.54;-16.21;683.29
347.66;335.16;-12.51;682.82
350.26;332.17;-18.09;682.44
349.72;333.85;-15.87;683.56
349.30;332.76;-16.54;682.06
349.50;334.28;-15.22;683.78
349.17;335.07;-14.10;684.24
348.92;334.72;-14.21;683.64
351.42;334.75;-16.66;686.17
348.29;334.19;-14.10;682.48
350.47;333.94;-16.53;684.41
347.59;333.66;-13.93;681.25
349.90;334.82;-15.08;684.72
346.94;333.06;-13.88;680.00
349.46;334.71;-14.76;684.17
349.60;334.95;-14.65;684.55
349.71;334.69;-15.02;684.40
348.77;333.12;-15.65;681.89
349.43;334.53;-14.90;683.96
349.64;334.19;-15.45;683.82
349.68;333.72;-15.95;683.40
350.09;333.90;-16.19;683.99
349.53;333.52;-16.01;683.05
349.36;333.94;-15.42;683.31
349.92;334.72;-15.21;684.64
349.95;334.12;-15.84;684.07
349.55;333.86;-15.69;683.42
350.39;333.62;-16.78;684.01
351.16;333.93;-17.23;685.09
348.80;333.64;-15.16;682.44
349.91;334.16;-15.75;684.08
350.18;333.08;-17.10;683.25
349.72;333.94;-15.79;683.66
347.66;334.67;-12.99;682.33
350.64;334.33;-16.31;684.97
349.68;333.94;-15.75;683.62
349.98;332.98;-17.00;682.95
349.78;334.42;-15.36;684.21
349.27;332.36;-16.91;681.63
349.22;334.09;-15.13;683.31
348.92;334.31;-14.61;683.24
350.12;333.86;-16.26;683.98
350.45;334.42;-16.03;684.86
349.95;335.11;-14.85;685.06
347.91;334.68;-13.24;682.59
350.92;332.72;-18.19;683.64
350.17;333.68;-16.49;683.85
347.22;334.33;-12.89;681.55
350.10;333.04;-17.06;683.14
349.80;334.40;-15.40;684.20
349.54;334.44;-15.10;683.98
349.45;333.98;-15.46;683.43
350.06;334.45;-15.62;684.51
350.20;333.86;-16.34;684.06
348.72;334.81;-13.92;683.53
348.43;334.54;-13.89;682.97
348.28;333.09;-15.18;681.37
350.14;334.13;-16.01;684.26
349.99;333.76;-16.24;683.75
347.69;332.59;-15.11;680.28
349.26;331.79;-17.46;681.05
350.18;334.69;-15.49;684.86
349.95;331.82;-18.13;681.78
349.36;333.96;-15.40;683.33
349.51;334.02;-15.48;683.53
349.26;334.19;-15.06;683.45
348.98;334.34;-14.64;683.32
349.84;333.98;-15.86;683.82
350.26;333.28;-16.98;683.54
350.24;334.01;-16.22;684.25
350.19;333.89;-16.30;684.08
350.58;333.65;-16.93;684.24
350.24;332.01;-18.23;682.24
349.76;333.54;-16.22;683.29
349.59;332.52;-17.07;682.11
350.22;335.27;-14.95;685.49
349.06;333.90;-15.16;682.96
350.79;333.79;-17.00;684.59
349.35;334.28;-15.06;683.63
350.04;335.09;-14.95;685.12
349.69;333.85;-15.84;683.55
350.05;333.55;-16.50;683.59
350.19;333.25;-16.94;683.45
349.94;333.86;-16.08;683.80
349.68;333.98;-15.71;683.66
349.57;332.28;-17.29;681.85
349.28;334.18;-15.09;683.46
349.02;333.87;-15.15;682.89
350.13;333.67;-16.46;683.80
351.38;334.55;-16.83;685.94
350.49;332.93;-17.56;683.42
347.88;332.78;-15.11;680.66
350.09;333.66;-16.42;683.75
350.36;333.56;-16.80;683.93
349.36;333.33;-16.03;682.69
349.97;331.95;-18.02;681.92
349.76;334.57;-15.19;684.34
352.11;334.26;-17.85;686.38
349.17;334.08;-15.09;683.25
349.88;334.28;-15.61;684.16
350.71;333.48;-17.23;684.18
350.05;334.31;-15.74;684.35
350.29;336.66;-13.63;686.95
349.51;333.72;-15.78;683.23
350.35;332.29;-18.06;682.64
349.95;333.16;-16.79;683.11
349.98;334.80;-15.18;684.78
349.22;334.58;-14.64;683.79
349.47;334.56;-14.91;684.04
349.17;334.01;-15.16;683.18
348.75;333.75;-14.99;682.50
350.04;334.54;-15.50;684.58
349.69;334.12;-15.56;683.81
347.80;332.54;-15.26;680.34
350.01;335.46;-14.55;685.48
350.33;334.43;-15.90;684.76
349.55;333.66;-15.89;683.21
349.34;332.48;-16.86;681.82
351.35;334.12;-17.24;685.47
350.91;333.91;-16.99;684.82
348.79;333.79;-14.99;682.58
350.22;333.49;-16.73;683.72
350.22;334.10;-16.12;684.32
350.17;334.06;-16.11;684.23
349.49;334.49;-15.01;683.98
350.25;334.26;-15.99;684.51
350.26;334.53;-15.73;684.79
349.56;332.74;-16.83;682.30
349.63;334.38;-15.25;684.01
349.19;333.44;-15.76;682.63
348.92;333.48;-15.44;682.41
348.71;333.52;-15.19;682.24
350.36;334.39;-15.96;684.75
350.05;333.51;-16.54;683.56
347.61;335.06;-12.55;682.66
347.46;334.91;-12.55;682.38
349.27;333.08;-16.19;682.35
350.02;333.66;-16.36;683.68
349.74;332.45;-17.29;682.19
349.24;334.24;-15.01;683.48
348.98;334.34;-14.64;683.32
350.04;333.95;-16.08;683.99
348.38;334.64;-13.74;683.02
350.11;333.28;-16.83;683.38
350.05;333.56;-16.49;683.61
350.86;333.50;-17.36;684.36
350.28;333.93;-16.35;684.21
349.96;333.78;-16.19;683.74
349.88;332.63;-17.25;682.51
350.36;333.91;-16.45;684.26
350.42;333.89;-16.52;684.31
350.82;333.62;-17.19;684.44
348.58;333.99;-14.59;682.57
350.06;333.12;-16.94;683.18
349.92;334.91;-15.01;684.83
347.64;334.76;-12.88;682.40
350.37;335.65;-14.72;686.02
350.34;333.23;-17.11;683.57
349.19;333.72;-15.47;682.91
349.50;334.44;-15.06;683.94
350.67;334.02;-16.65;684.69
349.09;333.99;-15.10;683.08
350.09;334.73;-15.36;684.82
349.85;334.11;-15.74;683.96
348.42;335.33;-13.09;683.75
350.16;333.12;-17.04;683.28
351.02;334.20;-16.82;685.22
349.65;332.94;-16.71;682.59
350.01;332.71;-17.29;682.72
350.51;333.04;-17.47;683.55
350.05;333.37;-16.68;683.42
350.21;331.82;-18.39;682.04
350.42;332.82;-17.60;683.24
349.63;334.07;-15.56;683.70
349.45;333.61;-15.84;683.06
349.05;331.95;-17.09;681.00
350.85;333.66;-17.19;684.51
348.59;334.58;-14.02;683.17
348.29;334.03;-14.26;682.32
348.12;333.06;-15.06;681.18
349.84;334.84;-15.00;684.68
350.27;333.75;-16.52;684.02
349.75;334.32;-15.44;684.07
350.21;333.35;-16.86;683.55
349.66;333.99;-15.67;683.65
349.93;334.28;-15.65;684.21
350.83;332.36;-18.46;683.19
349.19;333.55;-15.64;682.75
348.94;333.81;-15.13;682.75
349.41;331.50;-17.91;680.91
350.78;333.18;-17.60;683.96
349.86;334.04;-15.82;683.91
350.53;335.41;-15.12;685.94
350.15;333.69;-16.46;683.84
349.08;333.34;-15.74;682.42
349.54;333.17;-16.36;682.71
349.08;332.78;-16.31;681.86
349.66;332.49;-17.17;682.15
349.46;334.42;-15.04;683.88
349.19;333.45;-15.74;682.64
349.06;335.07;-13.99;684.14
348.91;334.30;-14.61;683.21
348.54;334.56;-13.97;683.10
349.81;334.19;-15.61;684.00
349.95;333.86;-16.08;683.81
350.72;333.69;-17.04;684.41
350.45;333.39;-17.05;683.84
349.35;333.08;-16.27;682.44
349.75;333.99;-15.75;683.74
350.19;333.86;-16.33;684.05
349.31;335.21;-14.10;684.52
348.88;334.58;-14.29;683.46
348.59;334.53;-14.06;683.12
350.48;334.40;-16.08;684.88
350.14;333.77;-16.37;683.91
350.65;333.76;-16.89;684.41
349.68;333.34;-16.34;683.01
350.21;333.99;-16.22;684.19
349.71;332.82;-16.88;682.53
349.55;334.14;-15.41;683.69
349.41;333.25;-16.16;682.66
350.35;334.75;-15.61;685.10
348.71;334.49;-14.21;683.20
350.18;333.38;-16.80;683.55
351.52;334.12;-17.39;685.64
350.12;334.00;-16.12;684.12
349.66;333.53;-16.14;683.19
350.38;332.09;-18.29;682.48
350.11;332.94;-17.18;683.05
349.72;333.48;-16.25;683.20
349.41;334.30;-15.11;683.71
349.04;333.85;-15.19;682.88
349.82;334.72;-15.10;684.54
350.17;333.31;-16.86;683.48
349.97;333.84;-16.14;683.81
350.00;334.66;-15.34;684.66
349.17;333.56;-15.61;682.73
349.24;331.99;-17.24;681.23
349.90;332.83;-17.07;682.73
349.41;334.38;-15.03;683.79
349.26;332.95;-16.31;682.21
348.97;334.83;-14.14;683.80
348.68;333.87;-14.81;682.55
351.28;333.81;-17.47;685.09
347.96;333.99;-13.97;681.95
349.57;334.57;-15.00;684.14
349.79;333.46;-16.34;683.25
349.30;334.54;-14.76;683.84
349.69;334.79;-14.89;684.48
349.58;332.38;-17.21;681.96
349.93;332.26;-17.67;682.19
349.08;334.02;-15.06;683.09
349.99;334.84;-15.15;684.83
350.46;334.51;-15.95;684.97
349.72;333.14;-16.58;682.86
349.62;334.74;-14.88;684.35
350.12;333.58;-16.55;683.70
349.28;333.57;-15.71;682.85
350.24;334.21;-16.03;684.44
350.08;332.98;-17.09;683.06
349.58;332.73;-16.85;682.31
349.37;334.25;-15.12;683.62
349.24;333.98;-15.26;683.22
349.05;334.36;-14.69;683.42
350.43;334.25;-16.18;684.68
351.56;334.39;-17.18;685.95
349.86;334.22;-15.65;684.08
350.35;333.77;-16.58;684.12
350.48;333.59;-16.89;684.08
349.81;335.07;-14.74;684.88
349.81;335.41;-14.41;685.22
349.76;333.49;-16.28;683.25
349.44;333.79;-15.65;683.23
350.36;334.09;-16.27;684.45
349.14;334.07;-15.06;683.21
350.05;334.26;-15.79;684.31
350.16;333.47;-16.69;683.64
348.27;334.32;-13.95;682.59
350.18;333.79;-16.39;683.96
349.82;333.84;-15.98;683.66
350.35;333.54;-16.81;683.89
349.77;334.30;-15.47;684.07
349.56;334.42;-15.14;683.99
349.44;332.91;-16.53;682.35
349.60;334.29;-15.31;683.89
349.27;332.19;-17.08;681.46
349.14;332.85;-16.28;681.99
348.92;334.84;-14.09;683.76
350.04;332.52;-17.52;682.55
350.22;334.01;-16.21;684.22
350.09;334.37;-15.72;684.46
349.95;334.01;-15.95;683.96
347.78;334.38;-13.40;682.15
349.29;333.62;-15.67;682.91
350.18;335.47;-14.71;685.65
350.06;333.01;-17.05;683.06
349.59;332.64;-16.96;682.23
349.36;332.29;-17.06;681.65
349.21;333.97;-15.24;683.18
348.87;334.51;-14.36;683.38
350.53;334.54;-15.99;685.07
348.36;334.31;-14.05;682.66
350.75;334.16;-16.59;684.91
349.92;332.43;-17.49;682.35
350.25;333.89;-16.36;684.15
350.75;333.56;-17.19;684.32
349.42;332.25;-17.17;681.66
349.02;333.86;-15.16;682.88
348.51;333.35;-15.16;681.86
351.29;334.06;-17.24;685.35
350.46;333.35;-17.11;683.81
349.45;334.92;-14.52;684.37
349.89;332.68;-17.21;682.58
349.20;335.17;-14.03;684.37
350.22;335.00;-15.22;685.22
348.75;334.73;-14.02;683.48
349.17;334.52;-14.65;683.69
348.25;334.24;-14.02;682.49
348.09;334.18;-13.91;682.28
347.81;333.87;-13.94;681.68
349.59;334.76;-14.83;684.35
347.37;334.84;-12.53;682.21
349.34;334.16;-15.17;683.50
349.95;332.49;-17.46;682.44
349.75;333.67;-16.08;683.42
349.65;334.51;-15.14;684.16
349.48;334.44;-15.04;683.91
349.12;334.04;-15.08;683.16
351.07;333.54;-17.54;684.61
349.66;333.27;-16.39;682.94
349.46;334.12;-15.34;683.58
347.82;333.86;-13.95;681.68
349.04;333.74;-15.30;682.77
350.51;333.45;-17.06;683.96
349.36;333.95;-15.41;683.31
349.90;334.26;-15.64;684.16
350.93;335.79;-15.14;686.72
349.48;334.44;-15.04;683.92
349.19;333.01;-16.18;682.19
349.01;333.99;-15.01;683.00
348.85;334.77;-14.08;683.62
350.52;333.42;-17.11;683.94
349.71;332.51;-17.19;682.22
350.41;334.08;-16.33;684.48
347.69;333.78;-13.91;681.47
347.35;334.16;-13.19;681.52
349.25;334.83;-14.42;684.08
349.96;334.75;-15.22;684.71
349.78;334.53;-15.25;684.31
349.42;334.94;-14.48;684.36
349.10;332.81;-16.29;681.91
349.99;334.75;-15.24;684.75
351.53;334.63;-16.90;686.16
349.41;332.98;-16.44;682.39
347.83;334.65;-13.18;682.48
349.72;334.48;-15.24;684.21
350.04;334.22;-15.82;684.26
349.94;333.88;-16.06;683.82
349.76;334.67;-15.09;684.43
348.69;335.74;-12.95;684.42
349.12;334.96;-14.15;684.08
349.07;333.93;-15.14;683.00
348.78;333.64;-15.14;682.42
350.26;333.28;-16.98;683.54
349.28;335.08;-14.20;684.35
349.92;334.06;-15.86;683.98
349.92;333.59;-16.32;683.51
350.38;333.38;-17.00;683.76
349.16;333.09;-16.08;682.25
349.55;334.90;-14.65;684.45
350.26;333.45;-16.81;683.71
349.43;336.14;-13.29;685.57
349.92;331.78;-18.15;681.70
350.53;334.11;-16.42;684.64
350.18;334.42;-15.76;684.61
348.01;332.99;-15.02;681.00
349.45;332.64;-16.81;682.09
350.59;332.32;-18.27;682.91
349.48;335.14;-14.34;684.62
349.59;333.75;-15.84;683.34
350.50;332.51;-17.99;683.01
349.28;332.28;-17.00;681.55
349.07;334.54;-14.53;683.61
348.82;334.42;-14.41;683.24
348.61;334.16;-14.45;682.77
348.32;334.34;-13.98;682.66
349.73;334.25;-15.48;683.98
349.87;333.96;-15.91;683.84
349.78;333.64;-16.14;683.41
349.23;333.34;-15.89;682.57
349.39;331.78;-17.61;681.16
349.80;332.70;-17.10;682.50
349.48;332.32;-17.15;681.80
350.24;334.61;-15.63;684.85
348.91;334.14;-14.76;683.05
349.74;334.55;-15.18;684.29
348.25;334.24;-14.01;682.49
347.95;334.05;-13.91;682.00
347.66;333.69;-13.98;681.35
349.46;334.11;-15.36;683.57
349.38;335.10;-14.28;684.48
349.76;334.16;-15.61;683.92
349.59;334.55;-15.05;684.14
348.38;334.09;-14.29;682.46
348.96;333.90;-15.06;682.86
350.68;333.64;-17.04;684.32
350.50;334.64;-15.86;685.14
348.26;333.82;-14.45;682.08
349.15;335.54;-13.62;684.69
347.68;333.90;-13.78;681.58
349.45;334.32;-15.13;683.78
349.26;333.96;-15.30;683.23
349.85;335.01;-14.85;684.86
349.93;334.91;-15.02;684.84
349.54;334.33;-15.21;683.86
348.61;333.49;-15.12;682.09
349.07;334.02;-15.05;683.09
349.95;334.82;-15.13;684.78
350.79;334.71;-16.08;685.49
348.24;334.31;-13.92;682.55
349.69;335.18;-14.52;684.87
349.66;332.55;-17.11;682.21
349.61;333.42;-16.18;683.03
349.48;334.92;-14.56;684.39
349.12;332.97;-16.15;682.09
349.82;334.63;-15.19;684.45
349.35;334.41;-14.95;683.76
349.06;334.13;-14.93;683.19
348.86;335.96;-12.90;684.82
348.61;335.42;-13.19;684.03
348.35;334.12;-14.23;682.48
349.63;332.92;-16.71;682.55
348.35;333.86;-14.48;682.21
348.71;335.21;-13.50;683.92
349.90;334.19;-15.71;684.09
349.11;334.86;-14.25;683.98
349.51;332.71;-16.80;682.21
348.65;334.27;-14.38;682.92
349.14;334.09;-15.05;683.24
348.77;334.97;-13.80;683.74
348.44;334.61;-13.83;683.05
348.11;334.03;-14.08;682.14
349.38;333.93;-15.45;683.31
349.49;334.92;-14.57;684.41
349.21;333.33;-15.88;682.54
349.80;335.23;-14.57;685.03
349.23;335.08;-14.15;684.31
349.23;334.65;-14.58;683.88
349.52;333.79;-15.73;683.32
348.57;332.18;-16.39;680.75
349.06;334.04;-15.02;683.10
348.86;333.70;-15.16;682.56
348.61;333.46;-15.15;682.08
349.58;332.54;-17.05;682.12
349.68;333.98;-15.69;683.66
350.79;334.52;-16.28;685.31
347.30;335.31;-11.99;682.61
349.46;334.38;-15.08;683.84
349.62;333.74;-15.88;683.36
349.10;334.61;-14.49;683.71
349.42;334.26;-15.16;683.68
350.46;333.99;-16.46;684.45
348.76;333.74;-15.03;682.50
348.57;333.31;-15.26;681.88
350.05;333.72;-16.33;683.78
351.18;333.89;-17.29;685.08
350.25;332.52;-17.73;682.76
349.71;332.28;-17.43;681.99
349.99;333.27;-16.72;683.26
351.33;332.88;-18.45;684.21
349.61;333.47;-16.14;683.08
349.44;333.82;-15.62;683.26
349.91;333.42;-16.49;683.32
349.02;334.26;-14.76;683.29
348.76;334.51;-14.26;683.27
348.45;334.39;-14.05;682.84
348.08;333.88;-14.20;681.96
347.72;335.27;-12.45;682.99
349.94;333.36;-16.57;683.30
350.11;336.39;-13.72;686.49
349.07;333.67;-15.40;682.74
349.57;333.66;-15.91;683.23
349.11;334.21;-14.89;683.32
348.84;334.85;-13.99;683.68
348.59;333.47;-15.12;682.06
348.24;334.15;-14.09;682.38
349.75;334.08;-15.68;683.83
350.54;332.41;-18.13;682.94
349.64;334.12;-15.52;683.75
350.13;333.89;-16.24;684.02
349.96;334.19;-15.76;684.15
349.44;334.46;-14.98;683.89
349.31;334.25;-15.06;683.56
349.01;334.49;-14.51;683.50
351.62;334.56;-17.06;686.18
350.79;333.56;-17.24;684.35
350.29;333.36;-16.92;683.65
350.62;335.74;-14.88;686.35
350.29;335.04;-15.25;685.33
346.98;333.59;-13.39;680.58
350.93;334.17;-16.76;685.10
349.24;334.37;-14.86;683.61
349.33;335.08;-14.25;684.41
352.31;334.02;-18.29;686.32
351.42;333.61;-17.82;685.03
348.56;334.44;-14.12;683.00
349.26;334.26;-15.01;683.52
348.04;332.89;-15.15;680.94
350.17;333.79;-16.38;683.96
349.75;334.39;-15.35;684.14
350.32;333.63;-16.69;683.95
350.36;334.49;-15.87;684.86
349.71;333.62;-16.08;683.33
349.15;334.56;-14.58;683.71
350.11;334.12;-15.99;684.22
350.20;333.44;-16.76;683.64
350.60;335.11;-15.49;685.71
349.79;333.60;-16.19;683.39
348.38;334.41;-13.98;682.79
350.11;333.07;-17.04;683.18
349.46;333.86;-15.60;683.32
347.52;333.58;-13.94;681.10
349.27;333.06;-16.21;682.34
351.89;334.22;-17.66;686.11
349.86;334.54;-15.32;684.40
349.05;333.65;-15.40;682.69
349.51;332.36;-17.15;681.87
349.22;334.13;-15.09;683.35
349.02;331.97;-17.05;680.99
348.66;334.49;-14.17;683.15
348.50;333.93;-14.57;682.43
348.21;334.32;-13.89;682.53
349.96;333.69;-16.26;683.65
349.59;333.73;-15.86;683.32
349.16;333.32;-15.84;682.48
349.41;333.11;-16.30;682.52
349.92;334.19;-15.74;684.11
349.77;332.54;-17.23;682.31
349.44;334.09;-15.35;683.53
349.04;333.76;-15.27;682.80
348.71;334.24;-14.47;682.95
349.62;333.31;-16.32;682.93
350.21;333.94;-16.28;684.15
349.61;333.75;-15.85;683.36
349.83;333.46;-16.36;683.29
349.78;334.40;-15.38;684.18
351.16;334.71;-16.45;685.87
350.99;334.30;-16.69;685.29
349.02;334.25;-14.77;683.28
348.93;333.84;-15.09;682.76
350.88;333.48;-17.39;684.36
349.54;333.25;-16.29;682.79
349.39;334.93;-14.46;684.32
347.68;334.56;-13.12;682.25
349.55;334.09;-15.45;683.64
349.24;333.08;-16.15;682.32
349.72;333.61;-16.11;683.32
349.59;334.54;-15.06;684.13
349.06;334.69;-14.38;683.75
349.01;334.93;-14.08;683.94
350.40;333.69;-16.71;684.09
350.23;334.35;-15.88;684.58
348.14;334.08;-14.06;682.21
350.02;333.82;-16.21;683.84
349.22;333.64;-15.58;682.86
350.15;333.98;-16.17;684.12
350.13;334.66;-15.47;684.79
349.96;334.91;-15.06;684.87
349.61;334.46;-15.14;684.07
349.27;334.21;-15.06;683.48
349.04;333.89;-15.15;682.94
349.98;333.68;-16.29;683.66
350.56;333.32;-17.24;683.89
349.79;334.21;-15.58;684.00
350.22;332.82;-17.40;683.04
349.65;334.34;-15.31;683.99
349.29;334.39;-14.90;683.69
349.91;334.62;-15.29;684.52
349.76;334.72;-15.04;684.48
349.45;334.76;-14.69;684.21
350.01;334.04;-15.98;684.05
348.84;333.82;-15.02;682.66
350.81;334.32;-16.49;685.13
349.42;333.35;-16.07;682.76
348.14;333.04;-15.09;681.18
347.78;333.75;-14.03;681.54
349.92;336.35;-13.58;686.27
348.66;334.33;-14.33;682.99
349.64;334.32;-15.32;683.96
349.84;332.72;-17.12;682.56
349.38;334.46;-14.92;683.85
349.26;332.22;-17.04;681.48
349.01;333.79;-15.22;682.81
349.41;333.51;-15.90;682.91
349.95;333.09;-16.86;683.04
349.77;332.75;-17.02;682.52
347.64;333.69;-13.95;681.34
349.16;334.89;-14.26;684.05
349.38;334.55;-14.84;683.93
349.28;334.78;-14.51;684.06
349.55;334.67;-14.88;684.22
350.44;334.12;-16.32;684.56
349.12;334.44;-14.68;683.56
350.20;333.69;-16.51;683.89
348.47;333.91;-14.56;682.38
350.16;334.29;-15.87;684.46
347.95;333.92;-14.03;681.86
350.02;333.75;-16.27;683.76
349.94;334.39;-15.55;684.33
347.24;333.41;-13.84;680.65
349.31;334.23;-15.08;683.54
349.62;334.24;-15.38;683.85
349.62;334.64;-14.98;684.26
349.39;334.52;-14.88;683.91
349.13;334.26;-14.87;683.39
348.94;335.06;-13.87;684.00
348.76;334.68;-14.08;683.45
349.78;334.64;-15.14;684.41
348.30;334.35;-13.95;682.65
347.94;335.54;-12.40;683.48
349.12;333.90;-15.22;683.02
347.50;332.48;-15.02;679.98
349.26;334.64;-14.62;683.90
350.11;333.95;-16.16;684.05
349.59;334.89;-14.71;684.48
349.80;333.44;-16.36;683.24
349.36;334.30;-15.06;683.66
348.88;333.93;-14.95;682.81
348.82;334.26;-14.56;683.09
348.47;333.95;-14.52;682.42
348.12;336.01;-12.12;684.13
349.76;335.30;-14.46;685.06
349.92;333.46;-16.46;683.38
347.14;334.70;-12.44;681.84
349.99;334.51;-15.48;684.51
349.86;334.42;-15.45;684.28
348.92;334.93;-13.99;683.85
349.10;334.19;-14.91;683.29
350.25;336.23;-14.02;686.48
348.89;334.36;-14.54;683.25
348.69;333.56;-15.13;682.25
350.13;334.31;-15.82;684.44
348.04;333.04;-14.99;681.08
347.79;332.71;-15.08;680.50
349.43;334.46;-14.96;683.89
350.47;333.39;-17.08;683.86
349.44;335.35;-14.09;684.79
349.13;334.72;-14.41;683.85
349.73;334.63;-15.10;684.36
349.42;334.44;-14.98;683.85
349.22;334.74;-14.48;683.96
