344.59;328.51;-16.08;673.10
344.48;329.89;-14.58;674.37
344.16;329.55;-14.61;673.71
343.97;328.98;-14.99;672.95
343.85;327.81;-16.05;671.66
344.49;329.56;-14.92;674.05
343.52;328.15;-15.36;671.67
343.02;329.53;-13.49;672.55
343.82;329.61;-14.22;673.43
343.68;329.22;-14.46;672.91
343.61;327.34;-16.26;670.95
344.01;328.25;-15.76;672.26
344.78;329.29;-15.49;674.07
345.11;327.80;-17.31;672.91
344.61;327.67;-16.94;672.28
342.59;327.56;-15.02;670.15
343.45;328.47;-14.98;671.92
342.07;328.15;-13.92;670.22
344.14;329.49;-14.65;673.62
345.55;329.24;-16.31;674.79
343.71;329.52;-14.19;673.23
343.34;329.88;-13.45;673.22
344.14;327.03;-17.11;671.17
343.84;328.85;-14.99;672.69
342.92;329.73;-13.19;672.65
343.30;328.18;-15.12;671.48
344.76;329.10;-15.66;673.86
344.00;327.70;-16.30;671.70
342.45;328.55;-13.89;671.00
344.16;328.25;-15.91;672.41
343.21;330.07;-13.14;673.28
343.71;329.75;-13.96;673.46
343.95;328.55;-15.40;672.49
344.33;329.62;-14.71;673.95
343.67;329.32;-14.35;672.99
343.24;329.66;-13.58;672.90
343.72;328.75;-14.98;672.47
343.45;328.49;-14.96;671.95
343.32;328.32;-15.00;671.65
343.15;329.31;-13.84;672.46
342.90;329.08;-13.82;671.98
342.72;328.86;-13.86;671.58
342.86;328.62;-14.24;671.48
344.55;328.46;-16.08;673.01
343.66;329.56;-14.10;673.23
344.14;328.76;-15.38;672.91
344.56;328.75;-15.82;673.31
344.51;329.44;-15.06;673.95
344.29;330.26;-14.02;674.55
343.45;329.75;-13.70;673.21
343.89;328.84;-15.06;672.73
343.66;330.86;-12.81;674.52
343.35;329.43;-13.92;672.78
343.02;329.23;-13.79;672.25
342.79;329.83;-12.96;672.62
342.51;328.72;-13.79;671.24
343.86;328.36;-15.50;672.23
344.22;328.06;-16.16;672.29
343.42;329.72;-13.70;673.15
344.33;327.50;-16.83;671.83
343.55;327.48;-16.07;671.04
344.26;329.31;-14.95;673.57
344.26;328.61;-15.65;672.86
343.92;329.26;-14.66;673.18
343.98;327.74;-16.24;671.71
343.79;327.55;-16.24;671.35
343.42;328.46;-14.96;671.88
343.32;329.34;-13.98;672.65
342.95;327.94;-15.01;670.88
342.78;328.82;-13.95;671.60
342.61;328.78;-13.83;671.39
344.81;328.55;-16.26;673.35
343.89;327.42;-16.48;671.31
344.16;328.26;-15.89;672.42
341.86;327.86;-13.99;669.72
343.58;329.20;-14.38;672.78
344.37;328.40;-15.97;672.77
341.11;329.08;-12.02;670.19
343.45;329.31;-14.15;672.76
343.89;329.68;-14.21;673.58
343.32;329.67;-13.65;672.99
343.39;329.36;-14.03;672.75
343.92;328.21;-15.71;672.14
343.04;328.98;-14.06;672.02
342.72;328.87;-13.85;671.59
342.69;328.78;-13.91;671.46
342.48;330.34;-12.14;672.82
344.27;329.41;-14.86;673.68
342.05;328.37;-13.68;670.42
341.96;328.07;-13.89;670.03
341.82;328.06;-13.75;669.88
344.21;327.88;-16.32;672.09
344.34;327.87;-16.47;672.21
343.38;328.76;-14.62;672.14
344.44;328.32;-16.12;672.75
343.70;329.10;-14.60;672.80
344.18;329.12;-15.06;673.30
343.16;329.05;-14.11;672.21
343.39;329.02;-14.37;672.42
343.65;329.06;-14.59;672.71
344.09;328.46;-15.62;672.55
344.14;328.24;-15.91;672.38
343.04;328.62;-14.41;671.66
342.78;328.85;-13.93;671.62
344.46;328.85;-15.61;673.32
342.40;328.52;-13.88;670.92
342.29;328.46;-13.82;670.75
344.25;328.19;-16.06;672.44
344.05;328.04;-16.02;672.09
344.73;329.78;-14.95;674.51
344.57;329.59;-14.98;674.16
343.77;329.39;-14.38;673.16
344.22;329.22;-14.99;673.44
343.96;327.03;-16.93;670.99
343.79;326.74;-17.05;670.53
343.56;328.58;-14.98;672.14
343.39;329.58;-13.81;672.98
344.27;328.07;-16.20;672.34
343.05;328.05;-15.00;671.09
342.80;329.71;-13.09;672.51
342.49;329.67;-12.82;672.16
345.02;328.45;-16.57;673.48
341.96;329.64;-12.32;671.61
341.81;327.94;-13.87;669.75
343.47;329.08;-14.39;672.55
344.20;327.61;-16.59;671.81
344.46;329.41;-15.05;673.88
343.29;329.13;-14.16;672.42
343.71;329.04;-14.67;672.74
343.46;328.81;-14.65;672.27
343.69;329.68;-14.02;673.37
343.20;328.89;-14.31;672.09
343.82;329.21;-14.61;673.02
342.76;328.98;-13.79;671.74
342.58;327.56;-15.02;670.15
342.20;328.28;-13.92;670.48
343.92;328.10;-15.82;672.02
343.71;329.92;-13.79;673.62
343.46;329.69;-13.77;673.16
343.94;329.18;-14.76;673.11
343.44;330.22;-13.22;673.66
343.22;329.89;-13.32;673.11
344.14;328.52;-15.62;672.66
343.90;328.94;-14.96;672.84
343.77;328.73;-15.04;672.50
343.51;329.06;-14.45;672.58
343.45;330.33;-13.12;673.78
343.35;329.99;-13.36;673.34
343.14;330.38;-12.76;673.51
342.97;327.81;-15.16;670.78
342.62;327.59;-15.03;670.22
342.29;328.48;-13.81;670.78
343.81;327.11;-16.70;670.92
341.81;328.09;-13.71;669.90
342.89;329.67;-13.22;672.56
341.29;327.52;-13.78;668.81
344.18;328.11;-16.06;672.29
343.98;328.96;-15.02;672.94
344.82;329.87;-14.95;674.69
342.91;328.64;-14.27;671.55
343.42;329.57;-13.85;672.99
343.12;329.37;-13.75;672.49
343.02;330.18;-12.85;673.20
342.81;327.74;-15.06;670.55
343.61;327.76;-15.84;671.37
342.51;329.54;-12.96;672.05
342.22;329.47;-12.75;671.69
342.19;328.32;-13.87;670.51
344.51;328.17;-16.34;672.68
343.91;329.94;-13.96;673.85
343.75;327.60;-16.15;671.35
343.66;330.15;-13.51;673.81
344.27;329.96;-14.31;674.24
343.99;329.98;-14.01;673.97
343.34;329.52;-13.82;672.86
343.79;330.86;-12.93;674.66
343.50;328.64;-14.86;672.14
343.28;330.79;-12.49;674.08
343.10;329.94;-13.16;673.04
342.88;327.84;-15.04;670.72
342.63;329.82;-12.81;672.45
344.28;329.24;-15.04;673.52
343.97;329.52;-14.45;673.49
344.42;328.40;-16.02;672.82
343.99;328.08;-15.91;672.06
345.11;330.02;-15.08;675.13
341.74;329.94;-11.80;671.68
343.89;327.77;-16.12;671.66
344.25;329.47;-14.78;673.72
344.29;329.20;-15.09;673.49
343.57;329.15;-14.42;672.72
343.98;329.03;-14.95;673.01
343.64;328.76;-14.88;672.39
344.45;328.54;-15.92;672.99
343.21;328.30;-14.91;671.51
343.09;329.15;-13.94;672.24
344.66;327.85;-16.81;672.51
344.42;328.77;-15.65;673.19
343.58;327.36;-16.22;670.94
342.23;327.04;-15.19;669.27
343.95;328.01;-15.94;671.96
343.99;327.89;-16.11;671.88
344.14;328.58;-15.56;672.72
344.52;328.26;-16.26;672.78
344.25;329.18;-15.07;673.42
344.07;329.09;-14.98;673.16
343.89;328.89;-15.00;672.78
343.62;328.61;-15.01;672.22
343.38;328.25;-15.13;671.64
344.36;328.94;-15.42;673.31
342.74;328.91;-13.84;671.65
344.72;328.62;-16.10;673.35
344.47;328.36;-16.11;672.83
342.15;328.37;-13.78;670.52
343.94;328.05;-15.89;671.99
343.59;327.81;-15.78;671.39
344.58;327.59;-16.98;672.17
344.38;327.47;-16.91;671.85
344.31;329.24;-15.07;673.55
344.09;328.89;-15.20;672.99
343.73;329.35;-14.38;673.08
343.48;328.45;-15.04;671.93
343.40;328.81;-14.59;672.21
343.18;328.24;-14.94;671.41
342.99;327.97;-15.02;670.96
345.02;327.58;-17.44;672.61
344.46;328.51;-15.95;672.96
342.29;327.08;-15.22;669.37
344.24;328.28;-15.96;672.52
343.69;329.81;-13.88;673.51
344.28;329.56;-14.72;673.85
343.78;329.74;-14.04;673.52
344.33;327.36;-16.97;671.69
344.04;329.58;-14.45;673.62
340.74;328.92;-11.82;669.65
343.72;330.85;-12.88;674.57
343.52;329.72;-13.80;673.25
344.50;329.60;-14.90;674.10
343.31;328.42;-14.89;671.74
343.19;328.12;-15.07;671.32
342.99;328.59;-14.39;671.58
342.76;328.91;-13.85;671.66
342.58;330.64;-11.95;673.22
344.49;328.48;-16.01;672.97
343.88;328.29;-15.59;672.17
341.88;329.19;-12.68;671.07
343.79;327.74;-16.05;671.54
344.55;328.49;-16.06;673.05
344.32;329.36;-14.96;673.69
344.06;327.22;-16.84;671.28
344.07;328.92;-15.15;672.99
343.79;328.84;-14.95;672.64
343.58;329.68;-13.90;673.26
343.44;329.71;-13.73;673.15
343.22;328.24;-14.98;671.46
342.61;327.42;-15.19;670.02
344.90;327.96;-16.94;672.86
344.01;328.91;-15.10;672.92
344.74;328.52;-16.21;673.26
343.68;329.94;-13.74;673.61
344.39;329.79;-14.60;674.19
344.86;328.09;-16.78;672.95
344.21;327.97;-16.24;672.18
343.92;328.62;-15.29;672.54
341.37;327.59;-13.78;668.96
344.44;329.19;-15.25;673.62
343.45;329.02;-14.43;672.48
343.90;329.02;-14.88;672.92
343.54;330.09;-13.45;673.63
343.64;329.68;-13.96;673.32
343.44;328.49;-14.94;671.93
343.24;329.30;-13.94;672.54
343.01;329.16;-13.85;672.18
342.83;328.99;-13.84;671.82
344.37;328.53;-15.84;672.90
343.30;328.29;-15.01;671.59
343.58;328.16;-15.42;671.75
344.34;327.96;-16.37;672.30
344.01;327.72;-16.29;671.74
343.99;329.54;-14.45;673.54
343.05;329.50;-13.55;672.55
344.20;330.21;-13.99;674.41
343.22;328.92;-14.30;672.14
343.68;329.59;-14.09;673.28
344.63;328.50;-16.13;673.13
343.41;328.38;-15.02;671.79
345.11;329.38;-15.72;674.49
342.99;329.12;-13.87;672.11
342.83;328.97;-13.86;671.80
342.56;328.74;-13.82;671.30
343.60;328.43;-15.17;672.03
344.22;329.57;-14.65;673.79
343.69;327.91;-15.79;671.60
343.69;329.28;-14.42;672.97
344.59;330.66;-13.94;675.25
344.28;329.18;-15.10;673.46
344.19;329.14;-15.06;673.33
343.96;329.48;-14.48;673.45
343.24;329.94;-13.29;673.18
343.35;329.76;-13.58;673.11
343.39;327.14;-16.26;670.53
343.95;326.19;-17.75;670.14
343.04;329.31;-13.74;672.35
345.06;328.62;-16.44;673.69
342.81;328.99;-13.82;671.81
342.63;329.76;-12.86;672.39
344.56;327.44;-17.12;671.99
344.27;327.27;-17.00;671.54
345.08;328.45;-16.62;673.53
342.09;328.25;-13.84;670.34
344.19;329.74;-14.45;673.92
344.48;328.95;-15.54;673.43
344.21;329.12;-15.09;673.34
344.00;327.79;-16.21;671.79
343.33;327.57;-15.76;670.90
344.45;327.44;-17.01;671.88
344.11;329.63;-14.48;673.74
343.97;328.35;-15.62;672.32
342.81;329.44;-13.36;672.25
343.58;329.47;-14.11;673.05
343.35;328.42;-14.93;671.78
344.36;328.21;-16.15;672.58
343.17;329.25;-13.92;672.42
344.62;328.99;-15.64;673.61
342.66;327.46;-15.20;670.13
342.44;328.65;-13.78;671.09
342.15;328.21;-13.94;670.36
341.94;330.01;-11.92;671.95
341.73;327.35;-14.38;669.08
344.09;327.76;-16.32;671.85
344.71;329.74;-14.96;674.45
344.28;327.45;-16.84;671.73
344.26;328.06;-16.19;672.32
343.91;329.58;-14.34;673.49
343.89;328.94;-14.95;672.82
343.65;328.66;-14.99;672.31
343.46;329.51;-13.95;672.98
343.16;329.32;-13.84;672.49
343.67;328.74;-14.94;672.41
342.83;329.06;-13.76;671.89
342.62;329.51;-13.11;672.14
342.47;327.44;-15.03;669.91
344.44;327.22;-17.22;671.65
342.11;328.40;-13.71;670.51
343.98;328.24;-15.75;672.22
343.68;328.05;-15.63;671.74
344.48;329.71;-14.76;674.19
344.52;329.36;-15.15;673.88
344.36;329.22;-15.15;673.58
344.00;328.80;-15.20;672.80
343.91;328.79;-15.12;672.71
343.69;329.50;-14.19;673.19
343.39;328.41;-14.98;671.79
344.87;328.20;-16.67;673.07
343.05;329.18;-13.88;672.23
342.98;329.09;-13.88;672.07
342.79;328.97;-13.82;671.76
343.89;327.62;-16.28;671.51
342.41;330.65;-11.75;673.06
342.21;330.28;-11.93;672.48
343.96;329.42;-14.54;673.38
341.65;328.68;-12.97;670.34
343.58;327.62;-15.95;671.20
344.09;328.23;-15.86;672.32
344.09;329.19;-14.89;673.28
344.12;329.65;-14.47;673.76
343.95;329.44;-14.51;673.39
343.67;329.46;-14.21;673.14
343.56;328.63;-14.94;672.19
343.35;327.25;-16.10;670.61
343.16;330.01;-13.15;673.17
343.04;329.32;-13.72;672.36
343.86;328.93;-14.93;672.79
342.65;328.78;-13.86;671.43
342.46;328.68;-13.78;671.14
342.15;329.64;-12.51;671.78
344.89;329.01;-15.89;673.90
343.85;329.88;-13.98;673.73
343.28;329.04;-14.24;672.31
343.54;329.34;-14.21;672.88
344.12;328.94;-15.18;673.06
345.01;329.73;-15.28;674.74
343.74;328.75;-14.99;672.48
343.46;329.03;-14.44;672.49
344.00;328.29;-15.71;672.29
343.11;328.13;-14.98;671.24
342.95;329.09;-13.86;672.04
342.67;328.74;-13.93;671.41
342.39;327.41;-14.98;669.80
344.49;328.48;-16.01;672.97
344.11;329.45;-14.66;673.56
341.83;329.76;-12.06;671.59
344.09;329.69;-14.40;673.78
343.53;327.62;-15.91;671.15
344.23;327.26;-16.96;671.49
344.06;329.56;-14.50;673.62
343.84;329.48;-14.36;673.31
343.86;328.76;-15.11;672.62
343.61;328.57;-15.04;672.18
343.41;329.04;-14.37;672.44
343.22;328.04;-15.18;671.26
342.98;329.01;-13.98;671.99
345.05;328.27;-16.78;673.32
342.66;328.26;-14.40;670.92
342.46;328.66;-13.80;671.13
344.69;327.27;-17.42;671.96
344.41;328.38;-16.03;672.79
344.52;327.00;-17.52;671.52
343.07;328.72;-14.35;671.79
344.65;327.55;-17.10;672.19
344.26;327.51;-16.76;671.77
343.86;328.14;-15.73;672.00
343.99;329.08;-14.91;673.07
343.45;330.09;-13.36;673.55
343.85;329.38;-14.46;673.23
343.67;329.16;-14.51;672.84
343.39;329.39;-13.99;672.78
343.14;329.34;-13.80;672.47
342.94;328.94;-14.00;671.88
342.84;327.84;-14.99;670.68
342.68;327.84;-14.84;670.51
342.50;329.39;-13.11;671.89
344.51;329.94;-14.56;674.45
342.22;328.29;-13.94;670.51
341.98;328.05;-13.93;670.02
341.72;328.78;-12.94;670.49
344.03;327.65;-16.38;671.68
344.45;327.35;-17.10;671.79
343.08;328.79;-14.29;671.88
343.27;329.80;-13.47;673.07
344.07;328.96;-15.11;673.04
343.71;329.87;-13.84;673.58
343.70;326.70;-17.00;670.40
343.48;329.66;-13.82;673.15
343.99;329.44;-14.56;673.43
342.95;327.95;-15.00;670.91
342.76;328.86;-13.90;671.62
344.13;329.64;-14.49;673.76
342.26;328.46;-13.80;670.72
341.99;328.17;-13.82;670.16
345.01;327.94;-17.07;672.94
343.66;327.84;-15.82;671.49
344.65;327.70;-16.95;672.35
344.53;329.47;-15.06;674.00
344.17;329.48;-14.69;673.65
343.31;327.26;-16.04;670.57
344.01;329.16;-14.85;673.18
344.01;328.94;-15.08;672.95
343.83;328.85;-14.98;672.68
343.77;328.63;-15.14;672.40
343.59;328.86;-14.74;672.45
343.36;329.30;-14.06;672.66
343.21;329.23;-13.98;672.44
344.79;328.55;-16.24;673.34
342.98;329.25;-13.73;672.22
343.93;327.81;-16.12;671.74
342.63;328.72;-13.91;671.35
342.24;328.34;-13.91;670.58
342.05;328.12;-13.93;670.18
341.85;329.35;-12.50;671.21
343.89;329.24;-14.65;673.14
343.99;329.89;-14.09;673.88
343.71;329.27;-14.44;672.98
344.23;329.02;-15.21;673.25
343.95;328.83;-15.12;672.78
343.53;328.69;-14.84;672.22
343.51;328.50;-15.01;672.01
343.22;328.95;-14.28;672.17
343.11;328.04;-15.07;671.15
342.91;328.91;-14.00;671.82
343.94;328.74;-15.19;672.68
342.45;328.70;-13.75;671.15
343.98;330.22;-13.76;674.21
345.00;329.07;-15.93;674.07
344.26;327.89;-16.38;672.15
344.55;329.38;-15.18;673.93
344.09;329.34;-14.76;673.43
343.48;329.63;-13.85;673.11
343.90;327.89;-16.01;671.79
343.27;326.78;-16.49;670.05
343.36;328.56;-14.79;671.92
343.39;328.45;-14.94;671.84
343.38;328.36;-15.02;671.75
343.12;328.14;-14.99;671.26
342.98;328.77;-14.21;671.75
344.99;327.79;-17.21;672.78
344.05;328.78;-15.26;672.83
344.56;328.61;-15.96;673.17
342.33;329.34;-12.99;671.66
342.26;327.09;-15.17;669.35
344.32;329.95;-14.37;674.26
344.42;329.58;-14.85;674.00
343.75;329.72;-14.03;673.46
343.39;328.81;-14.58;672.21
344.23;329.38;-14.85;673.61
343.09;327.11;-15.98;670.21
343.98;329.64;-14.34;673.61
343.06;330.02;-13.04;673.08
343.62;329.74;-13.88;673.36
342.78;327.79;-14.98;670.57
343.26;328.27;-14.99;671.54
343.12;330.02;-13.11;673.14
342.93;328.69;-14.24;671.62
344.32;330.41;-13.91;674.73
342.24;329.45;-12.78;671.69
344.38;328.59;-15.79;672.97
342.19;328.33;-13.86;670.52
343.58;330.12;-13.46;673.71
344.14;329.29;-14.84;673.43
341.69;327.74;-13.95;669.44
344.26;329.53;-14.73;673.79
343.81;329.26;-14.55;673.08
343.92;329.20;-14.72;673.12
343.71;329.79;-13.92;673.49
343.59;330.55;-13.04;674.15
343.28;328.28;-14.99;671.56
343.02;327.96;-15.06;670.99
342.76;328.19;-14.57;670.96
343.95;327.63;-16.32;671.58
342.48;328.64;-13.85;671.12
344.05;329.83;-14.22;673.88
343.94;328.05;-15.89;671.99
344.14;329.29;-14.85;673.42
343.54;329.54;-13.99;673.08
343.81;329.88;-13.92;673.69
344.51;329.36;-15.14;673.87
344.03;329.35;-14.68;673.38
343.97;329.54;-14.43;673.51
343.83;328.93;-14.90;672.76
343.62;328.59;-15.02;672.21
343.46;328.29;-15.17;671.75
343.11;329.29;-13.81;672.40
342.84;330.28;-12.56;673.12
343.88;328.79;-15.09;672.66
343.23;329.55;-13.68;672.78
343.36;328.28;-15.08;671.65
344.05;328.16;-15.89;672.21
343.86;327.74;-16.12;671.59
344.45;327.59;-16.86;672.04
344.39;329.16;-15.24;673.55
344.06;329.05;-15.01;673.11
344.18;328.86;-15.32;673.04
343.88;328.85;-15.02;672.73
343.76;328.70;-15.06;672.46
343.51;328.52;-14.98;672.03
343.39;329.12;-14.28;672.51
343.05;329.33;-13.72;672.38
344.81;329.02;-15.79;673.83
342.58;327.59;-14.99;670.18
342.41;327.35;-15.06;669.76
342.29;327.11;-15.18;669.40
344.69;329.58;-15.11;674.27
344.31;328.11;-16.20;672.42
341.74;329.44;-12.29;671.18
343.61;327.69;-15.92;671.30
343.66;329.78;-13.89;673.44
343.19;329.34;-13.86;672.53
344.09;328.15;-15.94;672.25
343.86;329.81;-14.05;673.68
343.62;329.51;-14.11;673.13
343.65;330.65;-13.00;674.31
343.51;328.49;-15.02;671.99
343.35;328.32;-15.03;671.68
343.12;329.33;-13.79;672.45
342.98;329.11;-13.86;672.09
342.74;329.98;-12.76;672.72
342.60;328.77;-13.83;671.37
342.36;328.49;-13.87;670.85
342.18;327.16;-15.02;669.34
343.72;328.02;-15.71;671.74
344.06;327.62;-16.45;671.68
343.69;327.85;-15.84;671.54
343.85;327.56;-16.29;671.41
344.22;328.88;-15.34;673.10
344.31;329.42;-14.89;673.74
343.62;329.87;-13.75;673.49
343.60;327.95;-15.65;671.55
343.81;329.54;-14.27;673.35
344.88;329.26;-15.61;674.14
343.67;328.58;-15.09;672.25
343.37;328.48;-14.89;671.85
343.32;329.55;-13.77;672.86
343.25;328.20;-15.05;671.45
343.04;329.31;-13.72;672.35
343.06;328.16;-14.90;671.22
345.35;329.20;-16.15;674.55
342.84;329.02;-13.82;671.85
342.72;327.69;-15.03;670.41
344.44;329.32;-15.12;673.76
344.15;329.36;-14.79;673.51
343.24;328.25;-14.99;671.49
343.85;328.06;-15.79;671.92
343.74;327.82;-15.92;671.55
343.80;328.39;-15.41;672.19
344.22;329.17;-15.05;673.39
344.09;328.41;-15.68;672.49
343.75;328.75;-15.00;672.51
343.40;329.68;-13.72;673.08
343.28;328.74;-14.54;672.01
342.93;327.85;-15.08;670.78
344.08;331.18;-12.90;675.26
344.39;328.63;-15.76;673.02
343.81;328.35;-15.46;672.16
344.29;326.98;-17.31;671.28
341.70;329.75;-11.95;671.45
343.79;327.63;-16.16;671.42
344.39;327.48;-16.92;671.87
343.78;328.66;-15.12;672.44
344.03;328.72;-15.31;672.75
343.77;328.87;-14.90;672.64
343.57;328.57;-15.00;672.14
343.25;329.14;-14.11;672.38
343.15;328.05;-15.11;671.20
342.95;328.93;-14.02;671.88
342.76;328.19;-14.57;670.96
343.81;328.69;-15.12;672.49
342.38;328.64;-13.75;671.02
344.06;329.35;-14.71;673.41
344.12;328.24;-15.88;672.35
343.49;330.41;-13.08;673.90
341.47;329.76;-11.71;671.23
343.90;329.75;-14.15;673.65
344.27;327.06;-17.21;671.33
343.92;328.89;-15.03;672.82
343.66;328.65;-15.01;672.31
343.38;328.38;-15.00;671.76
343.20;329.58;-13.62;672.78
343.16;328.68;-14.49;671.84
342.99;329.96;-13.04;672.95
342.80;329.14;-13.66;671.94
342.73;328.96;-13.77;671.69
342.56;328.72;-13.84;671.29
342.45;329.88;-12.58;672.33
343.75;329.35;-14.40;673.11
344.12;328.30;-15.82;672.42
344.02;327.38;-16.64;671.39
343.55;327.95;-15.59;671.50
344.33;329.63;-14.70;673.96
344.49;327.51;-16.98;672.01
344.11;329.24;-14.87;673.34
344.05;329.05;-15.00;673.09
343.19;329.66;-13.53;672.86
343.55;328.39;-15.16;671.94
343.12;328.10;-15.02;671.22
344.53;328.55;-15.98;673.08
342.74;329.74;-12.99;672.48
344.57;328.58;-15.99;673.15
342.27;328.35;-13.92;670.62
343.79;330.04;-13.75;673.82
344.67;329.94;-14.73;674.61
343.92;327.75;-16.18;671.67
341.31;329.94;-11.37;671.25
343.46;327.23;-16.23;670.69
343.71;328.91;-14.81;672.62
343.74;329.39;-14.35;673.12
343.49;329.35;-14.14;672.84
343.22;328.84;-14.38;672.06
342.99;329.62;-13.37;672.62
342.69;329.55;-13.15;672.24
342.46;330.30;-12.16;672.76
342.16;328.40;-13.76;670.56
343.81;327.96;-15.85;671.76
343.84;328.04;-15.81;671.88
343.86;328.65;-15.22;672.51
344.12;327.46;-16.66;671.58
344.16;328.24;-15.92;672.39
343.61;328.59;-15.01;672.20
343.60;329.76;-13.84;673.36
343.44;328.58;-14.86;672.01
343.24;328.39;-14.85;671.63
343.07;328.07;-15.00;671.14
342.88;327.83;-15.05;670.71
343.72;328.74;-14.99;672.46
342.36;329.55;-12.81;671.91
342.05;328.26;-13.79;670.31
341.88;329.98;-11.90;671.85
344.29;330.05;-14.25;674.34
343.76;329.45;-14.31;673.21
343.62;330.38;-13.25;674.00
343.24;328.92;-14.31;672.16
343.22;330.08;-13.15;673.30
343.34;329.56;-13.77;672.90
343.28;329.44;-13.85;672.72
344.51;328.02;-16.49;672.52
342.76;329.66;-13.10;672.43
344.70;328.76;-15.94;673.46
342.22;328.32;-13.90;670.55
344.36;328.12;-16.24;672.48
341.78;329.65;-12.13;671.42
343.62;329.69;-13.93;673.32
343.53;329.56;-13.97;673.09
343.84;327.40;-16.44;671.24
343.14;328.15;-14.99;671.29
343.35;329.14;-14.21;672.49
344.04;327.94;-16.09;671.98
343.80;328.76;-15.04;672.56
343.47;329.59;-13.88;673.06
343.24;330.19;-13.05;673.44
344.23;329.19;-15.04;673.42
342.72;329.71;-13.01;672.43
342.52;327.42;-15.10;669.95
344.09;328.52;-15.57;672.62
342.28;328.48;-13.80;670.75
343.52;328.40;-15.12;671.92
342.03;328.34;-13.69;670.36
342.02;328.11;-13.91;670.12
341.78;328.06;-13.72;669.84
343.52;327.72;-15.81;671.24
344.70;327.53;-17.17;672.23
344.06;329.41;-14.65;673.46
343.58;328.61;-14.96;672.19
344.05;329.19;-14.86;673.25
343.96;328.34;-15.63;672.30
343.19;328.61;-14.59;671.80
343.49;329.64;-13.85;673.13
343.35;329.61;-13.75;672.96
344.42;329.52;-14.90;673.95
343.05;329.21;-13.84;672.26
344.07;329.07;-15.00;673.14
342.75;328.89;-13.86;671.65
344.71;328.59;-16.11;673.30
344.18;327.24;-16.94;671.41
342.11;328.88;-13.23;670.99
344.89;329.23;-15.66;674.12
343.84;326.51;-17.33;670.35
343.53;328.45;-15.08;671.98
344.21;329.29;-14.92;673.50
343.65;329.12;-14.53;672.78
343.95;326.76;-17.18;670.71
343.50;328.50;-15.00;672.00
343.32;328.22;-15.10;671.55
343.08;327.85;-15.23;670.94
342.89;328.05;-14.85;670.94
342.85;329.15;-13.71;672.00
344.51;329.59;-14.92;674.10
345.74;328.79;-16.95;674.53
344.72;328.65;-16.07;673.36
344.15;328.39;-15.76;672.55
344.21;326.84;-17.38;671.05
343.45;328.04;-15.41;671.49
344.54;327.75;-16.79;672.28
344.58;327.48;-17.10;672.06
343.40;328.09;-15.31;671.49
344.08;327.81;-16.27;671.88
343.82;328.75;-15.07;672.58
343.65;328.55;-15.10;672.19
343.38;328.32;-15.06;671.71
343.26;329.06;-14.21;672.32
344.86;329.04;-15.82;673.90
344.96;327.65;-17.31;672.61
344.72;327.98;-16.74;672.69
345.34;328.50;-16.84;673.84
344.52;328.26;-16.26;672.79
341.85;328.84;-13.01;670.69
344.91;327.81;-17.10;672.71
344.43;327.58;-16.85;672.01
343.58;328.89;-14.69;672.48
344.09;328.76;-15.32;672.85
344.06;329.09;-14.97;673.16
343.86;329.04;-14.83;672.90
343.69;327.54;-16.16;671.23
343.55;328.44;-15.12;671.99
343.47;328.33;-15.14;671.80
343.24;328.60;-14.64;671.84
343.12;329.09;-14.03;672.22
342.88;328.93;-13.95;671.81
344.39;328.87;-15.52;673.26
342.51;328.51;-14.00;671.02
344.66;327.09;-17.58;671.75
341.99;328.18;-13.82;670.17
343.78;329.13;-14.65;672.91
341.49;329.68;-11.81;671.17
343.53;329.55;-13.98;673.08
344.32;327.21;-17.11;671.53
344.16;326.99;-17.17;671.15
344.02;328.72;-15.30;672.74
343.78;329.81;-13.98;673.59
343.58;328.55;-15.04;672.13
343.36;328.36;-14.99;671.72
343.18;328.76;-14.42;671.94
342.97;327.95;-15.02;670.92
344.45;327.98;-16.48;672.43
344.64;327.64;-16.99;672.28
342.43;328.84;-13.59;671.26
342.35;328.49;-13.86;670.84
342.28;328.22;-14.06;670.51
342.09;328.18;-13.91;670.28
344.29;328.94;-15.35;673.23
343.24;327.11;-16.13;670.35
344.44;329.51;-14.94;673.95
343.01;327.24;-15.78;670.25
344.11;329.32;-14.78;673.43
343.86;328.88;-14.98;672.74
343.55;329.31;-14.24;672.86
343.35;329.08;-14.27;672.42
343.06;328.71;-14.35;671.78
345.23;328.69;-16.54;673.92
345.40;327.36;-18.04;672.76
344.04;327.14;-16.90;671.18
342.02;329.34;-12.68;671.36
344.34;327.79;-16.55;672.13
344.65;329.42;-15.24;674.07
344.39;327.26;-17.13;671.66
344.19;328.41;-15.78;672.59
344.03;326.86;-17.17;670.89
343.76;328.61;-15.15;672.37
343.43;329.58;-13.85;673.01
344.38;328.00;-16.38;672.38
342.82;327.81;-15.01;670.62
343.92;327.00;-16.92;670.92
344.50;327.42;-17.08;671.92
344.02;329.03;-14.99;673.05
341.88;327.99;-13.89;669.86
343.74;327.81;-15.93;671.55
343.55;329.53;-14.02;673.08
344.31;329.02;-15.29;673.33
344.11;329.17;-14.94;673.28
343.96;327.65;-16.31;671.62
343.52;328.42;-15.10;671.94
343.29;328.39;-14.91;671.68
343.04;329.16;-13.88;672.19
342.75;328.92;-13.83;671.66
344.86;328.58;-16.28;673.44
342.19;327.10;-15.09;669.29
344.16;329.47;-14.69;673.64
343.51;327.78;-15.74;671.29
341.41;327.53;-13.88;668.94
344.19;328.08;-16.11;672.28
343.26;329.62;-13.64;672.89
343.96;328.75;-15.21;672.71
343.71;326.59;-17.12;670.29
343.22;328.35;-14.86;671.57
344.31;329.30;-15.01;673.61
342.99;329.03;-13.96;672.02
344.03;327.59;-16.44;671.62
344.61;328.58;-16.03;673.19
342.16;329.73;-12.44;671.89
344.25;327.96;-16.28;672.21
343.69;327.66;-16.02;671.35
343.74;327.45;-16.29;671.18
343.98;328.04;-15.94;672.02
343.88;327.72;-16.16;671.61
343.64;328.69;-14.95;672.34
343.42;330.25;-13.17;673.68
343.16;328.14;-15.02;671.31
343.03;329.01;-14.02;672.04
342.67;328.75;-13.92;671.42
344.65;328.59;-16.06;673.24
344.03;329.80;-14.23;673.83
343.88;328.05;-15.83;671.92
344.18;327.69;-16.49;671.88
344.24;329.42;-14.81;673.66
344.14;329.22;-14.92;673.36
343.81;328.34;-15.47;672.15
343.74;329.39;-14.35;673.12
343.47;330.55;-12.92;674.02
343.19;328.13;-15.06;671.32
342.92;329.05;-13.86;671.97
342.72;327.51;-15.21;670.23
342.31;329.73;-12.58;672.04
343.55;327.08;-16.47;670.64
344.15;328.04;-16.11;672.19
341.63;327.71;-13.92;669.34
343.81;327.49;-16.32;671.30
342.31;329.20;-13.11;671.51
343.43;329.42;-14.01;672.85
343.43;329.72;-13.71;673.15
343.55;328.68;-14.88;672.23
344.49;328.24;-16.26;672.73
344.76;329.34;-15.42;674.09
343.06;328.02;-15.04;671.09
342.68;328.38;-14.30;671.06
342.70;328.94;-13.76;671.64
342.46;329.96;-12.49;672.42
343.95;328.45;-15.49;672.40
342.15;328.29;-13.86;670.44
344.01;328.10;-15.91;672.11
343.82;329.80;-14.02;673.62
343.95;329.76;-14.19;673.72
344.60;330.12;-14.48;674.72
344.34;328.89;-15.44;673.23
344.41;329.76;-14.65;674.17
344.06;330.04;-14.02;674.09
343.56;328.82;-14.74;672.38
343.45;329.79;-13.66;673.25
345.29;328.32;-16.96;673.61
344.56;328.12;-16.44;672.68
342.96;329.85;-13.11;672.81
342.65;328.79;-13.86;671.44
344.59;329.31;-15.28;673.89
342.21;329.73;-12.48;671.94
341.88;329.49;-12.38;671.37
343.76;327.92;-15.84;671.68
341.39;329.76;-11.62;671.15
341.15;327.35;-13.81;668.50
344.22;329.16;-15.06;673.38
343.08;329.46;-13.62;672.54
343.77;328.96;-14.81;672.73
343.26;328.68;-14.58;671.94
343.25;329.55;-13.69;672.80
343.01;328.98;-14.03;671.99
344.08;331.04;-13.04;675.12
343.82;328.75;-15.07;672.58
344.03;327.90;-16.13;671.93
343.14;328.18;-14.95;671.32
343.91;327.91;-16.00;671.81
341.63;327.64;-13.99;669.27
344.23;329.60;-14.63;673.83
343.69;330.18;-13.52;673.87
344.03;327.83;-16.20;671.86
343.52;330.59;-12.94;674.11
343.45;329.71;-13.74;673.16
344.21;329.99;-14.22;674.19
342.99;328.91;-14.08;671.89
342.69;327.78;-14.92;670.47
342.49;328.65;-13.84;671.14
344.48;327.31;-17.17;671.78
341.91;328.12;-13.79;670.03
343.95;327.79;-16.16;671.75
343.42;329.75;-13.66;673.17
344.26;330.51;-13.75;674.78
343.91;328.93;-14.98;672.84
344.54;328.79;-15.75;673.32
343.08;328.48;-14.60;671.56
343.26;330.12;-13.14;673.39
344.14;328.15;-15.99;672.28
342.73;328.75;-13.98;671.48
342.52;328.61;-13.91;671.14
342.30;328.46;-13.84;670.76
344.82;330.39;-14.43;675.22
341.91;329.24;-12.66;671.15
341.69;327.90;-13.79;669.59
343.74;328.51;-15.24;672.25
344.22;328.77;-15.45;672.99
343.82;329.21;-14.62;673.03
343.19;326.99;-16.20;670.18
343.90;328.80;-15.10;672.70
343.61;329.68;-13.93;673.28
343.47;329.49;-13.98;672.96
343.98;328.01;-15.97;671.99
342.80;329.61;-13.19;672.41
342.48;329.52;-12.95;672.00
342.21;329.39;-12.82;671.59
342.05;328.22;-13.83;670.26
344.15;327.95;-16.20;672.11
344.55;327.61;-16.95;672.16
343.98;329.58;-14.40;673.55
344.34;329.51;-14.84;673.85
344.06;327.40;-16.66;671.46
343.89;329.56;-14.32;673.45
343.08;328.99;-14.09;672.06
343.17;329.59;-13.58;672.76
343.64;328.66;-14.98;672.31
343.29;328.27;-15.02;671.56
344.44;328.24;-16.21;672.68
345.24;327.95;-17.29;673.18
342.64;327.74;-14.91;670.38
344.69;328.74;-15.96;673.43
342.31;328.32;-13.99;670.64
342.04;328.28;-13.76;670.32
343.65;327.83;-15.82;671.48
344.36;328.66;-15.70;673.03
343.39;329.49;-13.89;672.88
343.56;327.28;-16.28;670.85
343.51;330.33;-13.18;673.84
343.02;329.57;-13.45;672.59
343.66;328.56;-15.10;672.23
343.34;329.35;-13.98;672.69
343.18;328.77;-14.41;671.95
342.93;329.16;-13.77;672.09
342.82;327.71;-15.11;670.54
343.98;328.83;-15.15;672.81
344.11;328.47;-15.64;672.58
344.10;328.21;-15.89;672.31
344.22;328.18;-16.04;672.40
344.23;329.75;-14.48;673.98
341.56;327.55;-14.01;669.11
343.12;329.36;-13.75;672.48
344.29;329.78;-14.51;674.08
344.12;329.02;-15.10;673.15
343.82;328.77;-15.05;672.59
343.74;329.57;-14.16;673.31
343.31;328.58;-14.72;671.89
344.86;329.19;-15.67;674.06
342.83;329.03;-13.80;671.86
342.64;329.57;-13.07;672.21
342.30;328.45;-13.85;670.75
342.16;328.29;-13.86;670.45
344.83;328.09;-16.74;672.92
341.76;329.38;-12.39;671.14
341.49;329.48;-12.01;670.97
343.83;329.78;-14.05;673.61
344.23;329.03;-15.20;673.26
343.69;329.44;-14.25;673.13
343.65;328.71;-14.94;672.36
342.71;328.50;-14.21;671.21
343.19;328.10;-15.09;671.29
342.92;327.97;-14.95;670.89
342.72;327.73;-14.99;670.45
342.65;327.64;-15.01;670.29
342.56;328.65;-13.92;671.21
342.38;328.46;-13.91;670.84
343.11;328.42;-14.69;671.53
343.20;329.67;-13.53;672.87
344.01;327.97;-16.04;671.98
344.56;327.79;-16.77;672.36
344.68;328.45;-16.23;673.14
344.00;329.28;-14.72;673.28
343.42;328.56;-14.85;671.98
343.89;329.62;-14.26;673.51
343.72;329.43;-14.29;673.15
343.58;328.68;-14.89;672.26
343.38;328.55;-14.83;671.94
343.32;328.43;-14.89;671.75
343.06;329.19;-13.88;672.25
342.94;328.09;-14.85;671.02
342.66;327.66;-15.00;670.32
342.49;328.64;-13.85;671.12
343.88;328.02;-15.86;671.91
344.25;327.28;-16.97;671.52
342.26;328.44;-13.82;670.70
343.94;328.18;-15.76;672.12
344.95;328.21;-16.75;673.16
344.16;329.37;-14.79;673.53
344.54;328.64;-15.90;673.18
344.57;327.68;-16.89;672.25
344.28;327.59;-16.68;671.87
344.27;329.42;-14.85;673.69
344.22;327.19;-17.03;671.41
343.96;327.69;-16.27;671.65
344.98;329.36;-15.62;674.34
343.42;329.18;-14.24;672.61
343.12;328.01;-15.11;671.14
342.98;327.93;-15.05;670.91
342.74;327.69;-15.05;670.44
345.22;328.71;-16.52;673.93
343.66;328.29;-15.36;671.95
345.16;329.21;-15.96;674.37
344.18;329.55;-14.64;673.73
344.17;327.81;-16.36;671.98
344.49;328.44;-16.06;672.93
344.51;329.29;-15.22;673.81
344.20;329.65;-14.55;673.85
343.90;329.37;-14.53;673.27
343.67;328.59;-15.08;672.26
343.55;328.56;-14.99;672.12
343.36;328.04;-15.32;671.40
343.04;328.62;-14.42;671.66
345.42;328.77;-16.65;674.19
342.59;329.49;-13.11;672.08
342.39;328.55;-13.84;670.95
342.18;329.66;-12.52;671.84
344.03;326.87;-17.16;670.90
344.40;328.13;-16.27;672.53
344.02;327.86;-16.16;671.89
343.74;327.85;-15.89;671.59
343.39;327.80;-15.59;671.19
343.87;328.96;-14.91;672.84
344.34;329.92;-14.42;674.25
343.85;329.05;-14.81;672.90
343.79;327.64;-16.16;671.43
343.64;329.68;-13.96;673.32
343.51;328.49;-15.01;672.00
343.35;328.35;-14.99;671.70
343.19;329.43;-13.76;672.62
343.04;329.08;-13.96;672.12
342.95;327.84;-15.12;670.79
342.72;328.91;-13.81;671.63
344.68;327.31;-17.37;671.99
342.23;327.18;-15.05;669.41
344.42;328.10;-16.32;672.52
343.72;326.87;-16.85;670.59
344.69;327.86;-16.83;672.56
343.85;329.78;-14.08;673.63
343.31;329.58;-13.73;672.88
343.45;327.61;-15.85;671.06
343.61;330.17;-13.44;673.78
344.08;330.34;-13.74;674.42
343.92;328.96;-14.95;672.88
343.64;327.68;-15.95;671.32
343.64;328.65;-14.99;672.29
343.44;328.51;-14.94;671.95
343.25;328.49;-14.76;671.74
343.00;329.22;-13.78;672.22
342.84;328.48;-14.36;671.31
342.66;328.77;-13.89;671.44
342.42;328.65;-13.78;671.07
342.30;328.42;-13.88;670.72
342.11;328.23;-13.88;670.34
343.11;327.94;-15.17;671.05
344.18;327.82;-16.36;672.00
343.62;329.55;-14.07;673.18
344.10;328.24;-15.86;672.34
340.92;329.06;-11.85;669.98
342.84;329.41;-13.43;672.25
343.62;329.46;-14.16;673.08
343.55;329.69;-13.86;673.24
342.83;328.47;-14.36;671.30
343.35;328.14;-15.21;671.49
343.02;328.01;-15.01;671.03
342.82;328.98;-13.84;671.79
342.59;328.74;-13.85;671.34
344.26;329.79;-14.46;674.05
343.89;330.23;-13.66;674.12
342.62;329.05;-13.56;671.67
343.65;327.98;-15.68;671.63
344.26;329.05;-15.21;673.32
344.32;329.53;-14.79;673.85
343.50;328.14;-15.36;671.64
343.22;329.28;-13.95;672.50
342.91;330.07;-12.84;672.98
343.61;328.56;-15.05;672.18
343.33;328.34;-14.99;671.67
344.60;329.34;-15.26;673.94
342.92;329.04;-13.89;671.96
343.46;328.92;-14.54;672.38
342.49;328.65;-13.84;671.15
344.08;328.51;-15.58;672.59
343.59;328.22;-15.38;671.81
344.44;328.07;-16.36;672.51
344.08;327.76;-16.32;671.84
343.07;327.49;-15.58;670.56
344.57;329.54;-15.03;674.11
343.24;328.19;-15.05;671.44
342.17;328.01;-14.16;670.18
343.36;329.35;-14.02;672.71
343.64;329.73;-13.91;673.36
343.69;329.52;-14.17;673.22
343.38;329.44;-13.94;672.82
343.34;328.25;-15.09;671.58
343.16;328.12;-15.04;671.29
342.98;329.05;-13.93;672.04
344.61;328.24;-16.36;672.85
343.78;328.69;-15.09;672.46
343.50;328.46;-15.04;671.96
342.06;326.97;-15.09;669.03
344.15;330.03;-14.12;674.18
344.77;328.67;-16.10;673.44
343.78;327.65;-16.13;671.42
344.36;329.18;-15.19;673.54
343.49;329.06;-14.44;672.55
343.75;329.91;-13.84;673.65
343.56;328.66;-14.90;672.23
343.34;327.67;-15.67;671.01
343.92;328.11;-15.81;672.04
342.98;328.91;-14.08;671.89
344.96;328.76;-16.20;673.72
343.99;329.39;-14.59;673.38
342.16;327.64;-14.52;669.81
344.50;328.18;-16.32;672.68
344.28;327.98;-16.30;672.26
344.01;327.66;-16.35;671.68
343.95;329.47;-14.48;673.42
343.82;329.44;-14.38;673.26
344.10;329.19;-14.91;673.29
343.81;328.73;-15.08;672.54
343.70;329.82;-13.88;673.52
343.41;328.36;-15.05;671.77
343.25;328.23;-15.02;671.48
343.11;329.18;-13.94;672.29
342.87;329.69;-13.18;672.56
343.91;327.49;-16.42;671.39
343.72;327.43;-16.29;671.15
345.42;328.30;-17.12;673.72
341.95;327.08;-14.87;669.04
344.94;329.51;-15.43;674.44
343.65;328.77;-14.88;672.42
344.42;329.27;-15.15;673.69
344.49;327.44;-17.05;671.94
344.38;329.22;-15.16;673.60
343.78;329.12;-14.66;672.90
343.89;329.04;-14.85;672.93
343.77;328.55;-15.22;672.32
344.15;328.98;-15.17;673.12
343.31;328.11;-15.19;671.42
345.21;328.46;-16.75;673.66
342.74;327.42;-15.32;670.16
344.68;327.28;-17.39;671.96
344.16;329.70;-14.46;673.86
343.31;327.14;-16.18;670.45
344.69;328.29;-16.40;672.98
343.45;328.23;-15.22;671.68
344.04;328.11;-15.93;672.15
343.71;329.12;-14.59;672.84
344.68;328.55;-16.14;673.23
344.34;328.34;-16.00;672.67
344.26;327.25;-17.01;671.51
344.12;328.82;-15.29;672.94
343.68;328.74;-14.94;672.42
343.50;328.51;-14.99;672.01
343.30;327.01;-16.29;670.31
343.01;330.08;-12.92;673.09
345.05;328.86;-16.19;673.91
342.42;327.30;-15.12;669.72
344.12;328.43;-15.69;672.55
344.08;326.97;-17.11;671.05
344.03;328.01;-16.02;672.04
343.87;330.23;-13.64;674.10
344.06;328.71;-15.36;672.77
341.43;327.54;-13.89;668.97
344.39;329.32;-15.07;673.72
344.03;329.53;-14.50;673.56
344.02;329.47;-14.55;673.49
343.66;328.67;-14.99;672.33
343.41;328.37;-15.04;671.78
343.20;329.33;-13.87;672.53
343.09;327.98;-15.11;671.06
344.89;327.69;-17.21;672.58
344.40;327.62;-16.78;672.02
344.95;328.65;-16.30;673.61
344.22;328.49;-15.72;672.71
342.20;327.03;-15.17;669.23
341.95;328.11;-13.84;670.06
344.22;327.79;-16.42;672.01
344.55;327.66;-16.89;672.22
344.59;329.41;-15.18;673.99
344.53;328.23;-16.30;672.76
344.11;328.05;-16.06;672.16
343.99;329.47;-14.52;673.46
343.77;329.22;-14.55;672.99
343.47;329.13;-14.34;672.60
343.32;328.81;-14.51;672.14
343.11;329.14;-13.97;672.24
342.86;327.88;-14.98;670.75
343.65;327.50;-16.15;671.15
344.27;327.36;-16.91;671.63
344.24;327.09;-17.15;671.32
344.34;329.06;-15.28;673.41
344.18;328.91;-15.26;673.09
343.89;327.76;-16.14;671.65
344.48;327.54;-16.95;672.02
344.01;328.64;-15.38;672.65
344.02;329.23;-14.79;673.25
344.00;328.96;-15.04;672.96
343.77;328.82;-14.95;672.59
343.74;329.24;-14.50;672.97
343.42;328.39;-15.04;671.81
343.18;328.12;-15.05;671.30
342.95;329.22;-13.73;672.16
342.78;327.79;-14.98;670.57
344.92;327.34;-17.58;672.26
344.47;327.15;-17.32;671.62
343.98;327.59;-16.39;671.58
343.74;328.05;-15.69;671.78
344.79;328.61;-16.18;673.39
344.34;327.44;-16.90;671.78
344.34;327.28;-17.05;671.62
343.98;326.99;-16.99;670.96
343.84;328.63;-15.21;672.47
343.54;328.50;-15.04;672.04
344.43;328.16;-16.27;672.59
344.66;329.06;-15.61;673.72
344.39;328.95;-15.44;673.34
342.68;328.83;-13.85;671.51
343.74;328.62;-15.12;672.36
344.09;329.28;-14.81;673.37
344.28;329.43;-14.85;673.71
344.18;329.15;-15.03;673.34
343.53;330.69;-12.84;674.22
344.06;329.35;-14.71;673.41
343.98;326.96;-17.01;670.94
343.85;328.86;-14.98;672.71
343.69;330.61;-13.08;674.31
342.78;329.76;-13.02;672.54
343.21;326.04;-17.16;669.25
343.11;327.99;-15.12;671.09
342.70;328.13;-14.57;670.83
343.46;328.55;-14.92;672.01
342.51;328.59;-13.91;671.10
342.21;328.48;-13.73;670.69
344.29;328.39;-15.90;672.69
344.15;328.04;-16.11;672.19
343.59;328.01;-15.58;671.59
344.58;327.86;-16.72;672.45
343.82;327.59;-16.23;671.42
343.29;329.33;-13.96;672.62
344.01;329.74;-14.28;673.75
343.90;328.96;-14.94;672.86
343.53;328.48;-15.05;672.01
343.39;329.75;-13.64;673.14
343.15;327.71;-15.44;670.85
343.14;329.32;-13.81;672.46
342.98;328.62;-14.35;671.60
342.84;327.76;-15.08;670.61
342.72;328.76;-13.95;671.48
342.62;328.79;-13.84;671.41
344.76;328.46;-16.29;673.22
344.89;330.09;-14.80;674.98
343.64;327.97;-15.67;671.61
341.60;329.59;-12.01;671.19
343.76;328.82;-14.95;672.58
343.77;329.38;-14.39;673.15
343.47;329.20;-14.27;672.67
343.95;330.06;-13.89;674.01
343.24;329.96;-13.28;673.21
343.70;329.72;-13.98;673.42
343.54;328.56;-14.98;672.10
344.42;328.32;-16.10;672.75
343.11;330.13;-12.98;673.24
343.98;329.09;-14.89;673.06
342.62;328.96;-13.65;671.58
342.58;328.84;-13.74;671.41
342.49;328.72;-13.77;671.22
342.35;327.58;-14.78;669.93
343.87;328.62;-15.25;672.49
344.23;328.42;-15.81;672.65
344.12;328.39;-15.74;672.51
344.18;328.88;-15.31;673.06
344.04;329.31;-14.73;673.35
341.49;329.45;-12.05;670.94
344.58;327.49;-17.09;672.07
344.05;329.26;-14.79;673.31
344.09;329.22;-14.87;673.32
343.86;328.86;-15.01;672.72
342.98;328.55;-14.42;671.53
343.43;329.66;-13.77;673.09
343.27;328.26;-15.01;671.53
344.16;329.14;-15.02;673.30
343.75;327.29;-16.46;671.04
345.05;328.94;-16.11;673.99
342.66;328.84;-13.82;671.50
344.24;328.75;-15.49;672.99
342.38;328.48;-13.90;670.86
344.74;328.34;-16.40;673.08
343.84;328.14;-15.71;671.98
343.82;328.81;-15.01;672.64
344.81;327.92;-16.89;672.73
344.57;329.25;-15.32;673.82
344.28;327.25;-17.02;671.53
345.48;327.07;-18.41;672.55
343.84;326.91;-16.92;670.75
344.53;328.61;-15.92;673.14
343.52;328.47;-15.05;671.99
343.36;328.17;-15.19;671.53
343.09;329.04;-14.05;672.13
342.87;328.52;-14.35;671.39
342.64;327.69;-14.95;670.34
344.31;329.65;-14.66;673.95
342.26;327.14;-15.12;669.39
342.10;328.21;-13.89;670.31
343.64;327.92;-15.72;671.55
343.41;329.62;-13.79;673.02
343.75;329.59;-14.15;673.34
343.84;329.19;-14.65;673.02
343.75;328.99;-14.76;672.74
342.64;329.04;-13.59;671.68
343.69;328.96;-14.73;672.65
343.46;328.18;-15.28;671.64
343.24;329.24;-13.99;672.48
344.96;328.99;-15.96;673.95
342.74;328.95;-13.79;671.68
342.54;329.47;-13.07;672.01
345.09;328.52;-16.57;673.61
344.70;330.27;-14.43;674.97
342.04;328.26;-13.78;670.30
341.88;328.01;-13.86;669.89
344.21;327.90;-16.31;672.11
343.40;329.12;-14.28;672.52
341.36;329.40;-11.96;670.76
344.43;328.32;-16.11;672.75
344.11;329.65;-14.46;673.75
344.19;329.35;-14.84;673.54
344.05;328.35;-15.70;672.41
343.82;328.64;-15.18;672.46
343.49;328.51;-14.98;672.01
343.19;328.17;-15.02;671.36
343.04;328.13;-14.91;671.17
344.04;327.78;-16.26;671.82
344.38;327.66;-16.72;672.04
342.51;328.71;-13.80;671.21
344.40;328.59;-15.81;672.99
344.05;330.31;-13.75;674.36
344.55;329.77;-14.78;674.32
343.05;328.13;-14.92;671.18
344.77;327.96;-16.81;672.74
344.74;327.70;-17.04;672.44
344.48;327.43;-17.05;671.91
344.08;329.06;-15.01;673.14
343.29;329.44;-13.86;672.73
343.76;329.31;-14.45;673.07
343.44;328.96;-14.47;672.40
343.21;328.20;-15.01;671.41
343.08;329.19;-13.89;672.27
342.72;328.83;-13.89;671.55
343.39;328.61;-14.78;671.99
342.32;330.26;-12.06;672.58
344.14;328.98;-15.16;673.12
344.81;327.79;-17.01;672.60
344.48;327.55;-16.94;672.03
344.13;328.53;-15.60;672.66
344.07;329.02;-15.05;673.09
343.71;328.68;-15.03;672.38
343.52;329.66;-13.86;673.18
343.35;328.12;-15.23;671.46
342.97;327.95;-15.02;670.92
342.72;328.61;-14.12;671.33
344.11;328.71;-15.40;672.81
344.36;328.41;-15.95;672.77
345.37;328.26;-17.11;673.63
345.01;327.52;-17.49;672.54
341.69;329.28;-12.41;670.97
344.63;329.65;-14.98;674.28
343.86;328.22;-15.64;672.08
343.02;327.14;-15.88;670.16
343.98;328.90;-15.08;672.88
343.72;327.46;-16.26;671.18
343.51;328.38;-15.13;671.88
345.21;329.24;-15.97;674.44
342.98;329.84;-13.15;672.82
344.80;328.92;-15.88;673.72
342.64;328.74;-13.90;671.37
343.88;328.53;-15.35;672.41
343.42;328.34;-15.08;671.75
342.05;328.18;-13.87;670.22
343.69;329.63;-14.06;673.32
344.66;328.69;-15.96;673.35
343.49;329.49;-14.01;672.98
344.46;329.91;-14.56;674.37
343.44;328.97;-14.47;672.41
344.19;330.10;-14.09;674.29
343.88;328.92;-14.96;672.80
343.22;327.65;-15.58;670.87
343.40;328.42;-14.98;671.82
344.14;328.15;-15.99;672.28
344.23;328.02;-16.21;672.25
342.82;328.34;-14.49;671.16
344.39;328.68;-15.71;673.08
342.34;329.17;-13.17;671.51
344.48;328.17;-16.31;672.65
343.89;329.84;-14.05;673.74
343.88;329.55;-14.33;673.44
343.51;329.31;-14.19;672.82
343.83;329.19;-14.64;673.02
343.91;329.56;-14.34;673.47
343.48;329.35;-14.14;672.83
343.38;328.34;-15.04;671.72
343.14;328.73;-14.41;671.87
342.99;329.86;-13.14;672.85
342.71;327.83;-14.88;670.54
342.61;328.74;-13.86;671.35
342.38;329.38;-13.01;671.76
344.59;328.45;-16.15;673.04
342.02;328.28;-13.74;670.29
344.76;328.92;-15.85;673.68
344.20;328.48;-15.72;672.68
343.29;327.44;-15.85;670.73
343.70;329.21;-14.49;672.91
342.86;329.00;-13.86;671.86
343.76;328.62;-15.14;672.39
343.59;328.39;-15.19;671.98
343.22;329.47;-13.75;672.69
343.05;329.24;-13.81;672.29
342.80;327.91;-14.89;670.71
344.61;328.90;-15.71;673.51
342.51;327.34;-15.18;669.85
342.29;330.23;-12.06;672.52
343.84;326.77;-17.06;670.61
344.36;327.78;-16.59;672.14
344.48;329.55;-14.92;674.03
343.79;329.24;-14.56;673.03
343.12;326.97;-16.15;670.09
342.58;329.21;-13.38;671.79
342.78;328.53;-14.25;671.31
343.24;329.46;-13.78;672.71
343.12;329.16;-13.95;672.28
342.88;327.83;-15.05;670.71
344.14;327.65;-16.49;671.78
342.52;330.32;-12.19;672.84
342.28;329.29;-12.99;671.58
342.19;330.38;-11.81;672.58
341.98;327.98;-13.99;669.96
343.72;329.34;-14.39;673.06
344.67;328.61;-16.06;673.28
341.42;329.36;-12.06;670.78
344.12;329.48;-14.65;673.60
344.06;329.26;-14.80;673.32
343.32;329.04;-14.28;672.35
343.64;327.69;-15.95;671.34
343.06;329.14;-13.92;672.20
343.34;329.19;-14.15;672.52
343.27;328.39;-14.88;671.66
343.20;329.32;-13.88;672.52
343.05;326.92;-16.13;669.98
344.79;328.05;-16.74;672.84
344.61;329.13;-15.48;673.74
342.76;328.98;-13.78;671.75
344.66;328.81;-15.85;673.47
344.28;329.23;-15.05;673.51
342.24;329.35;-12.89;671.59
344.03;327.18;-16.85;671.21
344.71;328.08;-16.63;672.79
344.08;327.85;-16.24;671.93
344.09;328.42;-15.68;672.51
345.45;329.39;-16.06;674.84
344.00;327.86;-16.14;671.86
343.76;328.84;-14.93;672.60
343.50;328.68;-14.82;672.18
343.46;328.20;-15.26;671.66
343.04;329.28;-13.76;672.32
342.93;329.04;-13.89;671.97
344.46;328.87;-15.59;673.33
342.53;328.74;-13.79;671.27
343.75;327.36;-16.38;671.11
342.19;329.83;-12.36;672.02
343.95;328.10;-15.85;672.05
344.09;327.94;-16.15;672.03
344.14;329.32;-14.82;673.45
341.33;328.36;-12.97;669.69
344.16;329.46;-14.70;673.63
344.06;330.11;-13.96;674.17
344.09;330.38;-13.71;674.46
343.95;329.71;-14.24;673.66
343.62;329.76;-13.86;673.38
343.43;329.74;-13.69;673.16
343.09;329.42;-13.67;672.51
343.05;328.04;-15.01;671.08
342.83;328.89;-13.94;671.72
343.41;328.69;-14.71;672.10
342.23;328.39;-13.84;670.62
342.05;329.09;-12.96;671.14
343.48;327.98;-15.50;671.45
343.79;327.78;-16.01;671.57
343.62;329.62;-14.00;673.25
343.41;327.51;-15.89;670.92
343.55;327.24;-16.31;670.79
344.16;327.99;-16.17;672.16
340.78;329.42;-11.35;670.20
343.79;328.80;-14.99;672.59
343.66;327.40;-16.26;671.06
343.36;329.32;-14.04;672.69
342.95;329.23;-13.72;672.18
342.91;329.08;-13.84;671.99
342.78;327.72;-15.05;670.50
344.83;328.71;-16.12;673.54
342.44;328.74;-13.69;671.18
343.62;330.08;-13.54;673.69
342.19;328.32;-13.87;670.51
343.51;328.20;-15.31;671.71
343.25;329.92;-13.34;673.17
341.64;329.50;-12.14;671.14
344.09;329.59;-14.50;673.68
343.94;329.42;-14.52;673.36
343.66;328.39;-15.27;672.06
343.89;328.74;-15.15;672.64
342.91;330.14;-12.77;673.05
343.96;328.93;-15.03;672.89
343.47;329.62;-13.85;673.09
343.55;328.88;-14.67;672.42
343.18;328.26;-14.92;671.44
343.07;328.58;-14.49;671.65
342.84;329.66;-13.17;672.50
342.59;328.71;-13.88;671.31
342.33;328.44;-13.89;670.77
342.06;328.18;-13.88;670.24
341.84;327.87;-13.97;669.71
344.17;329.69;-14.48;673.86
343.59;327.61;-15.98;671.20
344.15;328.18;-15.97;672.34
343.08;328.01;-15.07;671.09
343.23;329.55;-13.68;672.78
343.89;328.81;-15.08;672.71
343.61;328.75;-14.86;672.35
343.55;328.56;-14.99;672.12
343.37;328.81;-14.56;672.18
343.04;329.27;-13.77;672.31
342.87;330.31;-12.56;673.18
344.25;328.79;-15.46;673.04
344.22;328.51;-15.71;672.72
345.08;330.04;-15.04;675.12
344.83;330.02;-14.81;674.85
344.74;329.64;-15.11;674.38
344.36;329.46;-14.91;673.82
344.45;326.95;-17.49;671.40
343.69;328.20;-15.49;671.89
344.22;329.24;-14.98;673.46
344.03;327.13;-16.90;671.16
343.78;327.81;-15.98;671.59
343.85;329.60;-14.25;673.45
343.75;328.84;-14.91;672.59
343.59;328.83;-14.76;672.42
343.38;329.00;-14.38;672.38
343.06;328.08;-14.98;671.15
345.31;327.61;-17.69;672.92
342.55;328.63;-13.92;671.18
344.82;328.41;-16.41;673.22
342.04;329.10;-12.94;671.14
344.30;328.12;-16.18;672.42
344.93;329.13;-15.80;674.06
343.94;327.54;-16.40;671.47
344.27;329.31;-14.96;673.58
343.89;329.11;-14.79;673.00
343.95;329.82;-14.13;673.76
343.38;326.69;-16.69;670.07
343.09;329.62;-13.46;672.71
343.18;329.11;-14.06;672.29
343.03;327.98;-15.05;671.01
342.76;328.92;-13.84;671.69
342.47;328.78;-13.69;671.25
343.10;328.57;-14.53;671.67
344.60;330.14;-14.46;674.74
341.72;326.72;-15.00;668.44
341.58;329.46;-12.11;671.04
344.17;329.25;-14.92;673.42
343.56;329.29;-14.27;672.86
343.95;327.78;-16.16;671.73
343.82;328.81;-15.01;672.64
343.58;329.90;-13.68;673.48
343.42;330.36;-13.06;673.79
343.26;328.19;-15.07;671.46
343.11;329.18;-13.93;672.29
342.98;329.20;-13.78;672.18
342.69;329.84;-12.86;672.53
344.69;327.54;-17.15;672.24
345.32;329.33;-15.99;674.65
344.06;328.22;-15.84;672.29
344.07;329.83;-14.24;673.90
341.78;329.91;-11.87;671.69
344.52;329.42;-15.11;673.94
341.21;329.56;-11.65;670.77
344.28;329.32;-14.95;673.60
343.74;327.20;-16.54;670.94
343.91;328.92;-14.99;672.82
343.76;329.24;-14.52;673.01
343.46;328.60;-14.86;672.06
343.29;328.40;-14.89;671.69
343.20;328.23;-14.97;671.43
343.01;329.21;-13.79;672.22
342.85;328.88;-13.96;671.73
342.55;328.74;-13.81;671.29
344.22;329.38;-14.84;673.61
344.40;330.18;-14.22;674.58
344.25;328.13;-16.12;672.38
341.68;329.45;-12.23;671.14
344.56;329.22;-15.34;673.78
344.02;329.57;-14.45;673.59
344.34;328.17;-16.16;672.51
344.17;329.21;-14.96;673.38
343.32;329.05;-14.28;672.37
343.74;329.86;-13.88;673.61
343.59;328.64;-14.95;672.24
343.44;328.48;-14.95;671.92
343.31;328.18;-15.13;671.48
344.22;328.11;-16.11;672.34
342.91;329.01;-13.90;671.91
342.67;328.87;-13.80;671.54
342.53;327.42;-15.11;669.95
342.39;330.02;-12.37;672.42
342.08;328.28;-13.79;670.36
344.97;327.86;-17.11;672.84
343.46;329.65;-13.82;673.11
343.62;329.56;-14.06;673.19
343.93;329.45;-14.48;673.38
343.34;330.44;-12.89;673.78
343.96;329.05;-14.91;673.01
343.44;328.75;-14.68;672.19
343.58;330.62;-12.96;674.21
343.00;329.41;-13.59;672.41
343.10;328.69;-14.41;671.79
342.92;327.88;-15.04;670.81
342.62;328.39;-14.23;671.02
342.48;327.99;-14.49;670.46
342.15;328.28;-13.88;670.43
343.92;328.29;-15.63;672.21
343.69;329.75;-13.94;673.45
341.55;328.54;-13.02;670.09
343.37;329.62;-13.75;672.99
342.77;330.48;-12.29;673.25
343.71;329.33;-14.38;673.04
343.57;328.94;-14.64;672.51
343.72;328.81;-14.91;672.54
342.74;328.69;-14.05;671.43
343.54;328.56;-14.97;672.10
343.16;328.49;-14.67;671.66
343.29;328.28;-15.01;671.58
343.11;330.11;-13.00;673.21
342.82;327.84;-14.98;670.66
343.92;328.91;-15.02;672.83
342.50;328.61;-13.89;671.11
342.26;328.44;-13.82;670.70
345.09;331.12;-13.96;676.21
343.74;328.14;-15.59;671.88
341.80;330.52;-11.28;672.32
342.29;328.59;-13.70;670.89
341.38;327.52;-13.85;668.90
343.88;329.44;-14.44;673.31
343.45;329.16;-14.28;672.61
342.64;329.04;-13.59;671.68
343.78;329.91;-13.87;673.68
343.37;328.60;-14.77;671.97
342.75;328.33;-14.42;671.08
343.14;328.16;-14.98;671.29
342.96;327.84;-15.12;670.79
342.76;329.03;-13.73;671.79
344.00;328.66;-15.34;672.66
343.75;327.22;-16.54;670.97
342.15;328.39;-13.76;670.54
341.86;328.82;-13.04;670.68
344.09;329.34;-14.76;673.43
343.64;329.45;-14.19;673.08
344.35;329.44;-14.92;673.79
342.22;329.21;-13.01;671.44
344.01;329.59;-14.41;673.60
343.85;329.99;-13.86;673.85
343.50;328.44;-15.06;671.94
343.25;329.21;-14.04;672.46
343.06;328.01;-15.05;671.08
343.61;327.79;-15.82;671.40
342.45;329.45;-13.00;671.91
342.40;327.29;-15.11;669.69
344.09;328.38;-15.71;672.47
341.93;330.28;-11.65;672.21
342.01;328.14;-13.87;670.14
341.87;330.21;-11.66;672.08
344.07;329.95;-14.12;674.02
343.72;328.57;-15.15;672.29
343.74;329.48;-14.25;673.22
343.53;329.80;-13.73;673.33
343.94;329.03;-14.91;672.96
343.68;328.89;-14.78;672.57
343.79;329.61;-14.18;673.39
343.45;327.86;-15.59;671.31
343.33;328.36;-14.97;671.69
344.45;329.45;-14.99;673.90
343.06;329.14;-13.92;672.20
342.75;328.91;-13.84;671.65
344.53;328.79;-15.74;673.32
344.49;328.41;-16.09;672.90
344.38;328.22;-16.15;672.60
344.11;328.92;-15.18;673.03
344.08;327.86;-16.22;671.95
343.69;329.01;-14.68;672.69
343.73;328.78;-14.95;672.51
344.15;329.14;-15.02;673.29
343.86;329.01;-14.86;672.87
343.55;328.61;-14.95;672.16
343.42;328.96;-14.45;672.38
343.15;328.75;-14.40;671.91
342.88;328.76;-14.12;671.64
342.66;327.64;-15.03;670.30
345.43;328.52;-16.91;673.95
344.37;329.15;-15.22;673.52
343.98;330.06;-13.92;674.04
341.72;329.06;-12.66;670.78
341.45;329.59;-11.86;671.04
344.01;330.01;-14.01;674.02
343.87;329.12;-14.75;672.99
343.82;329.65;-14.18;673.47
343.35;327.50;-15.85;670.85
343.35;328.37;-14.98;671.72
343.34;327.06;-16.28;670.41
343.76;329.09;-14.66;672.85
342.87;329.95;-12.92;672.82
342.69;328.94;-13.76;671.63
342.46;329.48;-12.98;671.94
344.14;328.45;-15.69;672.59
341.95;329.10;-12.85;671.05
341.82;328.91;-12.91;670.72
343.64;327.76;-15.88;671.40
342.59;330.06;-12.53;672.66
343.62;329.27;-14.35;672.89
343.99;329.11;-14.89;673.10
343.33;328.84;-14.49;672.17
343.82;329.97;-13.85;673.79
343.28;328.49;-14.79;671.77
343.22;330.25;-12.97;673.48
343.06;329.22;-13.84;672.28
342.78;329.08;-13.71;671.86
342.64;328.96;-13.68;671.59
342.40;327.42;-14.98;669.82
343.76;328.58;-15.19;672.34
342.31;328.51;-13.81;670.82
344.09;329.04;-15.05;673.12
341.80;327.98;-13.82;669.78
343.02;327.64;-15.38;670.66
344.16;328.34;-15.82;672.51
343.52;328.25;-15.27;671.76
343.34;329.23;-14.11;672.57
344.03;328.95;-15.08;672.98
343.71;327.48;-16.23;671.18
343.50;329.21;-14.29;672.71
343.28;328.24;-15.05;671.52
344.67;329.88;-14.79;674.55
342.83;329.74;-13.09;672.57
342.68;328.74;-13.94;671.42
342.34;328.49;-13.85;670.83
343.88;328.51;-15.37;672.38
342.08;328.19;-13.89;670.26
344.03;328.11;-15.92;672.14
344.11;327.92;-16.19;672.03
341.58;329.56;-12.02;671.14
344.36;327.59;-16.77;671.95
343.71;329.53;-14.18;673.24
343.98;327.37;-16.61;671.35
344.22;327.20;-17.02;671.42
343.39;327.85;-15.54;671.25
343.86;328.84;-15.02;672.70
343.78;328.74;-15.04;672.51
343.78;328.74;-15.04;672.52
343.45;328.65;-14.80;672.11
343.51;328.51;-15.01;672.02
343.30;328.31;-14.99;671.61
343.25;328.38;-14.86;671.63
343.05;329.05;-14.00;672.11
342.89;328.65;-14.24;671.54
342.72;328.86;-13.85;671.58
342.38;327.43;-14.95;669.81
342.28;329.41;-12.88;671.69
342.22;328.43;-13.79;670.65
344.36;328.19;-16.18;672.55
343.97;328.18;-15.79;672.15
344.13;329.39;-14.74;673.52
344.56;330.19;-14.37;674.75
344.29;329.42;-14.87;673.72
344.15;329.26;-14.89;673.41
344.26;329.36;-14.90;673.62
343.40;329.08;-14.32;672.48
343.89;328.96;-14.93;672.86
343.74;328.74;-15.00;672.47
343.58;328.57;-15.01;672.15
343.45;329.48;-13.96;672.93
343.28;329.45;-13.84;672.73
342.95;329.01;-13.95;671.96
342.70;327.56;-15.14;670.26
344.04;329.69;-14.34;673.73
343.99;327.93;-16.06;671.92
343.35;327.64;-15.72;670.99
343.86;327.59;-16.27;671.46
344.34;328.82;-15.52;673.15
344.31;328.13;-16.18;672.44
344.15;327.99;-16.16;672.15
343.85;327.88;-15.97;671.74
343.97;328.56;-15.41;672.54
344.74;328.78;-15.95;673.52
345.31;329.44;-15.88;674.75
343.29;328.67;-14.62;671.96
344.86;328.99;-15.86;673.85
342.70;327.65;-15.05;670.35
344.54;327.74;-16.80;672.28
343.61;328.00;-15.61;671.61
342.35;328.01;-14.35;670.36
343.80;329.15;-14.65;672.95
344.35;328.92;-15.43;673.26
344.17;329.28;-14.89;673.45
344.73;329.43;-15.30;674.16
344.40;329.52;-14.88;673.92
344.20;328.12;-16.08;672.32
344.10;329.14;-14.96;673.24
343.90;327.72;-16.18;671.62
343.75;329.16;-14.59;672.91
343.50;328.79;-14.71;672.29
344.40;328.17;-16.23;672.57
342.95;327.96;-14.98;670.91
342.84;327.71;-15.12;670.55
344.51;328.87;-15.64;673.38
342.39;328.64;-13.76;671.03
344.38;329.21;-15.16;673.59
344.24;329.07;-15.16;673.31
344.67;327.77;-16.90;672.44
344.22;329.62;-14.60;673.84
344.19;329.43;-14.76;673.62
343.41;327.17;-16.24;670.58
343.94;326.91;-17.02;670.85
343.78;328.56;-15.22;672.35
343.50;329.38;-14.12;672.88
343.09;328.13;-14.96;671.22
342.89;328.75;-14.14;671.64
344.45;328.85;-15.60;673.29
342.42;327.30;-15.12;669.72
344.12;329.25;-14.88;673.37
344.21;328.03;-16.18;672.24
343.94;327.84;-16.09;671.78
344.48;329.42;-15.06;673.90
343.81;329.22;-14.59;673.04
343.60;327.05;-16.55;670.65
343.86;328.95;-14.91;672.81
343.55;329.74;-13.81;673.29
343.33;329.46;-13.86;672.79
343.14;329.10;-14.04;672.24
343.02;330.59;-12.43;673.62
344.11;329.01;-15.09;673.12
344.66;329.71;-14.95;674.37
344.89;328.75;-16.15;673.64
343.31;328.56;-14.75;671.86
344.44;328.41;-16.03;672.85
342.19;328.35;-13.84;670.54
342.06;330.06;-11.99;672.12
341.95;328.21;-13.75;670.16
341.79;329.82;-11.98;671.61
344.69;327.94;-16.75;672.63
344.76;327.76;-17.00;672.52
342.57;329.29;-13.28;671.86
344.22;329.18;-15.04;673.39
343.61;327.91;-15.70;671.51
344.00;329.01;-14.99;673.01
343.72;329.71;-14.01;673.43
343.59;329.38;-14.22;672.97
343.51;329.75;-13.76;673.25
343.25;330.26;-12.98;673.51
342.98;327.89;-15.08;670.87
342.76;327.50;-15.26;670.26
343.89;328.72;-15.16;672.61
344.31;328.43;-15.88;672.74
342.09;328.16;-13.94;670.25
343.21;328.09;-15.12;671.29
344.43;329.84;-14.59;674.27
343.59;329.55;-14.05;673.14
344.01;329.95;-14.06;673.96
343.48;329.75;-13.73;673.22
343.41;329.32;-14.08;672.73
343.79;329.05;-14.74;672.85
343.66;328.82;-14.85;672.48
343.08;329.85;-13.23;672.92
343.29;328.30;-14.99;671.59
343.07;329.17;-13.90;672.24
342.82;328.96;-13.86;671.79
342.57;328.67;-13.90;671.24
342.38;328.56;-13.82;670.94
342.22;328.32;-13.90;670.55
342.00;329.16;-12.84;671.16
343.88;328.08;-15.79;671.96
341.71;328.02;-13.69;669.73
344.44;327.64;-16.80;672.07
343.72;328.44;-15.28;672.16
344.55;327.39;-17.16;671.94
341.05;328.29;-12.76;669.35
343.11;329.78;-13.33;672.88
343.51;329.36;-14.15;672.88
343.76;329.48;-14.29;673.24
343.51;328.58;-14.93;672.08
343.48;328.47;-15.01;671.95
343.30;329.59;-13.71;672.89
343.16;329.44;-13.73;672.60
342.79;329.45;-13.35;672.24
342.97;329.16;-13.81;672.14
342.84;327.78;-15.05;670.62
344.62;329.55;-15.06;674.17
343.78;329.37;-14.41;673.15
344.87;328.45;-16.42;673.32
342.11;327.12;-14.99;669.23
341.95;330.23;-11.72;672.18
341.88;328.89;-12.98;670.77
344.01;327.93;-16.08;671.94
343.88;329.65;-14.23;673.52
343.71;329.55;-14.16;673.25
343.74;329.81;-13.93;673.55
344.13;329.28;-14.85;673.41
343.45;329.45;-13.99;672.90
343.61;329.83;-13.78;673.44
343.14;328.15;-14.99;671.28
343.14;328.12;-15.02;671.25
342.87;328.89;-13.98;671.76
344.52;328.72;-15.80;673.25
343.42;330.42;-12.99;673.84
344.47;329.14;-15.33;673.61
343.98;328.16;-15.82;672.14
343.56;328.83;-14.73;672.39
343.52;329.86;-13.66;673.38
343.58;328.92;-14.66;672.51
343.31;329.25;-14.06;672.56
343.40;330.33;-13.07;673.73
343.65;330.79;-12.85;674.44
343.59;329.52;-14.06;673.11
343.33;328.51;-14.82;671.84
343.25;329.45;-13.81;672.70
343.11;329.30;-13.81;672.41
342.92;329.12;-13.80;672.04
342.44;328.89;-13.55;671.34
342.45;327.55;-14.90;670.01
342.35;328.58;-13.77;670.92
343.98;327.34;-16.64;671.31
342.04;330.05;-11.98;672.09
344.14;328.01;-16.12;672.15
341.61;329.85;-11.76;671.45
343.72;329.51;-14.22;673.23
343.81;330.36;-13.45;674.18
343.67;329.17;-14.50;672.84
343.42;329.09;-14.32;672.51
342.95;329.44;-13.51;672.39
343.77;329.52;-14.25;673.29
343.73;329.46;-14.26;673.19
343.51;328.79;-14.72;672.31
343.19;329.54;-13.65;672.74
343.17;330.27;-12.90;673.44
342.96;327.84;-15.13;670.80
344.36;330.67;-13.69;675.04
343.62;328.62;-15.01;672.24
342.25;328.31;-13.94;670.56
341.94;329.11;-12.84;671.05
343.78;329.72;-14.05;673.50
343.69;329.66;-14.03;673.35
341.25;329.25;-12.01;670.50
343.86;327.09;-16.76;670.95
343.15;328.84;-14.32;671.99
342.84;329.95;-12.89;672.79
343.39;329.66;-13.72;673.05
343.17;329.50;-13.67;672.67
342.86;329.12;-13.75;671.98
342.54;327.58;-14.96;670.12
343.51;328.42;-15.09;671.92
343.36;328.12;-15.24;671.48
