355.42;343.22;-12.20;698.64
355.89;343.57;-12.32;699.46
356.42;342.55;-13.87;698.98
356.76;342.16;-14.60;698.93
356.04;343.67;-12.36;699.71
356.30;342.42;-13.88;698.72
355.91;340.48;-15.44;696.39
355.54;340.38;-15.16;695.92
355.11;343.01;-12.10;698.11
357.14;340.54;-16.60;697.67
357.45;342.87;-14.58;700.32
356.46;342.08;-14.38;698.54
356.65;340.92;-15.74;697.57
356.17;342.34;-13.84;698.51
355.98;339.74;-16.25;695.72
355.78;339.45;-16.34;695.23
355.44;341.16;-14.28;696.59
355.47;341.21;-14.26;696.68
355.30;340.82;-14.48;696.12
357.62;339.91;-17.72;697.53
354.80;342.98;-11.82;697.78
357.89;342.74;-15.15;700.62
355.82;340.31;-15.51;696.14
356.46;340.29;-16.17;696.76
356.90;342.95;-13.95;699.85
356.28;342.82;-13.46;699.09
356.76;342.81;-13.95;699.56
356.46;341.91;-14.56;698.37
355.49;343.76;-11.72;699.25
359.19;340.25;-18.94;699.44
358.88;341.29;-17.59;700.16
355.40;340.45;-14.95;695.85
356.28;340.57;-15.71;696.85
355.90;343.01;-12.89;698.91
356.51;343.52;-12.99;700.02
356.36;340.64;-15.72;697.00
356.32;342.21;-14.12;698.53
356.35;341.39;-14.96;697.74
355.21;343.86;-11.35;699.08
356.25;339.55;-16.71;695.80
356.21;338.14;-18.07;694.35
356.16;342.31;-13.85;698.47
356.41;340.19;-16.22;696.61
356.30;341.59;-14.71;697.89
356.82;341.29;-15.53;698.12
357.96;342.99;-14.97;700.96
355.37;342.81;-12.56;698.18
356.85;341.28;-15.56;698.13
354.92;341.11;-13.82;696.03
355.22;340.15;-15.07;695.36
355.98;341.27;-14.71;697.25
355.84;341.46;-14.37;697.30
359.11;339.34;-19.76;698.45
355.65;342.22;-13.43;697.86
355.91;342.11;-13.80;698.01
358.73;340.79;-17.94;699.52
355.39;339.84;-15.55;695.24
355.41;340.42;-14.98;695.83
355.12;342.91;-12.21;698.04
354.96;342.96;-12.00;697.93
355.46;342.65;-12.81;698.12
354.39;341.22;-13.17;695.62
357.37;341.59;-15.78;698.96
356.17;342.75;-13.42;698.92
356.06;342.72;-13.34;698.78
356.44;341.49;-14.94;697.93
356.14;342.51;-13.64;698.65
355.88;342.90;-12.98;698.78
355.08;343.62;-11.45;698.70
355.48;342.61;-12.87;698.08
356.77;342.25;-14.52;699.02
356.60;343.29;-13.31;699.89
355.81;341.14;-14.67;696.95
357.75;340.74;-17.01;698.49
354.38;340.97;-13.41;695.35
355.40;342.26;-13.14;697.66
356.31;341.39;-14.92;697.70
356.89;342.76;-14.13;699.66
353.38;342.74;-10.64;696.11
356.22;341.04;-15.18;697.25
356.09;343.02;-13.07;699.11
356.02;340.99;-15.02;697.01
355.83;340.54;-15.29;696.37
355.57;342.35;-13.22;697.92
355.38;342.28;-13.09;697.66
357.79;343.18;-14.61;700.97
355.48;343.12;-12.36;698.60
354.65;340.89;-13.76;695.54
357.82;342.70;-15.12;700.52
356.67;342.54;-14.13;699.21
355.94;342.31;-13.63;698.24
356.11;343.15;-12.95;699.26
356.88;343.30;-13.58;700.18
356.79;341.86;-14.94;698.65
355.91;342.81;-13.11;698.72
355.99;341.34;-14.65;697.34
355.94;341.04;-14.90;696.98
358.17;342.09;-16.08;700.26
355.84;340.87;-14.97;696.71
355.54;341.65;-13.89;697.19
355.39;343.05;-12.34;698.45
357.11;343.05;-14.05;700.16
357.88;341.96;-15.92;699.84
355.62;340.94;-14.68;696.56
357.98;343.02;-14.96;701.00
357.88;342.56;-15.31;700.44
356.03;340.59;-15.44;696.62
356.18;340.20;-15.98;696.38
356.83;343.41;-13.42;700.24
358.59;339.74;-18.85;698.33
356.48;342.82;-13.66;699.30
355.70;340.42;-15.28;696.12
356.16;340.15;-16.01;696.32
356.09;341.79;-14.29;697.88
357.13;340.67;-16.46;697.80
356.18;339.57;-16.61;695.75
356.99;342.45;-14.54;699.44
355.09;342.16;-12.94;697.25
354.91;343.60;-11.31;698.51
355.99;342.91;-13.08;698.90
356.95;342.15;-14.80;699.09
356.67;340.54;-16.13;697.21
356.18;341.24;-14.94;697.42
355.94;342.82;-13.12;698.76
356.28;339.83;-16.45;696.11
356.51;340.88;-15.63;697.38
356.35;341.20;-15.15;697.55
357.22;343.46;-13.76;700.68
355.92;342.02;-13.91;697.94
355.71;340.44;-15.28;696.15
355.32;342.82;-12.50;698.14
355.22;340.75;-14.48;695.97
354.92;342.75;-12.16;697.67
358.04;342.21;-15.84;700.25
356.38;342.06;-14.32;698.44
356.82;340.56;-16.26;697.38
357.39;340.30;-17.09;697.69
357.07;343.24;-13.84;700.31
358.59;342.48;-16.12;701.07
359.24;341.35;-17.89;700.58
356.28;342.64;-13.64;698.92
355.97;341.19;-14.78;697.16
356.08;342.28;-13.80;698.35
355.95;340.65;-15.31;696.60
355.74;341.33;-14.41;697.06
357.93;341.33;-16.60;699.26
356.30;340.21;-16.09;696.51
357.36;342.52;-14.84;699.89
355.39;340.54;-14.86;695.93
356.19;341.14;-15.05;697.33
356.07;342.36;-13.71;698.43
356.89;340.19;-16.69;697.08
356.48;343.04;-13.44;699.51
356.47;342.16;-14.31;698.64
356.18;342.30;-13.88;698.48
355.98;340.35;-15.63;696.32
357.37;339.81;-17.56;697.18
356.18;340.18;-16.00;696.36
356.28;343.33;-12.95;699.61
354.88;342.95;-11.93;697.84
354.69;340.81;-13.89;695.50
354.52;342.09;-12.42;696.61
357.59;340.39;-17.20;697.98
355.59;341.26;-14.33;696.86
356.97;342.01;-14.96;698.98
356.80;340.62;-16.18;697.42
356.61;342.82;-13.79;699.43
356.09;341.71;-14.38;697.80
356.06;339.86;-16.21;695.92
355.88;342.15;-13.73;698.02
357.52;339.45;-18.07;696.98
356.25;341.66;-14.59;697.91
354.74;341.33;-13.41;696.06
359.08;343.33;-15.75;702.41
356.04;341.08;-14.96;697.11
354.70;340.84;-13.86;695.54
354.56;339.48;-15.09;694.04
355.79;340.62;-15.16;696.41
356.88;342.37;-14.51;699.25
356.22;343.32;-12.91;699.54
353.83;340.00;-13.83;693.83
356.48;342.93;-13.55;699.41
353.42;343.71;-9.71;697.14
356.29;340.60;-15.69;696.89
355.92;341.09;-14.82;697.01
358.42;340.62;-17.80;699.05
355.85;340.64;-15.21;696.48
358.45;340.39;-18.06;698.84
355.39;341.18;-14.21;696.56
356.69;343.04;-13.66;699.73
358.11;340.78;-17.33;698.89
356.79;340.64;-16.15;697.43
356.50;340.39;-16.11;696.89
355.96;341.10;-14.86;697.06
356.81;341.98;-14.83;698.78
358.15;341.69;-16.46;699.85
356.29;341.42;-14.86;697.71
356.13;342.03;-14.10;698.16
355.88;342.15;-13.73;698.04
355.75;340.12;-15.64;695.87
357.05;341.05;-15.99;698.10
357.34;342.81;-14.52;700.15
354.95;340.77;-14.18;695.72
357.66;341.59;-16.07;699.26
354.38;343.66;-10.72;698.05
356.50;342.53;-13.97;699.03
356.05;340.71;-15.34;696.75
356.74;340.65;-16.09;697.38
356.66;340.76;-15.91;697.42
359.46;342.44;-17.02;701.90
355.48;343.29;-12.19;698.77
355.76;341.71;-14.05;697.48
356.06;340.40;-15.66;696.46
356.98;340.64;-16.34;697.62
356.25;341.70;-14.55;697.95
355.29;342.86;-12.44;698.15
358.31;340.39;-17.92;698.69
355.88;343.32;-12.55;699.20
356.41;341.25;-15.16;697.66
356.64;342.69;-13.95;699.32
358.14;340.48;-17.66;698.61
356.49;341.55;-14.94;698.05
356.06;341.71;-14.36;697.77
356.16;340.56;-15.59;696.72
355.82;340.45;-15.37;696.28
355.54;341.59;-13.94;697.13
356.41;340.16;-16.25;696.57
355.13;341.11;-14.02;696.24
355.97;340.99;-14.98;696.96
356.88;343.04;-13.84;699.92
354.59;339.37;-15.22;693.96
355.52;340.35;-15.17;695.88
357.35;340.21;-17.14;697.56
356.22;342.64;-13.58;698.86
356.17;340.62;-15.55;696.79
357.89;340.38;-17.51;698.28
356.01;341.45;-14.56;697.46
355.90;342.24;-13.66;698.14
355.95;340.69;-15.25;696.64
356.42;343.07;-13.35;699.49
358.57;340.38;-18.19;698.95
358.35;340.17;-18.18;698.52
356.85;340.05;-16.80;696.91
356.69;340.96;-15.74;697.65
357.96;343.53;-14.43;701.49
354.61;340.74;-13.88;695.35
355.39;341.36;-14.03;696.75
356.09;339.10;-16.99;695.19
354.11;342.39;-11.72;696.51
356.02;341.40;-14.62;697.42
355.89;341.65;-14.24;697.55
355.48;342.18;-13.31;697.66
355.60;342.45;-13.15;698.05
356.38;341.01;-15.36;697.39
356.08;341.02;-15.05;697.10
355.85;342.20;-13.65;698.05
355.54;340.84;-14.70;696.38
357.24;342.72;-14.51;699.96
355.53;342.59;-12.94;698.12
355.33;341.04;-14.29;696.36
358.44;341.07;-17.36;699.51
357.35;343.38;-13.96;700.73
356.64;341.80;-14.84;698.44
354.62;341.50;-13.12;696.12
355.61;342.73;-12.88;698.34
357.17;343.42;-13.75;700.59
356.54;342.09;-14.45;698.64
355.98;341.19;-14.79;697.18
356.22;341.35;-14.87;697.58
356.28;342.80;-13.48;699.08
355.78;340.92;-14.85;696.70
355.12;340.95;-14.16;696.07
358.85;342.96;-15.89;701.81
355.61;342.82;-12.79;698.44
355.55;341.75;-13.80;697.31
355.34;342.51;-12.84;697.85
355.21;340.91;-14.29;696.12
357.51;342.69;-14.82;700.21
356.59;341.89;-14.71;698.48
356.46;343.61;-12.85;700.06
356.72;342.99;-13.73;699.72
357.32;341.09;-16.23;698.42
355.31;341.37;-13.94;696.68
356.66;344.85;-11.82;701.51
355.69;344.03;-11.66;699.72
358.05;342.46;-15.59;700.51
355.94;344.21;-11.73;700.14
355.84;342.95;-12.89;698.79
358.12;340.14;-17.98;698.26
355.45;340.40;-15.05;695.85
355.29;341.07;-14.22;696.36
355.09;341.16;-13.93;696.26
354.86;342.98;-11.88;697.84
355.71;342.29;-13.41;698.00
357.66;340.29;-17.37;697.95
356.18;342.36;-13.82;698.54
356.55;340.62;-15.92;697.17
356.31;339.72;-16.59;696.02
357.89;341.55;-16.35;699.44
356.21;342.59;-13.62;698.80
356.14;342.89;-13.25;699.02
355.86;342.09;-13.78;697.95
355.57;340.36;-15.21;695.93
358.25;342.40;-15.85;700.65
355.22;341.19;-14.02;696.41
355.73;342.53;-13.20;698.26
354.69;342.31;-12.38;697.01
357.06;342.59;-14.47;699.66
356.74;342.37;-14.37;699.11
356.80;341.85;-14.95;698.65
356.02;340.69;-15.33;696.72
356.64;342.62;-14.02;699.25
356.48;340.69;-15.79;697.16
355.68;342.16;-13.51;697.84
355.88;342.06;-13.81;697.94
356.52;340.60;-15.92;697.12
358.71;340.44;-18.26;699.15
355.14;343.44;-11.69;698.58
354.92;342.84;-12.08;697.76
356.10;341.57;-14.53;697.67
354.49;340.61;-13.88;695.10
355.94;342.00;-13.94;697.94
355.74;342.22;-13.52;697.95
356.18;342.95;-13.23;699.12
358.59;340.54;-18.05;699.13
356.36;341.29;-15.08;697.65
355.99;342.45;-13.54;698.44
356.10;342.28;-13.82;698.38
355.81;341.99;-13.82;697.79
355.55;343.79;-11.76;699.34
356.66;339.68;-16.98;696.35
358.42;342.84;-15.58;701.25
356.14;341.28;-14.86;697.42
355.94;343.09;-12.85;699.04
356.31;340.92;-15.39;697.23
355.94;342.05;-13.88;697.99
356.55;342.39;-14.15;698.94
353.98;343.29;-10.68;697.27
356.77;343.84;-12.94;700.61
356.45;340.91;-15.54;697.36
356.38;342.52;-13.85;698.90
356.06;341.02;-15.05;697.08
355.96;340.25;-15.71;696.21
356.72;341.31;-15.41;698.04
355.53;340.82;-14.71;696.35
355.32;342.98;-12.34;698.30
357.59;341.28;-16.31;698.87
356.74;341.03;-15.71;697.76
357.14;342.71;-14.43;699.85
354.26;341.58;-12.68;695.84
357.25;343.13;-14.12;700.38
356.56;342.51;-14.05;699.06
355.84;340.38;-15.46;696.22
355.49;341.28;-14.21;696.77
356.10;342.45;-13.65;698.55
355.84;340.58;-15.26;696.41
355.58;339.99;-15.59;695.56
357.52;342.98;-14.55;700.50
356.43;341.15;-15.28;697.58
356.18;342.81;-13.37;698.98
354.65;343.39;-11.25;698.04
354.35;340.56;-13.78;694.91
355.17;342.17;-13.00;697.34
355.74;342.59;-13.14;698.33
356.77;343.42;-13.35;700.19
355.72;342.63;-13.09;698.35
357.56;342.26;-15.31;699.82
355.92;341.99;-13.92;697.91
355.63;339.32;-16.31;694.95
357.32;340.25;-17.07;697.58
355.74;343.23;-12.51;698.96
354.77;343.39;-11.38;698.16
355.70;342.65;-13.05;698.35
356.05;340.25;-15.80;696.29
357.35;341.15;-16.20;698.49
357.14;343.36;-13.78;700.51
356.14;343.05;-13.09;699.19
356.03;340.40;-15.63;696.43
356.08;340.52;-15.55;696.60
355.96;342.18;-13.78;698.15
355.92;341.08;-14.84;697.00
355.95;340.78;-15.17;696.74
355.62;343.06;-12.56;698.69
356.12;340.81;-15.31;696.92
357.18;341.19;-15.99;698.38
356.32;341.83;-14.49;698.15
357.44;342.84;-14.59;700.28
356.84;340.55;-16.28;697.39
356.21;341.61;-14.60;697.82
356.14;340.02;-16.12;696.15
355.70;340.69;-15.01;696.39
356.29;341.10;-15.19;697.39
355.44;340.95;-14.49;696.39
355.99;341.38;-14.61;697.36
358.48;341.86;-16.62;700.34
356.06;344.14;-11.92;700.19
355.74;342.11;-13.64;697.85
354.75;340.62;-14.13;695.38
355.53;341.62;-13.91;697.15
355.34;341.31;-14.02;696.65
355.12;341.30;-13.82;696.42
355.01;341.85;-13.15;696.86
356.35;340.89;-15.46;697.24
356.14;340.90;-15.24;697.04
357.12;340.64;-16.48;697.76
356.21;341.68;-14.53;697.88
355.61;340.99;-14.62;696.59
356.33;343.44;-12.89;699.77
358.14;342.56;-15.58;700.71
356.13;340.52;-15.61;696.65
356.02;342.76;-13.26;698.78
355.62;342.68;-12.94;698.30
355.84;342.56;-13.27;698.40
356.15;340.59;-15.55;696.74
356.29;343.77;-12.52;700.06
355.77;341.12;-14.65;696.89
355.95;342.16;-13.79;698.11
357.05;342.01;-15.04;699.06
355.72;341.81;-13.91;697.53
355.39;342.99;-12.41;698.38
355.88;343.45;-12.43;699.32
355.05;342.34;-12.71;697.38
356.38;339.79;-16.59;696.17
357.84;340.51;-17.33;698.35
355.83;342.42;-13.41;698.25
355.72;343.03;-12.69;698.75
355.67;341.25;-14.42;696.92
358.95;340.76;-18.19;699.72
356.35;341.51;-14.84;697.85
356.10;342.40;-13.70;698.50
358.11;342.88;-15.24;700.99
357.29;340.54;-16.76;697.83
355.42;342.45;-12.98;697.87
356.45;342.96;-13.48;699.41
354.98;338.55;-16.42;693.53
354.81;341.04;-13.77;695.84
356.03;339.30;-16.73;695.33
354.44;340.52;-13.92;694.96
355.49;341.56;-13.92;697.05
355.62;342.09;-13.53;697.71
355.69;342.57;-13.12;698.26
356.42;342.72;-13.70;699.15
356.23;341.37;-14.86;697.60
356.15;342.25;-13.89;698.40
355.95;342.18;-13.77;698.14
357.05;341.22;-15.82;698.27
355.42;343.60;-11.82;699.02
355.22;341.32;-13.90;696.55
354.96;340.99;-13.97;695.96
354.76;340.18;-14.58;694.95
356.45;341.34;-15.12;697.79
357.26;342.38;-14.88;699.64
356.18;340.89;-15.28;697.07
356.96;340.69;-16.28;697.65
356.45;340.44;-16.02;696.89
356.22;340.58;-15.65;696.80
356.19;340.78;-15.41;696.98
359.07;342.15;-16.92;701.22
355.55;341.85;-13.71;697.40
357.50;343.18;-14.32;700.68
355.22;343.33;-11.89;698.55
356.35;343.25;-13.11;699.60
356.06;341.08;-14.98;697.14
356.71;341.66;-15.05;698.36
354.54;340.62;-13.92;695.16
357.33;341.79;-15.54;699.12
357.06;341.92;-15.15;698.98
355.02;341.18;-13.84;696.20
357.87;340.81;-17.06;698.68
356.35;343.44;-12.91;699.79
356.10;341.07;-15.03;697.17
356.01;343.08;-12.93;699.09
355.74;341.53;-14.21;697.26
358.67;342.51;-16.16;701.18
357.68;342.98;-14.71;700.66
356.24;341.19;-15.05;697.44
357.40;342.07;-15.33;699.47
354.68;342.69;-11.98;697.37
357.82;341.28;-16.54;699.10
356.07;343.65;-12.42;699.72
356.15;340.16;-15.98;696.31
356.27;340.39;-15.88;696.66
357.31;342.26;-15.05;699.56
357.12;339.96;-17.16;697.08
356.59;343.09;-13.50;699.68
356.31;341.68;-14.63;697.98
356.29;340.95;-15.34;697.24
357.57;342.48;-15.09;700.05
357.10;340.67;-16.43;697.77
356.13;340.81;-15.32;696.94
355.85;342.05;-13.80;697.91
355.71;340.44;-15.28;696.15
356.35;341.59;-14.76;697.94
355.43;342.30;-13.13;697.73
356.87;342.19;-14.68;699.06
358.15;340.74;-17.41;698.88
358.13;343.08;-15.05;701.21
354.75;342.56;-12.19;697.31
356.97;342.89;-14.08;699.86
355.70;342.35;-13.35;698.05
356.79;340.99;-15.80;697.78
356.18;340.14;-16.04;696.32
356.54;343.21;-13.33;699.74
356.74;342.96;-13.78;699.70
356.58;341.65;-14.94;698.23
356.24;340.04;-16.20;696.28
356.14;340.43;-15.71;696.57
355.97;342.82;-13.15;698.79
355.60;341.82;-13.78;697.42
356.75;342.38;-14.36;699.13
355.26;340.23;-15.04;695.49
357.32;341.95;-15.38;699.27
357.31;344.01;-13.29;701.32
355.76;342.10;-13.66;697.86
355.48;340.39;-15.09;695.86
355.95;342.18;-13.77;698.14
356.82;340.89;-15.92;697.71
356.08;339.82;-16.25;695.90
355.83;340.98;-14.85;696.81
357.26;342.67;-14.59;699.94
356.16;339.98;-16.18;696.14
359.19;340.26;-18.93;699.45
355.86;341.98;-13.88;697.85
357.02;340.32;-16.70;697.34
355.34;340.30;-15.04;695.64
356.38;341.39;-14.99;697.77
358.15;342.02;-16.13;700.18
356.03;340.38;-15.65;696.41
359.35;340.58;-18.77;699.94
356.45;342.30;-14.15;698.75
357.33;340.22;-17.11;697.55
355.44;340.89;-14.55;696.33
356.23;340.61;-15.62;696.84
356.55;340.85;-15.71;697.40
356.36;341.32;-15.04;697.68
356.23;342.40;-13.83;698.63
356.01;342.21;-13.81;698.22
356.00;341.45;-14.55;697.45
357.09;340.68;-16.42;697.77
355.63;340.34;-15.29;695.96
356.58;340.15;-16.42;696.73
355.15;339.82;-15.32;694.97
356.35;339.74;-16.61;696.09
355.79;340.72;-15.08;696.51
358.81;341.19;-17.62;699.99
356.98;341.61;-15.37;698.58
356.24;343.51;-12.74;699.75
358.20;342.02;-16.18;700.22
356.72;343.04;-13.68;699.76
355.82;340.32;-15.51;696.14
358.95;342.41;-16.54;701.36
359.40;342.88;-16.52;702.28
356.09;339.74;-16.35;695.84
357.26;342.94;-14.32;700.21
358.69;342.61;-16.08;701.30
358.80;341.80;-17.00;700.60
355.29;339.22;-16.06;694.51
358.26;343.49;-14.78;701.75
355.83;343.19;-12.64;699.02
354.77;341.80;-12.97;696.57
357.66;342.77;-14.89;700.44
354.48;343.84;-10.64;698.32
354.25;340.30;-13.95;694.55
356.26;342.01;-14.25;698.27
356.02;341.51;-14.51;697.52
356.69;342.68;-14.01;699.36
356.08;342.62;-13.46;698.71
356.16;342.32;-13.84;698.48
355.48;340.77;-14.71;696.25
357.78;341.08;-16.69;698.86
355.49;342.57;-12.92;698.06
356.49;343.44;-13.05;699.93
356.30;341.16;-15.14;697.46
354.78;342.64;-12.14;697.42
357.27;341.52;-15.75;698.79
356.39;341.31;-15.08;697.70
357.40;341.16;-16.24;698.56
355.76;342.08;-13.68;697.84
356.35;343.16;-13.19;699.52
355.76;340.32;-15.44;696.09
356.18;340.88;-15.30;697.05
355.86;340.86;-14.99;696.72
355.78;340.01;-15.76;695.79
357.05;341.74;-15.31;698.78
356.41;342.73;-13.68;699.14
355.09;339.78;-15.31;694.86
358.09;340.75;-17.34;698.84
354.52;341.44;-13.08;695.96
356.15;343.35;-12.81;699.50
356.28;341.68;-14.60;697.95
356.63;342.91;-13.72;699.54
356.37;339.66;-16.71;696.03
356.61;340.90;-15.71;697.51
356.32;340.10;-16.22;696.42
355.76;342.17;-13.59;697.93
355.86;342.76;-13.10;698.63
357.18;342.44;-14.74;699.61
356.61;340.39;-16.21;697.00
356.14;342.72;-13.41;698.86
355.72;340.69;-15.04;696.41
356.09;342.95;-13.14;699.04
357.76;340.90;-16.86;698.66
355.89;340.72;-15.18;696.61
357.58;341.29;-16.28;698.87
357.42;341.17;-16.25;698.59
356.98;341.99;-14.99;698.97
356.05;340.68;-15.36;696.73
355.82;340.49;-15.33;696.32
355.57;342.75;-12.82;698.32
356.19;340.10;-16.09;696.29
356.10;340.72;-15.38;696.82
355.99;343.24;-12.75;699.23
357.95;341.94;-16.01;699.89
355.47;341.74;-13.74;697.21
355.30;341.55;-13.75;696.85
355.16;340.71;-14.46;695.87
355.96;342.67;-13.29;698.64
355.95;341.06;-14.89;697.01
354.86;341.05;-13.81;695.91
354.54;340.85;-13.68;695.39
354.34;343.62;-10.72;697.96
357.57;343.07;-14.50;700.64
355.88;343.36;-12.52;699.24
356.58;339.96;-16.61;696.54
356.06;343.12;-12.94;699.18
356.38;340.93;-15.45;697.31
356.36;343.51;-12.85;699.87
355.64;342.56;-13.08;698.20
356.18;343.90;-12.28;700.08
355.98;341.98;-13.99;697.96
356.57;343.38;-13.19;699.95
358.17;340.65;-17.52;698.82
355.49;340.31;-15.18;695.81
355.16;341.21;-13.95;696.38
354.98;343.56;-11.42;698.54
355.45;339.35;-16.09;694.80
355.49;340.48;-15.01;695.96
354.19;343.18;-11.02;697.37
355.98;342.22;-13.76;698.21
355.91;341.31;-14.60;697.21
356.28;340.83;-15.45;697.11
356.44;342.66;-13.78;699.11
358.68;342.59;-16.09;701.26
356.14;342.24;-13.90;698.37
355.91;343.30;-12.61;699.21
355.74;341.37;-14.37;697.11
355.60;340.61;-14.99;696.21
355.42;343.52;-11.89;698.94
355.94;339.41;-16.53;695.35
356.18;341.10;-15.08;697.28
356.31;343.21;-13.10;699.52
356.45;340.56;-15.89;697.02
356.80;341.71;-15.09;698.51
356.31;342.87;-13.44;699.18
355.83;343.31;-12.52;699.14
356.92;339.81;-17.12;696.73
356.52;342.20;-14.32;698.72
358.68;342.67;-16.01;701.35
356.31;341.07;-15.24;697.38
358.56;342.14;-16.42;700.70
355.45;342.93;-12.52;698.38
358.09;340.51;-17.58;698.60
356.00;340.30;-15.70;696.30
356.57;342.95;-13.62;699.52
357.44;341.98;-15.46;699.42
357.14;340.88;-16.26;698.02
357.74;342.28;-15.45;700.02
357.08;342.33;-14.75;699.41
357.04;340.23;-16.81;697.27
356.88;338.56;-18.31;695.44
356.31;343.07;-13.24;699.38
356.45;340.52;-15.93;696.96
356.26;341.31;-14.96;697.57
357.04;342.45;-14.58;699.49
356.28;342.21;-14.08;698.49
354.99;340.52;-14.48;695.51
356.69;341.95;-14.74;698.64
355.41;339.29;-16.12;694.71
357.34;341.02;-16.32;698.35
355.17;340.72;-14.45;695.89
355.92;340.50;-15.42;696.42
356.01;340.72;-15.29;696.74
355.76;342.75;-13.02;698.51
354.36;339.97;-14.39;694.34
356.16;340.27;-15.89;696.43
355.67;339.99;-15.68;695.66
356.16;342.41;-13.75;698.56
355.87;342.97;-12.90;698.84
356.44;338.84;-17.60;695.28
356.28;341.29;-14.99;697.58
356.02;339.72;-16.30;695.74
357.13;340.65;-16.48;697.78
355.47;340.91;-14.56;696.38
356.14;342.69;-13.44;698.83
358.19;343.06;-15.13;701.26
357.98;343.03;-14.95;701.01
356.31;340.64;-15.66;696.95
356.68;342.93;-13.75;699.61
356.39;340.85;-15.54;697.25
356.77;343.65;-13.12;700.42
356.11;340.99;-15.12;697.09
355.87;342.49;-13.38;698.36
356.19;339.17;-17.02;695.36
358.04;342.24;-15.80;700.27
358.14;341.82;-16.32;699.95
355.32;341.49;-13.83;696.81
356.19;341.13;-15.06;697.32
355.51;342.99;-12.52;698.51
355.53;343.36;-12.17;698.89
357.62;341.38;-16.24;699.01
356.04;339.99;-16.04;696.03
356.78;340.61;-16.18;697.39
356.26;342.62;-13.64;698.89
355.79;339.43;-16.36;695.22
355.06;341.21;-13.85;696.28
355.89;343.06;-12.84;698.95
355.84;340.59;-15.25;696.42
356.82;340.72;-16.10;697.54
357.96;343.59;-14.36;701.55
354.94;341.02;-13.91;695.96
354.75;340.94;-13.81;695.68
356.16;343.22;-12.95;699.38
356.55;341.96;-14.59;698.51
355.87;340.74;-15.14;696.61
355.52;343.64;-11.88;699.15
356.44;342.55;-13.89;698.99
355.98;340.94;-15.04;696.92
355.64;342.11;-13.53;697.75
355.49;341.65;-13.84;697.14
355.25;340.13;-15.12;695.38
356.49;340.75;-15.75;697.24
357.92;340.81;-17.11;698.74
354.51;341.86;-12.65;696.38
354.12;340.05;-14.08;694.17
357.11;343.04;-14.07;700.15
356.71;342.91;-13.80;699.62
355.64;339.49;-16.15;695.14
356.34;342.48;-13.86;698.81
358.16;340.59;-17.57;698.75
355.83;341.31;-14.52;697.14
356.21;340.19;-16.01;696.40
355.38;342.81;-12.56;698.19
358.14;342.43;-15.71;700.57
356.86;342.76;-14.10;699.62
358.48;340.48;-17.99;698.96
356.44;341.08;-15.36;697.52
356.98;342.68;-14.30;699.66
356.03;342.34;-13.69;698.36
356.50;340.56;-15.94;697.06
355.82;339.15;-16.67;694.96
355.18;344.24;-10.95;699.42
355.73;342.01;-13.72;697.74
355.54;343.58;-11.96;699.12
356.51;341.35;-15.16;697.85
354.98;340.86;-14.12;695.84
355.49;341.74;-13.75;697.24
356.08;341.36;-14.72;697.44
355.46;342.44;-13.02;697.90
357.31;340.03;-17.28;697.34
355.98;341.94;-14.05;697.92
356.51;340.34;-16.17;696.85
356.63;340.91;-15.72;697.54
358.00;343.78;-14.22;701.78
356.13;340.74;-15.39;696.86
356.81;338.88;-17.93;695.69
355.54;340.52;-15.02;696.05
358.42;340.89;-17.52;699.31
357.82;341.48;-16.34;699.30
355.12;340.72;-14.39;695.84
357.92;340.98;-16.94;698.90
356.66;342.92;-13.75;699.58
356.29;342.76;-13.53;699.06
354.33;343.50;-10.83;697.83
357.34;343.15;-14.19;700.49
356.26;341.98;-14.28;698.24
355.98;339.85;-16.12;695.83
355.08;342.66;-12.42;697.75
355.90;342.50;-13.40;698.40
355.70;342.00;-13.70;697.70
355.71;342.84;-12.86;698.55
355.44;342.68;-12.75;698.12
355.45;343.62;-11.83;699.08
356.35;340.62;-15.72;696.97
358.04;341.26;-16.77;699.30
356.02;342.52;-13.50;698.55
355.77;340.75;-15.02;696.52
357.69;340.41;-17.28;698.11
357.36;343.41;-13.95;700.78
355.84;340.96;-14.88;696.81
356.02;340.35;-15.66;696.37
356.17;341.21;-14.96;697.38
355.56;340.96;-14.59;696.52
356.09;340.23;-15.86;696.32
357.66;341.15;-16.51;698.82
355.55;341.11;-14.44;696.65
355.38;343.19;-12.19;698.58
355.09;339.45;-15.65;694.54
355.05;342.59;-12.45;697.64
356.14;342.30;-13.84;698.44
354.48;343.93;-10.55;698.41
355.98;341.18;-14.80;697.16
358.49;342.26;-16.24;700.75
355.69;341.85;-13.85;697.54
355.42;341.45;-13.98;696.87
356.38;342.78;-13.61;699.16
355.92;342.54;-13.38;698.45
356.08;342.22;-13.85;698.30
355.95;340.92;-15.02;696.87
355.75;341.71;-14.05;697.46
355.46;341.08;-14.39;696.54
355.32;342.36;-12.96;697.68
355.24;340.85;-14.39;696.08
357.01;342.88;-14.13;699.88
355.54;342.81;-12.74;698.35
358.34;341.40;-16.94;699.74
355.59;340.46;-15.13;696.06
355.90;343.48;-12.42;699.38
353.77;341.48;-12.29;695.25
355.96;341.80;-14.16;697.76
356.64;341.52;-15.11;698.16
356.39;340.99;-15.41;697.38
358.36;340.49;-17.88;698.85
355.86;340.59;-15.27;696.46
355.65;341.41;-14.25;697.06
357.45;341.04;-16.41;698.49
356.36;340.85;-15.51;697.21
354.78;342.98;-11.81;697.76
354.64;340.66;-13.98;695.31
356.19;343.50;-12.69;699.69
356.32;342.38;-13.94;698.71
356.38;343.46;-12.92;699.84
355.83;343.18;-12.65;699.01
358.14;339.82;-18.32;697.96
355.95;341.62;-14.32;697.57
356.45;343.53;-12.92;699.98
357.92;342.52;-15.39;700.44
357.68;341.09;-16.59;698.77
355.84;340.66;-15.18;696.51
355.71;341.98;-13.74;697.69
355.45;341.78;-13.68;697.23
355.30;342.91;-12.39;698.21
356.38;338.82;-17.55;695.20
358.29;343.82;-14.48;702.11
356.66;340.72;-15.94;697.38
356.59;342.98;-13.62;699.57
357.46;340.75;-16.71;698.21
354.31;341.45;-12.86;695.76
354.29;343.51;-10.78;697.79
356.27;340.22;-16.05;696.49
358.16;340.86;-17.30;699.03
355.44;339.92;-15.52;695.36
357.66;341.14;-16.52;698.81
356.01;342.88;-13.13;698.88
357.97;342.46;-15.51;700.43
355.68;340.59;-15.09;696.27
355.80;340.88;-14.92;696.68
357.28;342.14;-15.15;699.42
356.27;343.94;-12.33;700.21
356.34;341.17;-15.16;697.51
355.38;341.47;-13.91;696.85
355.25;340.21;-15.04;695.46
358.23;341.38;-16.85;699.61
354.98;340.97;-14.01;695.95
355.98;340.94;-15.04;696.92
354.66;340.14;-14.53;694.80
355.80;341.62;-14.18;697.42
354.37;340.69;-13.68;695.06
357.45;342.53;-14.92;699.98
356.68;341.92;-14.76;698.59
357.29;343.43;-13.86;700.72
355.68;343.27;-12.41;698.95
355.66;342.94;-12.73;698.60
356.61;341.53;-15.08;698.14
355.69;340.90;-14.79;696.59
356.22;342.60;-13.62;698.82
355.86;342.18;-13.69;698.04
358.07;340.84;-17.24;698.91
358.23;343.34;-14.89;701.56
355.35;340.51;-14.85;695.86
357.51;341.56;-15.94;699.07
355.21;341.28;-13.93;696.49
355.02;342.64;-12.38;697.66
354.85;341.01;-13.84;695.85
354.56;343.33;-11.24;697.89
355.59;341.47;-14.12;697.06
355.38;340.67;-14.71;696.05
357.02;342.43;-14.59;699.45
358.41;341.35;-17.06;699.76
358.64;342.99;-15.65;701.62
356.17;343.78;-12.39;699.95
358.31;341.36;-16.94;699.67
356.26;342.51;-13.75;698.77
358.74;340.11;-18.63;698.84
357.99;340.36;-17.62;698.35
356.82;343.45;-13.36;700.27
355.66;342.88;-12.79;698.54
355.69;341.93;-13.76;697.62
357.26;341.29;-15.96;698.55
355.24;340.28;-14.96;695.52
356.64;339.93;-16.71;696.56
355.61;340.96;-14.65;696.56
355.51;340.78;-14.74;696.29
354.38;343.59;-10.79;697.97
355.31;340.16;-15.15;695.48
358.70;339.84;-18.86;698.54
356.16;344.48;-11.68;700.64
356.67;342.94;-13.74;699.61
357.31;342.73;-14.58;700.04
355.94;340.71;-15.22;696.65
356.15;341.35;-14.80;697.49
355.98;340.72;-15.26;696.71
356.82;340.30;-16.52;697.12
355.71;342.86;-12.85;698.58
355.60;340.55;-15.05;696.15
355.52;342.29;-13.22;697.81
357.94;343.19;-14.75;701.12
357.50;340.26;-17.24;697.76
357.44;343.54;-13.90;700.98
357.34;341.71;-15.63;699.04
357.79;343.51;-14.28;701.29
357.73;341.24;-16.49;698.97
354.93;340.26;-14.67;695.19
356.32;341.53;-14.79;697.85
355.59;341.69;-13.90;697.28
355.99;342.66;-13.33;698.66
356.19;340.65;-15.54;696.84
355.50;343.22;-12.28;698.72
355.61;342.02;-13.59;697.63
355.39;340.82;-14.57;696.21
355.50;341.69;-13.81;697.19
358.59;343.29;-15.29;701.88
355.05;343.06;-11.99;698.12
356.04;340.95;-15.08;696.99
355.25;343.35;-11.90;698.59
355.73;341.54;-14.19;697.26
356.13;340.28;-15.85;696.41
357.14;342.28;-14.86;699.41
356.19;342.76;-13.42;698.95
355.84;343.12;-12.72;698.95
354.76;343.75;-11.01;698.51
355.25;343.01;-12.24;698.25
356.59;341.34;-15.25;697.92
355.41;342.48;-12.93;697.88
358.15;342.50;-15.65;700.65
355.82;342.00;-13.82;697.82
355.79;342.04;-13.75;697.84
355.57;343.76;-11.81;699.33
357.48;343.55;-13.93;701.04
357.44;341.22;-16.22;698.66
355.85;343.02;-12.84;698.87
354.99;342.39;-12.60;697.39
355.60;343.62;-11.98;699.22
356.02;340.74;-15.29;696.76
357.20;340.58;-16.62;697.78
357.14;341.51;-15.62;698.65
355.71;343.47;-12.24;699.18
356.79;340.94;-15.85;697.72
357.01;340.74;-16.27;697.74
356.24;341.51;-14.72;697.75
356.35;340.93;-15.42;697.28
355.36;342.45;-12.91;697.81
355.84;343.06;-12.78;698.89
356.02;340.82;-15.20;696.85
355.92;340.24;-15.68;696.16
355.62;342.76;-12.86;698.39
355.51;343.62;-11.88;699.13
358.28;341.24;-17.04;699.52
355.08;342.68;-12.39;697.76
355.86;340.81;-15.05;696.68
357.72;343.51;-14.21;701.22
355.41;343.51;-11.90;698.91
355.76;343.42;-12.35;699.18
357.07;340.71;-16.36;697.78
356.16;341.80;-14.36;697.96
355.48;341.16;-14.31;696.64
355.82;339.06;-16.76;694.88
356.15;342.21;-13.94;698.36
356.63;340.58;-16.05;697.21
355.61;343.44;-12.18;699.05
355.28;341.25;-14.04;696.53
358.18;340.45;-17.73;698.64
354.81;340.84;-13.97;695.65
357.23;342.80;-14.43;700.03
356.45;340.58;-15.86;697.03
357.26;342.31;-14.95;699.58
357.26;342.82;-14.44;700.08
356.82;339.72;-17.09;696.54
355.85;342.37;-13.48;698.22
357.70;342.76;-14.94;700.46
355.96;342.49;-13.46;698.45
356.22;340.89;-15.32;697.11
357.95;342.93;-15.02;700.88
356.06;342.99;-13.07;699.05
355.85;340.51;-15.34;696.36
356.29;342.59;-13.70;698.89
357.84;342.89;-14.95;700.74
357.52;340.06;-17.45;697.58
356.25;343.19;-13.05;699.44
356.91;342.56;-14.35;699.48
357.48;342.05;-15.43;699.54
356.01;339.38;-16.62;695.39
357.44;342.31;-15.12;699.75
356.18;341.01;-15.17;697.18
356.78;341.39;-15.39;698.18
356.88;343.69;-13.19;700.56
356.45;343.61;-12.85;700.06
356.50;340.29;-16.21;696.79
356.09;340.95;-15.15;697.04
356.06;342.03;-14.04;698.09
355.79;341.89;-13.89;697.68
356.48;341.65;-14.84;698.13
355.34;342.68;-12.66;698.02
356.85;340.52;-16.33;697.38
354.91;341.93;-12.98;696.84
357.16;340.85;-16.32;698.01
356.07;341.48;-14.59;697.55
355.88;340.46;-15.42;696.35
355.92;340.20;-15.72;696.12
357.06;342.76;-14.30;699.82
356.02;342.79;-13.22;698.81
356.32;341.60;-14.72;697.92
356.66;340.24;-16.43;696.90
358.54;340.76;-17.77;699.30
358.91;340.02;-18.89;698.92
355.96;344.31;-11.65;700.26
355.92;340.53;-15.39;696.45
358.36;342.70;-15.66;701.06
355.46;341.68;-13.78;697.15
356.50;342.81;-13.69;699.31
358.12;342.00;-16.12;700.12
354.84;342.29;-12.55;697.13
354.72;340.71;-14.02;695.43
356.93;341.41;-15.52;698.34
357.41;343.16;-14.25;700.57
357.15;343.21;-13.94;700.35
355.64;342.07;-13.56;697.71
355.92;342.36;-13.56;698.28
356.31;343.65;-12.66;699.96
355.78;342.62;-13.16;698.39
355.59;342.35;-13.24;697.94
355.61;342.81;-12.81;698.42
357.54;340.61;-16.92;698.15
355.41;342.45;-12.96;697.86
355.27;341.27;-14.00;696.54
358.25;343.14;-15.11;701.39
354.90;343.53;-11.37;698.43
355.89;343.06;-12.82;698.95
355.94;343.19;-12.75;699.12
356.44;343.49;-12.95;699.92
357.90;342.14;-15.76;700.04
356.89;342.21;-14.68;699.10
357.91;341.36;-16.54;699.27
355.91;341.62;-14.29;697.53
355.76;341.14;-14.63;696.90
356.05;341.01;-15.04;697.06
355.79;342.02;-13.77;697.81
356.57;340.59;-15.98;697.16
355.32;341.56;-13.76;696.88
355.18;341.08;-14.09;696.26
354.86;341.84;-13.02;696.70
356.94;342.71;-14.24;699.65
356.20;340.44;-15.76;696.64
355.57;341.14;-14.43;696.71
355.81;339.84;-15.98;695.65
356.70;339.82;-16.88;696.52
355.52;342.87;-12.65;698.39
355.92;341.32;-14.59;697.24
356.24;341.04;-15.20;697.28
359.19;341.02;-18.17;700.22
356.92;341.88;-15.04;698.80
357.69;340.51;-17.18;698.21
357.51;342.78;-14.73;700.28
357.82;342.05;-15.76;699.87
354.99;341.16;-13.82;696.15
358.17;343.10;-15.07;701.27
355.91;340.65;-15.26;696.56
357.56;341.41;-16.15;698.97
354.19;341.18;-13.02;695.37
353.93;343.25;-10.68;697.18
355.45;339.77;-15.68;695.22
355.66;343.50;-12.16;699.16
356.21;343.54;-12.66;699.75
356.13;343.25;-12.88;699.38
355.72;341.98;-13.74;697.71
355.72;343.29;-12.42;699.01
355.35;344.02;-11.34;699.37
356.17;343.30;-12.87;699.47
356.91;341.18;-15.74;698.09
358.25;342.47;-15.78;700.72
354.83;340.98;-13.85;695.81
357.64;343.19;-14.45;700.82
357.48;340.51;-16.98;697.99
355.86;341.56;-14.31;697.42
354.03;340.26;-13.77;694.29
357.06;341.30;-15.76;698.36
355.58;340.80;-14.78;696.38
356.29;342.72;-13.57;699.01
355.31;342.58;-12.73;697.88
355.77;339.85;-15.92;695.62
354.91;340.82;-14.09;695.73
357.71;341.91;-15.80;699.61
358.14;341.62;-16.52;699.75
357.71;341.31;-16.40;699.01
358.22;342.65;-15.57;700.86
354.91;340.52;-14.39;695.43
355.65;340.82;-14.83;696.48
354.44;343.38;-11.06;697.82
354.18;341.66;-12.52;695.84
357.32;341.12;-16.20;698.45
356.27;342.19;-14.08;698.46
355.59;340.75;-14.84;696.34
357.88;342.82;-15.05;700.70
356.52;342.63;-13.89;699.15
356.10;340.60;-15.50;696.70
355.94;340.75;-15.19;696.69
355.88;342.08;-13.80;697.95
355.52;341.92;-13.59;697.44
355.43;341.36;-14.07;696.79
355.24;341.28;-13.96;696.51
357.50;340.99;-16.51;698.49
354.69;342.81;-11.89;697.50
356.45;342.78;-13.67;699.24
355.28;340.46;-14.82;695.74
355.73;343.08;-12.65;698.81
356.55;341.32;-15.23;697.88
357.71;341.43;-16.28;699.14
355.41;343.32;-12.09;698.72
355.76;343.08;-12.69;698.84
355.84;341.33;-14.51;697.17
358.16;342.64;-15.52;700.80
355.53;342.62;-12.91;698.15
355.39;340.34;-15.05;695.72
356.41;341.47;-14.94;697.88
355.07;343.51;-11.56;698.58
356.05;339.96;-16.08;696.01
355.84;340.33;-15.51;696.16
355.76;340.78;-14.99;696.54
355.11;341.30;-13.81;696.41
355.94;342.41;-13.52;698.35
357.36;342.25;-15.11;699.61
353.94;340.23;-13.71;694.16
355.28;342.29;-12.98;697.57
353.99;341.46;-12.52;695.45
356.20;343.07;-13.13;699.27
355.65;344.14;-11.52;699.79
356.13;341.33;-14.80;697.46
355.95;342.07;-13.88;698.02
355.78;342.59;-13.18;698.37
356.21;342.89;-13.32;699.11
355.71;343.33;-12.38;699.04
358.31;343.30;-15.01;701.61
355.87;341.05;-14.82;696.92
358.02;341.34;-16.68;699.35
355.66;343.68;-11.98;699.35
356.03;342.55;-13.48;698.58
355.22;344.00;-11.22;699.22
355.58;341.05;-14.53;696.64
354.68;342.29;-12.39;696.96
356.55;340.66;-15.88;697.21
355.99;343.19;-12.79;699.18
355.27;342.14;-13.14;697.41
355.69;343.08;-12.61;698.77
355.34;342.88;-12.46;698.22
356.30;341.68;-14.62;697.98
356.41;341.22;-15.19;697.64
356.32;341.09;-15.22;697.41
356.08;340.41;-15.67;696.48
355.89;341.51;-14.38;697.41
356.99;341.23;-15.76;698.22
357.56;338.54;-19.02;696.09
355.41;341.68;-13.74;697.09
355.31;341.44;-13.87;696.74
355.05;340.71;-14.34;695.75
354.97;341.08;-13.89;696.05
354.77;341.72;-13.05;696.49
357.14;340.58;-16.56;697.71
355.79;342.80;-12.99;698.59
355.99;343.09;-12.90;699.08
357.23;343.21;-14.02;700.44
355.58;342.81;-12.77;698.39
355.27;343.78;-11.49;699.05
356.51;343.94;-12.57;700.45
356.20;343.59;-12.61;699.79
356.14;343.66;-12.48;699.80
355.86;342.78;-13.09;698.64
355.59;342.51;-13.08;698.11
356.35;340.26;-16.09;696.61
356.18;341.02;-15.16;697.20
354.82;340.33;-14.49;695.15
354.58;342.81;-11.77;697.38
355.36;342.54;-12.82;697.90
355.53;341.43;-14.10;696.96
355.85;343.49;-12.36;699.34
356.74;341.99;-14.74;698.73
356.68;341.61;-15.06;698.29
356.42;341.11;-15.31;697.54
357.06;342.51;-14.55;699.58
355.94;339.03;-16.91;694.97
355.19;343.52;-11.67;698.72
358.74;343.06;-15.67;701.80
355.35;342.41;-12.94;697.76
355.14;343.27;-11.86;698.41
356.18;340.92;-15.26;697.09
356.31;342.75;-13.56;699.06
354.36;340.43;-13.94;694.79
355.26;342.34;-12.93;697.60
355.54;339.96;-15.57;695.50
356.44;342.14;-14.31;698.58
358.18;342.84;-15.34;701.01
355.46;340.58;-14.88;696.04
356.11;341.56;-14.55;697.68
358.10;340.59;-17.51;698.69
358.04;340.75;-17.28;698.79
355.83;340.05;-15.78;695.88
357.22;342.37;-14.85;699.59
357.87;342.38;-15.49;700.25
357.13;342.78;-14.35;699.91
356.61;343.72;-12.89;700.33
358.09;340.79;-17.29;698.88
357.84;342.54;-15.29;700.38
355.22;341.21;-14.02;696.43
356.62;341.14;-15.48;697.76
357.03;341.24;-15.79;698.26
356.88;342.85;-14.02;699.73
356.40;339.38;-17.02;695.78
356.58;341.19;-15.39;697.76
356.18;341.78;-14.40;697.95
356.04;343.07;-12.96;699.11
355.91;340.50;-15.41;696.41
355.72;341.81;-13.92;697.53
356.53;340.42;-16.11;696.95
356.22;341.40;-14.82;697.62
356.01;341.22;-14.78;697.23
357.08;340.87;-16.21;697.95
355.23;342.67;-12.56;697.90
357.18;341.19;-15.98;698.37
355.86;344.08;-11.78;699.95
356.23;343.09;-13.14;699.32
356.62;342.80;-13.82;699.42
356.28;342.65;-13.63;698.94
356.17;341.05;-15.12;697.22
357.25;342.18;-15.07;699.44
355.75;339.98;-15.77;695.72
358.22;340.35;-17.87;698.58
357.11;341.55;-15.55;698.66
356.35;341.14;-15.22;697.49
358.11;340.87;-17.24;698.98
356.71;341.54;-15.18;698.25
355.94;342.92;-13.02;698.86
356.62;341.12;-15.50;697.75
358.91;340.76;-18.15;699.67
356.69;341.04;-15.66;697.73
356.46;341.49;-14.98;697.95
356.12;340.57;-15.55;696.69
356.71;342.12;-14.59;698.84
356.34;343.27;-13.07;699.61
357.21;341.54;-15.67;698.74
356.27;340.72;-15.55;696.99
355.13;341.34;-13.79;696.47
354.94;343.10;-11.84;698.04
357.86;342.82;-15.04;700.68
355.75;343.38;-12.37;699.12
356.29;342.46;-13.84;698.75
358.36;341.41;-16.95;699.76
356.12;343.07;-13.05;699.19
356.74;343.02;-13.72;699.76
356.66;340.22;-16.44;696.88
355.85;342.41;-13.44;698.25
358.27;342.18;-16.09;700.45
355.82;340.15;-15.67;695.96
358.69;342.76;-15.92;701.45
355.50;343.45;-12.05;698.95
357.55;342.16;-15.39;699.71
356.05;340.89;-15.16;696.94
356.17;341.06;-15.11;697.23
354.75;340.28;-14.47;695.02
356.47;342.34;-14.14;698.81
357.41;342.67;-14.74;700.08
358.87;340.62;-18.25;699.49
357.04;343.55;-13.49;700.58
357.41;340.92;-16.48;698.33
356.90;343.29;-13.61;700.19
356.81;343.16;-13.65;699.96
356.14;342.99;-13.14;699.13
356.52;341.43;-15.09;697.95
356.03;341.22;-14.81;697.25
356.19;342.36;-13.83;698.56
355.89;341.86;-14.03;697.75
355.64;339.48;-16.16;695.12
355.35;340.24;-15.12;695.59
356.10;339.66;-16.44;695.76
355.15;340.00;-15.15;695.15
355.03;343.22;-11.81;698.25
357.84;340.53;-17.31;698.36
356.51;342.92;-13.59;699.42
357.88;340.67;-17.21;698.55
357.68;340.32;-17.36;698.00
356.08;341.85;-14.22;697.93
357.35;341.45;-15.89;698.80
356.48;341.91;-14.56;698.39
356.97;341.78;-15.19;698.75
356.06;339.72;-16.34;695.79
355.72;342.93;-12.79;698.65
356.04;339.35;-16.69;695.39
356.15;340.57;-15.58;696.72
354.79;342.11;-12.68;696.90
355.54;340.59;-14.95;696.12
355.65;341.03;-14.62;696.68
358.51;341.11;-17.40;699.62
356.29;340.12;-16.17;696.42
357.66;341.11;-16.55;698.77
357.84;342.19;-15.64;700.03
354.38;341.26;-13.12;695.64
354.22;343.12;-11.10;697.34
356.02;341.53;-14.49;697.55
356.90;340.76;-16.14;697.66
355.56;344.08;-11.49;699.64
354.94;339.23;-15.71;694.17
357.95;343.01;-14.94;700.96
355.59;341.05;-14.54;696.65
356.45;340.25;-16.21;696.70
356.02;343.15;-12.86;699.17
355.74;342.76;-12.98;698.49
356.67;341.56;-15.11;698.23
355.22;341.42;-13.79;696.64
356.22;341.28;-14.95;697.50
357.99;340.88;-17.11;698.88
354.62;343.41;-11.21;698.04
355.33;343.59;-11.74;698.92
356.05;341.04;-15.02;697.09
353.88;342.70;-11.18;696.58
357.38;343.71;-13.66;701.09
356.20;342.64;-13.56;698.84
355.65;342.71;-12.94;698.36
355.85;342.21;-13.64;698.06
355.91;340.92;-14.99;696.83
357.78;340.19;-17.58;697.97
355.70;343.16;-12.54;698.86
355.51;343.23;-12.28;698.74
355.14;340.12;-15.02;695.25
355.22;340.13;-15.09;695.35
355.88;342.99;-12.88;698.87
355.74;340.49;-15.25;696.24
355.71;340.75;-14.96;696.46
357.62;342.59;-15.04;700.21
354.19;341.09;-13.11;695.28
355.18;342.95;-12.23;698.14
356.11;341.16;-14.95;697.26
355.30;341.65;-13.65;696.95
356.58;340.33;-16.25;696.91
355.72;342.60;-13.12;698.32
355.81;341.25;-14.55;697.06
358.32;342.36;-15.95;700.68
355.86;343.41;-12.45;699.27
355.69;342.69;-13.01;698.38
358.06;342.69;-15.37;700.75
356.19;342.29;-13.89;698.48
358.42;341.37;-17.05;699.79
357.05;342.26;-14.79;699.31
357.64;340.52;-17.11;698.16
356.58;341.49;-15.09;698.07
354.50;343.09;-11.41;697.59
354.34;343.89;-10.44;698.23
357.40;343.02;-14.38;700.42
355.98;343.36;-12.62;699.34
355.61;342.45;-13.16;698.06
357.01;342.75;-14.26;699.76
356.75;343.23;-13.52;699.98
358.15;340.48;-17.68;698.63
355.96;339.58;-16.38;695.55
357.68;341.60;-16.08;699.28
355.56;342.19;-13.37;697.76
355.98;340.94;-15.05;696.92
355.94;343.39;-12.54;699.33
357.71;341.44;-16.27;699.14
355.67;341.51;-14.16;697.18
355.21;342.16;-13.05;697.36
355.15;343.34;-11.82;698.49
354.86;343.19;-11.67;698.05
356.52;341.44;-15.08;697.96
356.36;343.39;-12.97;699.76
356.81;339.15;-17.65;695.96
355.80;340.12;-15.68;695.92
358.30;342.78;-15.52;701.08
356.87;342.83;-14.04;699.70
355.88;341.83;-14.05;697.71
357.91;339.24;-18.68;697.15
355.56;341.35;-14.21;696.91
355.85;340.74;-15.12;696.59
355.66;342.01;-13.65;697.67
355.36;339.88;-15.48;695.24
357.52;342.69;-14.84;700.21
354.95;343.32;-11.63;698.28
354.74;342.84;-11.91;697.58
354.54;342.88;-11.66;697.41
354.48;340.61;-13.88;695.09
357.42;341.56;-15.86;698.98
356.16;341.21;-14.95;697.38
355.96;343.28;-12.68;699.24
356.42;340.04;-16.39;696.46
356.86;340.69;-16.18;697.55
356.73;340.44;-16.29;697.17
355.59;341.32;-14.26;696.91
356.18;342.55;-13.64;698.73
355.36;341.09;-14.27;696.45
358.51;342.09;-16.41;700.60
355.81;341.88;-13.93;697.68
355.37;343.29;-12.08;698.66
355.44;342.32;-13.11;697.76
355.28;342.11;-13.17;697.38
357.85;342.42;-15.43;700.28
354.72;343.16;-11.56;697.89
355.84;343.95;-11.89;699.78
357.69;342.63;-15.06;700.32
357.51;343.60;-13.91;701.11
359.18;342.97;-16.21;702.15
355.56;340.77;-14.79;696.34
358.38;341.81;-16.56;700.19
358.39;342.74;-15.65;701.12
355.51;342.36;-13.15;697.88
356.19;343.09;-13.10;699.28
358.16;342.18;-15.98;700.34
356.78;341.79;-14.98;698.57
356.58;343.72;-12.85;700.30
355.48;340.32;-15.16;695.81
358.00;340.14;-17.86;698.14
355.59;342.81;-12.78;698.40
356.42;342.32;-14.09;698.74
357.68;340.31;-17.36;697.99
359.54;339.58;-19.96;699.11
357.39;340.24;-17.16;697.63
357.31;340.36;-16.95;697.68
358.42;343.10;-15.32;701.52
356.58;341.21;-15.37;697.78
356.64;343.03;-13.61;699.66
355.39;342.79;-12.60;698.18
358.14;341.11;-17.03;699.25
358.41;341.16;-17.25;699.57
357.99;342.32;-15.66;700.31
355.70;340.64;-15.06;696.34
355.79;340.58;-15.21;696.36
358.39;340.18;-18.21;698.57
355.96;342.70;-13.26;698.66
356.04;343.45;-12.59;699.48
356.08;343.57;-12.51;699.65
357.29;341.06;-16.22;698.35
356.71;343.51;-13.20;700.21
357.02;341.71;-15.32;698.73
356.85;339.11;-17.74;695.96
356.02;341.92;-14.09;697.94
357.54;343.34;-14.20;700.88
356.99;340.41;-16.58;697.40
356.08;342.89;-13.19;698.96
356.41;339.95;-16.46;696.36
356.33;343.07;-13.26;699.40
355.90;342.85;-13.05;698.75
358.35;341.04;-17.31;699.39
356.34;340.52;-15.82;696.86
355.99;339.93;-16.06;695.92
356.01;342.22;-13.79;698.24
355.91;341.89;-14.02;697.79
355.72;343.36;-12.36;699.08
358.06;340.36;-17.70;698.43
356.55;340.96;-15.59;697.51
355.21;343.42;-11.78;698.63
358.18;340.42;-17.75;698.60
356.99;342.73;-14.26;699.72
355.56;340.41;-15.16;695.97
355.35;341.35;-13.99;696.70
356.49;341.36;-15.12;697.85
356.23;343.52;-12.71;699.75
357.04;340.84;-16.21;697.88
356.92;343.18;-13.74;700.11
355.70;343.66;-12.04;699.36
356.31;340.40;-15.91;696.71
355.50;339.29;-16.21;694.79
356.18;343.32;-12.86;699.51
356.02;342.30;-13.72;698.32
355.67;340.97;-14.70;696.64
355.52;341.85;-13.67;697.38
355.00;340.47;-14.53;695.47
355.16;341.21;-13.95;696.37
354.98;344.14;-10.84;699.12
354.68;343.95;-10.73;698.62
356.09;343.72;-12.37;699.81
354.21;343.69;-10.52;697.91
356.33;343.35;-12.98;699.68
356.87;343.16;-13.71;700.04
355.36;343.05;-12.32;698.41
356.83;343.09;-13.74;699.92
355.89;341.79;-14.09;697.68
356.81;341.36;-15.45;698.18
356.73;343.56;-13.16;700.29
356.43;341.25;-15.18;697.68
355.62;342.52;-13.10;698.14
355.40;344.19;-11.21;699.59
355.99;341.42;-14.57;697.41
355.82;341.16;-14.66;696.98
357.22;341.15;-16.07;698.36
355.46;341.53;-13.93;696.99
354.74;340.26;-14.47;695.00
354.96;343.16;-11.80;698.12
355.78;343.96;-11.82;699.75
354.52;340.78;-13.74;695.29
354.29;343.05;-11.25;697.34
355.39;342.29;-13.09;697.68
355.57;341.58;-13.99;697.15
357.06;340.03;-17.03;697.09
355.38;341.53;-13.85;696.91
356.67;340.99;-15.68;697.66
356.37;342.53;-13.84;698.90
358.56;343.61;-14.95;702.18
355.96;342.38;-13.59;698.34
355.32;341.96;-13.35;697.28
355.58;340.65;-14.93;696.22
355.44;341.59;-13.85;697.04
356.27;341.23;-15.04;697.50
354.96;343.24;-11.72;698.19
358.09;343.12;-14.97;701.21
356.69;340.91;-15.78;697.59
354.58;342.78;-11.81;697.36
355.49;341.45;-14.04;696.94
356.71;341.42;-15.29;698.14
357.51;341.05;-16.46;698.55
356.68;341.39;-15.29;698.08
356.87;341.99;-14.88;698.86
356.24;342.79;-13.45;699.03
356.59;342.64;-13.95;699.23
356.42;342.36;-14.05;698.78
357.39;342.09;-15.31;699.48
358.73;340.72;-18.01;699.45
356.78;340.84;-15.94;697.62
355.28;343.81;-11.46;699.09
358.31;341.25;-17.06;699.56
356.57;341.71;-14.86;698.28
354.54;342.64;-11.89;697.18
354.26;341.14;-13.13;695.40
354.08;341.62;-12.46;695.70
358.38;340.65;-17.72;699.03
356.74;340.59;-16.15;697.34
356.65;340.39;-16.26;697.04
357.48;339.41;-18.07;696.89
355.38;342.54;-12.84;697.92
358.18;343.22;-14.96;701.40
355.91;342.04;-13.88;697.95
355.81;341.86;-13.95;697.66
357.95;341.76;-16.19;699.71
355.35;340.18;-15.17;695.54
357.65;339.95;-17.70;697.61
354.85;340.99;-13.86;695.85
355.87;340.51;-15.36;696.38
357.56;342.78;-14.78;700.35
355.67;342.72;-12.95;698.39
355.62;342.39;-13.24;698.01
355.72;341.48;-14.24;697.20
355.45;342.08;-13.37;697.52
355.96;341.18;-14.78;697.14
355.94;344.14;-11.81;700.08
355.69;341.31;-14.38;697.00
356.25;339.21;-17.04;695.46
355.70;344.41;-11.29;700.11
355.75;340.95;-14.81;696.70
355.45;340.04;-15.42;695.49
355.56;341.94;-13.63;697.50
355.46;341.12;-14.35;696.58
354.81;341.48;-13.32;696.29
356.93;342.55;-14.38;699.48
354.71;340.38;-14.33;695.09
357.30;338.96;-18.34;696.26
356.13;343.02;-13.11;699.15
355.79;340.14;-15.66;695.93
356.21;343.07;-13.14;699.28
356.72;340.21;-16.51;696.93
357.09;343.90;-13.19;700.99
355.89;342.50;-13.39;698.39
356.23;342.39;-13.84;698.62
356.18;343.06;-13.12;699.24
355.85;342.14;-13.72;697.99
357.79;342.10;-15.69;699.89
358.02;340.66;-17.35;698.68
356.74;337.54;-19.20;694.28
357.31;338.50;-18.81;695.81
355.37;342.16;-13.21;697.53
355.31;342.51;-12.80;697.82
357.72;340.26;-17.46;697.99
358.29;340.91;-17.38;699.19
355.14;343.52;-11.62;698.66
355.06;339.99;-15.07;695.06
354.91;342.13;-12.78;697.04
355.54;341.97;-13.57;697.51
354.76;342.88;-11.88;697.64
357.91;342.57;-15.34;700.48
355.82;340.75;-15.07;696.58
356.94;342.22;-14.72;699.15
356.06;340.22;-15.84;696.28
356.99;338.89;-18.10;695.88
356.08;343.10;-12.98;699.18
356.65;342.49;-14.15;699.14
356.15;344.52;-11.62;700.67
356.11;342.22;-13.89;698.32
355.96;342.12;-13.84;698.08
355.72;341.39;-14.34;697.11
355.46;342.48;-12.98;697.95
355.26;341.51;-13.76;696.77
357.31;342.12;-15.18;699.43
356.97;340.96;-16.01;697.94
356.82;343.81;-13.01;700.63
355.74;344.05;-11.68;699.79
357.49;343.05;-14.44;700.54
356.45;344.26;-12.19;700.71
358.38;342.94;-15.44;701.32
353.64;343.05;-10.59;696.69
356.52;340.39;-16.14;696.91
356.49;343.20;-13.29;699.69
356.12;342.98;-13.14;699.10
355.84;342.75;-13.09;698.59
355.60;342.70;-12.90;698.30
354.77;340.56;-14.21;695.34
356.50;340.32;-16.18;696.82
355.17;343.44;-11.74;698.61
356.11;343.43;-12.68;699.54
355.01;344.22;-10.79;699.24
358.06;343.02;-15.04;701.08
354.64;341.47;-13.16;696.11
355.59;340.75;-14.84;696.34
354.34;343.15;-11.18;697.49
355.52;342.87;-12.65;698.39
355.73;343.26;-12.46;698.99
355.99;341.41;-14.58;697.40
353.66;341.69;-11.97;695.35
356.61;343.11;-13.50;699.71
358.04;340.95;-17.09;698.98
355.52;341.40;-14.12;696.92
356.31;342.45;-13.86;698.76
355.88;342.27;-13.61;698.15
355.92;339.88;-16.04;695.79
358.21;341.41;-16.80;699.62
355.66;342.74;-12.93;698.40
356.22;342.03;-14.19;698.25
355.40;342.49;-12.91;697.89
357.19;342.31;-14.88;699.49
356.22;343.12;-13.09;699.34
357.35;341.76;-15.59;699.12
356.59;343.19;-13.40;699.78
355.82;341.45;-14.36;697.27
354.42;343.28;-11.14;697.69
354.34;341.94;-12.40;696.27
355.94;341.46;-14.48;697.39
355.95;340.94;-15.01;696.89
355.51;338.71;-16.81;694.22
356.86;341.09;-15.76;697.95
356.65;341.07;-15.58;697.72
358.31;342.83;-15.48;701.14
355.96;342.57;-13.39;698.54
355.54;341.16;-14.38;696.71
356.37;340.76;-15.61;697.13
355.85;340.64;-15.21;696.49
355.95;341.06;-14.89;697.02
355.81;341.98;-13.83;697.78
355.50;341.51;-13.99;697.01
357.81;340.45;-17.36;698.25
356.44;343.52;-12.92;699.95
358.24;340.53;-17.71;698.77
356.80;340.92;-15.88;697.72
354.74;340.64;-14.10;695.37
354.45;340.64;-13.81;695.09
356.24;342.59;-13.65;698.84
356.49;342.38;-14.11;698.88
355.85;341.19;-14.66;697.04
356.96;341.19;-15.77;698.15
355.93;341.80;-14.13;697.73
355.80;340.33;-15.47;696.13
356.50;341.84;-14.66;698.34
356.29;341.19;-15.11;697.48
355.99;342.34;-13.65;698.34
355.05;342.18;-12.88;697.23
355.55;343.74;-11.81;699.28
355.49;344.33;-11.16;699.82
355.47;341.49;-13.98;696.96
355.18;343.61;-11.56;698.79
357.83;340.49;-17.34;698.32
354.89;340.95;-13.94;695.84
356.05;343.92;-12.13;699.98
354.41;342.75;-11.65;697.16
354.26;343.15;-11.11;697.41
355.92;343.44;-12.48;699.36
356.32;342.25;-14.08;698.57
354.66;343.35;-11.31;698.02
356.85;340.72;-16.13;697.56
355.91;341.81;-14.10;697.71
356.03;341.16;-14.86;697.19
355.46;343.71;-11.75;699.18
356.16;341.32;-14.84;697.48
356.01;343.72;-12.29;699.72
359.11;339.09;-20.02;698.21
357.79;340.26;-17.53;698.05
355.72;340.58;-15.14;696.31
357.70;342.51;-15.19;700.21
355.16;343.51;-11.66;698.67
355.09;341.30;-13.79;696.39
354.98;341.09;-13.88;696.07
354.72;342.32;-12.41;697.04
354.50;340.73;-13.77;695.23
357.64;343.69;-13.94;701.33
355.36;342.32;-13.04;697.68
355.11;344.05;-11.06;699.16
356.29;341.67;-14.62;697.96
355.69;342.76;-12.92;698.45
355.82;342.80;-13.02;698.62
356.54;341.07;-15.46;697.61
356.27;342.68;-13.59;698.95
355.64;343.34;-12.31;698.98
355.67;342.36;-13.31;698.03
355.91;340.79;-15.12;696.69
355.76;342.08;-13.68;697.85
357.94;341.26;-16.68;699.20
355.40;341.01;-14.39;696.41
355.22;341.19;-14.03;696.42
354.91;341.92;-12.99;696.83
354.79;344.25;-10.54;699.04
355.80;340.85;-14.95;696.65
355.98;341.57;-14.41;697.55
359.52;343.79;-15.73;703.31
354.08;343.14;-10.94;697.22
353.84;339.81;-14.03;693.64
355.59;342.46;-13.13;698.06
355.86;342.66;-13.21;698.52
355.78;341.25;-14.54;697.03
358.06;340.34;-17.72;698.39
358.73;342.91;-15.82;701.64
355.78;343.30;-12.48;699.08
355.61;341.16;-14.45;696.77
357.96;341.72;-16.24;699.68
355.34;341.50;-13.84;696.84
355.05;341.06;-13.99;696.11
357.91;342.42;-15.49;700.34
354.72;341.59;-13.12;696.31
354.40;342.74;-11.66;697.14
356.41;343.30;-13.11;699.71
354.28;341.61;-12.67;695.88
354.68;341.04;-13.64;695.71
355.98;339.94;-16.04;695.92
356.32;341.10;-15.22;697.42
356.59;343.02;-13.57;699.61
355.83;343.55;-12.28;699.38
356.15;342.31;-13.85;698.46
355.82;340.91;-14.91;696.73
355.79;341.10;-14.69;696.89
356.80;341.90;-14.90;698.70
358.13;341.82;-16.31;699.95
355.32;340.39;-14.94;695.71
355.26;342.54;-12.72;697.81
356.24;341.29;-14.95;697.52
358.12;342.60;-15.52;700.72
355.51;343.02;-12.49;698.53
356.63;340.85;-15.78;697.48
357.92;343.44;-14.48;701.35
355.85;343.71;-12.14;699.56
356.41;341.81;-14.59;698.22
355.62;343.05;-12.57;698.66
355.94;343.23;-12.71;699.16
356.14;342.05;-14.09;698.19
356.86;341.92;-14.95;698.78
355.80;342.41;-13.39;698.21
356.61;341.09;-15.52;697.70
355.63;343.94;-11.69;699.56
356.74;340.96;-15.78;697.70
355.74;340.92;-14.82;696.66
355.76;340.77;-14.99;696.53
355.63;341.25;-14.38;696.88
355.54;343.07;-12.46;698.61
355.33;340.31;-15.02;695.64
355.91;341.42;-14.49;697.32
356.28;341.05;-15.23;697.32
355.97;340.99;-14.98;696.96
354.68;340.88;-13.80;695.55
354.52;342.22;-12.31;696.74
355.48;343.38;-12.10;698.86
355.29;343.84;-11.45;699.13
354.38;342.76;-11.62;697.14
354.22;343.16;-11.06;697.38
353.96;341.88;-12.08;695.84
356.64;343.19;-13.45;699.82
355.57;343.05;-12.52;698.62
356.44;341.39;-15.05;697.83
356.35;342.01;-14.35;698.36
355.03;343.38;-11.65;698.41
355.66;344.33;-11.34;699.99
355.86;341.75;-14.11;697.61
355.54;340.75;-14.79;696.29
356.73;343.25;-13.48;699.98
355.46;342.89;-12.56;698.35
355.07;340.65;-14.42;695.72
354.95;341.99;-12.96;696.95
354.75;343.76;-10.99;698.51
356.79;341.41;-15.38;698.19
355.31;341.68;-13.64;696.99
356.49;343.14;-13.36;699.63
355.81;341.65;-14.16;697.46
356.52;341.13;-15.39;697.65
355.26;342.84;-12.43;698.10
356.33;343.36;-12.96;699.69
355.88;341.16;-14.72;697.04
355.25;340.94;-14.31;696.19
355.98;343.84;-12.15;699.82
355.57;340.56;-15.01;696.14
355.34;341.69;-13.64;697.03
355.24;343.40;-11.84;698.64
356.76;342.60;-14.16;699.36
358.03;343.15;-14.88;701.18
354.82;343.66;-11.15;698.48
356.10;344.01;-12.09;700.11
354.59;341.76;-12.84;696.35
354.47;343.67;-10.80;698.14
356.08;340.49;-15.58;696.57
354.11;341.94;-12.16;696.05
353.85;341.75;-12.11;695.60
355.62;342.51;-13.11;698.13
355.61;341.44;-14.17;697.05
355.68;343.64;-12.04;699.31
356.14;343.45;-12.69;699.59
356.12;342.34;-13.78;698.45
356.09;342.34;-13.75;698.42
355.89;343.62;-12.27;699.52
356.45;343.85;-12.60;700.29
355.41;343.09;-12.32;698.51
355.14;341.39;-13.75;696.54
354.98;342.99;-11.99;697.98
357.86;340.75;-17.12;698.61
355.61;342.75;-12.86;698.36
355.01;340.51;-14.51;695.52
356.54;341.08;-15.46;697.62
356.20;344.00;-12.20;700.20
356.24;343.24;-12.99;699.48
356.82;343.08;-13.74;699.89
355.65;341.49;-14.16;697.14
356.21;342.53;-13.68;698.74
356.24;343.12;-13.12;699.36
357.76;342.96;-14.79;700.72
356.00;343.44;-12.56;699.44
356.28;340.70;-15.58;696.98
355.48;341.68;-13.79;697.16
355.25;340.29;-14.96;695.54
355.76;339.94;-15.83;695.70
356.08;342.64;-13.44;698.72
356.99;343.25;-13.74;700.25
356.39;342.25;-14.15;698.64
354.28;340.42;-13.85;694.70
354.21;340.26;-13.95;694.46
358.45;341.51;-16.94;699.96
356.57;342.11;-14.46;698.68
356.44;339.44;-17.00;695.88
356.04;341.77;-14.27;697.81
356.46;340.82;-15.65;697.28
355.92;342.02;-13.90;697.95
356.16;342.29;-13.87;698.46
356.88;340.82;-16.06;697.70
355.81;340.69;-15.12;696.51
355.60;342.73;-12.87;698.33
355.42;343.48;-11.94;698.90
355.15;343.15;-11.99;698.30
356.65;341.08;-15.57;697.74
355.65;341.89;-13.76;697.55
355.83;342.78;-13.05;698.61
356.04;340.59;-15.44;696.63
358.82;343.41;-15.41;702.24
356.39;341.05;-15.35;697.44
357.75;341.74;-16.01;699.49
356.85;342.51;-14.34;699.36
355.95;340.91;-15.04;696.86
356.36;342.51;-13.85;698.87
358.56;341.14;-17.42;699.70
356.66;342.19;-14.46;698.85
358.09;342.81;-15.28;700.91
357.96;341.75;-16.21;699.71
355.38;341.30;-14.08;696.68
356.81;341.08;-15.73;697.89
354.93;340.81;-14.12;695.74
355.55;340.46;-15.09;696.01
354.73;341.99;-12.74;696.72
356.21;342.35;-13.85;698.56
356.62;343.65;-12.96;700.27
354.03;342.81;-11.22;696.84
355.09;340.86;-14.24;695.95
356.89;341.84;-15.05;698.74
356.39;340.26;-16.13;696.66
358.14;342.43;-15.71;700.57
357.81;339.89;-17.91;697.70
355.64;343.06;-12.58;698.71
355.76;341.97;-13.79;697.74
356.75;340.44;-16.31;697.19
356.65;340.04;-16.61;696.69
357.96;342.92;-15.04;700.88
355.17;342.92;-12.25;698.09
354.99;343.13;-11.86;698.12
354.76;341.81;-12.95;696.58
356.46;340.71;-15.75;697.18
356.65;340.68;-15.98;697.33
355.52;340.44;-15.08;695.95
356.35;341.03;-15.32;697.38
357.02;343.21;-13.82;700.23
356.61;341.78;-14.82;698.39
358.66;341.64;-17.02;700.29
356.17;342.35;-13.82;698.52
358.01;339.84;-18.17;697.85
357.79;340.71;-17.08;698.50
355.58;343.66;-11.92;699.24
355.28;343.50;-11.78;698.78
355.22;340.72;-14.50;695.95
355.93;342.31;-13.62;698.24
354.62;339.56;-15.06;694.19
357.61;340.40;-17.21;698.01
356.97;342.41;-14.56;699.38
357.12;341.42;-15.70;698.55
355.60;342.98;-12.62;698.58
355.94;341.64;-14.31;697.58
356.02;342.51;-13.51;698.54
355.94;342.18;-13.76;698.11
357.24;343.52;-13.72;700.76
355.47;343.21;-12.26;698.68
355.36;340.92;-14.45;696.28
354.98;340.44;-14.54;695.42
354.90;343.06;-11.84;697.96
354.76;342.95;-11.81;697.71
356.41;342.90;-13.51;699.31
357.62;340.62;-17.01;698.24
357.62;343.09;-14.54;700.71
356.61;341.22;-15.39;697.82
356.23;341.38;-14.85;697.61
356.97;342.88;-14.09;699.85
358.54;341.46;-17.08;700.01
357.62;342.81;-14.82;700.43
357.76;341.48;-16.28;699.24
356.34;342.05;-14.28;698.39
356.04;343.51;-12.52;699.55
355.85;343.16;-12.69;699.01
355.84;340.87;-14.96;696.71
355.75;340.67;-15.08;696.42
355.55;341.36;-14.18;696.91
355.22;341.30;-13.92;696.52
354.99;341.89;-13.11;696.88
354.71;340.80;-13.91;695.51
355.91;342.78;-13.13;698.68
357.39;340.49;-16.89;697.88
355.95;340.35;-15.61;696.30
357.26;341.09;-16.17;698.36
356.30;342.65;-13.65;698.95
356.10;343.42;-12.68;699.52
357.00;340.76;-16.24;697.76
355.65;341.14;-14.51;696.79
356.65;341.32;-15.32;697.97
356.58;340.49;-16.08;697.07
356.45;343.61;-12.84;700.05
355.99;340.08;-15.91;696.07
355.61;342.47;-13.14;698.08
357.04;340.36;-16.68;697.39
356.02;343.00;-13.02;699.02
357.45;342.88;-14.57;700.34
358.16;340.66;-17.50;698.82
355.45;341.69;-13.76;697.15
355.21;343.00;-12.21;698.21
356.24;341.34;-14.90;697.57
355.90;343.72;-12.18;699.62
355.96;342.11;-13.85;698.07
356.79;341.52;-15.28;698.31
354.44;341.38;-13.06;695.82
356.45;341.30;-15.15;697.75
355.51;343.76;-11.75;699.28
357.47;342.35;-15.12;699.82
356.95;342.09;-14.86;699.04
356.07;343.95;-12.12;700.02
356.01;342.85;-13.16;698.86
357.54;340.30;-17.24;697.84
356.46;342.56;-13.89;699.02
355.51;342.96;-12.55;698.46
355.61;343.02;-12.59;698.62
356.30;342.98;-13.32;699.28
355.30;342.59;-12.71;697.89
355.56;343.11;-12.45;698.66
356.89;343.12;-13.78;700.01
355.72;341.54;-14.18;697.26
358.49;340.53;-17.96;699.02
356.01;341.22;-14.78;697.23
356.06;344.29;-11.76;700.35
355.94;341.26;-14.68;697.19
355.78;340.65;-15.13;696.42
354.99;340.67;-14.32;695.66
355.32;343.59;-11.73;698.91
355.16;341.21;-13.95;696.37
357.56;339.92;-17.64;697.48
356.86;340.78;-16.08;697.64
356.59;340.80;-15.79;697.39
356.14;343.77;-12.36;699.91
355.68;344.18;-11.51;699.86
355.96;343.42;-12.55;699.38
356.85;339.76;-17.09;696.61
356.62;342.91;-13.71;699.52
355.31;343.39;-11.92;698.69
356.10;343.21;-12.89;699.31
356.52;340.29;-16.22;696.81
