355.72;345.17;-10.55;700.89
356.79;344.56;-12.23;701.36
356.33;343.50;-12.83;699.83
359.27;345.63;-13.64;704.90
357.45;346.07;-11.38;703.52
356.86;345.62;-11.25;702.48
357.51;345.23;-12.28;702.74
357.31;345.28;-12.03;702.59
356.94;343.13;-13.81;700.06
357.62;343.90;-13.72;701.52
355.73;345.15;-10.58;700.88
357.38;345.02;-12.36;702.40
357.30;343.99;-13.31;701.29
357.16;347.40;-9.76;704.56
357.50;344.88;-12.62;702.38
356.40;342.90;-13.50;699.30
359.59;345.25;-14.34;704.84
356.91;342.98;-13.94;699.89
356.59;344.73;-11.86;701.32
357.29;346.46;-10.84;703.75
358.22;345.28;-12.95;703.50
359.54;345.22;-14.32;704.76
357.49;345.55;-11.94;703.04
357.79;346.93;-10.86;704.72
357.14;345.05;-12.08;702.19
356.96;345.31;-11.66;702.27
357.95;344.61;-13.34;702.55
357.19;344.76;-12.42;701.95
360.37;345.24;-15.13;705.61
357.06;343.90;-13.16;700.96
357.38;345.82;-11.55;703.20
356.36;342.92;-13.44;699.28
359.36;345.76;-13.60;705.12
356.75;344.53;-12.22;701.28
357.84;346.01;-11.83;703.85
359.79;345.27;-14.52;705.06
356.38;346.52;-9.86;702.90
357.24;345.38;-11.85;702.62
357.58;345.29;-12.29;702.86
360.08;346.22;-13.86;706.30
359.15;345.49;-13.66;704.64
356.34;344.63;-11.71;700.97
357.90;344.49;-13.41;702.39
357.86;343.41;-14.45;701.28
356.88;343.35;-13.54;700.23
357.36;344.82;-12.54;702.18
357.29;344.34;-12.95;701.64
356.76;345.14;-11.62;701.89
356.74;344.72;-12.01;701.46
357.34;345.73;-11.61;703.07
358.12;345.69;-12.43;703.82
357.17;345.31;-11.86;702.48
357.43;345.92;-11.51;703.35
360.61;343.58;-17.03;704.19
355.36;344.81;-10.55;700.18
357.48;345.45;-12.03;702.94
356.78;345.42;-11.36;702.20
357.12;345.69;-11.43;702.81
357.59;345.17;-12.42;702.76
357.36;344.35;-13.01;701.71
358.88;342.04;-16.85;700.92
357.37;341.57;-15.80;698.94
356.68;344.35;-12.32;701.03
356.43;344.82;-11.61;701.25
357.42;345.01;-12.41;702.43
357.40;345.34;-12.06;702.74
357.61;345.01;-12.59;702.62
357.14;345.76;-11.38;702.89
357.53;344.68;-12.85;702.21
356.99;345.21;-11.78;702.21
357.86;345.34;-12.52;703.19
356.72;345.60;-11.12;702.32
357.11;345.62;-11.49;702.72
357.73;346.64;-11.09;704.37
356.75;345.70;-11.05;702.45
358.92;344.64;-14.28;703.56
356.79;345.38;-11.41;702.18
357.59;345.33;-12.26;702.92
357.88;343.74;-14.14;701.62
357.09;345.06;-12.03;702.16
356.86;345.60;-11.26;702.46
356.44;345.75;-10.68;702.19
357.64;346.34;-11.30;703.97
359.59;346.14;-13.46;705.73
357.44;345.94;-11.50;703.38
356.94;344.98;-11.96;701.91
357.15;346.39;-10.76;703.54
357.57;346.02;-11.55;703.59
356.68;346.07;-10.61;702.75
357.52;345.14;-12.38;702.65
357.11;345.55;-11.55;702.66
357.58;346.32;-11.26;703.90
360.74;343.21;-17.53;703.95
357.05;345.16;-11.89;702.21
356.32;345.79;-10.53;702.11
356.72;345.50;-11.22;702.22
356.16;345.41;-10.76;701.57
359.26;346.04;-13.22;705.30
357.81;345.07;-12.74;702.88
357.22;344.97;-12.25;702.19
357.42;345.44;-11.98;702.85
357.15;346.79;-10.36;703.94
356.94;345.12;-11.81;702.06
356.59;345.00;-11.59;701.59
357.86;345.16;-12.69;703.02
357.63;344.55;-13.08;702.18
357.92;345.55;-12.38;703.47
356.10;345.43;-10.67;701.53
357.68;345.02;-12.66;702.69
359.96;346.41;-13.55;706.37
356.81;343.54;-13.27;700.35
357.68;345.84;-11.84;703.52
356.37;345.18;-11.19;701.55
359.97;342.81;-17.16;702.78
359.48;342.81;-16.68;702.29
356.62;342.59;-14.02;699.21
356.57;344.75;-11.82;701.32
356.77;345.58;-11.19;702.35
359.56;345.17;-14.39;704.73
356.88;347.18;-9.70;704.05
356.70;343.67;-13.03;700.37
357.73;345.29;-12.44;703.02
359.64;345.58;-14.06;705.22
356.68;346.48;-10.19;703.16
359.21;346.18;-13.02;705.39
358.82;345.23;-13.59;704.05
356.51;343.61;-12.89;700.12
357.05;345.56;-11.48;702.61
356.98;345.59;-11.39;702.57
357.19;345.24;-11.95;702.43
357.99;345.31;-12.69;703.30
357.60;343.94;-13.66;701.54
357.40;343.02;-14.38;700.42
357.06;345.43;-11.63;702.49
357.04;343.28;-13.76;700.32
356.61;345.35;-11.26;701.96
357.15;343.58;-13.57;700.74
358.13;345.89;-12.24;704.02
357.27;345.04;-12.24;702.31
356.01;344.48;-11.52;700.49
357.95;345.30;-12.65;703.25
358.22;345.61;-12.61;703.84
357.65;345.61;-12.04;703.26
357.23;345.40;-11.83;702.63
357.33;344.36;-12.96;701.69
357.33;345.62;-11.71;702.95
357.31;343.47;-13.84;700.78
357.25;345.27;-11.98;702.52
357.69;345.20;-12.49;702.89
357.66;343.75;-13.92;701.41
357.16;343.43;-13.74;700.59
356.38;345.57;-10.81;701.95
359.45;345.45;-14.00;704.91
357.49;345.29;-12.20;702.79
356.46;345.18;-11.28;701.64
356.66;343.41;-13.25;700.06
357.42;345.47;-11.95;702.89
357.01;346.26;-10.75;703.27
357.05;344.96;-12.09;702.01
357.12;345.28;-11.84;702.40
357.26;345.95;-11.32;703.21
356.63;345.61;-11.02;702.24
357.54;346.46;-11.08;704.01
359.14;346.01;-13.13;705.14
356.56;343.44;-13.12;700.01
357.33;345.62;-11.71;702.95
357.04;343.81;-13.23;700.84
356.85;346.00;-10.85;702.85
356.78;345.94;-10.84;702.72
357.36;343.49;-13.87;700.86
357.02;346.64;-10.38;703.65
356.66;345.81;-10.86;702.47
357.62;343.97;-13.65;701.59
356.93;344.88;-12.05;701.81
356.72;345.93;-10.79;702.65
357.44;346.12;-11.32;703.55
357.10;346.08;-11.02;703.18
356.32;345.26;-11.06;701.59
356.90;346.31;-10.59;703.21
356.64;342.96;-13.68;699.60
357.50;346.34;-11.16;703.84
356.62;342.80;-13.82;699.42
356.55;345.79;-10.75;702.34
356.27;343.81;-12.46;700.08
355.99;345.54;-10.45;701.52
356.84;345.28;-11.56;702.11
356.69;346.33;-10.36;703.02
356.61;345.72;-10.89;702.32
356.01;344.59;-11.42;700.59
357.22;345.25;-11.97;702.46
356.23;345.61;-10.62;701.84
357.34;343.94;-13.40;701.27
355.82;345.32;-10.50;701.15
356.58;343.26;-13.32;699.84
356.69;345.19;-11.50;701.88
356.71;344.93;-11.78;701.64
356.54;343.71;-12.82;700.25
357.04;345.00;-12.04;702.04
356.93;343.68;-13.25;700.61
359.22;344.61;-14.61;703.82
356.77;343.44;-13.33;700.21
356.42;343.49;-12.92;699.91
356.48;345.60;-10.88;702.08
357.16;344.62;-12.54;701.78
356.52;346.08;-10.44;702.60
357.77;345.74;-12.04;703.51
356.57;345.38;-11.19;701.95
360.04;344.21;-15.84;704.25
357.03;345.84;-11.19;702.86
356.72;346.11;-10.61;702.82
357.21;345.20;-12.01;702.41
356.32;344.64;-11.68;700.95
360.58;344.18;-16.41;704.76
357.03;344.06;-12.97;701.09
357.39;345.14;-12.25;702.54
356.66;346.05;-10.62;702.71
357.75;345.65;-12.11;703.40
356.70;344.19;-12.51;700.89
357.48;345.89;-11.58;703.37
358.06;345.03;-13.04;703.09
357.26;342.93;-14.33;700.19
356.99;345.12;-11.87;702.11
357.48;345.55;-11.94;703.03
357.25;344.70;-12.55;701.95
357.54;345.66;-11.88;703.20
357.23;344.88;-12.35;702.11
358.24;345.06;-13.17;703.30
358.71;345.88;-12.82;704.59
356.91;346.23;-10.68;703.14
357.66;345.88;-11.78;703.54
357.86;345.36;-12.49;703.22
356.86;345.35;-11.51;702.21
356.78;345.29;-11.48;702.07
357.37;342.92;-14.45;700.29
356.98;344.85;-12.12;701.83
356.95;344.77;-12.18;701.72
357.29;345.24;-12.05;702.52
357.11;345.14;-11.97;702.25
358.85;345.65;-13.21;704.50
357.46;344.19;-13.27;701.66
357.30;345.71;-11.59;703.01
357.48;343.88;-13.61;701.36
357.28;345.40;-11.88;702.68
357.06;345.15;-11.91;702.22
358.07;343.13;-14.94;701.20
357.61;344.79;-12.82;702.40
357.81;344.59;-13.22;702.40
358.09;345.24;-12.85;703.32
357.64;345.99;-11.65;703.64
357.50;344.84;-12.66;702.34
358.38;345.52;-12.86;703.89
357.41;340.33;-17.08;697.74
357.12;345.54;-11.58;702.66
357.54;342.98;-14.56;700.51
356.81;344.26;-12.55;701.06
359.71;345.54;-14.16;705.25
356.98;344.34;-12.64;701.32
355.97;345.26;-10.71;701.23
357.24;345.05;-12.19;702.28
357.81;345.04;-12.78;702.85
357.25;344.07;-13.18;701.32
356.50;344.47;-12.03;700.97
356.88;345.61;-11.27;702.48
357.02;344.26;-12.76;701.29
357.62;345.56;-12.06;703.18
357.53;346.31;-11.22;703.84
357.22;344.66;-12.56;701.88
358.59;345.19;-13.41;703.78
356.85;342.91;-13.94;699.76
356.62;345.91;-10.71;702.52
357.44;346.06;-11.38;703.51
359.40;344.56;-14.84;703.96
356.91;343.19;-13.72;700.09
357.11;343.75;-13.36;700.86
356.84;345.72;-11.12;702.56
356.69;345.84;-10.85;702.53
357.61;345.24;-12.38;702.85
360.39;345.02;-15.38;705.41
356.34;343.25;-13.09;699.59
358.09;344.99;-13.10;703.08
357.12;342.25;-14.86;699.37
357.57;342.98;-14.59;700.55
356.59;343.18;-13.41;699.77
356.80;345.93;-10.87;702.73
356.69;344.24;-12.45;700.92
356.62;342.67;-13.95;699.29
356.32;344.93;-11.39;701.25
357.22;344.28;-12.95;701.50
356.49;345.98;-10.51;702.48
360.97;345.11;-15.86;706.08
358.34;345.72;-12.62;704.06
357.29;345.40;-11.89;702.69
356.65;345.36;-11.29;702.02
356.29;343.89;-12.40;700.19
356.61;344.46;-12.15;701.06
357.01;345.23;-11.78;702.24
359.82;346.18;-13.64;705.99
359.85;344.86;-14.98;704.71
357.31;345.66;-11.64;702.97
357.00;345.55;-11.45;702.55
356.77;345.31;-11.46;702.08
357.65;345.86;-11.79;703.52
356.70;342.28;-14.42;698.98
357.86;345.45;-12.41;703.31
356.92;344.96;-11.96;701.88
356.98;345.47;-11.51;702.45
356.44;345.62;-10.82;702.05
357.19;345.86;-11.33;703.06
356.84;342.94;-13.91;699.78
356.58;345.63;-10.95;702.21
356.21;345.03;-11.18;701.24
356.66;343.56;-13.09;700.22
356.39;343.69;-12.71;700.08
357.23;346.30;-10.93;703.53
356.49;345.30;-11.19;701.79
356.18;345.93;-10.25;702.11
357.72;344.32;-13.40;702.05
357.48;344.64;-12.85;702.12
357.13;345.04;-12.09;702.16
356.56;345.29;-11.27;701.86
357.07;343.20;-13.87;700.27
357.61;345.84;-11.78;703.45
359.31;345.69;-13.62;705.01
357.76;345.75;-12.01;703.51
357.89;342.05;-15.84;699.94
359.01;346.08;-12.94;705.09
357.16;343.73;-13.44;700.89
356.53;344.72;-11.81;701.25
356.78;343.22;-13.56;699.99
358.04;345.28;-12.76;703.32
356.89;346.09;-10.79;702.98
357.55;345.29;-12.26;702.85
357.44;345.98;-11.46;703.42
355.91;344.22;-11.69;700.13
356.75;345.48;-11.28;702.23
356.91;345.93;-10.98;702.84
357.66;345.82;-11.84;703.49
357.24;345.62;-11.62;702.85
358.41;344.65;-13.76;703.06
356.09;344.34;-11.75;700.42
359.20;346.01;-13.19;705.21
356.72;345.87;-10.85;702.59
356.16;345.71;-10.45;701.87
356.57;343.45;-13.12;700.02
357.59;345.20;-12.39;702.79
356.49;344.02;-12.48;700.51
360.88;345.96;-14.92;706.84
357.17;345.84;-11.33;703.01
357.06;344.33;-12.74;701.39
356.62;344.79;-11.84;701.41
356.36;345.72;-10.64;702.08
357.04;346.34;-10.69;703.38
355.88;346.02;-9.86;701.90
357.01;346.22;-10.79;703.24
356.66;346.19;-10.47;702.85
357.47;345.98;-11.49;703.45
357.80;343.52;-14.28;701.32
357.05;345.65;-11.40;702.71
357.32;345.36;-11.96;702.69
356.45;343.24;-13.21;699.68
360.04;345.29;-14.75;705.33
356.61;344.68;-11.93;701.29
357.29;345.68;-11.62;702.97
357.38;346.16;-11.22;703.55
359.01;343.25;-15.75;702.26
357.33;344.80;-12.53;702.13
357.43;344.44;-12.99;701.86
357.72;342.98;-14.74;700.69
356.54;344.02;-12.52;700.55
356.73;345.59;-11.14;702.32
357.15;346.29;-10.86;703.44
357.64;346.02;-11.62;703.65
356.54;344.72;-11.82;701.25
356.88;345.06;-11.81;701.94
355.98;343.88;-12.10;699.85
357.42;344.46;-12.96;701.89
357.11;345.80;-11.31;702.91
356.83;346.18;-10.65;703.01
357.53;346.13;-11.40;703.66
357.94;345.68;-12.25;703.62
356.41;345.10;-11.31;701.51
357.15;345.27;-11.88;702.42
360.16;345.34;-14.82;705.50
357.09;344.45;-12.64;701.54
356.92;345.75;-11.17;702.68
357.30;345.20;-12.10;702.50
358.29;345.54;-12.76;703.83
357.25;344.86;-12.39;702.11
356.92;345.05;-11.87;701.96
356.61;343.06;-13.55;699.68
357.26;343.85;-13.41;701.12
357.33;343.04;-14.29;700.37
358.12;344.05;-14.07;702.18
357.08;344.80;-12.28;701.88
357.54;345.14;-12.40;702.68
356.78;345.96;-10.81;702.74
358.25;344.45;-13.81;702.70
356.58;342.97;-13.61;699.55
356.50;343.53;-12.97;700.03
356.36;342.61;-13.75;698.96
359.19;344.22;-14.97;703.42
356.54;345.32;-11.22;701.86
356.80;343.78;-13.02;700.58
356.12;346.90;-9.22;703.02
358.66;342.96;-15.69;701.62
355.09;343.14;-11.95;698.23
358.72;342.95;-15.78;701.67
357.64;344.12;-13.52;701.75
356.68;345.30;-11.38;701.98
357.11;346.22;-10.89;703.32
356.89;343.23;-13.66;700.12
356.72;347.02;-9.70;703.75
356.52;346.09;-10.42;702.61
356.40;345.56;-10.84;701.96
356.09;344.45;-11.64;700.55
359.22;345.36;-13.86;704.59
356.84;345.21;-11.63;702.05
358.46;345.65;-12.82;704.11
356.73;346.31;-10.42;703.04
356.65;345.89;-10.76;702.55
356.60;342.90;-13.70;699.50
356.28;343.22;-13.06;699.51
356.72;345.26;-11.45;701.98
357.22;346.01;-11.21;703.24
356.02;345.76;-10.25;701.78
356.49;346.19;-10.30;702.69
355.96;345.61;-10.36;701.57
356.10;345.78;-10.32;701.88
355.90;345.46;-10.44;701.36
356.88;345.21;-11.67;702.08
356.33;343.56;-12.76;699.89
356.90;345.71;-11.19;702.61
358.08;343.77;-14.31;701.85
356.20;344.44;-11.76;700.64
357.34;345.98;-11.36;703.32
359.76;345.80;-13.96;705.56
356.18;346.94;-9.25;703.12
356.66;345.13;-11.53;701.79
356.70;342.64;-14.06;699.34
356.74;345.08;-11.65;701.82
357.09;345.87;-11.22;702.96
356.85;345.71;-11.14;702.56
355.98;344.00;-11.98;699.98
357.16;345.42;-11.74;702.58
357.53;345.13;-12.40;702.66
357.14;345.52;-11.61;702.66
357.93;345.44;-12.49;703.37
357.05;345.02;-12.03;702.08
357.21;343.76;-13.45;700.96
357.19;345.24;-11.95;702.44
357.19;345.24;-11.96;702.43
357.15;345.26;-11.89;702.42
356.88;344.03;-12.85;700.91
359.91;345.06;-14.84;704.97
357.39;345.31;-12.08;702.70
359.14;345.76;-13.38;704.90
357.25;345.64;-11.61;702.89
356.92;345.29;-11.63;702.22
358.85;346.09;-12.75;704.94
357.50;345.78;-11.72;703.28
356.91;345.68;-11.23;702.59
357.64;345.88;-11.76;703.52
358.12;344.86;-13.26;702.98
358.69;345.39;-13.30;704.08
357.63;344.08;-13.55;701.71
357.56;342.33;-15.23;699.89
358.22;345.16;-13.06;703.39
357.22;344.78;-12.45;702.00
356.94;344.99;-11.95;701.93
356.76;342.95;-13.81;699.72
358.26;344.80;-13.46;703.06
356.45;343.25;-13.21;699.70
357.38;344.34;-13.04;701.71
355.81;345.24;-10.57;701.04
357.26;343.69;-13.57;700.95
356.55;346.01;-10.54;702.56
357.26;345.86;-11.39;703.12
356.68;345.11;-11.56;701.79
357.11;345.62;-11.49;702.72
356.85;345.85;-11.00;702.71
356.42;345.03;-11.39;701.45
357.06;345.79;-11.27;702.85
356.58;345.74;-10.84;702.32
357.49;345.72;-11.77;703.21
356.01;346.34;-9.66;702.35
357.44;345.98;-11.46;703.41
356.79;344.63;-12.16;701.42
356.62;345.39;-11.24;702.01
357.56;345.90;-11.66;703.46
359.69;345.15;-14.55;704.84
357.46;345.20;-12.26;702.66
357.08;345.20;-11.88;702.28
357.98;343.78;-14.21;701.76
359.51;346.82;-12.69;706.33
356.19;343.88;-12.31;700.06
355.99;345.12;-10.87;701.12
356.92;346.28;-10.64;703.21
356.69;344.63;-12.06;701.32
357.40;345.48;-11.92;702.88
356.89;345.77;-11.12;702.66
357.50;344.64;-12.86;702.14
357.11;345.11;-12.00;702.21
357.73;343.47;-14.26;701.20
356.89;345.04;-11.86;701.93
357.29;345.53;-11.76;702.82
356.38;346.47;-9.91;702.85
356.31;343.24;-13.08;699.55
356.75;345.42;-11.33;702.18
358.92;344.01;-14.92;702.93
357.46;345.51;-11.96;702.97
356.88;345.51;-11.37;702.38
357.60;345.24;-12.36;702.84
356.35;344.80;-11.55;701.15
356.96;344.61;-12.36;701.57
356.93;345.46;-11.46;702.39
357.00;345.22;-11.78;702.22
356.60;344.38;-12.22;700.98
357.80;343.41;-14.39;701.21
356.81;343.71;-13.09;700.52
357.12;346.12;-11.00;703.24
358.89;344.05;-14.85;702.94
357.64;345.81;-11.84;703.45
356.62;345.98;-10.64;702.61
358.91;344.68;-14.23;703.59
356.15;345.62;-10.53;701.78
357.97;344.05;-13.92;702.02
356.63;345.28;-11.35;701.91
356.55;344.69;-11.86;701.24
356.88;343.92;-12.96;700.81
356.56;344.66;-11.91;701.22
357.38;345.61;-11.76;702.99
356.72;346.31;-10.41;703.02
357.39;345.34;-12.05;702.72
356.74;347.07;-9.66;703.81
357.29;344.92;-12.37;702.22
357.01;344.54;-12.46;701.55
357.06;346.62;-10.45;703.68
357.02;345.91;-11.11;702.93
356.68;345.79;-10.89;702.46
359.54;345.89;-13.65;705.43
356.80;346.59;-10.21;703.39
357.36;346.32;-11.04;703.68
356.60;343.19;-13.41;699.79
357.24;346.59;-10.64;703.83
357.05;345.21;-11.84;702.26
357.87;346.05;-11.82;703.92
356.48;345.83;-10.65;702.31
356.29;345.36;-10.93;701.65
356.05;343.58;-12.48;699.63
357.19;346.19;-11.00;703.38
356.94;345.14;-11.81;702.08
357.09;345.70;-11.39;702.79
356.63;345.76;-10.87;702.39
357.15;343.18;-13.97;700.32
356.76;346.01;-10.75;702.78
356.55;346.17;-10.38;702.72
356.74;345.44;-11.29;702.18
359.64;345.29;-14.35;704.92
357.46;345.45;-12.01;702.91
357.36;344.89;-12.47;702.26
357.54;345.17;-12.36;702.71
356.20;345.41;-10.79;701.61
357.74;345.34;-12.39;703.08
357.26;345.96;-11.30;703.22
361.01;346.24;-14.76;707.25
357.09;344.86;-12.23;701.96
357.13;345.42;-11.71;702.55
356.91;343.82;-13.09;700.72
356.55;345.60;-10.95;702.15
356.83;345.64;-11.19;702.46
357.36;345.57;-11.79;702.93
356.66;344.65;-12.01;701.31
356.83;344.98;-11.85;701.81
356.71;343.70;-13.01;700.41
357.56;346.59;-10.97;704.16
356.77;346.65;-10.12;703.42
357.58;345.59;-11.99;703.16
356.95;344.15;-12.80;701.11
357.49;346.28;-11.22;703.77
360.07;343.37;-16.70;703.44
357.16;344.44;-12.72;701.61
356.78;345.71;-11.08;702.49
356.68;344.42;-12.26;701.11
357.79;344.15;-13.64;701.94
357.33;345.73;-11.60;703.06
357.28;345.56;-11.72;702.84
357.18;344.25;-12.92;701.43
356.89;343.18;-13.72;700.07
357.59;345.00;-12.59;702.59
356.51;343.59;-12.92;700.11
357.37;345.43;-11.94;702.80
357.84;345.41;-12.42;703.25
356.84;346.08;-10.76;702.91
357.99;344.98;-13.01;702.96
357.38;346.38;-11.00;703.75
356.49;345.69;-10.80;702.19
357.04;345.84;-11.21;702.88
356.76;342.72;-14.05;699.48
358.31;344.93;-13.38;703.24
356.92;345.54;-11.38;702.46
357.14;344.76;-12.38;701.91
357.76;346.06;-11.70;703.83
356.50;345.37;-11.13;701.87
356.45;344.41;-12.05;700.86
356.20;345.32;-10.88;701.52
358.13;346.19;-11.94;704.32
356.91;345.95;-10.96;702.86
357.86;344.88;-12.98;702.74
358.35;342.86;-15.49;701.21
357.10;345.21;-11.89;702.31
357.60;344.11;-13.49;701.71
357.68;345.83;-11.85;703.51
356.87;345.48;-11.39;702.35
357.26;345.44;-11.82;702.70
360.42;345.47;-14.95;705.89
356.90;343.99;-12.91;700.89
356.69;342.87;-13.82;699.56
357.66;345.96;-11.69;703.62
357.49;345.08;-12.41;702.57
356.97;346.41;-10.56;703.38
357.01;346.39;-10.62;703.40
356.91;345.16;-11.75;702.08
357.49;345.76;-11.73;703.25
356.96;343.48;-13.48;700.44
357.25;345.64;-11.61;702.88
357.47;344.19;-13.28;701.66
357.87;345.46;-12.41;703.33
356.70;345.90;-10.80;702.60
356.76;343.75;-13.01;700.52
357.07;344.44;-12.64;701.51
356.92;346.50;-10.42;703.42
356.82;343.84;-12.99;700.66
356.80;343.59;-13.21;700.39
356.56;345.97;-10.59;702.54
357.44;345.46;-11.98;702.89
355.94;345.42;-10.52;701.35
356.90;345.21;-11.69;702.11
355.48;346.93;-8.55;702.41
356.55;345.47;-11.08;702.02
358.48;344.68;-13.80;703.15
361.33;345.30;-16.03;706.63
356.84;345.54;-11.30;702.37
358.46;346.17;-12.29;704.64
357.64;343.88;-13.76;701.52
356.69;344.90;-11.79;701.59
357.17;345.37;-11.80;702.54
357.91;344.64;-13.26;702.55
356.68;345.45;-11.22;702.13
357.68;344.82;-12.85;702.50
356.36;345.94;-10.42;702.31
357.01;345.75;-11.26;702.75
356.12;346.26;-9.86;702.38
356.92;345.38;-11.54;702.31
355.66;343.55;-12.12;699.21
356.66;342.91;-13.75;699.57
356.94;345.74;-11.21;702.68
359.85;346.59;-13.26;706.45
356.76;345.75;-11.01;702.51
357.01;342.98;-14.04;699.99
360.22;345.91;-14.31;706.14
356.65;343.80;-12.85;700.45
356.67;345.54;-11.14;702.21
357.26;344.63;-12.63;701.89
357.26;346.12;-11.14;703.38
357.75;344.96;-12.78;702.71
356.85;345.66;-11.19;702.51
358.11;343.65;-14.46;701.76
357.19;345.31;-11.89;702.50
356.37;344.75;-11.62;701.12
356.74;345.51;-11.24;702.25
357.30;343.91;-13.39;701.21
357.95;345.94;-12.01;703.88
356.94;347.08;-9.86;704.02
356.55;346.71;-9.84;703.25
359.35;345.54;-13.82;704.89
356.53;343.27;-13.26;699.80
357.12;344.42;-12.69;701.54
357.34;345.35;-11.98;702.69
356.96;345.25;-11.71;702.21
357.70;346.46;-11.24;704.16
357.32;344.88;-12.44;702.19
360.41;345.89;-14.52;706.29
357.57;345.82;-11.75;703.39
356.62;344.49;-12.13;701.11
356.74;344.91;-11.83;701.65
356.36;344.74;-11.62;701.11
359.43;346.41;-13.02;705.84
357.42;347.31;-10.11;704.72
356.77;346.07;-10.70;702.84
360.79;343.62;-17.17;704.42
357.44;344.78;-12.66;702.21
357.44;346.90;-10.54;704.34
356.74;345.96;-10.78;702.70
357.35;344.69;-12.66;702.05
357.61;342.62;-14.99;700.23
356.99;344.97;-12.02;701.96
357.79;345.02;-12.76;702.81
360.04;342.44;-17.60;702.48
357.55;345.30;-12.25;702.85
357.81;344.24;-13.58;702.05
357.47;345.90;-11.57;703.37
357.99;344.85;-13.14;702.85
359.12;343.40;-15.72;702.52
357.16;345.17;-11.99;702.33
357.41;344.91;-12.50;702.32
358.50;344.04;-14.46;702.54
356.91;344.56;-12.34;701.47
357.32;344.99;-12.33;702.31
357.52;344.04;-13.48;701.55
357.40;345.15;-12.25;702.55
357.29;345.03;-12.26;702.32
359.05;345.51;-13.54;704.56
356.92;344.86;-12.05;701.78
358.27;346.06;-12.21;704.34
357.30;344.62;-12.68;701.92
356.41;342.57;-13.84;698.98
357.26;345.42;-11.85;702.68
357.86;344.98;-12.88;702.85
357.03;344.99;-12.04;702.02
356.74;343.95;-12.79;700.68
359.80;343.20;-16.60;703.00
357.61;343.76;-13.85;701.37
356.70;345.23;-11.47;701.93
357.81;345.49;-12.32;703.31
357.39;345.18;-12.21;702.57
360.49;344.98;-15.51;705.46
357.10;344.46;-12.64;701.56
357.55;345.21;-12.34;702.76
357.60;342.96;-14.64;700.56
358.01;343.59;-14.42;701.60
356.41;343.49;-12.92;699.91
358.98;345.06;-13.92;704.04
357.67;346.15;-11.52;703.82
357.44;344.77;-12.67;702.21
356.68;345.06;-11.62;701.75
359.53;346.06;-13.47;705.59
358.04;347.47;-10.57;705.51
356.42;345.01;-11.41;701.42
357.13;345.82;-11.31;702.95
357.51;344.76;-12.75;702.27
357.85;345.52;-12.32;703.37
358.45;345.24;-13.22;703.69
357.19;345.35;-11.84;702.54
357.31;345.48;-11.83;702.78
356.41;345.75;-10.66;702.16
357.33;344.78;-12.55;702.11
356.66;344.99;-11.66;701.65
360.01;345.17;-14.84;705.18
357.59;343.12;-14.47;700.72
357.08;345.36;-11.72;702.44
357.68;346.35;-11.34;704.03
356.94;343.35;-13.59;700.29
356.70;345.65;-11.05;702.35
356.93;345.38;-11.55;702.31
358.92;343.15;-15.76;702.07
356.67;345.39;-11.28;702.06
356.48;345.98;-10.49;702.46
357.09;346.41;-10.69;703.50
356.67;344.89;-11.78;701.56
357.04;345.79;-11.25;702.83
356.29;346.74;-9.55;703.04
358.32;344.47;-13.85;702.79
357.12;345.12;-12.00;702.24
357.53;345.98;-11.55;703.51
356.60;344.44;-12.16;701.04
356.91;345.31;-11.61;702.22
357.17;345.66;-11.51;702.83
357.38;344.95;-12.44;702.33
356.35;345.91;-10.44;702.25
357.14;345.62;-11.51;702.76
356.75;346.27;-10.48;703.02
357.02;343.71;-13.32;700.73
356.88;343.75;-13.14;700.63
359.85;343.48;-16.37;703.34
357.47;346.40;-11.07;703.87
356.80;345.13;-11.67;701.93
359.88;345.68;-14.21;705.56
357.56;345.41;-12.15;702.97
356.96;345.16;-11.80;702.12
357.16;346.46;-10.70;703.63
356.99;345.31;-11.68;702.30
356.98;345.11;-11.86;702.09
356.56;346.77;-9.79;703.33
357.11;345.12;-11.98;702.23
356.37;344.66;-11.71;701.03
356.74;344.42;-12.32;701.16
358.93;345.15;-13.78;704.08
357.08;346.01;-11.07;703.08
356.48;345.52;-10.95;702.00
357.31;343.42;-13.89;700.74
357.56;346.29;-11.27;703.86
357.42;345.71;-11.71;703.14
357.17;345.89;-11.28;703.06
357.41;345.66;-11.74;703.07
357.27;344.95;-12.32;702.22
357.95;343.35;-14.59;701.30
358.79;343.98;-14.81;702.78
357.33;344.25;-13.08;701.58
357.47;342.74;-14.74;700.21
358.96;345.24;-13.72;704.19
357.05;345.11;-11.95;702.16
355.89;346.05;-9.84;701.95
357.69;345.06;-12.64;702.75
356.49;345.75;-10.74;702.24
358.34;345.48;-12.86;703.81
359.29;345.54;-13.75;704.84
358.88;345.48;-13.40;704.35
357.90;345.46;-12.44;703.36
357.33;345.66;-11.67;702.99
357.12;346.14;-10.98;703.26
356.46;345.61;-10.85;702.08
357.13;345.10;-12.03;702.23
358.23;345.15;-13.08;703.38
356.62;344.75;-11.87;701.36
356.21;345.19;-11.01;701.40
357.06;345.50;-11.56;702.56
358.82;346.05;-12.77;704.88
355.65;346.40;-9.25;702.05
356.69;344.46;-12.23;701.16
358.21;344.29;-13.92;702.51
356.72;345.27;-11.45;701.99
356.61;346.39;-10.22;703.00
357.08;344.58;-12.50;701.65
357.57;344.88;-12.69;702.45
358.35;345.48;-12.87;703.82
358.02;345.21;-12.81;703.22
357.61;345.11;-12.50;702.71
357.86;344.65;-13.21;702.51
359.58;345.80;-13.78;705.38
357.98;343.12;-14.86;701.09
357.21;345.14;-12.07;702.35
357.32;345.34;-11.98;702.66
360.25;345.85;-14.40;706.09
358.22;345.42;-12.80;703.65
358.24;343.19;-15.05;701.44
357.26;345.14;-12.12;702.39
356.98;345.54;-11.44;702.52
358.39;342.51;-15.89;700.90
358.18;345.60;-12.58;703.78
356.83;343.46;-13.37;700.29
357.59;346.19;-11.39;703.78
356.77;345.78;-10.99;702.55
356.56;344.92;-11.64;701.49
357.56;345.88;-11.68;703.45
357.50;345.35;-12.15;702.85
357.84;346.60;-11.24;704.44
356.73;344.70;-12.03;701.43
357.56;345.05;-12.51;702.62
357.99;345.94;-12.05;703.93
357.49;344.55;-12.94;702.05
356.76;344.38;-12.38;701.14
357.78;345.88;-11.89;703.66
357.55;343.96;-13.59;701.52
357.03;345.10;-11.93;702.13
357.26;345.91;-11.36;703.17
356.99;345.08;-11.91;702.06
356.85;344.47;-12.38;701.32
356.49;345.51;-10.98;702.00
359.51;345.74;-13.77;705.24
356.24;345.56;-10.68;701.79
356.78;344.96;-11.81;701.74
358.29;342.80;-15.49;701.09
357.59;345.64;-11.95;703.23
356.98;343.01;-13.96;699.99
356.52;345.76;-10.76;702.29
356.55;345.46;-11.09;702.01
357.45;345.16;-12.29;702.61
356.96;345.57;-11.39;702.53
357.74;345.76;-11.98;703.51
357.29;345.65;-11.64;702.95
356.95;343.44;-13.51;700.38
357.12;344.76;-12.36;701.88
356.89;345.42;-11.47;702.31
357.59;345.61;-11.98;703.21
356.38;345.11;-11.28;701.49
356.16;343.22;-12.94;699.38
357.78;343.68;-14.09;701.46
356.83;345.09;-11.74;701.92
357.81;345.72;-12.08;703.53
357.02;345.46;-11.56;702.49
356.91;344.36;-12.55;701.28
357.64;345.44;-12.19;703.08
356.73;344.78;-11.95;701.51
357.18;345.11;-12.08;702.29
358.98;345.61;-13.36;704.59
356.73;345.05;-11.68;701.78
357.31;344.99;-12.32;702.29
356.09;345.47;-10.62;701.56
357.15;346.44;-10.71;703.58
356.83;344.33;-12.50;701.16
357.61;343.79;-13.81;701.40
356.75;345.66;-11.08;702.41
357.79;345.81;-11.98;703.61
357.51;345.28;-12.24;702.79
357.30;345.55;-11.75;702.85
358.76;345.19;-13.57;703.95
359.69;344.95;-14.74;704.64
357.37;345.85;-11.52;703.22
356.91;345.65;-11.26;702.56
356.95;344.85;-12.09;701.80
357.08;344.14;-12.94;701.21
356.51;345.42;-11.08;701.93
357.55;344.73;-12.82;702.28
357.85;345.01;-12.84;702.85
357.15;345.98;-11.16;703.13
356.76;344.65;-12.11;701.41
357.20;344.72;-12.48;701.92
357.01;344.88;-12.14;701.89
358.35;344.89;-13.46;703.24
358.00;345.76;-12.24;703.76
357.19;345.42;-11.77;702.62
360.10;345.37;-14.73;705.47
357.89;342.55;-15.34;700.44
356.43;344.84;-11.59;701.26
360.02;344.38;-15.64;704.41
358.02;344.19;-13.82;702.21
356.43;346.57;-9.86;703.00
357.44;344.55;-12.89;701.99
358.00;344.08;-13.92;702.08
356.81;343.72;-13.09;700.54
356.59;344.92;-11.67;701.52
357.64;344.66;-12.97;702.30
358.01;344.68;-13.33;702.68
357.32;345.30;-12.02;702.62
357.31;345.12;-12.19;702.43
358.41;344.87;-13.54;703.28
358.14;343.25;-14.89;701.39
358.99;345.15;-13.84;704.14
357.82;345.67;-12.15;703.49
356.77;345.79;-10.98;702.56
357.93;345.04;-12.89;702.96
357.52;342.84;-14.68;700.36
357.37;344.87;-12.50;702.24
356.94;344.95;-11.99;701.89
357.95;342.98;-14.97;700.94
357.06;344.05;-13.01;701.12
356.70;344.97;-11.73;701.67
356.45;345.71;-10.74;702.16
357.28;344.73;-12.55;702.01
358.04;342.13;-15.91;700.16
356.86;346.01;-10.86;702.87
358.13;342.79;-15.34;700.92
358.01;345.19;-12.81;703.20
357.99;345.26;-12.73;703.25
357.62;345.22;-12.39;702.84
357.38;344.55;-12.83;701.92
356.36;344.64;-11.72;701.01
360.08;344.84;-15.25;704.92
356.55;346.59;-9.96;703.14
356.15;345.34;-10.82;701.49
357.50;343.39;-14.11;700.89
360.80;343.21;-17.59;704.01
360.95;344.88;-16.07;705.84
359.74;345.56;-14.18;705.30
357.12;345.30;-11.82;702.42
357.09;345.12;-11.96;702.21
358.38;344.85;-13.53;703.22
357.59;345.43;-12.16;703.02
357.24;343.47;-13.77;700.71
356.69;343.15;-13.54;699.84
359.81;345.29;-14.52;705.09
359.33;344.04;-15.29;703.37
357.93;344.21;-13.72;702.14
357.24;345.47;-11.76;702.71
356.59;346.33;-10.26;702.92
356.66;345.59;-11.08;702.25
357.14;342.92;-14.22;700.06
357.34;343.31;-14.03;700.65
357.39;344.44;-12.96;701.83
357.32;345.29;-12.03;702.62
357.07;345.93;-11.14;703.00
356.91;345.65;-11.26;702.56
357.22;342.94;-14.28;700.16
357.56;344.68;-12.89;702.24
356.21;343.15;-13.06;699.36
357.59;344.79;-12.79;702.38
356.42;345.28;-11.15;701.70
355.69;345.13;-10.56;700.82
357.27;343.72;-13.55;700.99
358.49;345.85;-12.64;704.34
356.46;347.11;-9.35;703.57
356.95;345.12;-11.82;702.07
358.72;346.94;-11.78;705.66
356.32;344.92;-11.40;701.25
356.54;346.70;-9.84;703.24
356.64;343.99;-12.65;700.64
356.51;344.96;-11.55;701.47
356.56;345.51;-11.05;702.07
356.35;345.72;-10.63;702.08
359.19;346.86;-12.34;706.05
355.83;345.94;-9.89;701.77
356.39;346.20;-10.19;702.59
356.94;346.58;-10.36;703.52
357.04;345.58;-11.46;702.61
357.91;344.17;-13.74;702.08
356.00;346.12;-9.88;702.12
357.12;345.82;-11.30;702.95
357.33;343.71;-13.62;701.04
357.22;345.45;-11.77;702.68
359.05;345.12;-13.94;704.17
356.12;346.06;-10.06;702.18
357.16;346.07;-11.09;703.24
356.35;345.24;-11.11;701.59
356.99;343.70;-13.29;700.69
356.91;344.85;-12.06;701.76
359.02;343.23;-15.79;702.25
356.66;345.68;-10.98;702.34
355.98;346.66;-9.32;702.64
356.38;346.03;-10.35;702.41
355.98;346.18;-9.81;702.16
356.64;345.91;-10.74;702.55
356.98;345.90;-11.08;702.88
359.88;343.66;-16.22;703.54
356.51;345.76;-10.75;702.28
357.83;345.96;-11.86;703.79
356.95;343.96;-12.99;700.92
356.69;346.24;-10.46;702.93
356.64;344.09;-12.55;700.74
356.26;345.85;-10.41;702.12
356.18;346.78;-9.41;702.96
355.93;345.63;-10.30;701.56
357.70;345.91;-11.79;703.61
356.99;346.53;-10.46;703.52
356.75;346.07;-10.68;702.82
358.24;343.16;-15.08;701.40
356.66;346.42;-10.25;703.08
356.77;345.35;-11.42;702.12
358.86;344.18;-14.68;703.04
356.72;343.87;-12.85;700.59
356.16;344.75;-11.41;700.91
357.30;345.11;-12.19;702.41
359.99;345.03;-14.96;705.02
357.43;344.06;-13.37;701.49
356.88;345.09;-11.79;701.98
356.59;345.35;-11.25;701.94
357.12;345.19;-11.92;702.31
359.30;345.59;-13.71;704.89
356.37;346.26;-10.11;702.63
359.49;343.84;-15.65;703.32
356.91;343.39;-13.52;700.31
355.85;345.19;-10.66;701.05
357.45;345.69;-11.76;703.14
356.57;345.16;-11.41;701.74
356.77;345.00;-11.77;701.77
358.48;344.87;-13.61;703.35
356.55;345.92;-10.62;702.47
356.69;344.43;-12.26;701.12
356.73;346.05;-10.68;702.78
357.05;345.55;-11.49;702.60
356.34;345.74;-10.60;702.07
357.19;345.26;-11.94;702.45
356.58;346.23;-10.35;702.81
357.77;344.28;-13.49;702.05
357.02;345.55;-11.48;702.57
356.85;345.30;-11.55;702.15
357.08;346.09;-10.99;703.18
356.88;344.84;-12.05;701.72
357.42;343.72;-13.70;701.15
357.33;345.09;-12.24;702.42
356.40;343.31;-13.09;699.71
356.46;345.57;-10.89;702.04
357.51;345.84;-11.68;703.35
356.41;343.45;-12.95;699.86
356.08;345.26;-10.81;701.34
356.92;346.50;-10.42;703.42
357.15;344.99;-12.15;702.14
358.40;343.19;-15.21;701.59
357.85;346.11;-11.74;703.95
360.12;344.84;-15.28;704.96
357.38;345.14;-12.24;702.51
358.84;345.36;-13.48;704.19
357.42;346.24;-11.18;703.66
358.41;345.11;-13.31;703.52
356.20;346.69;-9.51;702.89
356.46;346.37;-10.09;702.84
357.52;345.88;-11.64;703.39
356.46;346.26;-10.20;702.73
358.31;345.75;-12.56;704.06
357.31;345.61;-11.69;702.92
356.02;344.68;-11.34;700.71
356.11;345.52;-10.59;701.63
357.82;344.74;-13.08;702.56
356.71;345.21;-11.50;701.92
357.78;345.94;-11.84;703.71
357.42;343.91;-13.51;701.34
360.03;346.19;-13.84;706.22
355.79;345.17;-10.62;700.96
356.34;345.78;-10.56;702.12
357.15;345.61;-11.54;702.76
357.52;345.92;-11.60;703.45
357.08;345.39;-11.69;702.48
356.21;345.21;-10.99;701.42
355.98;344.81;-11.17;700.79
356.83;345.14;-11.69;701.97
356.72;346.01;-10.72;702.73
355.75;347.04;-8.72;702.79
357.23;343.51;-13.72;700.74
355.93;345.39;-10.54;701.32
356.66;344.85;-11.81;701.51
358.65;345.87;-12.78;704.52
359.62;345.91;-13.71;705.54
356.46;345.52;-10.94;701.99
357.89;345.49;-12.41;703.38
356.38;343.73;-12.65;700.11
356.70;343.86;-12.84;700.56
357.05;345.36;-11.69;702.41
357.60;345.27;-12.33;702.87
356.06;346.25;-9.82;702.31
356.74;345.11;-11.63;701.85
356.56;344.00;-12.56;700.56
358.85;345.13;-13.72;703.98
358.23;343.90;-14.33;702.13
355.96;346.71;-9.25;702.67
356.77;346.34;-10.43;703.11
357.55;345.52;-12.03;703.08
356.98;346.33;-10.65;703.31
356.27;342.99;-13.28;699.26
356.30;345.37;-10.93;701.67
356.56;345.67;-10.89;702.23
357.19;345.82;-11.37;703.01
356.16;345.46;-10.70;701.62
357.38;345.47;-11.91;702.85
357.06;347.14;-9.92;704.20
356.82;345.25;-11.58;702.07
358.99;345.92;-13.08;704.91
357.10;345.89;-11.21;702.99
357.32;345.86;-11.46;703.18
357.49;345.88;-11.61;703.37
356.95;344.93;-12.02;701.88
356.70;345.24;-11.46;701.94
356.92;345.06;-11.86;701.98
356.20;344.98;-11.22;701.18
359.41;346.36;-13.05;705.77
356.94;346.29;-10.64;703.23
357.44;345.35;-12.08;702.79
356.26;345.78;-10.48;702.04
357.15;345.34;-11.81;702.48
357.58;345.27;-12.31;702.85
356.50;345.07;-11.43;701.57
357.04;345.40;-11.64;702.44
356.86;345.24;-11.62;702.10
360.86;344.77;-16.09;705.64
357.34;344.92;-12.42;702.26
357.16;344.18;-12.98;701.34
357.88;345.65;-12.24;703.53
357.74;346.67;-11.06;704.41
356.46;345.84;-10.62;702.31
356.16;345.32;-10.84;701.48
356.92;345.21;-11.71;702.14
357.21;345.85;-11.36;703.06
357.37;345.72;-11.65;703.09
357.49;345.53;-11.96;703.02
356.15;345.12;-11.03;701.26
356.54;345.24;-11.30;701.78
357.29;344.54;-12.76;701.83
357.36;344.71;-12.65;702.06
358.22;345.26;-12.96;703.49
356.83;346.08;-10.75;702.91
356.54;345.60;-10.94;702.14
357.29;345.73;-11.56;703.02
358.50;343.88;-14.62;702.38
356.46;345.32;-11.14;701.79
356.95;343.78;-13.16;700.73
357.23;345.32;-11.91;702.55
357.68;343.15;-14.52;700.83
357.98;345.61;-12.37;703.59
357.62;345.35;-12.26;702.97
357.39;345.12;-12.27;702.51
357.89;346.02;-11.87;703.91
356.94;345.74;-11.20;702.68
356.57;345.56;-11.01;702.14
356.54;344.69;-11.85;701.23
357.14;345.42;-11.71;702.56
355.91;343.94;-11.96;699.85
356.41;344.35;-12.06;700.76
357.42;344.04;-13.38;701.46
357.44;345.21;-12.23;702.65
358.13;345.04;-13.09;703.17
357.39;345.39;-12.00;702.79
357.41;343.64;-13.77;701.05
357.34;344.90;-12.44;702.24
357.06;345.31;-11.75;702.36
356.93;342.99;-13.94;699.92
357.54;345.31;-12.23;702.84
357.75;344.72;-13.03;702.48
359.15;346.60;-12.55;705.75
357.22;343.81;-13.41;701.02
355.84;345.88;-9.96;701.71
356.84;345.17;-11.67;702.01
357.89;344.96;-12.92;702.85
357.30;343.28;-14.02;700.58
358.04;344.95;-13.09;702.98
357.92;343.52;-14.40;701.44
357.28;345.77;-11.51;703.05
357.45;343.62;-13.83;701.08
357.08;346.02;-11.06;703.10
356.16;344.57;-11.59;700.73
356.73;344.96;-11.76;701.69
356.61;344.12;-12.48;700.73
356.28;344.86;-11.41;701.14
356.90;344.16;-12.74;701.06
355.75;345.35;-10.39;701.10
356.27;346.21;-10.06;702.48
359.52;344.63;-14.89;704.15
357.03;345.32;-11.71;702.35
357.84;345.92;-11.92;703.76
356.85;345.29;-11.55;702.14
357.06;345.72;-11.35;702.78
357.25;346.12;-11.12;703.37
357.13;345.52;-11.61;702.65
356.66;345.49;-11.16;702.15
356.61;345.78;-10.83;702.39
357.47;343.64;-13.83;701.11
356.32;345.76;-10.56;702.08
357.05;345.25;-11.79;702.30
357.23;345.98;-11.25;703.21
357.38;345.85;-11.53;703.24
356.90;344.19;-12.71;701.09
356.48;346.04;-10.44;702.52
355.23;343.42;-11.81;698.65
357.41;343.54;-13.87;700.94
359.23;345.11;-14.12;704.34
359.65;345.03;-14.62;704.68
356.90;343.12;-13.78;700.02
356.94;345.15;-11.78;702.09
359.74;345.22;-14.52;704.95
357.04;345.95;-11.08;702.99
356.98;345.59;-11.39;702.58
356.58;344.04;-12.54;700.62
356.16;343.32;-12.84;699.49
357.28;345.45;-11.84;702.73
357.41;345.91;-11.50;703.32
357.34;345.79;-11.55;703.14
356.88;344.68;-12.21;701.56
357.07;344.47;-12.60;701.54
356.65;344.94;-11.71;701.59
358.92;344.84;-14.09;703.76
356.44;345.04;-11.40;701.47
356.89;344.05;-12.84;700.94
356.83;344.82;-12.01;701.65
357.90;345.43;-12.47;703.33
357.94;345.63;-12.31;703.56
356.93;345.34;-11.59;702.27
355.99;345.31;-10.69;701.30
357.58;345.18;-12.41;702.76
356.65;344.70;-11.95;701.35
356.27;345.78;-10.49;702.05
357.97;345.67;-12.30;703.64
360.77;345.33;-15.44;706.10
357.14;346.06;-11.08;703.19
357.28;345.25;-12.03;702.52
357.72;343.07;-14.65;700.79
357.74;345.56;-12.17;703.30
357.38;345.15;-12.22;702.53
357.04;345.58;-11.46;702.62
356.92;343.30;-13.62;700.22
357.01;345.88;-11.13;702.88
356.91;344.66;-12.25;701.58
358.21;345.34;-12.88;703.55
358.09;344.26;-13.82;702.35
356.02;344.89;-11.14;700.91
358.56;344.61;-13.95;703.16
356.91;344.42;-12.49;701.32
359.36;344.92;-14.45;704.28
358.48;345.06;-13.42;703.54
359.48;345.66;-13.82;705.15
359.02;343.52;-15.50;702.55
356.92;345.15;-11.78;702.07
356.74;344.89;-11.85;701.63
358.12;345.80;-12.32;703.92
356.96;343.53;-13.43;700.49
357.19;344.98;-12.21;702.18
357.19;345.66;-11.53;702.85
355.92;346.67;-9.25;702.59
356.69;344.07;-12.62;700.76
356.81;345.52;-11.29;702.32
356.61;344.82;-11.79;701.43
359.53;345.97;-13.56;705.50
356.72;342.41;-14.31;699.13
356.98;346.09;-10.89;703.07
358.35;346.01;-12.34;704.35
357.96;345.72;-12.25;703.68
357.11;342.79;-14.32;699.90
358.09;345.79;-12.29;703.88
357.11;345.00;-12.11;702.11
357.53;345.27;-12.26;702.80
357.25;345.69;-11.56;702.95
358.04;344.79;-13.25;702.84
357.09;345.56;-11.53;702.66
356.62;342.72;-13.90;699.35
357.58;344.11;-13.47;701.69
357.41;345.70;-11.71;703.11
357.84;347.30;-10.54;705.14
357.20;345.31;-11.89;702.51
357.62;345.28;-12.34;702.90
358.30;345.52;-12.78;703.82
357.50;344.57;-12.93;702.07
356.86;343.47;-13.39;700.33
356.24;345.43;-10.81;701.67
357.54;345.43;-12.11;702.96
357.34;345.39;-11.95;702.72
357.01;344.67;-12.34;701.68
359.62;345.19;-14.43;704.81
357.47;345.45;-12.02;702.92
359.61;342.53;-17.08;702.14
359.46;345.32;-14.14;704.78
357.74;344.02;-13.72;701.76
356.71;341.86;-14.85;698.56
356.69;344.43;-12.26;701.12
357.74;345.46;-12.28;703.21
358.34;345.81;-12.53;704.15
357.26;345.10;-12.16;702.36
357.68;344.92;-12.76;702.61
360.18;345.22;-14.96;705.41
357.48;344.80;-12.68;702.28
357.30;344.03;-13.27;701.33
359.96;345.17;-14.79;705.14
357.75;344.89;-12.85;702.64
357.56;344.72;-12.84;702.28
356.96;343.06;-13.90;700.03
356.75;343.67;-13.08;700.42
357.46;345.71;-11.75;703.16
357.35;345.62;-11.73;702.98
357.12;343.09;-14.03;700.21
357.83;345.97;-11.86;703.80
357.35;345.24;-12.11;702.58
357.30;344.78;-12.52;702.08
357.04;345.08;-11.95;702.12
357.71;344.75;-12.96;702.46
356.39;343.45;-12.95;699.84
356.80;345.52;-11.28;702.32
357.25;344.06;-13.19;701.32
356.54;345.77;-10.76;702.31
356.62;346.08;-10.54;702.69
356.32;345.85;-10.46;702.17
357.09;344.42;-12.66;701.51
356.99;345.42;-11.58;702.41
357.34;345.51;-11.83;702.85
360.35;344.21;-16.14;704.56
357.18;345.43;-11.75;702.61
359.66;345.04;-14.62;704.69
357.03;346.56;-10.47;703.59
357.32;343.16;-14.15;700.48
357.54;344.99;-12.55;702.54
357.27;345.88;-11.39;703.15
357.16;345.56;-11.59;702.72
357.49;345.79;-11.71;703.28
356.99;345.82;-11.18;702.81
356.50;345.64;-10.86;702.14
357.42;345.38;-12.05;702.80
357.76;345.55;-12.21;703.31
356.94;342.55;-14.38;699.49
356.59;345.92;-10.67;702.51
356.42;345.70;-10.72;702.12
355.99;346.14;-9.85;702.13
356.81;345.07;-11.74;701.88
359.48;346.35;-13.12;705.83
356.42;343.44;-12.98;699.86
358.02;345.77;-12.25;703.79
356.66;344.02;-12.64;700.68
357.24;345.75;-11.49;702.98
356.33;345.00;-11.33;701.33
356.28;345.59;-10.69;701.88
359.81;344.72;-15.08;704.53
356.74;346.04;-10.70;702.77
357.26;345.22;-12.04;702.48
356.16;344.53;-11.63;700.69
357.24;345.41;-11.82;702.65
357.21;343.97;-13.24;701.18
356.83;345.22;-11.61;702.05
357.31;344.76;-12.55;702.06
360.84;345.87;-14.96;706.71
358.18;345.77;-12.41;703.95
356.34;344.93;-11.41;701.26
359.41;345.73;-13.68;705.14
357.19;346.02;-11.17;703.22
357.06;345.98;-11.09;703.04
357.03;345.91;-11.12;702.94
359.95;346.00;-13.95;705.95
356.49;346.82;-9.67;703.32
356.16;346.39;-9.77;702.55
357.02;345.02;-12.01;702.04
356.62;343.45;-13.16;700.07
357.34;346.18;-11.16;703.52
358.65;343.71;-14.94;702.36
357.58;343.29;-14.29;700.88
357.76;345.83;-11.94;703.59
357.41;345.86;-11.55;703.28
356.73;343.48;-13.25;700.21
356.89;345.49;-11.40;702.39
357.03;344.32;-12.71;701.35
357.33;343.90;-13.43;701.23
356.41;344.02;-12.38;700.43
355.96;346.31;-9.65;702.27
359.24;345.38;-13.86;704.62
358.09;346.50;-11.59;704.59
356.64;345.91;-10.73;702.54
357.36;345.42;-11.94;702.78
357.00;345.38;-11.62;702.38
356.66;345.25;-11.41;701.91
357.21;344.63;-12.58;701.84
356.86;345.20;-11.66;702.06
357.42;346.05;-11.37;703.48
357.25;344.36;-12.89;701.61
356.23;344.84;-11.39;701.07
355.92;345.38;-10.54;701.31
357.39;345.10;-12.29;702.49
356.64;344.90;-11.74;701.54
356.15;344.61;-11.54;700.76
356.40;345.90;-10.50;702.30
357.14;345.28;-11.86;702.42
359.63;345.65;-13.98;705.28
356.42;344.21;-12.22;700.63
356.99;342.57;-14.42;699.56
357.44;344.71;-12.73;702.15
356.38;345.72;-10.66;702.11
356.09;344.02;-12.06;700.11
357.03;346.45;-10.58;703.48
357.40;344.92;-12.48;702.32
355.94;343.10;-12.84;699.04
356.08;345.71;-10.37;701.79
356.32;345.75;-10.57;702.08
356.67;345.79;-10.88;702.46
357.22;345.11;-12.11;702.32
356.52;344.85;-11.66;701.37
358.08;345.09;-12.99;703.17
356.83;345.45;-11.38;702.28
356.61;344.16;-12.45;700.78
359.33;346.60;-12.73;705.93
359.33;346.52;-12.81;705.85
357.22;346.19;-11.03;703.41
356.91;343.35;-13.56;700.26
356.87;345.66;-11.21;702.54
357.72;345.49;-12.24;703.21
358.10;345.66;-12.44;703.76
357.32;345.74;-11.58;703.06
360.91;345.79;-15.12;706.70
358.69;346.22;-12.47;704.91
356.77;346.00;-10.77;702.77
357.04;345.35;-11.69;702.39
358.01;344.95;-13.05;702.96
357.76;344.66;-13.10;702.43
357.06;345.92;-11.15;702.98
356.22;345.59;-10.64;701.81
356.81;345.43;-11.38;702.24
356.96;346.22;-10.74;703.18
356.85;344.01;-12.84;700.86
356.94;344.14;-12.80;701.08
356.43;345.57;-10.86;702.00
357.49;345.33;-12.16;702.82
357.09;345.09;-12.00;702.18
355.81;345.74;-10.08;701.55
357.44;345.06;-12.38;702.49
356.68;345.51;-11.18;702.19
359.22;345.06;-14.16;704.28
356.56;344.02;-12.54;700.59
356.39;345.60;-10.79;701.99
357.17;345.26;-11.91;702.44
356.74;345.20;-11.54;701.94
356.54;343.56;-12.97;700.10
356.19;345.35;-10.84;701.54
356.66;342.95;-13.71;699.61
357.48;345.95;-11.53;703.42
357.42;343.75;-13.67;701.16
357.11;345.32;-11.78;702.43
356.90;344.62;-12.28;701.52
356.74;344.75;-11.99;701.49
356.45;343.95;-12.51;700.40
359.48;345.24;-14.24;704.71
357.03;346.24;-10.79;703.26
357.01;342.75;-14.26;699.75
356.74;343.06;-13.68;699.80
358.55;343.71;-14.84;702.25
357.58;345.31;-12.26;702.89
358.11;345.15;-12.96;703.26
356.85;342.89;-13.96;699.74
356.32;345.32;-11.01;701.64
357.33;343.55;-13.78;700.88
357.19;345.21;-11.99;702.40
357.76;345.32;-12.44;703.08
356.72;345.96;-10.76;702.68
356.58;344.80;-11.78;701.38
357.23;344.51;-12.72;701.74
357.23;345.28;-11.95;702.51
357.02;345.09;-11.92;702.11
355.59;343.72;-11.86;699.31
357.17;344.79;-12.38;701.96
356.52;346.05;-10.46;702.57
357.59;345.68;-11.91;703.26
355.98;344.00;-11.98;699.98
356.24;345.38;-10.86;701.62
356.53;345.59;-10.94;702.12
358.03;343.47;-14.56;701.50
356.98;345.46;-11.52;702.44
356.83;346.05;-10.78;702.88
356.60;345.62;-10.98;702.22
360.01;344.95;-15.05;704.96
356.43;345.38;-11.05;701.81
357.71;345.60;-12.11;703.31
356.89;345.33;-11.56;702.22
357.26;345.21;-12.05;702.47
358.72;344.99;-13.73;703.71
357.83;343.32;-14.51;701.15
358.02;345.88;-12.14;703.89
356.42;344.06;-12.36;700.48
357.42;342.00;-15.42;699.42
357.04;345.03;-12.01;702.07
360.36;345.05;-15.31;705.41
356.94;345.01;-11.92;701.95
357.94;345.11;-12.83;703.05
357.16;343.58;-13.58;700.74
357.26;344.40;-12.86;701.66
356.79;344.42;-12.36;701.21
357.09;346.13;-10.96;703.22
355.61;346.69;-8.92;702.30
356.25;343.05;-13.20;699.29
358.61;345.48;-13.12;704.09
357.68;344.74;-12.94;702.42
357.04;345.84;-11.20;702.88
357.11;345.46;-11.65;702.58
357.82;345.99;-11.82;703.81
356.77;345.66;-11.11;702.44
357.25;345.16;-12.08;702.41
357.16;344.84;-12.32;702.00
356.95;343.92;-13.03;700.86
357.92;345.58;-12.34;703.51
357.69;342.69;-14.99;700.38
357.38;342.44;-14.95;699.82
357.96;345.48;-12.48;703.44
357.25;347.19;-10.05;704.44
357.78;345.27;-12.51;703.05
357.63;345.20;-12.43;702.83
357.93;345.74;-12.19;703.67
358.61;345.68;-12.94;704.29
357.74;345.41;-12.33;703.14
358.07;344.44;-13.64;702.51
356.99;345.88;-11.12;702.87
357.32;344.42;-12.91;701.74
357.14;342.91;-14.22;700.05
357.12;343.15;-13.96;700.27
356.72;345.24;-11.48;701.95
357.45;344.64;-12.81;702.08
356.31;344.32;-11.98;700.63
359.35;344.28;-15.07;703.64
357.14;345.19;-11.95;702.32
357.23;345.05;-12.18;702.28
356.57;344.59;-11.98;701.16
356.34;342.98;-13.36;699.32
359.21;344.05;-15.16;703.25
356.30;345.14;-11.16;701.44
356.82;345.23;-11.59;702.05
360.06;344.66;-15.41;704.72
357.19;345.27;-11.92;702.46
360.13;345.59;-14.54;705.72
356.59;345.25;-11.34;701.84
356.30;343.23;-13.07;699.53
356.56;344.82;-11.74;701.38
357.73;346.12;-11.61;703.85
356.99;345.91;-11.09;702.90
356.75;344.83;-11.92;701.58
357.08;345.37;-11.71;702.45
357.95;345.91;-12.04;703.85
357.79;344.86;-12.93;702.65
358.48;346.01;-12.46;704.49
357.65;343.83;-13.82;701.48
358.13;345.18;-12.95;703.31
357.99;344.47;-13.52;702.46
358.39;345.19;-13.21;703.58
357.97;343.28;-14.69;701.25
356.96;345.28;-11.69;702.24
358.24;343.08;-15.16;701.32
357.71;344.67;-13.04;702.38
357.91;345.88;-12.03;703.78
357.15;344.74;-12.41;701.89
357.59;345.01;-12.58;702.59
357.21;342.81;-14.40;700.02
356.74;345.02;-11.72;701.76
358.71;342.42;-16.29;701.14
358.20;342.99;-15.21;701.19
357.46;344.97;-12.49;702.44
356.75;345.52;-11.22;702.27
357.26;344.90;-12.36;702.16
357.37;345.26;-12.11;702.64
357.40;345.29;-12.11;702.69
358.82;344.29;-14.54;703.11
358.00;344.84;-13.16;702.84
356.80;342.98;-13.82;699.78
357.69;345.16;-12.53;702.86
357.07;345.55;-11.52;702.62
356.23;344.67;-11.56;700.90
357.78;346.22;-11.56;703.99
357.86;346.49;-11.37;704.35
357.00;344.87;-12.13;701.87
356.83;343.39;-13.44;700.22
357.92;344.54;-13.38;702.45
356.76;346.28;-10.48;703.04
359.28;345.15;-14.13;704.42
356.87;342.22;-14.65;699.09
357.55;343.95;-13.61;701.50
357.54;344.95;-12.58;702.49
357.31;342.79;-14.51;700.10
358.05;343.26;-14.78;701.31
357.56;343.01;-14.55;700.56
357.74;345.18;-12.56;702.92
357.42;345.05;-12.37;702.46
356.99;346.40;-10.59;703.39
357.89;343.47;-14.42;701.36
356.37;344.92;-11.45;701.29
358.38;344.89;-13.49;703.26
359.49;345.59;-13.91;705.08
356.61;345.28;-11.32;701.89
356.56;345.75;-10.81;702.31
356.48;343.16;-13.31;699.64
357.52;345.00;-12.52;702.52
356.89;346.64;-10.26;703.53
356.95;345.62;-11.34;702.57
356.81;343.66;-13.15;700.46
357.86;345.84;-12.02;703.71
360.49;344.82;-15.67;705.31
357.30;344.46;-12.84;701.76
357.59;343.12;-14.47;700.72
357.18;344.91;-12.28;702.09
357.46;345.55;-11.91;703.01
360.05;342.39;-17.66;702.45
357.98;345.49;-12.48;703.47
357.75;344.57;-13.18;702.32
358.79;344.46;-14.33;703.25
357.04;344.76;-12.27;701.80
357.56;345.55;-12.01;703.11
356.56;342.42;-14.15;698.98
357.39;345.66;-11.73;703.05
357.00;345.36;-11.64;702.36
357.39;343.84;-13.56;701.23
356.59;344.79;-11.79;701.38
356.19;345.76;-10.42;701.95
356.88;345.05;-11.83;701.94
357.56;344.69;-12.87;702.26
357.81;346.09;-11.72;703.90
356.78;344.00;-12.78;700.78
356.78;345.35;-11.43;702.14
356.41;345.92;-10.49;702.34
356.07;344.41;-11.66;700.48
357.54;346.22;-11.31;703.76
356.69;344.19;-12.50;700.88
357.03;345.56;-11.47;702.59
357.47;345.91;-11.56;703.38
356.62;345.50;-11.12;702.12
357.17;345.24;-11.94;702.41
360.02;345.39;-14.63;705.41
357.28;345.47;-11.81;702.75
357.02;344.07;-12.95;701.09
356.76;345.14;-11.62;701.91
356.62;342.75;-13.88;699.37
360.42;343.76;-16.65;704.18
357.49;346.24;-11.26;703.73
356.67;345.27;-11.40;701.94
357.78;343.24;-14.54;701.02
356.73;345.06;-11.67;701.79
357.21;342.31;-14.90;699.51
357.64;345.49;-12.15;703.14
356.57;344.41;-12.16;700.98
357.48;344.36;-13.12;701.85
356.73;345.15;-11.58;701.88
360.48;345.98;-14.50;706.46
357.82;342.55;-15.27;700.38
357.45;344.71;-12.74;702.16
357.47;345.75;-11.72;703.22
357.24;345.04;-12.21;702.28
356.98;342.86;-14.12;699.85
358.00;344.73;-13.27;702.73
357.58;346.34;-11.24;703.92
356.61;344.11;-12.49;700.72
356.93;343.62;-13.31;700.55
356.84;342.29;-14.55;699.13
357.15;345.09;-12.06;702.24
358.96;344.51;-14.45;703.48
357.41;346.31;-11.11;703.72
356.55;345.45;-11.09;702.00
360.74;344.76;-15.97;705.50
358.03;345.79;-12.24;703.82
357.29;345.34;-11.96;702.63
357.28;345.67;-11.61;702.95
360.32;342.79;-17.52;703.11
357.06;344.91;-12.15;701.98
357.09;345.54;-11.55;702.62
356.57;346.92;-9.65;703.49
359.77;344.56;-15.21;704.33
357.62;346.00;-11.62;703.62
357.46;344.75;-12.72;702.21
359.66;344.53;-15.14;704.19
357.22;344.39;-12.83;701.61
356.88;342.59;-14.29;699.48
357.85;343.27;-14.58;701.12
357.36;345.02;-12.34;702.38
358.31;344.73;-13.58;703.04
357.67;345.31;-12.36;702.98
357.32;344.78;-12.54;702.11
357.44;344.57;-12.87;702.01
357.68;344.61;-13.07;702.28
357.11;345.86;-11.25;702.96
357.82;345.71;-12.11;703.52
357.65;344.80;-12.85;702.45
357.47;343.84;-13.63;701.31
357.24;345.02;-12.22;702.26
358.27;344.56;-13.71;702.83
358.08;344.34;-13.74;702.42
357.97;342.95;-15.02;700.92
357.85;343.63;-14.22;701.48
358.11;343.37;-14.74;701.48
357.35;345.69;-11.65;703.04
357.70;345.26;-12.44;702.96
357.52;345.96;-11.56;703.49
357.93;346.38;-11.55;704.31
358.49;345.72;-12.78;704.21
358.29;342.89;-15.41;701.18
357.38;345.82;-11.56;703.19
356.73;345.85;-10.88;702.58
357.04;344.09;-12.95;701.12
360.59;345.05;-15.54;705.65
357.41;345.60;-11.81;703.01
357.84;343.40;-14.44;701.24
357.46;344.99;-12.48;702.45
357.76;344.83;-12.93;702.59
356.48;345.26;-11.22;701.74
357.55;345.62;-11.94;703.17
357.07;344.33;-12.74;701.40
356.92;343.35;-13.57;700.26
356.96;344.96;-12.00;701.92
356.82;347.16;-9.66;703.99
358.32;344.61;-13.71;702.93
356.65;344.09;-12.56;700.75
357.71;345.36;-12.35;703.06
357.38;344.74;-12.64;702.12
357.51;345.50;-12.01;703.01
357.15;344.76;-12.39;701.91
359.15;344.34;-14.81;703.49
356.75;345.71;-11.04;702.46
356.78;344.88;-11.90;701.65
358.35;345.16;-13.19;703.51
359.06;345.26;-13.80;704.33
358.80;345.09;-13.71;703.89
355.75;344.65;-11.10;700.41
356.96;345.59;-11.36;702.55
357.09;344.82;-12.27;701.91
357.44;346.04;-11.40;703.48
357.45;343.58;-13.87;701.02
356.86;345.59;-11.27;702.45
357.12;345.54;-11.59;702.66
357.02;344.86;-12.16;701.89
356.91;345.82;-11.09;702.73
356.69;344.47;-12.22;701.16
357.76;346.45;-11.31;704.22
356.82;345.63;-11.19;702.45
357.76;344.22;-13.54;701.99
357.06;343.97;-13.09;701.04
356.34;345.86;-10.48;702.19
357.88;344.47;-13.41;702.35
357.72;345.74;-11.98;703.45
355.98;346.24;-9.75;702.22
355.90;345.24;-10.66;701.14
358.87;345.88;-12.99;704.75
356.32;346.32;-10.00;702.65
357.71;344.94;-12.77;702.65
357.64;345.51;-12.13;703.14
356.41;345.28;-11.13;701.69
357.99;345.68;-12.31;703.68
360.85;345.41;-15.44;706.26
356.93;344.76;-12.16;701.69
357.21;344.90;-12.31;702.11
356.36;344.89;-11.48;701.25
357.08;345.18;-11.90;702.25
356.76;345.85;-10.91;702.61
357.81;345.06;-12.75;702.86
357.40;345.38;-12.02;702.78
357.24;345.81;-11.43;703.04
356.10;346.21;-9.89;702.31
357.61;345.98;-11.63;703.58
356.67;343.31;-13.36;699.98
357.61;345.62;-11.99;703.23
356.48;343.97;-12.51;700.45
356.70;345.54;-11.16;702.24
357.25;343.59;-13.66;700.84
357.36;346.16;-11.20;703.52
357.01;344.03;-12.98;701.04
356.53;342.62;-13.91;699.15
357.55;342.98;-14.57;700.54
356.76;345.42;-11.35;702.18
356.18;343.97;-12.21;700.15
356.82;345.91;-10.92;702.73
356.47;345.88;-10.59;702.35
357.36;344.75;-12.61;702.11
357.84;345.36;-12.48;703.19
357.29;345.68;-11.61;702.98
356.66;345.12;-11.54;701.78
357.28;343.71;-13.58;700.99
356.67;343.54;-13.13;700.21
356.71;345.71;-10.99;702.42
356.87;345.28;-11.59;702.15
357.79;345.12;-12.68;702.91
357.21;343.55;-13.65;700.76
357.15;343.36;-13.79;700.51
359.81;345.19;-14.62;705.01
357.18;342.85;-14.33;700.02
357.12;345.31;-11.81;702.43
356.91;344.36;-12.55;701.28
357.46;342.89;-14.57;700.36
357.88;345.85;-12.03;703.72
356.31;342.65;-13.66;698.96
357.28;344.94;-12.35;702.22
356.08;345.50;-10.58;701.58
357.26;345.48;-11.78;702.74
357.08;344.95;-12.12;702.03
357.55;343.44;-14.11;700.99
358.63;345.01;-13.62;703.64
357.55;345.58;-11.97;703.14
357.51;345.54;-11.96;703.05
356.15;345.71;-10.44;701.85
357.96;345.12;-12.84;703.08
356.95;342.70;-14.25;699.65
356.46;343.68;-12.78;700.15
357.09;345.16;-11.93;702.26
357.06;345.18;-11.88;702.24
356.85;343.92;-12.93;700.76
356.65;345.73;-10.92;702.38
356.38;344.94;-11.45;701.32
360.17;346.40;-13.77;706.57
355.91;343.86;-12.04;699.77
360.59;345.15;-15.44;705.74
356.07;343.42;-12.65;699.49
356.74;345.22;-11.52;701.96
356.67;345.75;-10.92;702.42
357.58;345.74;-11.84;703.32
357.25;345.79;-11.46;703.04
358.69;344.39;-14.30;703.09
357.62;345.35;-12.28;702.97
357.68;345.06;-12.62;702.74
356.56;345.94;-10.63;702.50
357.36;345.88;-11.48;703.25
357.97;345.75;-12.22;703.72
356.68;343.49;-13.19;700.16
356.78;344.25;-12.53;701.04
356.98;345.62;-11.36;702.61
356.67;343.74;-12.93;700.41
356.19;345.24;-10.95;701.44
357.80;342.98;-14.82;700.78
357.07;346.00;-11.07;703.07
357.48;344.55;-12.92;702.03
357.12;345.28;-11.84;702.39
357.07;345.09;-11.98;702.16
356.44;345.19;-11.25;701.64
358.22;345.48;-12.74;703.71
358.14;345.34;-12.81;703.48
357.01;345.82;-11.19;702.83
357.31;345.16;-12.15;702.46
356.08;345.45;-10.62;701.53
356.91;345.25;-11.66;702.15
355.57;344.82;-10.75;700.39
356.71;345.79;-10.92;702.50
357.25;345.41;-11.84;702.65
357.36;345.94;-11.43;703.30
356.54;344.36;-12.17;700.90
357.35;344.18;-13.18;701.53
357.77;344.88;-12.89;702.65
356.48;345.77;-10.71;702.25
357.37;344.85;-12.52;702.22
357.06;345.36;-11.71;702.42
360.15;344.27;-15.88;704.42
356.65;345.81;-10.84;702.46
356.58;345.36;-11.21;701.94
357.21;344.68;-12.52;701.89
357.34;345.49;-11.84;702.83
357.11;343.27;-13.84;700.38
356.95;343.65;-13.30;700.61
359.10;345.86;-13.24;704.96
359.95;345.05;-14.90;704.99
356.35;342.70;-13.65;699.05
357.01;345.34;-11.67;702.35
357.88;343.08;-14.79;700.96
360.32;345.55;-14.77;705.86
356.34;344.64;-11.71;700.98
357.56;342.22;-15.35;699.78
357.19;345.37;-11.82;702.56
356.98;344.68;-12.29;701.66
356.64;342.25;-14.39;698.89
359.30;344.68;-14.62;703.98
357.02;344.51;-12.51;701.54
357.87;345.56;-12.31;703.44
359.85;343.81;-16.05;703.66
357.44;344.95;-12.49;702.39
359.71;345.75;-13.96;705.45
357.95;345.49;-12.45;703.44
357.08;344.43;-12.65;701.51
357.11;345.62;-11.48;702.73
357.51;343.72;-13.78;701.23
357.22;343.67;-13.55;700.89
358.37;344.78;-13.59;703.15
357.22;345.02;-12.21;702.24
357.69;343.15;-14.54;700.85
357.74;346.29;-11.45;704.03
356.69;345.29;-11.41;701.98
357.65;343.90;-13.75;701.55
356.21;343.12;-13.08;699.33
356.98;344.78;-12.20;701.76
358.58;345.12;-13.46;703.71
357.86;345.09;-12.77;702.95
358.08;344.81;-13.28;702.89
356.65;344.68;-11.98;701.33
357.31;343.10;-14.21;700.41
357.31;345.59;-11.72;702.91
356.72;345.17;-11.55;701.89
356.41;345.51;-10.90;701.91
357.99;345.49;-12.51;703.48
360.42;344.09;-16.33;704.51
356.69;345.11;-11.58;701.81
356.44;344.90;-11.54;701.34
357.25;345.83;-11.42;703.08
357.07;345.38;-11.69;702.45
357.08;345.20;-11.88;702.28
356.84;345.47;-11.37;702.31
359.12;345.19;-13.93;704.31
357.38;345.71;-11.66;703.09
356.71;344.69;-12.02;701.40
357.35;344.76;-12.59;702.11
359.50;345.41;-14.09;704.91
357.18;346.28;-10.91;703.46
357.83;345.54;-12.29;703.37
356.91;342.56;-14.34;699.47
357.65;344.71;-12.94;702.36
356.83;344.43;-12.40;701.26
357.99;345.07;-12.92;703.06
358.32;343.22;-15.10;701.54
356.78;343.95;-12.84;700.73
356.66;345.09;-11.57;701.75
356.56;345.15;-11.41;701.72
357.30;345.13;-12.17;702.43
356.77;345.37;-11.40;702.14
356.00;345.28;-10.72;701.28
356.58;345.22;-11.36;701.81
356.65;345.01;-11.64;701.66
357.52;345.45;-12.07;702.98
356.91;344.73;-12.18;701.64
356.90;343.24;-13.66;700.14
356.91;343.25;-13.66;700.15
359.67;345.22;-14.45;704.89
356.55;342.66;-13.88;699.21
356.71;344.99;-11.72;701.70
358.03;344.69;-13.34;702.72
357.04;345.74;-11.30;702.77
356.78;344.86;-11.92;701.64
357.78;345.65;-12.13;703.44
357.92;343.88;-14.04;701.79
357.07;344.97;-12.10;702.04
357.50;346.01;-11.49;703.51
356.37;342.64;-13.74;699.01
357.37;346.14;-11.23;703.51
356.68;344.24;-12.44;700.91
357.29;345.31;-11.98;702.59
356.95;345.17;-11.78;702.12
357.19;346.21;-10.98;703.41
359.82;345.36;-14.46;705.19
357.75;345.21;-12.54;702.96
356.77;346.14;-10.63;702.91
359.49;344.48;-15.01;703.98
357.79;345.94;-11.85;703.74
356.77;345.43;-11.34;702.20
356.48;345.54;-10.94;702.01
356.36;346.48;-9.89;702.84
359.04;346.42;-12.62;705.45
359.76;345.38;-14.38;705.14
357.96;346.05;-11.92;704.01
358.93;344.88;-14.05;703.81
356.74;346.23;-10.51;702.96
357.11;345.99;-11.11;703.10
356.94;344.18;-12.76;701.12
357.11;345.44;-11.66;702.55
357.22;345.98;-11.25;703.20
360.09;344.99;-15.11;705.08
356.88;347.56;-9.32;704.44
356.79;343.24;-13.55;700.03
357.96;345.59;-12.36;703.55
359.35;344.66;-14.69;704.01
358.48;346.72;-11.76;705.20
359.49;344.68;-14.81;704.17
357.74;345.51;-12.22;703.25
357.06;344.28;-12.78;701.34
357.85;343.82;-14.03;701.68
356.52;343.74;-12.78;700.25
357.62;344.81;-12.82;702.43
355.16;345.39;-9.77;700.56
356.76;345.74;-11.03;702.50
359.64;346.05;-13.58;705.69
356.92;344.82;-12.09;701.74
356.48;345.72;-10.76;702.20
356.55;344.89;-11.65;701.44
357.15;346.30;-10.85;703.45
356.75;343.96;-12.78;700.71
356.56;344.82;-11.74;701.38
356.86;347.24;-9.62;704.10
357.35;345.26;-12.08;702.61
357.62;344.09;-13.53;701.71
