  2.0386475e+002  6.2114029e-010  3.8581525e-019
  1.9483276e+002  6.2718840e-010  3.9336528e-019
  1.8838135e+002  6.0800041e-010  3.6966450e-019
  1.8063965e+002  6.3449353e-010  4.0258204e-019
  1.7289795e+002  6.2258102e-010  3.8760712e-019
  1.6773682e+002  6.2118067e-010  3.8586543e-019
  1.5999512e+002  6.2450862e-010  3.9001101e-019
  1.5483398e+002  6.2559386e-010  3.9136768e-019
  1.4838257e+002  6.2446956e-010  3.8996224e-019
  1.4322144e+002  6.1549046e-010  3.7882851e-019
  1.4064087e+002  6.2300051e-010  3.8812964e-019
  1.3547974e+002  6.2278016e-010  3.8785513e-019
  1.3031860e+002  6.2424451e-010  3.8968121e-019
  1.2515747e+002  6.1859215e-010  3.8265624e-019
  1.1870605e+002  6.3503513e-010  4.0326962e-019
  1.1612549e+002  6.2002926e-010  3.8443628e-019
  1.1096436e+002  6.2796820e-010  3.9434406e-019
  1.0838379e+002  6.2786514e-010  3.9421463e-019
  1.0451294e+002  6.2880465e-010  3.9539528e-019
  9.9351807e+001  6.2370437e-010  3.8900714e-019
  9.9351807e+001  6.1898319e-010  3.8314019e-019
  9.2900391e+001  6.2683920e-010  3.9292738e-019
  8.9029541e+001  6.1961942e-010  3.8392822e-019
  8.6448975e+001  6.2011702e-010  3.8454511e-019
  8.2578125e+001  6.2364518e-010  3.8893331e-019
  7.7416992e+001  6.3308163e-010  4.0079234e-019
  7.7416992e+001  6.1878659e-010  3.8289684e-019
  7.2255859e+001  6.2042983e-010  3.8493317e-019
  6.9675293e+001  6.2223893e-010  3.8718129e-019
  6.5804443e+001  6.2321280e-010  3.8839419e-019
  6.1933594e+001  6.2450417e-010  3.9000546e-019
  5.9353027e+001  6.2025926e-010  3.8472155e-019
  5.5482178e+001  6.2005313e-010  3.8446589e-019
  5.4191895e+001  6.2555506e-010  3.9131914e-019
  5.0321045e+001  6.2421632e-010  3.8964601e-019
  4.7740479e+001  6.1897741e-010  3.8313304e-019
  4.3869629e+001  6.2551480e-010  3.9126877e-019
  4.2579346e+001  6.2231247e-010  3.8727281e-019
  3.9998779e+001  6.1449913e-010  3.7760918e-019
  3.6127930e+001  6.2140261e-010  3.8614121e-019
  3.4837646e+001  6.1612224e-010  3.7960661e-019
  3.0966797e+001  6.2566886e-010  3.9146152e-019
  2.8386230e+001  6.1591611e-010  3.7935266e-019
  2.5805664e+001  6.2303994e-010  3.8817877e-019
  2.4515381e+001  6.1466030e-010  3.7780728e-019
  2.0644531e+001  6.1742905e-010  3.8121863e-019
  1.6773682e+001  6.1315689e-010  3.7596137e-019
  1.5483398e+001  6.1674665e-010  3.8037644e-019
  1.2902832e+001  6.2164081e-010  3.8643729e-019
  6.4514160e+000  6.2628737e-010  3.9223587e-019
  3.8708496e+000  6.2505880e-010  3.9069850e-019
  2.5805664e+000  6.1939221e-010  3.8364670e-019
  0.0000000e+000  6.2062789e-010  3.8517898e-019
 -1.2902832e+000  6.2100820e-010  3.8565119e-019
 -3.8708496e+000  6.1668036e-010  3.8029466e-019
 -5.1611328e+000  6.2190625e-010  3.8676738e-019
 -1.0322266e+001  6.2045732e-010  3.8496729e-019
 -1.2902832e+001  6.1868378e-010  3.8276962e-019
 -1.4193115e+001  6.2063741e-010  3.8519080e-019
 -1.6773682e+001  6.1798716e-010  3.8190813e-019
 -2.0644531e+001  6.1804285e-010  3.8197697e-019
 -2.3225098e+001  6.1611767e-010  3.7960098e-019
 -2.8386230e+001  6.2500203e-010  3.9062753e-019
 -2.8386230e+001  6.2429830e-010  3.8974837e-019
 -3.0966797e+001  6.2100592e-010  3.8564835e-019
 -3.4837646e+001  6.1029353e-010  3.7245819e-019
 -3.6127930e+001  6.1547795e-010  3.7881311e-019
 -3.8708496e+001  6.1533342e-010  3.7863522e-019
 -4.5159912e+001  6.2231272e-010  3.8727312e-019
 -4.7740479e+001  6.2188504e-010  3.8674100e-019
 -4.9030762e+001  6.2167180e-010  3.8647582e-019
 -5.4191895e+001  6.2117540e-010  3.8585888e-019
 -5.2901611e+001 -6.2573274e-010  3.9154147e-019
 -5.9353027e+001 -6.2585594e-010  3.9169565e-019
 -6.1933594e+001 -6.1944294e-010  3.8370956e-019
 -6.4514160e+001 -6.2388096e-010  3.8922746e-019
 -6.7094727e+001 -6.2636535e-010  3.9233355e-019
 -6.9675293e+001 -6.2755245e-010  3.9382208e-019
 -7.6126709e+001 -6.1920595e-010  3.8341601e-019
 -7.8707275e+001 -6.2599094e-010  3.9186466e-019
 -8.1287842e+001 -6.2235260e-010  3.8732276e-019
 -8.3868408e+001 -6.2801208e-010  3.9439917e-019
 -9.0319824e+001 -6.2215828e-010  3.8708093e-019
 -9.2900391e+001 -6.3012326e-010  3.9705533e-019
 -9.6771240e+001 -6.2466280e-010  3.9020361e-019
 -1.0193237e+002 -6.3106747e-010  3.9824615e-019
 -1.0709351e+002 -6.2111330e-010  3.8578173e-019
 -1.1096436e+002 -6.2076023e-010  3.8534326e-019
 -1.1483521e+002 -6.2006240e-010  3.8447739e-019
 -1.1870605e+002 -6.2806885e-010  3.9447048e-019
 -1.2386719e+002 -6.2791600e-010  3.9427850e-019
 -1.2773804e+002 -6.3072501e-010  3.9781403e-019
 -1.3418945e+002 -6.2583676e-010  3.9167165e-019
 -1.3935059e+002 -6.2465556e-010  3.9019457e-019
 -1.4580200e+002 -6.2502044e-010  3.9065055e-019
 -1.5096313e+002 -6.2989326e-010  3.9676552e-019
 -1.5741455e+002 -6.2673709e-010  3.9279938e-019
 -1.6257568e+002 -6.2552865e-010  3.9128609e-019
 -1.6902710e+002 -6.2675601e-010  3.9282310e-019
 -1.7676880e+002 -6.2791467e-010  3.9427683e-019
 -1.8322021e+002 -6.3010167e-010  3.9702812e-019
 -1.8967163e+002 -6.3245454e-010  3.9999875e-019
 -1.9096191e+002 -6.2544089e-010  3.9117630e-019
 -1.8322021e+002 -6.2632591e-010  3.9228415e-019
 -1.7676880e+002 -6.2293758e-010  3.8805123e-019
 -1.7031738e+002 -6.2579637e-010  3.9162110e-019
 -1.6386597e+002 -6.1657558e-010  3.8016545e-019
 -1.5741455e+002 -6.1803993e-010  3.8197336e-019
 -1.5096313e+002 -6.1866905e-010  3.8275139e-019
 -1.4580200e+002 -6.1802812e-010  3.8195876e-019
 -1.4064087e+002 -6.2365445e-010  3.8894488e-019
 -1.3547974e+002 -6.2146745e-010  3.8622179e-019
 -1.3031860e+002 -6.2395304e-010  3.8931739e-019
 -1.2386719e+002 -6.1061174e-010  3.7284669e-019
 -1.1870605e+002 -6.2418292e-010  3.8960431e-019
 -1.1483521e+002 -6.2287141e-010  3.8796879e-019
 -1.1096436e+002 -6.2008374e-010  3.8450385e-019
 -1.0580322e+002 -6.1991197e-010  3.8429085e-019
 -1.0064209e+002 -6.2932828e-010  3.9605409e-019
 -9.6771240e+001 -6.2273641e-010  3.8780063e-019
 -9.4190674e+001 -6.2169504e-010  3.8650472e-019
 -8.9029541e+001 -6.2414627e-010  3.8955857e-019
 -8.6448975e+001 -6.1950803e-010  3.8379020e-019
 -8.5158691e+001 -6.1518730e-010  3.7845542e-019
 -7.8707275e+001 -6.2316771e-010  3.8833800e-019
 -7.4836426e+001 -6.2112524e-010  3.8579656e-019
 -7.0965576e+001 -6.2341061e-010  3.8864078e-019
 -6.8385010e+001 -6.2283128e-010  3.8791880e-019
 -6.4514160e+001 -6.3001080e-010  3.9691361e-019
 -6.3223877e+001 -6.1423128e-010  3.7728007e-019
 -6.0643311e+001 -6.1913966e-010  3.8333392e-019
 -5.6772461e+001 -6.1967873e-010  3.8400172e-019
 -5.2901611e+001 -6.1787083e-010  3.8176436e-019
 -5.0321045e+001 -6.2524346e-010  3.9092938e-019
 -4.5159912e+001 -6.2979286e-010  3.9663905e-019
 -4.3869629e+001 -6.2200677e-010  3.8689242e-019
 -3.9998779e+001 -6.2959385e-010  3.9638841e-019
 -3.6127930e+001 -6.2242976e-010  3.8741880e-019
 -3.4837646e+001 -6.1848813e-010  3.8252757e-019
 -3.0966797e+001 -6.2363108e-010  3.8891573e-019
 -2.9676514e+001 -6.2649578e-010  3.9249696e-019
 -2.3225098e+001 -6.2088488e-010  3.8549804e-019
 -2.3225098e+001 -6.2038137e-010  3.8487305e-019
 -1.9354248e+001 -6.1865641e-010  3.8273575e-019
 -1.6773682e+001 -6.2283261e-010  3.8792046e-019
 -1.5483398e+001 -6.2502794e-010  3.9065992e-019
 -1.4193115e+001 -6.1936134e-010  3.8360847e-019
 -7.7416992e+000 -6.1731176e-010  3.8107381e-019
 -6.4514160e+000 -6.1653221e-010  3.8011196e-019
 -2.5805664e+000 -6.2186827e-010  3.8672015e-019
 -2.5805664e+000 -6.1286783e-010  3.7560698e-019
  2.5805664e+000 -6.1857710e-010  3.8263762e-019
  5.1611328e+000 -6.2354707e-010  3.8881095e-019
  6.4514160e+000 -6.1489849e-010  3.7810016e-019
  7.7416992e+000 -6.1543045e-010  3.7875464e-019
  1.2902832e+001 -6.2152593e-010  3.8629449e-019
  1.4193115e+001 -6.1590081e-010  3.7933381e-019
  1.6773682e+001 -6.2035305e-010  3.8483791e-019
  1.9354248e+001 -6.2272136e-010  3.8778189e-019
  2.1934814e+001 -6.1608801e-010  3.7956444e-019
  2.7095947e+001 -6.2768543e-010  3.9398899e-019
  2.8386230e+001 -6.2213612e-010  3.8705336e-019
  2.9676514e+001 -6.1952023e-010  3.8380531e-019
  3.3547363e+001 -6.2108764e-010  3.8574986e-019
  3.6127930e+001 -6.1724318e-010  3.8098914e-019
  3.8708496e+001 -6.1865184e-010  3.8273010e-019
  4.2579346e+001 -6.2304249e-010  3.8818194e-019
  4.3869629e+001 -6.1865304e-010  3.8273159e-019
  4.6450195e+001 -6.1542937e-010  3.7875331e-019
  5.1611328e+001 -6.2731705e-010  3.9352668e-019
  5.4191895e+001 -6.1866847e-010  3.8275068e-019
  5.4191895e+001 -6.1310495e-010  3.7589768e-019
  6.0643311e+001 -6.0966092e-010  3.7168644e-019
  6.4514160e+001  6.2504203e-010  3.9067754e-019
  6.5804443e+001  6.2317133e-010  3.8834251e-019
  7.0965576e+001  6.1658536e-010  3.8017751e-019
  7.4836426e+001  6.2293555e-010  3.8804870e-019
  7.6126709e+001  6.2018103e-010  3.8462451e-019
  7.8707275e+001  6.2680726e-010  3.9288734e-019
  8.3868408e+001  6.1913725e-010  3.8333093e-019
  8.3868408e+001  6.2962217e-010  3.9642408e-019
  9.0319824e+001  6.2249123e-010  3.8749533e-019
  9.1610107e+001  6.2576938e-010  3.9158732e-019
  9.5480957e+001  6.2126145e-010  3.8596579e-019
  9.9351807e+001  6.2728701e-010  3.9348900e-019
  1.0580322e+002  6.1798799e-010  3.8190915e-019
  1.0709351e+002  6.2644346e-010  3.9243140e-019
  1.1096436e+002  6.3111605e-010  3.9830747e-019
  1.1612549e+002  6.2348751e-010  3.8873667e-019
  1.2257690e+002  6.1929708e-010  3.8352887e-019
  1.2515747e+002  6.2562593e-010  3.9140781e-019
  1.2773804e+002  6.2946329e-010  3.9622403e-019
  1.3418945e+002  6.1631268e-010  3.7984132e-019
  1.3806030e+002  6.2869555e-010  3.9525809e-019
  1.4580200e+002  6.2630591e-010  3.9225909e-019
  1.5096313e+002  6.2934238e-010  3.9607183e-019
  1.5483398e+002  6.2788514e-010  3.9423975e-019
  1.6128540e+002  6.2391506e-010  3.8927001e-019
  1.6773682e+002  6.2627505e-010  3.9222044e-019
  1.7289795e+002  6.2849641e-010  3.9500774e-019
  1.7934937e+002  6.1983951e-010  3.8420102e-019
  1.8580078e+002  6.2433202e-010  3.8979047e-019
  1.9483276e+002  6.2499307e-010  3.9061634e-019
  1.9999390e+002  6.3012771e-010  3.9706093e-019
