  2.0773560e+002  5.8420492e-010  3.4129539e-019
  1.9354248e+002  5.8408293e-010  3.4115287e-019
  1.8838135e+002  5.8448458e-010  3.4162223e-019
  1.7934937e+002  5.9493636e-010  3.5394927e-019
  1.7418823e+002  5.8037950e-010  3.3684037e-019
  1.6773682e+002  5.8583406e-010  3.4320155e-019
  1.6386597e+002  5.8266608e-010  3.3949976e-019
  1.5741455e+002  5.9116422e-010  3.4947513e-019
  1.5225342e+002  5.7614532e-010  3.3194344e-019
  1.4580200e+002  5.7442036e-010  3.2995875e-019
  1.4064087e+002  5.8843345e-010  3.4625392e-019
  1.3547974e+002  5.8608058e-010  3.4349044e-019
  1.3160889e+002  5.8140798e-010  3.3803524e-019
  1.2644775e+002  5.8570979e-010  3.4305596e-019
  1.1999634e+002  5.8899627e-010  3.4691660e-019
  1.1741577e+002  5.7596415e-010  3.3173471e-019
  1.1225464e+002  5.8745139e-010  3.4509914e-019
  1.0838379e+002  5.8957089e-010  3.4759384e-019
  1.0451294e+002  5.8560914e-010  3.4293806e-019
  9.9351807e+001  5.8723936e-010  3.4485006e-019
  9.5480957e+001  5.8842056e-010  3.4623875e-019
  9.2900391e+001  5.8937309e-010  3.4736063e-019
  9.0319824e+001  5.8927713e-010  3.4724754e-019
  8.3868408e+001  5.9050691e-010  3.4869841e-019
  8.2578125e+001  5.8775950e-010  3.4546123e-019
  7.9997559e+001  5.8479885e-010  3.4198970e-019
  7.4836426e+001  5.8378473e-010  3.4080461e-019
  7.3546143e+001  5.8301229e-010  3.3990333e-019
  6.9675293e+001  5.7822241e-010  3.3434115e-019
  6.5804443e+001  5.8001729e-010  3.3642006e-019
  6.3223877e+001  5.8449798e-010  3.4163789e-019
  6.0643311e+001  5.8479536e-010  3.4198561e-019
  5.6772461e+001  5.8598958e-010  3.4338379e-019
  5.2901611e+001  5.8630118e-010  3.4374908e-019
  5.1611328e+001  5.9036721e-010  3.4853344e-019
  4.9030762e+001  5.8149117e-010  3.3813198e-019
  4.6450195e+001  5.7763248e-010  3.3365928e-019
  4.3869629e+001  5.7253219e-010  3.2779311e-019
  4.1289063e+001  5.8018087e-010  3.3660984e-019
  3.4837646e+001  5.8961731e-010  3.4764858e-019
  3.4837646e+001  5.8048536e-010  3.3696325e-019
  3.2257080e+001  5.8686400e-010  3.4440935e-019
  2.7095947e+001  5.8445544e-010  3.4158816e-019
  2.7095947e+001  5.8809378e-010  3.4585429e-019
  2.3225098e+001  5.7677361e-010  3.3266780e-019
  1.8063965e+001  5.8251012e-010  3.3931804e-019
  1.8063965e+001  5.7935636e-010  3.3565379e-019
  1.4193115e+001  5.7367555e-010  3.2910363e-019
  1.1612549e+001  5.8184195e-010  3.3854006e-019
  1.0322266e+001  5.7796313e-010  3.3404138e-019
  7.7416992e+000  5.7804606e-010  3.3413725e-019
  2.5805664e+000  5.8492230e-010  3.4213410e-019
 -1.2902832e+000  5.7849629e-010  3.3465796e-019
  0.0000000e+000  5.8032553e-010  3.3677772e-019
 -3.8708496e+000  5.8714607e-010  3.4474051e-019
 -6.4514160e+000  5.7486627e-010  3.3047123e-019
 -7.7416992e+000  5.8003647e-010  3.3644230e-019
 -1.1612549e+001  5.8074140e-010  3.3726057e-019
 -1.2902832e+001  5.9031526e-010  3.4847211e-019
 -1.6773682e+001  5.7419810e-010  3.2970346e-019
 -1.8063965e+001  5.7341855e-010  3.2880884e-019
 -2.1934814e+001  5.7711259e-010  3.3305894e-019
 -2.4515381e+001  5.7735427e-010  3.3333796e-019
 -2.8386230e+001  5.8193803e-010  3.3865187e-019
 -3.2257080e+001  5.8232546e-010  3.3910294e-019
 -3.4837646e+001  5.7992400e-010  3.3631185e-019
 -3.6127930e+001  5.8625406e-010  3.4369383e-019
 -3.9998779e+001  5.7353946e-010  3.2894751e-019
 -4.2579346e+001  5.8325906e-010  3.4019113e-019
 -4.5159912e+001  5.8569607e-010  3.4303989e-019
 -4.9030762e+001  5.8090619e-010  3.3745200e-019
 -5.1611328e+001  5.7265806e-010  3.2793725e-019
 -5.5482178e+001  5.7820145e-010  3.3431692e-019
 -5.8062744e+001  5.7787093e-010  3.3393481e-019
 -6.1933594e+001  5.8313828e-010  3.4005025e-019
 -6.5804443e+001  5.7636041e-010  3.3219132e-019
 -6.8385010e+001  5.8075105e-010  3.3727179e-019
 -6.9675293e+001 -5.9532524e-010  3.5441215e-019
 -7.4836426e+001 -5.8488058e-010  3.4208529e-019
 -7.8707275e+001 -5.8739932e-010  3.4503796e-019
 -8.1287842e+001 -5.9406702e-010  3.5291562e-019
 -8.3868408e+001 -5.8690172e-010  3.4445363e-019
 -8.6448975e+001 -5.8818477e-010  3.4596133e-019
 -9.2900391e+001 -5.9181480e-010  3.5024475e-019
 -9.5480957e+001 -5.8861837e-010  3.4647158e-019
 -1.0193237e+002 -5.8226697e-010  3.3903482e-019
 -1.0451294e+002 -5.9529197e-010  3.5437253e-019
 -1.1096436e+002 -5.8323252e-010  3.4016017e-019
 -1.1483521e+002 -5.7548668e-010  3.3118492e-019
 -1.1741577e+002 -5.8448712e-010  3.4162520e-019
 -1.2515747e+002 -5.8817874e-010  3.4595423e-019
 -1.2773804e+002 -5.8915851e-010  3.4710775e-019
 -1.3418945e+002 -5.8734230e-010  3.4497097e-019
 -1.3806030e+002 -5.9041312e-010  3.4858765e-019
 -1.4451172e+002 -5.9145449e-010  3.4981841e-019
 -1.4967285e+002 -5.8299070e-010  3.3987816e-019
 -1.5612427e+002 -5.8202985e-010  3.3875875e-019
 -1.6257568e+002 -5.8320985e-010  3.4013372e-019
 -1.7031738e+002 -5.8758506e-010  3.4525621e-019
 -1.7805908e+002 -5.7937598e-010  3.3567653e-019
 -1.8322021e+002 -5.8865247e-010  3.4651173e-019
 -1.9225220e+002 -5.8566927e-010  3.4300850e-019
 -1.8967163e+002 -5.8916899e-010  3.4712010e-019
 -1.8322021e+002 -5.8868682e-010  3.4655217e-019
 -1.7418823e+002 -5.9590191e-010  3.5509908e-019
 -1.6773682e+002 -5.9132647e-010  3.4966699e-019
 -1.6128540e+002 -5.8599161e-010  3.4338617e-019
 -1.5741455e+002 -5.9328131e-010  3.5198271e-019
 -1.5096313e+002 -5.7666775e-010  3.3254570e-019
 -1.4709229e+002 -5.8182493e-010  3.3852025e-019
 -1.3806030e+002 -5.9172462e-010  3.5013803e-019
 -1.3418945e+002 -5.8710772e-010  3.4469547e-019
 -1.3031860e+002 -5.9029704e-010  3.4845059e-019
 -1.2515747e+002 -5.8703310e-010  3.4460787e-019
 -1.1870605e+002 -5.9048545e-010  3.4867306e-019
 -1.1483521e+002 -5.9057549e-010  3.4877941e-019
 -1.0967407e+002 -5.8727009e-010  3.4488616e-019
 -1.0451294e+002 -5.9782493e-010  3.5739465e-019
 -1.0193237e+002 -5.7762162e-010  3.3364673e-019
 -9.9351807e+001 -5.7664896e-010  3.3252402e-019
 -9.2900391e+001 -5.9091085e-010  3.4917563e-019
 -8.9029541e+001 -5.9053174e-010  3.4872774e-019
 -8.3868408e+001 -5.9014552e-010  3.4827174e-019
 -8.2578125e+001 -5.8118655e-010  3.3777781e-019
 -7.7416992e+001 -5.8053851e-010  3.3702496e-019
 -7.6126709e+001 -5.7487192e-010  3.3047773e-019
 -7.2255859e+001 -5.8073283e-010  3.3725062e-019
 -6.7094727e+001 -5.8666244e-010  3.4417282e-019
 -6.4514160e+001 -5.8614592e-010  3.4356704e-019
 -5.9353027e+001 -5.7983720e-010  3.3621118e-019
 -5.8062744e+001 -5.7997582e-010  3.3637195e-019
 -5.4191895e+001 -5.8372434e-010  3.4073410e-019
 -5.1611328e+001 -5.8685206e-010  3.4439534e-019
 -5.0321045e+001 -5.8832943e-010  3.4613152e-019
 -4.6450195e+001 -5.8237257e-010  3.3915781e-019
 -4.3869629e+001 -5.7584350e-010  3.3159574e-019
 -3.8708496e+001 -5.8250529e-010  3.3931242e-019
 -3.4837646e+001 -5.8319600e-010  3.4011758e-019
 -3.2257080e+001 -5.9357786e-010  3.5233468e-019
 -3.0966797e+001 -5.8123646e-010  3.3783582e-019
 -2.9676514e+001 -5.8287970e-010  3.3974874e-019
 -2.7095947e+001 -5.8170682e-010  3.3838282e-019
 -2.1934814e+001 -5.8172104e-010  3.3839937e-019
 -1.9354248e+001 -5.8392348e-010  3.4096663e-019
 -1.5483398e+001 -5.8461419e-010  3.4177375e-019
 -1.4193115e+001 -5.8515326e-010  3.4240434e-019
 -1.2902832e+001 -5.7220408e-010  3.2741751e-019
 -9.0319824e+000 -5.8442229e-010  3.4154941e-019
 -3.8708496e+000 -5.8083373e-010  3.3736783e-019
 -2.5805664e+000 -5.8251133e-010  3.3931944e-019
 -1.2902832e+000 -5.8191066e-010  3.3862002e-019
  1.2902832e+000 -5.7859815e-010  3.3477582e-019
  6.4514160e+000 -5.8358235e-010  3.4056836e-019
  9.0319824e+000 -5.8586061e-010  3.4323265e-019
  9.0319824e+000 -5.8023548e-010  3.3667321e-019
  1.4193115e+001 -5.8133375e-010  3.3794892e-019
  1.5483398e+001 -5.8945157e-010  3.4745316e-019
  1.6773682e+001 -5.7943580e-010  3.3574585e-019
  1.9354248e+001 -5.7873207e-010  3.3493081e-019
  2.4515381e+001 -5.7700711e-010  3.3293720e-019
  2.7095947e+001 -5.7824990e-010  3.3437295e-019
  2.9676514e+001 -5.8923243e-010  3.4719486e-019
  3.2257080e+001 -5.7879608e-010  3.3500491e-019
  3.4837646e+001 -5.8216549e-010  3.3891666e-019
  3.6127930e+001 -5.7707823e-010  3.3301928e-019
  4.1289063e+001 -5.8418193e-010  3.4126853e-019
  4.1289063e+001 -5.8474113e-010  3.4192219e-019
  4.3869629e+001 -5.7442207e-010  3.2996072e-019
  4.7740479e+001 -5.7750122e-010  3.3350766e-019
  5.2901611e+001 -5.7947619e-010  3.3579265e-019
  5.5482178e+001 -5.8096067e-010  3.3751530e-019
  5.8062744e+001 -5.7357502e-010  3.2898831e-019
  5.9353027e+001 -5.7835900e-010  3.3449913e-019
  6.3223877e+001 -5.8020957e-010  3.3664315e-019
  6.7094727e+001 -5.7268650e-010  3.2796983e-019
  6.8385010e+001 -5.7932696e-010  3.3561973e-019
  7.4836426e+001 -5.8159220e-010  3.3824949e-019
  7.3546143e+001  5.9307664e-010  3.5173990e-019
  7.8707275e+001  5.8018074e-010  3.3660969e-019
  8.2578125e+001  5.7901377e-010  3.3525694e-019
  8.5158691e+001  5.8436996e-010  3.4148825e-019
  9.0319824e+001  5.7993074e-010  3.3631966e-019
  9.2900391e+001  5.8397543e-010  3.4102730e-019
  9.8061523e+001  5.8601790e-010  3.4341698e-019
  1.0064209e+002  5.8087495e-010  3.3741570e-019
  1.0451294e+002  5.9258133e-010  3.5115263e-019
  1.1096436e+002  5.8112845e-010  3.3771027e-019
  1.1354492e+002  5.8346830e-010  3.4043526e-019
  1.1741577e+002  5.8785063e-010  3.4556836e-019
  1.1999634e+002  5.9449699e-010  3.5342667e-019
  1.2644775e+002  5.8608178e-010  3.4349186e-019
  1.3031860e+002  5.8842164e-010  3.4624002e-019
  1.3418945e+002  5.8672271e-010  3.4424354e-019
  1.4322144e+002  5.7852785e-010  3.3469448e-019
  1.4580200e+002  5.8391129e-010  3.4095239e-019
  1.5225342e+002  5.7379125e-010  3.2923639e-019
  1.5483398e+002  5.8915610e-010  3.4710491e-019
  1.6257568e+002  5.8864427e-010  3.4650208e-019
  1.6773682e+002  5.9659503e-010  3.5592563e-019
  1.7418823e+002  5.9584151e-010  3.5502711e-019
  1.8192993e+002  5.8634227e-010  3.4379725e-019
  1.8709106e+002  5.9100064e-010  3.4928176e-019
  1.9483276e+002  5.9036441e-010  3.4853014e-019
  2.0386475e+002  5.8533754e-010  3.4262004e-019
