1329.76;1258.85;-70.91;2588.62
1328.52;1258.96;-69.56;2587.48
1330.28;1257.46;-72.82;2587.75
1331.25;1257.08;-74.17;2588.32
1328.77;1258.62;-70.15;2587.39
1329.21;1259.71;-69.50;2588.91
1331.24;1256.98;-74.26;2588.22
1330.98;1257.08;-73.89;2588.06
1327.83;1258.56;-69.27;2586.39
1328.54;1259.00;-69.54;2587.54
1330.36;1257.44;-72.92;2587.80
1331.56;1256.85;-74.72;2588.41
1329.45;1259.06;-70.39;2588.51
1328.16;1259.34;-68.83;2587.50
1329.65;1257.99;-71.66;2587.64
1331.03;1257.74;-73.29;2588.77
1329.41;1259.19;-70.22;2588.59
1328.93;1258.78;-70.15;2587.71
1330.00;1257.59;-72.41;2587.59
1331.86;1257.42;-74.44;2589.29
1327.66;1258.91;-68.75;2586.57
1329.04;1259.16;-69.88;2588.21
1329.60;1257.29;-72.31;2586.89
1331.89;1256.81;-75.08;2588.71
1329.11;1258.14;-70.96;2587.25
1328.34;1259.72;-68.61;2588.06
1330.28;1257.54;-72.74;2587.82
1331.07;1257.56;-73.51;2588.64
1329.94;1259.60;-70.34;2589.54
1328.08;1258.79;-69.29;2586.88
1329.75;1257.31;-72.45;2587.06
1329.64;1258.38;-71.26;2588.01
1330.13;1258.39;-71.74;2588.52
1327.52;1259.51;-68.01;2587.02
1329.14;1258.05;-71.08;2587.19
1330.77;1258.01;-72.76;2588.78
1329.51;1259.01;-70.50;2588.51
1328.05;1259.26;-68.79;2587.31
1330.22;1257.94;-72.29;2588.16
1330.72;1257.48;-73.25;2588.20
1329.70;1259.14;-70.56;2588.84
1327.76;1259.01;-68.76;2586.77
1330.49;1257.27;-73.22;2587.76
1332.40;1257.96;-74.44;2590.36
1330.70;1258.98;-71.72;2589.68
1328.22;1259.53;-68.69;2587.75
1331.16;1258.08;-73.08;2589.24
1331.46;1257.38;-74.09;2588.84
1329.98;1258.88;-71.11;2588.86
1328.39;1259.24;-69.15;2587.64
1330.15;1257.92;-72.23;2588.08
1329.86;1258.58;-71.28;2588.44
1329.60;1259.27;-70.33;2588.87
1327.72;1258.99;-68.73;2586.72
1329.67;1256.98;-72.69;2586.65
1331.01;1257.26;-73.75;2588.27
1329.39;1259.00;-70.39;2588.39
1328.91;1258.98;-69.93;2587.89
1330.18;1258.18;-71.99;2588.36
1330.62;1257.64;-72.98;2588.26
1329.42;1259.26;-70.16;2588.69
1328.51;1259.20;-69.31;2587.71
1329.77;1258.05;-71.72;2587.82
1330.84;1257.91;-72.92;2588.75
1329.41;1258.55;-70.86;2587.96
1326.71;1259.61;-67.09;2586.32
1329.37;1257.34;-72.03;2586.71
1331.68;1258.45;-73.23;2590.12
1328.84;1259.35;-69.49;2588.19
1328.01;1259.29;-68.71;2587.30
1329.78;1258.29;-71.49;2588.06
1330.88;1257.93;-72.95;2588.81
1329.38;1258.93;-70.45;2588.31
1328.92;1258.31;-70.61;2587.22
1330.31;1256.61;-73.71;2586.92
1330.51;1257.24;-73.27;2587.75
1329.32;1258.78;-70.55;2588.10
1328.64;1258.94;-69.70;2587.58
1330.22;1257.14;-73.08;2587.36
1331.46;1258.15;-73.32;2589.61
1329.28;1258.34;-70.94;2587.62
1328.13;1259.04;-69.09;2587.17
1331.23;1257.15;-74.08;2588.38
1330.19;1257.50;-72.69;2587.69
1330.39;1258.73;-71.66;2589.12
1328.40;1259.26;-69.14;2587.66
1327.85;1257.38;-70.47;2585.22
1331.09;1257.35;-73.75;2588.44
1328.99;1259.27;-69.72;2588.26
1327.43;1259.39;-68.04;2586.82
1330.11;1257.92;-72.19;2588.04
1330.26;1257.39;-72.88;2587.65
1328.59;1259.24;-69.35;2587.83
1327.92;1259.65;-68.28;2587.57
1327.68;1258.22;-69.46;2585.91
1328.71;1257.62;-71.09;2586.33
1329.08;1259.71;-69.37;2588.78
1327.55;1259.15;-68.40;2586.69
1329.74;1258.23;-71.51;2587.96
1330.08;1257.68;-72.40;2587.76
1328.90;1259.74;-69.16;2588.64
1326.95;1258.94;-68.01;2585.89
1329.23;1258.12;-71.11;2587.35
1331.09;1257.95;-73.14;2589.05
1328.91;1259.39;-69.52;2588.30
1327.09;1259.87;-67.22;2586.96
1330.40;1258.22;-72.18;2588.62
1331.42;1258.41;-73.01;2589.82
1329.78;1258.56;-71.22;2588.34
1328.38;1259.38;-69.00;2587.75
1329.50;1258.61;-70.89;2588.11
1331.16;1257.49;-73.67;2588.66
1329.18;1259.09;-70.08;2588.27
1327.69;1258.65;-69.04;2586.35
1330.44;1257.09;-73.35;2587.54
1331.51;1257.06;-74.45;2588.57
1329.95;1258.79;-71.16;2588.74
1328.55;1259.16;-69.38;2587.71
1330.41;1257.01;-73.39;2587.42
1331.68;1257.24;-74.44;2588.92
1329.39;1258.29;-71.11;2587.68
1328.14;1259.02;-69.12;2587.15
1331.02;1256.92;-74.11;2587.94
1331.56;1257.28;-74.29;2588.84
1330.27;1258.85;-71.42;2589.12
1327.89;1258.22;-69.68;2586.11
1330.49;1256.94;-73.55;2587.43
1332.04;1257.38;-74.66;2589.41
1329.96;1259.08;-70.88;2589.04
1328.35;1259.16;-69.19;2587.51
1330.96;1257.16;-73.79;2588.12
1332.60;1256.72;-75.88;2589.32
1329.30;1258.12;-71.18;2587.42
1328.56;1258.89;-69.66;2587.45
1330.24;1256.89;-73.35;2587.14
1331.98;1257.01;-74.98;2588.99
1330.11;1258.51;-71.61;2588.62
1328.78;1258.93;-69.85;2587.71
1330.74;1257.24;-73.51;2587.98
1331.42;1257.55;-73.86;2588.97
1329.86;1258.64;-71.22;2588.49
1328.48;1258.91;-69.58;2587.39
1329.97;1257.06;-72.91;2587.03
1331.42;1257.62;-73.80;2589.05
1330.36;1258.78;-71.59;2589.14
1329.10;1259.38;-69.72;2588.48
1330.64;1257.90;-72.74;2588.54
1331.05;1257.63;-73.42;2588.68
1329.48;1258.90;-70.58;2588.38
1329.11;1258.85;-70.26;2587.96
1330.40;1256.81;-73.59;2587.21
1331.42;1257.25;-74.18;2588.67
1330.43;1258.53;-71.90;2588.96
1326.44;1258.81;-67.63;2585.25
1328.48;1257.60;-70.88;2586.08
1331.72;1257.65;-74.07;2589.36
1327.59;1258.62;-68.97;2586.21
1328.14;1258.49;-69.65;2586.63
1330.38;1257.81;-72.58;2588.19
1331.82;1257.58;-74.24;2589.39
1329.96;1258.74;-71.22;2588.71
1328.40;1259.19;-69.21;2587.59
1330.01;1257.91;-72.10;2587.92
1331.36;1257.36;-74.01;2588.72
1328.90;1259.31;-69.59;2588.21
1327.62;1259.39;-68.23;2587.01
1330.06;1258.01;-72.05;2588.08
1331.17;1258.38;-72.79;2589.55
1329.71;1259.27;-70.44;2588.98
1328.08;1258.74;-69.34;2586.82
1330.72;1257.26;-73.46;2587.99
1331.19;1257.74;-73.45;2588.94
1329.12;1258.54;-70.58;2587.66
1328.17;1259.20;-68.97;2587.37
1330.34;1257.71;-72.63;2588.05
1331.70;1257.25;-74.45;2588.95
1329.74;1258.89;-70.85;2588.64
1328.62;1259.00;-69.62;2587.62
1330.02;1257.91;-72.11;2587.94
1330.74;1257.39;-73.35;2588.13
1329.18;1258.63;-70.55;2587.81
1328.65;1258.67;-69.98;2587.32
1330.41;1258.35;-72.06;2588.76
1330.06;1257.29;-72.78;2587.35
1330.65;1258.52;-72.13;2589.18
1328.49;1259.02;-69.46;2587.51
1331.35;1256.72;-74.62;2588.07
1331.69;1256.86;-74.82;2588.55
1330.31;1258.20;-72.11;2588.51
1328.72;1258.12;-70.60;2586.84
1331.42;1256.81;-74.61;2588.22
1332.14;1256.78;-75.36;2588.92
1329.07;1258.46;-70.61;2587.53
1328.45;1258.62;-69.83;2587.06
1330.04;1257.76;-72.28;2587.81
1332.07;1257.02;-75.05;2589.09
1329.96;1258.12;-71.85;2588.08
1328.61;1259.03;-69.58;2587.64
1330.34;1257.52;-72.81;2587.86
1331.48;1257.99;-73.48;2589.47
1328.97;1259.35;-69.62;2588.32
1327.75;1259.84;-67.91;2587.59
1329.65;1257.63;-72.02;2587.28
1332.04;1258.34;-73.69;2590.38
1329.33;1259.28;-70.05;2588.61
1328.01;1259.61;-68.40;2587.61
1329.96;1257.98;-71.98;2587.95
1329.08;1257.75;-71.33;2586.82
1328.82;1259.96;-68.86;2588.79
1327.37;1259.16;-68.21;2586.54
1327.81;1258.14;-69.68;2585.95
1330.67;1258.05;-72.62;2588.72
1329.18;1259.38;-69.81;2588.56
1327.02;1259.68;-67.35;2586.70
1329.41;1258.29;-71.11;2587.70
1330.93;1257.97;-72.96;2588.90
1327.81;1259.26;-68.54;2587.07
1328.42;1259.44;-68.98;2587.86
1329.41;1257.71;-71.71;2587.12
1332.11;1257.72;-74.39;2589.82
1330.06;1258.94;-71.12;2588.99
1328.25;1258.87;-69.38;2587.12
1327.86;1257.85;-70.02;2585.71
1331.38;1257.40;-73.98;2588.78
1329.19;1258.94;-70.25;2588.14
1328.34;1259.22;-69.11;2587.56
1329.31;1258.12;-71.19;2587.43
1331.02;1258.10;-72.92;2589.12
1328.92;1259.12;-69.80;2588.04
1328.34;1259.12;-69.21;2587.46
1331.28;1257.92;-73.35;2589.20
1328.60;1258.24;-70.36;2586.84
1329.25;1259.90;-69.35;2589.15
1327.17;1259.52;-67.65;2586.69
1329.89;1258.05;-71.84;2587.94
1330.81;1258.00;-72.81;2588.81
1329.25;1259.86;-69.39;2589.11
1327.73;1259.42;-68.31;2587.15
1328.89;1257.96;-70.93;2586.86
1331.47;1258.35;-73.12;2589.82
1328.24;1259.41;-68.82;2587.65
1325.58;1259.54;-66.04;2585.12
1328.69;1257.94;-70.75;2586.64
1331.51;1257.90;-73.61;2589.41
1328.54;1259.15;-69.39;2587.68
1328.58;1259.45;-69.14;2588.03
1329.44;1257.46;-71.97;2586.90
1331.37;1258.15;-73.22;2589.52
1329.58;1259.03;-70.55;2588.61
1327.98;1258.91;-69.07;2586.88
1329.87;1258.22;-71.65;2588.09
1329.29;1258.16;-71.13;2587.45
1329.22;1259.57;-69.65;2588.79
1327.60;1259.91;-67.69;2587.51
1328.78;1257.68;-71.10;2586.45
1331.65;1257.96;-73.69;2589.62
1327.28;1259.18;-68.10;2586.46
1328.05;1259.77;-68.28;2587.82
1329.48;1258.42;-71.06;2587.90
1331.68;1257.57;-74.11;2589.25
1328.89;1259.12;-69.76;2588.01
1327.79;1259.61;-68.19;2587.40
1330.18;1257.87;-72.31;2588.05
1331.04;1257.81;-73.22;2588.85
1329.32;1259.11;-70.21;2588.44
1327.68;1259.66;-68.02;2587.35
1329.98;1257.91;-72.08;2587.89
1331.58;1257.41;-74.17;2588.99
1329.31;1258.26;-71.05;2587.58
1328.34;1258.86;-69.48;2587.20
1330.40;1257.21;-73.19;2587.61
1332.08;1258.26;-73.82;2590.35
1330.55;1259.48;-71.07;2590.02
1328.38;1258.90;-69.48;2587.28
1330.78;1257.40;-73.38;2588.18
1332.34;1257.81;-74.53;2590.14
1329.38;1259.03;-70.35;2588.41
1328.78;1258.72;-70.06;2587.50
1331.33;1257.80;-73.53;2589.13
1329.64;1257.98;-71.66;2587.62
1329.30;1259.35;-69.95;2588.65
1328.14;1258.96;-69.18;2587.11
1330.99;1257.77;-73.22;2588.76
1330.59;1258.50;-72.09;2589.09
1329.69;1259.54;-70.15;2589.23
1328.11;1259.34;-68.77;2587.45
1330.45;1258.05;-72.39;2588.50
1331.53;1258.06;-73.46;2589.59
1329.32;1259.57;-69.75;2588.89
1327.59;1259.18;-68.41;2586.78
1330.17;1257.84;-72.34;2588.01
1331.41;1257.70;-73.71;2589.11
1328.77;1259.21;-69.56;2587.98
1327.49;1259.35;-68.15;2586.84
1329.55;1258.01;-71.54;2587.56
1332.18;1257.96;-74.21;2590.14
1327.21;1259.38;-67.83;2586.58
1327.05;1259.74;-67.31;2586.79
1329.71;1258.06;-71.65;2587.76
1330.28;1258.10;-72.18;2588.38
1328.89;1259.27;-69.62;2588.16
1328.01;1259.75;-68.26;2587.75
1329.62;1258.91;-70.71;2588.52
1331.02;1258.35;-72.68;2589.37
1329.78;1259.61;-70.16;2589.39
1327.35;1259.12;-68.23;2586.46
1329.96;1258.50;-71.46;2588.46
1331.62;1258.28;-73.34;2589.90
1329.22;1260.09;-69.13;2589.32
1328.18;1259.07;-69.11;2587.25
1331.00;1257.96;-73.04;2588.96
1332.49;1257.76;-74.73;2590.25
1329.85;1259.01;-70.84;2588.86
1327.02;1258.78;-68.24;2585.81
1329.95;1257.86;-72.08;2587.81
1329.46;1257.24;-72.23;2586.70
1329.86;1259.40;-70.46;2589.26
1328.30;1259.30;-69.00;2587.60
1330.13;1258.39;-71.74;2588.52
1331.15;1258.19;-72.95;2589.34
1329.69;1259.38;-70.31;2589.07
1326.98;1258.90;-68.08;2585.88
1329.26;1258.45;-70.82;2587.71
1331.54;1258.17;-73.37;2589.71
1329.71;1259.33;-70.38;2589.04
1327.55;1259.19;-68.36;2586.74
1329.41;1257.98;-71.43;2587.38
1331.49;1257.96;-73.54;2589.45
1329.56;1259.32;-70.24;2588.89
1327.74;1259.77;-67.97;2587.51
1329.75;1258.34;-71.41;2588.08
1331.71;1257.76;-73.95;2589.48
1329.30;1259.25;-70.05;2588.55
1328.09;1258.68;-69.41;2586.78
1329.53;1257.18;-72.35;2586.71
1330.30;1257.59;-72.71;2587.89
1327.37;1258.63;-68.74;2586.00
1328.61;1259.41;-69.20;2588.01
1330.34;1258.04;-72.31;2588.38
1331.44;1257.85;-73.59;2589.28
1329.26;1259.38;-69.89;2588.64
1328.08;1259.24;-68.84;2587.31
1329.19;1258.42;-70.76;2587.61
1331.35;1258.09;-73.25;2589.44
1328.95;1259.82;-69.13;2588.76
1327.01;1258.82;-68.18;2585.83
1329.30;1257.47;-71.83;2586.77
1330.88;1259.72;-71.16;2590.59
1329.65;1259.46;-70.19;2589.11
1326.78;1259.34;-67.44;2586.12
1328.71;1257.65;-71.06;2586.35
1330.79;1258.23;-72.56;2589.02
1327.03;1259.06;-67.97;2586.09
1327.93;1259.22;-68.71;2587.15
1330.11;1257.11;-73.00;2587.21
1329.18;1258.23;-70.95;2587.41
1327.51;1258.41;-69.11;2585.92
1328.44;1259.02;-69.42;2587.45
1330.92;1258.14;-72.78;2589.06
1330.94;1257.55;-73.38;2588.49
1329.35;1258.66;-70.68;2588.01
1325.83;1258.74;-67.09;2584.56
1328.08;1257.76;-70.32;2585.84
1332.09;1257.88;-74.21;2589.96
1329.13;1258.49;-70.64;2587.62
1329.28;1259.04;-70.24;2588.32
1330.45;1257.95;-72.51;2588.40
1331.34;1257.49;-73.84;2588.83
1330.14;1259.36;-70.78;2589.49
1328.20;1258.89;-69.31;2587.09
1328.06;1257.81;-70.26;2585.87
1330.21;1257.68;-72.53;2587.88
1328.70;1258.64;-70.06;2587.34
1328.20;1258.79;-69.41;2586.99
1327.54;1257.63;-69.91;2585.16
1331.19;1258.08;-73.11;2589.26
1328.63;1259.64;-68.99;2588.26
1328.05;1259.96;-68.09;2588.02
1329.76;1258.18;-71.58;2587.94
1330.72;1257.43;-73.29;2588.15
1329.44;1259.12;-70.32;2588.55
1328.08;1259.57;-68.51;2587.65
1329.84;1257.92;-71.92;2587.76
1331.88;1257.68;-74.21;2589.56
1328.75;1259.06;-69.68;2587.81
1328.25;1258.46;-69.79;2586.71
1329.75;1257.84;-71.91;2587.59
1331.62;1257.46;-74.16;2589.08
1329.35;1259.31;-70.04;2588.66
1327.63;1259.18;-68.45;2586.81
1328.67;1258.10;-70.57;2586.77
1331.08;1258.17;-72.91;2589.25
1328.22;1259.66;-68.55;2587.88
1327.44;1259.08;-68.36;2586.52
1329.39;1258.39;-71.01;2587.78
1330.68;1258.94;-71.74;2589.62
1328.39;1259.29;-69.10;2587.69
1328.05;1259.57;-68.48;2587.62
1328.90;1258.29;-70.61;2587.19
1330.00;1257.51;-72.49;2587.51
1328.46;1258.99;-69.47;2587.46
1327.49;1259.36;-68.13;2586.86
1330.09;1257.84;-72.26;2587.93
1330.94;1258.66;-72.28;2589.60
1329.56;1259.62;-69.94;2589.18
1327.69;1258.78;-68.92;2586.47
1329.92;1257.88;-72.04;2587.79
1330.99;1258.21;-72.78;2589.21
1328.98;1259.66;-69.32;2588.65
1327.98;1259.85;-68.14;2587.83
1328.84;1257.79;-71.05;2586.62
1330.54;1257.98;-72.56;2588.52
1328.84;1259.01;-69.82;2587.85
1327.99;1259.09;-68.90;2587.08
1330.43;1258.62;-71.81;2589.05
1330.66;1257.71;-72.95;2588.38
1328.41;1258.94;-69.47;2587.34
1327.91;1260.04;-67.86;2587.95
1329.89;1257.96;-71.93;2587.86
1330.57;1258.18;-72.39;2588.75
1328.72;1259.24;-69.48;2587.96
1327.67;1258.59;-69.08;2586.26
1329.58;1258.22;-71.35;2587.80
1331.24;1258.38;-72.86;2589.62
1328.89;1259.76;-69.14;2588.65
1328.17;1259.48;-68.69;2587.65
1328.77;1257.81;-70.96;2586.58
1330.45;1257.67;-72.78;2588.12
1328.89;1259.72;-69.16;2588.61
1327.72;1259.22;-68.50;2586.94
1330.45;1257.78;-72.67;2588.22
1329.74;1258.13;-71.61;2587.86
1328.79;1259.11;-69.68;2587.90
1327.96;1259.82;-68.14;2587.78
1327.85;1258.08;-69.77;2585.92
1330.74;1258.77;-71.97;2589.51
1329.92;1259.61;-70.31;2589.54
1327.58;1260.06;-67.51;2587.64
1329.29;1258.42;-70.88;2587.71
1330.95;1258.63;-72.32;2589.58
1328.79;1259.72;-69.07;2588.52
1326.26;1259.12;-67.14;2585.38
1329.68;1258.67;-71.01;2588.35
1330.71;1258.59;-72.12;2589.31
1327.93;1259.56;-68.37;2587.49
1327.62;1259.10;-68.52;2586.72
1330.00;1258.57;-71.43;2588.57
1330.93;1258.35;-72.58;2589.28
1327.90;1259.96;-67.94;2587.86
1327.54;1260.01;-67.52;2587.55
1329.34;1257.96;-71.38;2587.31
1328.95;1258.19;-70.76;2587.14
1328.65;1259.68;-68.97;2588.34
1327.12;1259.78;-67.34;2586.91
1329.45;1258.84;-70.62;2588.29
1330.42;1259.16;-71.26;2589.58
1327.02;1259.46;-67.56;2586.48
1326.87;1260.29;-66.58;2587.16
1329.38;1258.37;-71.01;2587.75
1329.72;1258.75;-70.98;2588.47
1328.48;1260.07;-68.41;2588.55
1327.79;1260.35;-67.44;2588.15
1329.36;1258.71;-70.65;2588.07
1330.39;1258.39;-72.00;2588.79
1328.41;1259.40;-69.01;2587.81
1327.88;1259.20;-68.68;2587.08
1329.49;1258.33;-71.16;2587.82
1330.04;1259.22;-70.82;2589.25
1328.40;1259.82;-68.58;2588.22
1327.96;1258.96;-69.00;2586.93
1329.49;1258.36;-71.13;2587.86
1330.14;1258.42;-71.72;2588.55
1329.51;1259.61;-69.90;2589.12
1327.57;1258.67;-68.90;2586.24
1329.58;1258.28;-71.30;2587.86
1331.21;1257.78;-73.43;2588.98
1327.16;1259.23;-67.94;2586.39
1327.49;1259.36;-68.13;2586.86
1327.79;1258.16;-69.63;2585.95
1330.97;1258.34;-72.64;2589.31
1327.38;1259.43;-67.95;2586.81
1327.48;1259.36;-68.11;2586.84
1329.46;1258.15;-71.31;2587.61
1330.38;1258.40;-71.98;2588.78
1328.58;1260.17;-68.41;2588.75
1326.83;1259.95;-66.88;2586.78
1328.34;1258.54;-69.81;2586.88
1330.22;1258.74;-71.48;2588.96
1328.49;1260.04;-68.45;2588.53
1326.58;1259.62;-66.96;2586.20
1329.55;1257.50;-72.05;2587.05
1330.44;1257.88;-72.56;2588.32
1329.18;1259.14;-70.04;2588.32
1328.09;1259.24;-68.85;2587.33
1330.19;1257.98;-72.21;2588.18
1330.75;1257.99;-72.76;2588.75
1329.12;1259.47;-69.65;2588.59
1327.82;1259.11;-68.71;2586.94
1328.52;1258.17;-70.35;2586.69
1330.82;1258.46;-72.36;2589.28
1328.66;1259.65;-69.01;2588.31
1327.79;1258.94;-68.85;2586.74
1329.99;1257.49;-72.50;2587.49
1331.29;1258.42;-72.86;2589.71
1328.91;1258.89;-70.02;2587.79
1327.65;1258.89;-68.76;2586.54
1331.16;1257.93;-73.23;2589.09
1330.32;1258.33;-71.99;2588.65
1330.11;1259.29;-70.82;2589.41
1328.08;1258.96;-69.12;2587.04
1329.49;1257.84;-71.65;2587.33
1330.78;1257.62;-73.15;2588.40
1329.59;1258.81;-70.79;2588.40
1325.81;1259.07;-66.74;2584.88
1330.16;1257.88;-72.28;2588.04
1330.99;1258.24;-72.75;2589.24
1328.24;1258.95;-69.28;2587.19
1327.49;1258.71;-68.78;2586.21
1330.95;1258.29;-72.66;2589.25
1331.22;1257.38;-73.84;2588.61
1329.37;1259.25;-70.12;2588.62
1327.94;1258.34;-69.60;2586.28
1330.05;1257.41;-72.64;2587.46
1331.46;1257.61;-73.85;2589.06
1330.21;1258.51;-71.71;2588.72
1327.81;1258.83;-68.98;2586.64
1329.65;1257.15;-72.50;2586.81
1332.06;1257.62;-74.44;2589.69
1330.56;1259.33;-71.24;2589.89
1328.50;1258.92;-69.58;2587.42
1331.15;1257.32;-73.83;2588.46
1331.17;1257.86;-73.31;2589.04
1329.05;1259.63;-69.42;2588.68
1328.16;1258.88;-69.28;2587.05
1329.44;1257.97;-71.47;2587.41
1331.01;1257.68;-73.34;2588.69
1328.79;1259.00;-69.79;2587.79
1328.75;1259.34;-69.41;2588.09
1328.07;1257.83;-70.24;2585.90
1331.52;1257.94;-73.58;2589.45
1329.14;1259.48;-69.65;2588.62
1328.36;1259.18;-69.18;2587.54
1329.51;1257.52;-71.99;2587.02
1330.71;1258.36;-72.34;2589.07
1329.79;1259.51;-70.28;2589.30
1327.88;1259.16;-68.72;2587.04
1329.95;1258.34;-71.61;2588.28
1331.44;1258.41;-73.03;2589.85
1329.50;1258.90;-70.60;2588.40
1327.91;1259.41;-68.50;2587.32
1329.96;1257.50;-72.46;2587.46
1330.94;1257.61;-73.34;2588.55
1328.88;1258.69;-70.19;2587.56
1327.86;1259.11;-68.76;2586.97
1330.62;1257.22;-73.39;2587.84
1331.44;1257.66;-73.78;2589.09
1328.93;1259.08;-69.85;2588.01
1327.59;1258.93;-68.66;2586.52
1330.88;1257.45;-73.43;2588.34
1331.42;1257.30;-74.12;2588.72
1329.30;1258.85;-70.45;2588.15
1328.51;1258.81;-69.69;2587.32
1328.36;1257.29;-71.08;2585.65
1332.04;1257.64;-74.40;2589.68
1329.39;1258.14;-71.25;2587.53
1327.76;1258.21;-69.56;2585.97
1330.16;1256.99;-73.18;2587.15
1331.91;1257.78;-74.14;2589.69
1329.19;1258.96;-70.23;2588.15
1327.24;1259.34;-67.91;2586.58
1329.85;1257.58;-72.27;2587.44
1331.25;1258.58;-72.66;2589.83
1328.89;1259.28;-69.61;2588.17
1328.15;1258.61;-69.55;2586.76
1330.26;1256.97;-73.29;2587.24
1331.35;1258.05;-73.30;2589.41
1329.39;1259.00;-70.39;2588.39
1328.19;1258.86;-69.34;2587.05
1329.27;1257.38;-71.89;2586.65
1331.67;1258.01;-73.66;2589.68
1330.31;1259.42;-70.89;2589.73
1327.99;1258.55;-69.44;2586.55
1329.67;1258.64;-71.03;2588.31
1330.91;1258.02;-72.88;2588.93
1328.78;1259.24;-69.55;2588.02
1325.81;1258.92;-66.89;2584.72
1329.85;1257.86;-71.99;2587.71
1329.22;1258.16;-71.06;2587.38
1328.67;1259.12;-69.55;2587.79
1327.15;1258.67;-68.48;2585.82
1329.59;1258.21;-71.38;2587.79
1330.92;1258.41;-72.51;2589.34
1328.64;1260.04;-68.60;2588.68
1326.94;1259.29;-67.65;2586.24
1328.98;1258.32;-70.66;2587.31
1330.74;1258.25;-72.49;2588.98
1328.86;1260.43;-68.43;2589.29
1326.68;1259.59;-67.08;2586.27
1329.38;1258.81;-70.57;2588.18
1330.14;1258.77;-71.36;2588.91
1328.75;1260.08;-68.68;2588.83
1327.10;1259.48;-67.62;2586.58
1328.91;1258.40;-70.51;2587.31
1331.46;1258.61;-72.85;2590.07
1328.62;1260.42;-68.20;2589.05
1327.19;1259.41;-67.78;2586.59
1329.72;1257.99;-71.72;2587.71
1330.81;1259.01;-71.80;2589.82
1328.00;1259.19;-68.81;2587.19
1325.66;1259.79;-65.86;2585.45
1329.18;1257.83;-71.35;2587.01
1331.11;1258.08;-73.04;2589.19
1328.03;1258.86;-69.17;2586.89
1328.29;1258.49;-69.80;2586.79
1329.94;1257.56;-72.37;2587.50
1331.02;1257.50;-73.52;2588.52
1329.49;1259.40;-70.09;2588.89
1328.07;1258.68;-69.39;2586.75
1330.21;1257.81;-72.40;2588.01
1331.34;1257.38;-73.96;2588.72
1327.62;1258.78;-68.85;2586.40
1327.83;1258.30;-69.53;2586.13
1329.28;1257.45;-71.82;2586.73
1331.84;1257.87;-73.96;2589.71
1329.75;1258.76;-70.98;2588.51
1327.44;1259.21;-68.24;2586.65
1329.51;1258.32;-71.19;2587.83
1331.01;1258.32;-72.68;2589.33
1328.79;1259.48;-69.31;2588.27
1327.48;1259.14;-68.34;2586.62
1329.78;1257.64;-72.14;2587.42
1330.84;1258.56;-72.27;2589.40
1328.90;1259.04;-69.86;2587.94
1327.78;1258.87;-68.91;2586.65
1329.29;1258.70;-70.59;2587.99
1328.89;1258.48;-70.41;2587.37
1329.65;1259.62;-70.02;2589.27
1328.12;1258.56;-69.56;2586.68
1329.50;1258.28;-71.22;2587.78
1331.47;1257.98;-73.49;2589.45
1329.41;1258.80;-70.61;2588.21
1327.34;1258.64;-68.70;2585.97
1330.96;1257.59;-73.37;2588.56
1331.49;1257.81;-73.69;2589.30
1328.32;1258.39;-69.93;2586.71
1328.69;1258.80;-69.89;2587.49
1330.36;1257.39;-72.96;2587.75
1332.21;1258.14;-74.07;2590.35
1330.02;1258.74;-71.28;2588.75
1327.85;1258.61;-69.24;2586.46
1329.99;1256.38;-73.62;2586.37
1332.11;1257.84;-74.27;2589.95
1329.05;1259.30;-69.75;2588.35
1328.66;1258.28;-70.39;2586.94
1330.09;1257.26;-72.82;2587.35
1331.98;1257.56;-74.42;2589.55
1329.58;1258.45;-71.13;2588.02
1327.88;1258.72;-69.16;2586.60
1329.98;1257.31;-72.67;2587.29
1330.92;1257.88;-73.04;2588.80
1329.16;1259.21;-69.96;2588.37
1327.86;1258.78;-69.08;2586.64
1330.15;1258.31;-71.85;2588.46
1330.05;1258.19;-71.86;2588.25
1327.96;1259.35;-68.61;2587.32
1328.01;1258.53;-69.48;2586.54
1329.58;1258.25;-71.33;2587.82
1329.26;1258.32;-70.94;2587.59
1326.12;1260.46;-65.66;2586.58
1326.54;1259.38;-67.16;2585.92
1329.95;1258.56;-71.39;2588.51
1330.72;1259.39;-71.33;2590.12
1328.61;1259.85;-68.76;2588.46
1327.02;1260.27;-66.75;2587.29
1329.65;1258.14;-71.52;2587.79
1330.08;1258.45;-71.64;2588.53
1328.83;1259.34;-69.49;2588.16
1327.58;1259.66;-67.92;2587.24
1329.83;1257.74;-72.09;2587.56
1331.50;1257.74;-73.76;2589.24
1329.45;1258.78;-70.67;2588.22
1327.89;1258.88;-69.01;2586.78
1328.87;1257.64;-71.23;2586.51
1331.15;1258.56;-72.58;2589.71
1328.15;1259.84;-68.31;2587.99
1327.58;1258.79;-68.78;2586.37
1329.85;1257.34;-72.51;2587.19
1331.03;1257.72;-73.31;2588.75
1329.24;1258.52;-70.71;2587.76
1328.28;1258.26;-70.01;2586.54
1330.02;1257.26;-72.76;2587.28
1332.12;1257.01;-75.12;2589.13
1329.48;1259.32;-70.15;2588.80
1328.31;1258.60;-69.71;2586.91
1329.95;1256.68;-73.27;2586.64
1331.78;1257.37;-74.41;2589.15
1330.09;1258.16;-71.92;2588.25
1328.05;1258.34;-69.71;2586.39
1327.86;1256.88;-70.98;2584.74
1332.33;1258.31;-74.02;2590.64
1330.18;1259.39;-70.79;2589.56
1325.73;1258.45;-67.28;2584.18
1329.36;1256.88;-72.48;2586.25
1331.88;1257.22;-74.65;2589.10
1329.68;1258.56;-71.11;2588.24
1329.65;1258.46;-71.18;2588.11
1329.85;1256.88;-72.97;2586.74
1332.09;1257.90;-74.19;2589.99
1329.38;1258.53;-70.85;2587.91
1328.89;1258.18;-70.71;2587.08
1330.35;1256.89;-73.46;2587.24
1331.94;1257.82;-74.12;2589.75
1329.12;1258.78;-70.34;2587.91
1328.38;1258.27;-70.11;2586.65
1330.30;1256.93;-73.37;2587.23
1331.68;1257.81;-73.86;2589.49
1329.04;1259.24;-69.81;2588.28
1328.54;1258.56;-69.97;2587.10
1329.71;1258.05;-71.65;2587.76
1328.35;1257.71;-70.64;2586.05
1329.14;1259.79;-69.35;2588.94
1327.92;1259.64;-68.29;2587.56
1329.09;1257.87;-71.22;2586.96
1330.91;1257.98;-72.93;2588.88
1329.46;1259.69;-69.77;2589.15
1327.65;1258.88;-68.76;2586.53
1329.15;1257.91;-71.24;2587.05
1331.88;1258.00;-73.88;2589.88
1328.41;1259.53;-68.88;2587.94
1327.57;1259.02;-68.55;2586.59
1329.49;1257.89;-71.59;2587.38
1330.81;1258.06;-72.75;2588.86
1329.03;1259.31;-69.72;2588.34
1325.02;1258.71;-66.31;2583.74
1329.99;1257.77;-72.22;2587.76
1331.39;1258.56;-72.84;2589.95
1329.12;1259.74;-69.39;2588.86
1327.35;1259.83;-67.52;2587.18
1329.38;1258.16;-71.22;2587.54
1330.81;1258.32;-72.49;2589.14
1326.40;1259.41;-66.99;2585.81
1327.71;1258.94;-68.78;2586.65
1329.85;1258.01;-71.85;2587.86
1331.16;1258.29;-72.87;2589.45
1328.84;1259.72;-69.12;2588.55
1328.34;1258.63;-69.71;2586.96
1330.35;1258.38;-71.96;2588.73
1330.64;1258.71;-71.93;2589.35
1329.26;1259.65;-69.61;2588.91
1327.64;1258.31;-69.34;2585.95
1329.68;1257.78;-71.90;2587.46
1331.09;1258.05;-73.04;2589.15
1328.87;1258.06;-70.81;2586.93
1327.53;1259.42;-68.11;2586.95
1329.11;1257.71;-71.40;2586.82
1330.30;1257.74;-72.56;2588.04
1328.64;1259.13;-69.51;2587.76
1327.74;1259.45;-68.29;2587.19
1329.70;1258.19;-71.51;2587.89
1330.74;1257.90;-72.84;2588.64
1327.62;1259.26;-68.35;2586.88
1328.36;1259.42;-68.94;2587.78
1328.71;1258.09;-70.61;2586.80
1330.84;1258.28;-72.56;2589.12
1328.86;1259.68;-69.18;2588.55
1326.60;1259.31;-67.29;2585.91
1329.29;1258.42;-70.87;2587.71
1330.58;1259.09;-71.48;2589.67
1328.52;1260.31;-68.21;2588.82
1325.89;1259.69;-66.20;2585.58
1329.13;1257.95;-71.18;2587.08
1330.21;1258.54;-71.68;2588.75
1328.41;1259.26;-69.15;2587.67
1327.32;1259.74;-67.58;2587.06
1326.85;1258.95;-67.89;2585.80
1331.28;1258.65;-72.63;2589.94
1327.96;1259.98;-67.99;2587.94
1326.82;1259.48;-67.34;2586.31
1329.08;1258.41;-70.67;2587.49
1331.32;1258.55;-72.78;2589.87
1328.16;1259.95;-68.22;2588.11
1327.32;1259.96;-67.36;2587.28
1329.02;1258.41;-70.61;2587.43
1330.50;1258.53;-71.97;2589.03
1328.86;1259.61;-69.25;2588.48
1326.56;1258.99;-67.58;2585.55
1328.92;1258.38;-70.54;2587.30
1331.45;1258.06;-73.38;2589.51
1329.66;1259.35;-70.32;2589.01
1327.53;1259.50;-68.03;2587.03
1329.24;1258.75;-70.49;2587.99
1330.36;1257.72;-72.64;2588.09
1328.17;1259.86;-68.31;2588.04
1327.40;1259.08;-68.32;2586.48
1329.69;1258.15;-71.54;2587.85
1330.74;1258.46;-72.28;2589.21
1328.78;1259.54;-69.24;2588.32
1327.36;1259.37;-67.99;2586.74
1330.54;1257.65;-72.89;2588.19
1330.09;1258.45;-71.64;2588.55
1327.00;1259.00;-68.00;2586.00
1327.82;1258.84;-68.99;2586.66
1330.57;1257.96;-72.61;2588.53
1329.72;1258.32;-71.39;2588.04
1329.06;1259.75;-69.31;2588.81
1328.16;1259.00;-69.16;2587.16
1328.76;1258.31;-70.45;2587.08
1330.51;1258.69;-71.81;2589.20
1328.95;1259.17;-69.78;2588.12
1327.53;1258.49;-69.04;2586.02
1328.75;1258.15;-70.60;2586.91
1330.54;1258.23;-72.31;2588.76
1328.88;1258.74;-70.14;2587.62
1327.54;1259.31;-68.24;2586.85
1329.56;1257.59;-71.97;2587.16
1330.35;1258.34;-72.02;2588.69
1328.79;1259.51;-69.28;2588.29
1327.24;1259.25;-67.99;2586.48
1329.53;1257.95;-71.58;2587.48
1330.96;1258.62;-72.34;2589.58
1328.66;1259.02;-69.64;2587.68
1327.76;1259.38;-68.39;2587.14
1327.29;1258.03;-69.26;2585.32
1330.56;1258.25;-72.31;2588.81
1329.44;1259.62;-69.82;2589.06
1326.83;1258.96;-67.86;2585.79
1329.55;1258.21;-71.34;2587.76
1328.48;1258.48;-70.00;2586.96
1329.29;1259.93;-69.36;2589.22
1326.95;1258.81;-68.15;2585.76
1329.46;1258.36;-71.10;2587.82
1330.51;1258.41;-72.09;2588.92
1329.08;1259.23;-69.85;2588.31
1327.64;1258.66;-68.98;2586.31
1329.15;1258.42;-70.73;2587.56
1331.62;1258.51;-73.11;2590.13
1326.92;1259.26;-67.66;2586.19
1327.63;1258.69;-68.94;2586.32
1330.64;1257.56;-73.07;2588.20
1330.69;1258.16;-72.53;2588.85
1328.62;1259.17;-69.45;2587.79
1326.94;1258.79;-68.15;2585.72
1329.59;1257.65;-71.94;2587.24
1331.33;1258.57;-72.76;2589.90
1328.74;1259.72;-69.01;2588.46
1326.85;1259.30;-67.55;2586.15
1330.37;1258.04;-72.34;2588.41
1330.17;1258.14;-72.04;2588.31
1328.69;1259.33;-69.36;2588.02
1327.65;1259.14;-68.51;2586.79
1329.54;1257.89;-71.64;2587.43
1331.99;1258.63;-73.36;2590.62
1329.26;1259.49;-69.78;2588.75
1327.28;1259.02;-68.26;2586.30
1328.58;1257.54;-71.04;2586.11
1330.81;1257.36;-73.45;2588.18
1329.16;1258.84;-70.32;2588.00
1328.86;1258.25;-70.61;2587.12
1328.67;1257.55;-71.12;2586.22
1332.45;1257.97;-74.48;2590.42
1329.19;1259.16;-70.04;2588.35
1326.64;1258.58;-68.06;2585.22
1328.88;1257.49;-71.38;2586.37
1331.17;1257.66;-73.51;2588.84
1329.11;1259.12;-69.99;2588.23
1327.33;1258.86;-68.46;2586.19
1330.91;1257.67;-73.24;2588.58
1331.44;1257.83;-73.61;2589.27
1327.91;1259.28;-68.63;2587.19
1329.42;1258.52;-70.90;2587.94
1330.74;1257.58;-73.15;2588.32
1330.31;1257.42;-72.88;2587.73
1329.42;1259.35;-70.08;2588.77
1326.71;1258.78;-67.93;2585.48
1329.95;1257.03;-72.92;2586.98
1331.29;1258.15;-73.14;2589.44
1328.62;1259.44;-69.18;2588.06
1328.09;1259.16;-68.94;2587.25
1329.22;1257.48;-71.74;2586.71
1330.58;1258.69;-71.88;2589.27
1330.18;1259.46;-70.72;2589.64
1327.61;1258.85;-68.76;2586.46
1329.08;1257.69;-71.39;2586.77
1330.58;1257.55;-73.03;2588.14
1328.34;1259.51;-68.82;2587.85
1327.78;1259.14;-68.65;2586.92
1329.46;1257.22;-72.24;2586.68
1331.75;1258.45;-73.31;2590.20
1328.10;1259.06;-69.04;2587.16
1327.54;1259.11;-68.43;2586.64
1329.61;1257.75;-71.86;2587.36
1329.01;1258.01;-71.00;2587.01
1329.75;1257.86;-71.89;2587.61
1328.16;1258.71;-69.45;2586.86
1329.67;1257.83;-71.84;2587.50
1330.54;1258.44;-72.10;2588.98
1329.69;1259.12;-70.57;2588.81
1325.75;1258.69;-67.06;2584.45
1329.29;1257.31;-71.98;2586.59
1331.09;1258.59;-72.51;2589.68
1329.36;1259.58;-69.78;2588.94
1327.01;1259.48;-67.52;2586.49
1330.28;1257.93;-72.35;2588.21
1330.45;1258.39;-72.06;2588.84
1329.07;1259.45;-69.62;2588.52
1327.35;1258.86;-68.49;2586.21
1329.23;1257.96;-71.27;2587.19
1328.95;1257.97;-70.98;2586.92
1328.72;1259.55;-69.17;2588.28
1326.61;1259.68;-66.93;2586.28
1328.91;1258.23;-70.68;2587.14
1330.31;1257.82;-72.49;2588.12
1328.21;1259.56;-68.65;2587.78
1327.03;1258.90;-68.13;2585.93
1329.16;1258.39;-70.77;2587.56
1331.26;1258.35;-72.92;2589.61
1328.19;1259.92;-68.27;2588.11
1325.29;1258.65;-66.64;2583.94
1329.89;1258.01;-71.89;2587.90
1330.58;1258.49;-72.09;2589.06
1328.12;1259.58;-68.54;2587.70
1327.00;1258.92;-68.08;2585.92
1329.56;1258.31;-71.25;2587.87
1330.51;1258.99;-71.51;2589.50
1328.08;1259.43;-68.65;2587.51
1326.26;1259.56;-66.69;2585.82
1329.15;1258.69;-70.46;2587.84
1331.51;1258.21;-73.30;2589.72
1328.45;1259.49;-68.96;2587.94
1327.61;1258.63;-68.98;2586.24
1329.38;1257.32;-72.05;2586.70
1331.77;1257.56;-74.21;2589.34
1329.82;1259.06;-70.75;2588.88
1327.34;1258.94;-68.40;2586.28
1330.43;1257.22;-73.21;2587.65
1330.88;1257.93;-72.95;2588.81
1329.70;1259.21;-70.49;2588.91
1327.22;1258.35;-68.86;2585.57
1330.57;1257.62;-72.95;2588.19
1331.74;1258.56;-73.18;2590.31
1328.11;1259.01;-69.10;2587.11
1328.01;1259.08;-68.93;2587.08
1329.55;1257.21;-72.34;2586.76
1330.88;1258.36;-72.52;2589.25
1328.76;1259.36;-69.39;2588.12
1328.22;1258.21;-70.02;2586.43
1329.76;1257.19;-72.57;2586.96
1331.55;1257.43;-74.12;2588.98
1329.28;1258.59;-70.69;2587.86
1327.37;1258.80;-68.57;2586.17
1330.91;1257.04;-73.87;2587.94
1331.15;1258.19;-72.96;2589.34
1329.18;1258.75;-70.43;2587.92
1328.17;1259.08;-69.09;2587.25
1328.72;1257.19;-71.53;2585.91
1331.16;1257.55;-73.61;2588.72
1329.65;1258.43;-71.22;2588.08
1329.05;1258.31;-70.74;2587.36
1328.74;1257.47;-71.26;2586.21
1331.51;1257.38;-74.12;2588.89
1328.96;1258.55;-70.41;2587.52
1328.62;1258.06;-70.56;2586.68
1329.95;1257.18;-72.77;2587.12
1329.54;1257.96;-71.58;2587.51
1329.41;1258.79;-70.62;2588.19
1327.58;1258.22;-69.35;2585.80
1327.89;1257.47;-70.42;2585.36
1331.23;1257.79;-73.44;2589.02
1328.19;1258.76;-69.44;2586.95
1327.47;1259.05;-68.42;2586.52
1327.91;1257.34;-70.56;2585.25
1332.14;1258.44;-73.70;2590.58
1328.52;1259.61;-68.91;2588.12
1327.66;1259.19;-68.48;2586.85
1329.81;1257.81;-72.00;2587.62
1331.59;1258.28;-73.31;2589.87
1328.73;1259.35;-69.38;2588.08
1327.22;1258.36;-68.86;2585.58
1329.85;1258.00;-71.85;2587.85
1331.76;1258.80;-72.96;2590.56
1328.49;1259.18;-69.31;2587.66
1327.01;1258.58;-68.43;2585.59
1329.10;1257.85;-71.25;2586.95
1330.85;1257.75;-73.10;2588.61
1329.61;1258.95;-70.66;2588.55
1328.34;1259.35;-68.98;2587.69
1329.92;1257.87;-72.05;2587.79
1331.14;1258.19;-72.95;2589.34
1329.55;1259.71;-69.84;2589.25
1326.22;1258.50;-67.72;2584.72
1329.98;1257.28;-72.71;2587.26
1332.11;1258.26;-73.84;2590.37
1328.84;1258.89;-69.94;2587.73
1327.63;1258.86;-68.77;2586.49
1329.61;1256.94;-72.67;2586.55
1331.09;1257.83;-73.26;2588.92
1329.73;1258.75;-70.98;2588.48
1327.35;1258.06;-69.28;2585.41
1330.22;1257.05;-73.17;2587.28
1331.01;1257.47;-73.54;2588.48
1327.69;1259.28;-68.42;2586.97
1328.21;1258.38;-69.84;2586.59
1327.45;1257.40;-70.05;2584.85
1331.14;1258.13;-73.01;2589.27
1326.99;1259.89;-67.10;2586.89
1327.38;1258.93;-68.45;2586.31
1327.62;1258.45;-69.18;2586.07
1331.41;1258.32;-73.09;2589.73
1330.35;1259.52;-70.84;2589.87
1327.08;1258.97;-68.11;2586.05
1330.12;1257.82;-72.30;2587.95
1331.13;1258.10;-73.03;2589.23
1329.39;1259.16;-70.23;2588.55
1327.22;1258.52;-68.70;2585.75
1330.41;1257.61;-72.79;2588.02
1329.57;1258.51;-71.06;2588.08
1328.73;1259.31;-69.42;2588.04
1329.08;1257.95;-71.13;2587.04
1329.79;1257.58;-72.22;2587.37
1330.46;1257.88;-72.58;2588.34
1329.48;1259.19;-70.29;2588.68
1327.49;1258.01;-69.49;2585.50
1329.91;1257.63;-72.28;2587.54
1331.26;1257.70;-73.56;2588.96
1330.16;1259.32;-70.85;2589.48
1328.02;1258.30;-69.72;2586.32
1329.91;1257.49;-72.42;2587.39
1329.05;1257.34;-71.71;2586.39
1329.24;1259.21;-70.04;2588.45
1328.48;1258.35;-70.13;2586.84
1330.52;1257.35;-73.17;2587.86
1331.75;1258.04;-73.71;2589.79
1329.18;1258.75;-70.43;2587.92
1327.92;1258.58;-69.34;2586.49
1329.73;1257.94;-71.79;2587.67
1331.41;1257.55;-73.86;2588.96
1328.75;1258.45;-70.29;2587.20
1328.02;1259.04;-68.98;2587.05
1329.84;1257.81;-72.04;2587.65
1331.48;1258.16;-73.32;2589.64
1328.46;1259.18;-69.28;2587.65
1327.78;1258.76;-69.02;2586.54
1329.49;1257.54;-71.96;2587.03
1331.24;1258.35;-72.89;2589.59
1325.86;1259.26;-66.59;2585.12
1328.36;1258.82;-69.54;2587.18
1329.78;1257.96;-71.82;2587.75
1331.04;1257.34;-73.70;2588.38
1329.00;1259.24;-69.76;2588.24
1328.59;1257.78;-70.81;2586.38
1330.39;1257.23;-73.16;2587.62
1332.10;1257.82;-74.28;2589.92
1328.96;1258.55;-70.41;2587.51
1327.54;1258.86;-68.68;2586.41
1330.52;1257.30;-73.22;2587.82
1330.57;1258.04;-72.53;2588.61
1328.94;1258.82;-70.11;2587.76
1327.55;1258.38;-69.16;2585.93
1329.69;1258.52;-71.18;2588.21
1330.14;1257.54;-72.59;2587.68
1327.14;1259.02;-68.12;2586.16
1327.18;1258.44;-68.74;2585.62
1329.68;1257.98;-71.70;2587.66
1331.49;1258.29;-73.21;2589.78
1329.38;1259.18;-70.19;2588.56
1328.39;1258.87;-69.52;2587.26
1329.94;1257.43;-72.51;2587.37
1331.37;1258.02;-73.35;2589.39
1329.23;1258.99;-70.24;2588.22
1327.42;1258.41;-69.01;2585.82
1330.54;1257.55;-72.99;2588.09
1331.35;1257.48;-73.86;2588.83
1329.19;1258.80;-70.39;2587.99
1328.11;1258.04;-70.07;2586.15
1329.78;1257.28;-72.51;2587.06
1332.09;1257.91;-74.18;2590.01
1329.92;1258.84;-71.08;2588.76
1327.78;1257.88;-69.90;2585.65
1330.93;1257.04;-73.89;2587.96
1331.92;1257.48;-74.44;2589.39
1327.73;1258.79;-68.94;2586.52
1328.54;1258.08;-70.46;2586.61
1330.94;1256.66;-74.28;2587.61
1332.75;1257.36;-75.38;2590.11
1329.64;1258.53;-71.11;2588.17
1328.63;1258.17;-70.46;2586.80
1330.74;1257.36;-73.38;2588.09
1332.59;1257.40;-75.19;2589.99
1329.33;1258.69;-70.64;2588.02
1328.41;1257.74;-70.67;2586.14
1331.14;1256.25;-74.88;2587.39
1331.44;1257.36;-74.08;2588.81
1329.01;1258.41;-70.60;2587.42
1328.81;1258.54;-70.27;2587.34
1329.82;1256.30;-73.52;2586.12
1331.74;1257.58;-74.16;2589.32
1329.15;1258.35;-70.80;2587.51
1328.92;1257.88;-71.04;2586.80
1331.43;1256.32;-75.11;2587.75
1332.51;1257.76;-74.75;2590.28
1327.82;1258.25;-69.57;2586.06
1329.50;1256.92;-72.58;2586.42
1330.86;1256.25;-74.61;2587.12
1332.18;1257.20;-74.98;2589.38
1330.41;1257.84;-72.57;2588.24
1328.83;1257.39;-71.44;2586.22
1331.04;1256.62;-74.42;2587.66
1332.41;1257.18;-75.24;2589.59
1329.27;1258.20;-71.07;2587.47
1329.11;1257.94;-71.17;2587.04
1331.27;1256.35;-74.92;2587.62
1333.58;1257.26;-76.31;2590.84
1329.15;1257.74;-71.42;2586.89
1328.81;1257.22;-71.58;2586.03
1330.88;1257.31;-73.57;2588.18
1332.36;1257.61;-74.75;2589.97
1327.82;1258.78;-69.04;2586.59
1328.35;1257.96;-70.39;2586.32
1330.91;1256.39;-74.52;2587.30
1331.90;1257.76;-74.14;2589.66
1329.70;1258.27;-71.43;2587.97
1328.83;1256.95;-71.88;2585.78
1330.35;1256.18;-74.17;2586.52
1332.99;1256.81;-76.18;2589.81
1330.54;1257.91;-72.64;2588.45
1329.15;1257.51;-71.64;2586.66
1331.15;1256.32;-74.84;2587.47
1333.25;1257.16;-76.09;2590.42
1329.15;1257.94;-71.22;2587.09
1329.70;1257.43;-72.27;2587.13
1330.39;1255.83;-74.56;2586.22
1331.64;1257.99;-73.65;2589.64
1330.45;1258.61;-71.84;2589.06
1329.29;1257.48;-71.81;2586.77
1330.45;1256.75;-73.70;2587.21
1331.96;1257.40;-74.56;2589.36
1329.68;1258.79;-70.89;2588.46
1327.94;1258.09;-69.84;2586.03
1330.11;1257.21;-72.90;2587.31
1331.64;1257.66;-73.97;2589.30
1327.74;1259.28;-68.46;2587.02
1327.51;1258.17;-69.34;2585.68
1327.86;1257.08;-70.78;2584.94
1331.48;1257.50;-73.98;2588.98
1330.16;1258.86;-71.30;2589.03
1328.64;1258.18;-70.46;2586.81
1329.78;1257.28;-72.51;2587.06
1332.08;1257.81;-74.28;2589.89
1329.84;1258.78;-71.06;2588.62
1327.95;1258.16;-69.79;2586.12
1329.74;1256.68;-73.06;2586.41
1332.10;1257.92;-74.18;2590.02
1330.06;1258.91;-71.15;2588.96
1328.13;1257.98;-70.15;2586.11
1330.75;1256.36;-74.38;2587.11
1332.61;1257.25;-75.36;2589.85
1330.40;1258.13;-72.27;2588.53
1329.64;1256.96;-72.67;2586.60
1331.02;1256.41;-74.61;2587.43
1332.75;1257.16;-75.59;2589.92
1330.58;1258.73;-71.85;2589.31
1328.38;1257.53;-70.85;2585.91
1330.55;1256.61;-73.94;2587.16
1332.06;1257.45;-74.61;2589.52
1330.80;1258.68;-72.12;2589.48
1329.31;1257.95;-71.35;2587.26
1331.25;1257.56;-73.69;2588.82
1332.07;1257.91;-74.16;2589.98
1330.05;1258.44;-71.62;2588.49
1328.56;1257.86;-70.70;2586.42
1331.24;1256.63;-74.61;2587.87
1332.31;1257.73;-74.58;2590.04
1329.26;1258.04;-71.22;2587.30
1328.02;1257.84;-70.18;2585.86
1330.44;1257.55;-72.89;2587.98
1331.66;1257.84;-73.82;2589.51
1330.21;1258.74;-71.47;2588.94
1327.50;1258.21;-69.29;2585.71
1329.43;1257.82;-71.61;2587.25
1331.56;1257.58;-73.98;2589.14
1329.92;1258.75;-71.18;2588.67
1328.75;1258.55;-70.21;2587.30
1327.75;1257.39;-70.36;2585.14
1330.83;1257.62;-73.21;2588.45
1329.76;1258.90;-70.86;2588.66
1327.44;1258.36;-69.08;2585.81
1330.71;1257.39;-73.32;2588.09
1331.45;1257.92;-73.52;2589.37
1329.53;1258.75;-70.78;2588.28
1329.21;1257.86;-71.35;2587.06
1329.82;1257.43;-72.39;2587.25
1332.91;1257.17;-75.74;2590.08
1329.08;1258.62;-70.46;2587.70
1328.86;1258.11;-70.75;2586.97
1331.06;1257.00;-74.06;2588.06
1332.78;1257.76;-75.02;2590.54
1330.16;1258.70;-71.46;2588.86
1327.71;1258.47;-69.24;2586.18
1330.18;1256.80;-73.38;2586.98
1332.04;1257.29;-74.75;2589.34
1328.86;1258.65;-70.22;2587.51
1328.76;1257.59;-71.16;2586.35
1329.71;1257.32;-72.39;2587.03
1331.60;1257.85;-73.75;2589.45
1329.24;1259.09;-70.15;2588.34
1326.98;1258.56;-68.42;2585.54
1329.78;1257.80;-71.98;2587.58
1330.35;1258.36;-71.99;2588.71
1329.93;1258.58;-71.35;2588.51
1328.59;1258.64;-69.95;2587.24
1330.37;1256.97;-73.40;2587.34
1332.40;1257.84;-74.56;2590.24
1329.34;1258.71;-70.62;2588.05
1328.66;1258.59;-70.06;2587.25
1330.75;1255.59;-75.16;2586.34
1331.75;1258.16;-73.59;2589.91
1329.35;1259.12;-70.23;2588.46
1327.84;1258.01;-69.83;2585.85
1330.54;1257.16;-73.38;2587.71
1332.05;1258.08;-73.98;2590.13
1330.15;1259.29;-70.86;2589.45
1327.59;1258.42;-69.17;2586.02
1329.85;1257.64;-72.21;2587.49
1331.02;1257.78;-73.25;2588.80
1329.31;1260.01;-69.29;2589.32
1326.78;1259.06;-67.72;2585.84
1327.85;1257.65;-70.20;2585.49
1331.74;1258.52;-73.22;2590.26
1329.60;1259.62;-69.98;2589.22
1327.45;1258.16;-69.28;2585.61
1329.97;1258.86;-71.11;2588.84
1331.55;1258.28;-73.28;2589.83
1326.58;1259.74;-66.84;2586.32
1327.86;1258.87;-68.99;2586.73
1329.92;1258.22;-71.70;2588.15
1331.12;1258.62;-72.50;2589.75
1327.52;1259.21;-68.31;2586.73
1328.01;1258.51;-69.51;2586.52
1330.39;1258.15;-72.24;2588.55
1331.06;1258.66;-72.40;2589.73
1328.94;1259.88;-69.06;2588.81
1327.84;1259.08;-68.76;2586.91
1329.34;1258.16;-71.17;2587.50
1330.70;1258.62;-72.08;2589.32
1328.82;1259.21;-69.62;2588.03
1328.09;1258.44;-69.65;2586.52
1328.69;1258.01;-70.68;2586.70
1331.84;1258.86;-72.98;2590.70
1329.28;1259.28;-70.01;2588.56
1328.06;1258.68;-69.38;2586.74
1330.09;1257.29;-72.80;2587.38
1328.99;1258.19;-70.79;2587.18
1329.45;1259.12;-70.33;2588.56
1326.94;1258.96;-67.97;2585.90
1330.10;1257.64;-72.46;2587.74
1331.06;1258.23;-72.83;2589.29
1328.81;1258.82;-69.99;2587.64
1328.17;1258.59;-69.58;2586.76
1329.58;1257.14;-72.44;2586.72
1332.42;1258.06;-74.36;2590.49
1329.22;1259.05;-70.16;2588.27
1327.68;1258.02;-69.66;2585.70
1329.74;1257.29;-72.45;2587.03
1331.18;1257.96;-73.21;2589.14
1328.88;1260.11;-68.78;2588.99
1327.41;1259.22;-68.18;2586.63
1330.00;1257.75;-72.25;2587.75
1331.30;1258.18;-73.12;2589.48
1328.72;1258.93;-69.79;2587.65
1327.90;1258.16;-69.74;2586.06
1329.82;1257.56;-72.26;2587.38
1331.89;1258.41;-73.48;2590.31
1329.12;1259.52;-69.61;2588.64
1328.19;1257.91;-70.28;2586.10
1330.89;1257.10;-73.79;2587.99
1331.44;1258.64;-72.80;2590.07
1329.08;1259.17;-69.91;2588.25
1327.42;1258.54;-68.88;2585.95
1329.52;1257.54;-71.98;2587.05
1330.96;1258.45;-72.51;2589.42
1329.64;1259.71;-69.93;2589.34
1327.44;1258.93;-68.51;2586.37
1330.08;1257.57;-72.51;2587.65
1331.05;1258.72;-72.33;2589.78
1328.96;1259.48;-69.49;2588.44
1327.39;1258.16;-69.23;2585.56
1329.32;1258.51;-70.81;2587.83
1332.02;1258.13;-73.89;2590.15
1329.78;1259.32;-70.46;2589.10
1326.61;1258.29;-68.32;2584.89
1330.59;1257.72;-72.88;2588.31
1331.42;1258.20;-73.22;2589.62
1329.54;1258.53;-71.01;2588.07
1328.85;1258.87;-69.98;2587.72
1329.39;1257.12;-72.27;2586.52
1331.76;1258.29;-73.48;2590.05
1329.55;1259.01;-70.54;2588.55
1328.54;1258.00;-70.54;2586.54
1330.34;1256.55;-73.79;2586.89
1331.88;1258.01;-73.86;2589.89
1329.98;1258.36;-71.62;2588.35
1328.24;1257.82;-70.42;2586.06
1329.29;1256.73;-72.56;2586.02
1329.86;1257.92;-71.95;2587.78
1329.92;1258.49;-71.43;2588.41
1328.28;1258.00;-70.28;2586.28
1330.01;1258.14;-71.87;2588.14
1331.89;1257.74;-74.16;2589.63
1329.35;1258.66;-70.68;2588.01
1328.08;1258.44;-69.64;2586.52
1330.10;1257.38;-72.72;2587.48
1331.51;1258.36;-73.14;2589.87
1328.26;1258.95;-69.31;2587.22
1328.30;1258.55;-69.75;2586.85
1330.14;1257.38;-72.76;2587.51
1331.92;1257.85;-74.08;2589.77
1329.30;1259.12;-70.18;2588.42
1327.81;1258.40;-69.41;2586.21
1330.03;1257.81;-72.22;2587.84
1331.86;1258.39;-73.46;2590.25
1328.89;1258.57;-70.32;2587.46
1327.39;1257.94;-69.46;2585.33
1329.87;1257.76;-72.11;2587.64
1330.71;1258.64;-72.07;2589.35
1329.66;1259.26;-70.41;2588.92
1327.69;1257.97;-69.72;2585.66
1329.90;1256.77;-73.13;2586.67
1331.71;1258.62;-73.08;2590.33
1329.52;1259.68;-69.85;2589.20
1327.25;1258.46;-68.79;2585.71
1330.38;1258.01;-72.36;2588.39
1331.29;1258.27;-73.02;2589.56
1328.79;1259.38;-69.41;2588.17
1327.03;1259.27;-67.76;2586.30
1329.14;1258.39;-70.75;2587.53
1328.37;1258.99;-69.38;2587.36
1327.78;1260.62;-67.16;2588.40
1326.96;1259.54;-67.42;2586.51
1329.55;1259.18;-70.38;2588.73
1331.45;1259.43;-72.02;2590.88
1328.58;1260.36;-68.21;2588.94
1326.63;1259.24;-67.39;2585.86
1329.07;1258.02;-71.05;2587.09
1330.34;1259.24;-71.10;2589.58
1329.11;1259.74;-69.36;2588.85
1326.98;1259.38;-67.60;2586.36
1329.52;1257.97;-71.55;2587.49
1331.04;1259.16;-71.88;2590.20
1327.94;1259.81;-68.14;2587.75
1326.76;1259.13;-67.63;2585.89
1329.15;1258.38;-70.76;2587.53
1330.56;1258.54;-72.03;2589.10
1328.07;1259.68;-68.39;2587.75
1326.14;1259.04;-67.11;2585.18
1329.42;1258.32;-71.09;2587.74
1329.96;1258.88;-71.08;2588.85
1326.55;1259.41;-67.15;2585.96
1327.37;1258.99;-68.38;2586.36
1329.84;1258.15;-71.68;2587.99
1330.83;1258.91;-71.92;2589.74
1329.40;1259.59;-69.81;2588.99
1327.45;1259.51;-67.94;2586.95
1330.98;1258.58;-72.40;2589.56
1331.04;1259.15;-71.89;2590.19
1328.46;1260.19;-68.27;2588.66
1326.86;1259.58;-67.29;2586.44
1329.02;1258.29;-70.74;2587.31
1328.71;1259.55;-69.15;2588.26
1328.65;1259.90;-68.75;2588.55
1327.01;1259.20;-67.81;2586.21
1329.71;1257.71;-71.99;2587.42
1331.16;1258.98;-72.19;2590.14
1327.46;1260.13;-67.34;2587.59
1327.48;1259.84;-67.65;2587.32
1330.36;1257.77;-72.59;2588.14
1330.38;1259.25;-71.12;2589.63
1328.62;1259.62;-69.01;2588.24
1327.22;1259.32;-67.90;2586.55
1329.69;1258.38;-71.31;2588.08
1330.30;1258.32;-71.98;2588.62
1328.42;1259.67;-68.75;2588.09
1328.16;1258.99;-69.18;2587.15
1329.92;1257.95;-71.97;2587.88
1330.68;1258.72;-71.96;2589.40
1329.09;1260.20;-68.89;2589.29
1327.37;1258.86;-68.51;2586.24
1329.11;1257.72;-71.39;2586.84
1331.08;1258.91;-72.16;2589.99
1327.82;1260.62;-67.21;2588.44
1326.89;1258.57;-68.32;2585.46
1329.29;1257.45;-71.84;2586.74
1331.21;1258.70;-72.51;2589.91
1328.84;1259.36;-69.48;2588.21
1327.40;1259.18;-68.22;2586.58
1329.05;1258.06;-70.99;2587.11
1331.04;1258.69;-72.35;2589.72
1328.56;1259.33;-69.24;2587.89
1327.58;1258.59;-68.99;2586.18
1330.43;1257.89;-72.54;2588.32
1330.64;1259.06;-71.58;2589.71
1328.64;1259.76;-68.87;2588.40
1327.40;1259.41;-67.99;2586.81
1329.22;1257.82;-71.39;2587.04
1330.99;1259.18;-71.81;2590.16
1329.16;1259.37;-69.79;2588.54
1327.22;1258.88;-68.34;2586.11
1328.58;1257.95;-70.63;2586.54
1331.56;1258.78;-72.78;2590.34
1327.15;1259.85;-67.29;2587.00
1326.79;1258.41;-68.38;2585.20
1329.64;1257.72;-71.92;2587.36
1331.64;1258.85;-72.79;2590.49
1328.97;1259.93;-69.04;2588.90
1328.12;1259.41;-68.71;2587.52
1329.33;1257.52;-71.81;2586.85
1330.98;1258.49;-72.49;2589.46
1328.75;1259.94;-68.81;2588.69
1328.44;1259.15;-69.29;2587.59
1329.55;1258.05;-71.50;2587.59
1330.75;1258.31;-72.44;2589.05
1328.48;1260.26;-68.22;2588.74
1327.45;1258.84;-68.61;2586.28
1329.98;1257.71;-72.27;2587.69
1330.66;1258.43;-72.23;2589.09
1329.16;1259.28;-69.88;2588.44
1327.09;1259.16;-67.92;2586.25
1330.02;1257.42;-72.59;2587.44
1330.98;1258.61;-72.36;2589.59
1326.98;1259.17;-67.81;2586.15
1327.03;1258.69;-68.34;2585.72
1329.76;1258.08;-71.68;2587.84
1330.45;1258.77;-71.68;2589.22
1328.20;1260.09;-68.11;2588.29
1327.16;1259.25;-67.91;2586.41
1329.19;1257.93;-71.26;2587.12
1328.69;1258.71;-69.98;2587.40
1328.86;1260.20;-68.66;2589.06
1327.42;1258.75;-68.67;2586.16
1329.84;1258.25;-71.58;2588.09
1330.48;1259.31;-71.18;2589.79
1328.76;1259.46;-69.30;2588.23
1327.05;1259.57;-67.48;2586.62
1328.81;1258.45;-70.36;2587.25
1330.23;1258.65;-71.58;2588.88
1327.54;1260.04;-67.50;2587.57
1327.10;1259.80;-67.30;2586.90
1329.76;1259.14;-70.62;2588.90
1331.14;1259.39;-71.75;2590.53
1329.72;1260.23;-69.49;2589.95
1327.16;1259.47;-67.69;2586.63
1328.75;1258.33;-70.42;2587.08
1331.55;1259.12;-72.44;2590.67
1328.74;1260.57;-68.16;2589.31
1327.34;1259.82;-67.52;2587.16
1329.06;1258.27;-70.79;2587.33
1329.75;1258.96;-70.79;2588.71
1327.61;1259.85;-67.76;2587.45
1325.07;1259.44;-65.63;2584.51
1329.97;1258.35;-71.62;2588.32
1330.09;1259.14;-70.95;2589.23
1329.22;1259.88;-69.35;2589.10
1326.64;1259.72;-66.91;2586.36
1329.95;1258.05;-71.90;2588.01
1331.10;1258.65;-72.45;2589.75
1328.51;1260.05;-68.45;2588.56
1327.35;1258.74;-68.61;2586.09
1330.49;1257.86;-72.63;2588.36
1330.17;1259.15;-71.02;2589.32
1328.72;1260.08;-68.64;2588.81
1326.66;1258.88;-67.79;2585.54
1329.74;1257.20;-72.54;2586.94
1331.08;1258.68;-72.41;2589.76
1325.56;1259.72;-65.84;2585.28
1326.88;1258.95;-67.92;2585.83
1327.35;1258.53;-68.82;2585.88
1328.59;1259.24;-69.36;2587.83
1328.32;1260.17;-68.15;2588.49
1326.96;1259.02;-67.95;2585.98
1329.14;1258.33;-70.81;2587.47
1330.72;1259.44;-71.28;2590.15
1328.78;1259.73;-69.05;2588.51
1325.78;1258.47;-67.31;2584.25
1329.74;1258.42;-71.32;2588.15
1330.65;1258.80;-71.85;2589.45
1329.09;1259.91;-69.18;2589.01
1327.18;1258.73;-68.45;2585.91
1329.34;1257.88;-71.46;2587.22
1330.54;1258.76;-71.78;2589.29
1328.60;1259.18;-69.42;2587.78
1327.07;1259.18;-67.89;2586.25
1329.35;1258.08;-71.28;2587.43
1328.55;1258.88;-69.68;2587.43
1327.95;1259.40;-68.55;2587.35
1327.75;1258.86;-68.89;2586.62
1329.08;1257.26;-71.82;2586.35
1330.99;1257.96;-73.03;2588.95
1326.98;1259.21;-67.78;2586.19
1327.42;1258.59;-68.82;2586.01
1329.74;1256.95;-72.79;2586.68
1331.11;1257.68;-73.43;2588.78
1329.46;1259.29;-70.17;2588.76
1325.32;1258.47;-66.85;2583.79
1329.85;1257.64;-72.22;2587.49
1331.47;1258.73;-72.74;2590.20
1328.08;1259.16;-68.92;2587.25
1328.31;1259.37;-68.94;2587.68
1330.57;1257.72;-72.85;2588.29
1331.47;1258.94;-72.53;2590.41
1328.89;1259.55;-69.34;2588.44
1327.61;1258.98;-68.63;2586.59
1330.04;1258.60;-71.44;2588.64
1331.23;1257.79;-73.44;2589.02
1328.09;1259.47;-68.62;2587.56
1326.81;1258.56;-68.25;2585.36
1329.50;1257.78;-71.72;2587.28
1331.09;1258.45;-72.64;2589.54
1328.75;1259.12;-69.63;2587.88
1327.21;1257.69;-69.52;2584.90
1329.70;1257.91;-71.79;2587.61
1332.21;1258.21;-73.99;2590.42
1330.09;1259.32;-70.77;2589.41
1327.64;1258.07;-69.56;2585.71
1330.39;1257.17;-73.22;2587.56
1331.73;1258.19;-73.54;2589.92
1329.04;1259.12;-69.92;2588.15
1327.77;1257.70;-70.07;2585.47
1328.93;1256.68;-72.25;2585.61
1331.06;1258.35;-72.71;2589.42
1328.71;1259.24;-69.47;2587.95
1327.57;1258.10;-69.47;2585.67
1331.52;1256.99;-74.54;2588.51
1329.44;1257.98;-71.46;2587.41
1329.73;1258.73;-71.00;2588.46
1327.86;1258.26;-69.61;2586.12
1329.84;1257.38;-72.46;2587.22
1331.38;1258.11;-73.27;2589.48
1328.92;1259.72;-69.21;2588.64
1328.35;1259.02;-69.33;2587.38
1329.52;1257.25;-72.26;2586.77
1330.62;1258.70;-71.92;2589.32
1328.71;1259.44;-69.28;2588.15
1327.68;1258.37;-69.31;2586.05
1329.54;1258.19;-71.35;2587.73
1329.44;1258.46;-70.98;2587.89
1328.36;1259.22;-69.14;2587.59
1327.32;1259.29;-68.03;2586.62
1329.27;1257.99;-71.28;2587.26
1331.24;1259.34;-71.90;2590.57
1325.94;1259.52;-66.42;2585.45
1326.05;1258.96;-67.09;2585.02
1329.04;1258.29;-70.75;2587.34
1330.25;1259.06;-71.19;2589.31
1328.31;1259.41;-68.89;2587.72
1326.89;1259.63;-67.26;2586.52
1329.06;1257.65;-71.41;2586.71
1330.01;1259.16;-70.85;2589.16
1328.71;1259.66;-69.05;2588.38
1325.68;1258.62;-67.05;2584.30
1330.12;1257.35;-72.77;2587.48
1331.75;1258.47;-73.28;2590.22
1326.40;1259.22;-67.18;2585.62
1327.79;1259.34;-68.45;2587.13
1327.18;1258.18;-69.00;2585.36
1330.36;1259.12;-71.25;2589.48
1328.20;1259.69;-68.51;2587.89
1327.42;1258.51;-68.91;2585.92
1329.54;1258.08;-71.46;2587.61
1331.25;1259.04;-72.22;2590.29
1328.86;1259.96;-68.90;2588.82
1328.14;1258.75;-69.39;2586.89
1329.84;1257.70;-72.14;2587.54
1330.93;1258.44;-72.49;2589.36
1328.06;1259.57;-68.49;2587.64
1327.11;1258.89;-68.22;2586.01
1329.46;1257.99;-71.47;2587.46
1331.28;1258.01;-73.27;2589.28
1329.36;1259.54;-69.83;2588.90
1327.57;1258.53;-69.04;2586.10
1329.69;1257.79;-71.90;2587.48
1329.33;1258.39;-70.94;2587.72
1329.01;1259.69;-69.32;2588.71
1327.30;1259.11;-68.19;2586.41
1330.09;1258.31;-71.78;2588.40
1331.02;1258.16;-72.85;2589.18
1329.09;1259.46;-69.64;2588.55
1328.33;1258.61;-69.72;2586.94
1330.18;1257.15;-73.02;2587.33
1330.78;1258.05;-72.74;2588.83
1328.95;1259.18;-69.76;2588.13
1328.18;1258.76;-69.42;2586.94
1330.41;1257.05;-73.36;2587.45
1331.15;1258.11;-73.04;2589.26
1329.22;1259.09;-70.14;2588.31
1328.04;1258.15;-69.88;2586.19
1330.56;1257.10;-73.46;2587.66
1331.48;1258.29;-73.19;2589.78
1329.50;1259.39;-70.11;2588.89
1327.98;1258.77;-69.21;2586.75
1329.92;1257.11;-72.81;2587.02
1330.86;1257.95;-72.92;2588.81
1329.78;1259.15;-70.63;2588.94
1328.56;1258.44;-70.13;2587.00
1330.82;1257.54;-73.28;2588.36
1331.75;1257.97;-73.78;2589.72
1328.70;1259.21;-69.49;2587.91
1325.95;1258.91;-67.04;2584.85
1329.95;1257.46;-72.49;2587.41
1330.83;1258.10;-72.73;2588.93
1329.23;1259.26;-69.97;2588.49
1327.00;1258.64;-68.36;2585.64
1330.15;1257.32;-72.83;2587.46
1331.22;1258.01;-73.21;2589.23
1326.91;1259.28;-67.63;2586.19
1327.85;1258.93;-68.92;2586.78
1329.45;1257.86;-71.59;2587.31
1331.48;1259.04;-72.44;2590.52
1329.29;1259.86;-69.43;2589.15
1327.22;1259.04;-68.18;2586.26
1329.68;1257.73;-71.95;2587.41
1330.74;1258.78;-71.96;2589.51
1328.54;1259.58;-68.96;2588.11
1327.71;1258.99;-68.71;2586.70
1327.12;1258.47;-68.65;2585.59
1331.59;1259.38;-72.21;2590.97
1328.26;1260.04;-68.22;2588.30
1326.61;1259.12;-67.49;2585.72
1329.85;1257.65;-72.19;2587.50
1330.66;1258.71;-71.95;2589.36
1328.84;1259.65;-69.18;2588.49
1327.76;1258.55;-69.21;2586.31
1330.43;1257.25;-73.18;2587.68
1331.39;1258.72;-72.68;2590.11
1329.06;1259.19;-69.87;2588.25
1327.78;1258.98;-68.81;2586.76
1329.96;1257.94;-72.02;2587.89
1331.21;1258.22;-72.98;2589.43
1330.18;1258.69;-71.48;2588.87
1328.51;1258.74;-69.76;2587.25
1329.87;1257.41;-72.46;2587.28
1331.05;1258.52;-72.53;2589.56
1328.92;1259.49;-69.42;2588.41
1326.36;1258.49;-67.86;2584.85
1328.34;1258.14;-70.20;2586.48
1331.16;1257.87;-73.29;2589.04
1329.55;1259.24;-70.31;2588.79
1327.98;1258.05;-69.94;2586.03
1329.83;1257.52;-72.31;2587.35
1330.06;1258.12;-71.94;2588.19
1329.24;1258.92;-70.32;2588.16
1327.66;1258.32;-69.34;2585.99
1329.99;1257.81;-72.18;2587.80
1330.12;1258.50;-71.62;2588.62
1328.74;1259.39;-69.35;2588.14
1327.42;1258.74;-68.68;2586.16
1329.51;1257.71;-71.79;2587.22
1330.98;1258.65;-72.34;2589.63
1328.97;1259.05;-69.92;2588.02
1327.85;1258.41;-69.44;2586.26
1330.54;1257.10;-73.44;2587.64
1331.78;1257.64;-74.14;2589.41
1329.58;1259.22;-70.36;2588.80
1327.60;1257.88;-69.72;2585.48
1330.74;1257.15;-73.59;2587.88
1331.72;1257.73;-73.99;2589.45
1329.59;1259.35;-70.24;2588.94
1327.99;1257.92;-70.06;2585.91
1330.13;1256.84;-73.29;2586.96
1331.73;1258.38;-73.35;2590.11
1327.71;1259.32;-68.39;2587.03
1327.59;1257.75;-69.85;2585.34
1329.42;1257.28;-72.14;2586.71
1330.05;1258.06;-71.98;2588.11
1329.14;1259.30;-69.84;2588.44
1327.62;1257.84;-69.78;2585.46
1330.34;1257.34;-73.00;2587.68
1329.15;1257.98;-71.17;2587.14
1327.93;1258.55;-69.38;2586.48
1328.67;1257.88;-70.79;2586.55
1330.95;1256.52;-74.43;2587.48
1331.74;1257.79;-73.95;2589.52
1329.35;1258.61;-70.74;2587.95
1326.69;1258.09;-68.61;2584.78
1330.81;1256.74;-74.06;2587.55
1332.80;1257.87;-74.93;2590.67
1330.04;1259.15;-70.89;2589.19
1328.61;1257.94;-70.67;2586.55
1330.74;1256.60;-74.14;2587.34
1331.78;1257.48;-74.30;2589.25
1329.99;1258.99;-71.00;2588.98
1328.76;1257.74;-71.02;2586.49
1330.93;1256.78;-74.15;2587.71
1333.39;1257.84;-75.55;2591.24
1329.60;1258.98;-70.62;2588.58
1328.42;1257.85;-70.56;2586.27
1330.54;1257.18;-73.36;2587.72
1331.66;1258.38;-73.28;2590.04
1329.42;1259.86;-69.55;2589.28
1328.07;1257.91;-70.16;2585.98
1327.96;1257.18;-70.78;2585.14
1330.67;1258.44;-72.23;2589.11
1328.99;1259.53;-69.46;2588.52
1327.19;1257.76;-69.44;2584.95
1330.16;1257.32;-72.85;2587.48
1331.98;1259.08;-72.90;2591.05
1328.75;1259.30;-69.45;2588.05
1327.04;1258.36;-68.68;2585.40
1330.11;1257.15;-72.96;2587.26
1330.49;1258.14;-72.35;2588.63
1328.64;1259.74;-68.89;2588.38
1327.73;1258.29;-69.44;2586.02
1330.06;1257.84;-72.23;2587.90
1331.46;1258.38;-73.08;2589.84
1329.05;1259.56;-69.49;2588.61
1328.35;1257.54;-70.81;2585.89
1330.25;1256.88;-73.36;2587.13
1331.68;1258.22;-73.46;2589.90
1329.98;1259.05;-70.93;2589.04
1328.26;1258.06;-70.20;2586.33
1330.23;1257.24;-72.99;2587.47
1331.67;1257.36;-74.31;2589.04
1330.65;1258.82;-71.83;2589.46
1328.66;1257.62;-71.04;2586.29
1330.64;1256.67;-73.97;2587.31
1330.98;1257.76;-73.22;2588.74
1329.44;1259.11;-70.33;2588.55
1328.39;1258.49;-69.90;2586.88
1330.78;1257.53;-73.25;2588.31
1331.69;1258.69;-72.99;2590.38
1329.19;1259.21;-69.98;2588.40
1328.01;1258.44;-69.57;2586.45
1331.03;1257.41;-73.62;2588.44
1331.25;1258.12;-73.13;2589.36
1329.58;1259.32;-70.25;2588.90
1327.68;1258.34;-69.34;2586.02
1329.15;1257.75;-71.40;2586.89
1331.09;1258.54;-72.55;2589.63
1329.93;1259.81;-70.12;2589.74
1328.35;1258.17;-70.18;2586.52
1329.36;1257.58;-71.78;2586.95
1331.21;1258.67;-72.54;2589.88
1327.78;1259.05;-68.74;2586.83
1328.22;1258.67;-69.55;2586.89
1329.82;1257.66;-72.16;2587.49
1330.81;1258.28;-72.53;2589.08
1329.72;1258.72;-71.00;2588.44
1327.89;1257.81;-70.09;2585.70
1329.48;1257.49;-71.99;2586.96
1331.42;1258.64;-72.79;2590.06
1328.96;1259.49;-69.48;2588.45
1327.76;1258.89;-68.87;2586.66
1329.53;1257.48;-72.05;2587.01
1331.23;1259.02;-72.21;2590.25
1326.69;1259.46;-67.22;2586.15
1328.16;1258.74;-69.42;2586.89
1330.04;1258.04;-72.01;2588.08
1330.87;1258.50;-72.37;2589.37
1329.13;1259.78;-69.35;2588.91
1326.99;1258.69;-68.30;2585.69
1328.16;1257.71;-70.45;2585.86
1331.21;1258.83;-72.38;2590.04
1327.35;1259.41;-67.95;2586.76
1326.86;1258.98;-67.88;2585.84
1329.95;1259.12;-70.83;2589.06
1330.32;1259.57;-70.75;2589.89
1327.55;1259.88;-67.66;2587.43
1325.66;1258.51;-67.15;2584.16
1327.96;1258.25;-69.72;2586.21
1330.39;1259.38;-71.01;2589.77
1327.96;1260.02;-67.94;2587.98
1327.33;1259.12;-68.21;2586.45
1328.83;1257.76;-71.07;2586.59
1330.46;1258.42;-72.04;2588.88
1328.42;1259.88;-68.54;2588.29
1328.18;1258.81;-69.38;2586.99
1329.19;1257.22;-71.98;2586.41
1331.01;1259.15;-71.86;2590.16
1329.14;1259.43;-69.71;2588.57
1326.91;1258.56;-68.35;2585.48
1329.94;1257.47;-72.47;2587.41
1331.57;1259.11;-72.46;2590.68
1328.21;1259.41;-68.79;2587.62
1326.98;1258.72;-68.26;2585.71
1329.34;1257.26;-72.08;2586.61
1330.15;1258.95;-71.21;2589.10
1329.19;1259.36;-69.83;2588.56
1328.32;1258.58;-69.74;2586.89
1329.33;1257.58;-71.75;2586.91
1331.79;1258.19;-73.60;2589.98
1328.86;1258.98;-69.88;2587.84
1328.21;1258.15;-70.06;2586.35
1330.86;1257.54;-73.33;2588.40
1331.41;1258.20;-73.21;2589.61
1329.36;1259.78;-69.58;2589.14
1328.04;1258.06;-69.97;2586.10
1330.21;1257.67;-72.54;2587.88
1330.99;1258.12;-72.87;2589.11
1328.56;1258.97;-69.59;2587.54
1327.61;1258.49;-69.12;2586.11
1329.71;1257.27;-72.44;2586.98
1331.10;1258.72;-72.38;2589.82
1328.17;1259.26;-68.91;2587.44
1328.41;1258.41;-70.00;2586.82
1329.99;1257.59;-72.40;2587.58
1330.51;1258.63;-71.88;2589.14
1328.25;1259.63;-68.62;2587.88
1327.06;1259.11;-67.95;2586.18
1329.48;1258.13;-71.35;2587.61
1329.89;1258.76;-71.13;2588.65
1328.56;1259.79;-68.78;2588.35
1327.68;1258.39;-69.29;2586.08
1329.59;1257.78;-71.81;2587.38
1331.23;1258.24;-72.99;2589.46
1329.08;1259.98;-69.11;2589.06
1327.88;1259.24;-68.65;2587.12
1330.11;1257.59;-72.52;2587.71
1330.95;1259.06;-71.88;2590.01
1328.45;1260.25;-68.21;2588.70
1327.12;1258.45;-68.67;2585.56
1329.89;1257.68;-72.21;2587.58
1330.62;1258.60;-72.02;2589.22
1328.25;1260.24;-68.01;2588.49
1327.78;1258.66;-69.12;2586.44
1329.96;1257.89;-72.07;2587.85
1330.21;1258.32;-71.88;2588.53
1328.59;1259.59;-68.99;2588.18
1327.64;1258.59;-69.05;2586.24
1329.87;1257.85;-72.02;2587.72
1331.62;1258.74;-72.88;2590.35
1329.26;1260.28;-68.98;2589.54
1327.24;1258.49;-68.75;2585.73
1329.78;1257.79;-71.98;2587.57
1329.66;1258.42;-71.24;2588.09
1328.71;1259.60;-69.11;2588.31
1328.28;1258.01;-70.27;2586.29
1330.09;1257.14;-72.95;2587.24
1330.19;1258.34;-71.85;2588.53
1328.96;1259.72;-69.24;2588.69
1328.01;1258.70;-69.31;2586.71
1328.80;1257.31;-71.49;2586.11
1331.23;1258.19;-73.04;2589.42
1329.29;1260.32;-68.97;2589.62
1327.72;1257.86;-69.86;2585.58
1329.33;1257.85;-71.48;2587.18
1330.53;1258.72;-71.81;2589.25
1329.09;1259.34;-69.76;2588.43
1328.16;1258.86;-69.29;2587.02
1330.14;1257.29;-72.84;2587.43
1330.05;1258.36;-71.69;2588.41
1328.15;1259.76;-68.39;2587.91
1327.47;1258.85;-68.62;2586.32
1329.56;1257.64;-71.92;2587.21
1330.33;1259.05;-71.28;2589.38
1328.68;1258.81;-69.86;2587.49
1326.62;1258.45;-68.17;2585.06
1330.38;1256.96;-73.42;2587.34
1330.72;1258.43;-72.29;2589.15
1329.49;1259.45;-70.05;2588.94
1327.08;1258.82;-68.26;2585.91
1330.08;1257.49;-72.59;2587.56
1330.58;1259.46;-71.12;2590.04
1326.75;1259.44;-67.31;2586.18
1327.67;1259.36;-68.31;2587.03
1329.33;1258.28;-71.05;2587.61
1330.21;1258.40;-71.81;2588.61
1326.27;1259.82;-66.45;2586.09
1327.98;1258.34;-69.64;2586.32
1328.64;1258.18;-70.46;2586.82
1331.11;1258.57;-72.54;2589.68
1328.06;1259.75;-68.31;2587.82
1325.40;1258.59;-66.81;2583.99
1327.18;1258.41;-68.77;2585.59
1329.36;1259.42;-69.94;2588.78
1326.16;1260.48;-65.68;2586.64
1326.85;1259.19;-67.66;2586.04
1328.65;1258.18;-70.48;2586.83
1329.64;1259.59;-70.05;2589.23
1328.02;1260.39;-67.64;2588.41
1324.26;1259.19;-65.08;2583.45
1328.79;1258.38;-70.42;2587.17
1329.61;1259.16;-70.45;2588.76
1327.39;1260.34;-67.06;2587.73
1327.54;1259.06;-68.48;2586.61
1329.64;1258.70;-70.94;2588.34
1330.38;1259.25;-71.14;2589.63
1327.44;1260.95;-66.49;2588.39
1327.29;1259.66;-67.62;2586.95
1329.54;1258.15;-71.38;2587.69
1329.48;1259.32;-70.16;2588.79
1328.11;1260.00;-68.11;2588.11
1327.05;1258.11;-68.94;2585.15
1328.99;1258.31;-70.68;2587.31
1330.07;1259.86;-70.21;2589.93
1327.89;1260.61;-67.29;2588.50
1327.77;1258.88;-68.89;2586.65
1328.91;1256.71;-72.20;2585.61
1331.43;1259.30;-72.13;2590.73
1328.43;1260.14;-68.29;2588.57
1327.22;1259.16;-68.06;2586.38
1330.16;1257.57;-72.59;2587.74
1331.27;1258.73;-72.54;2590.00
1328.72;1259.87;-68.85;2588.59
1328.37;1258.34;-70.03;2586.71
1330.06;1257.50;-72.56;2587.56
1330.38;1258.58;-71.80;2588.96
1328.71;1259.27;-69.44;2587.98
1327.95;1258.40;-69.55;2586.35
1329.34;1258.31;-71.03;2587.64
1330.86;1259.26;-71.60;2590.12
1328.13;1260.55;-67.58;2588.68
1325.59;1259.09;-66.51;2584.68
1329.38;1257.60;-71.78;2586.98
1330.42;1259.26;-71.15;2589.68
1328.65;1260.15;-68.50;2588.79
1328.05;1258.75;-69.30;2586.79
1329.45;1257.61;-71.84;2587.05
1330.66;1259.19;-71.48;2589.85
1328.56;1259.84;-68.72;2588.41
1327.88;1259.34;-68.54;2587.22
1329.00;1257.73;-71.27;2586.73
1330.56;1258.89;-71.68;2589.45
1328.59;1259.97;-68.62;2588.56
1327.31;1258.91;-68.40;2586.21
1329.62;1258.46;-71.16;2588.08
1329.59;1259.39;-70.20;2588.99
1328.43;1260.82;-67.61;2589.25
1326.83;1259.41;-67.42;2586.24
1326.05;1258.36;-67.69;2584.41
1329.94;1259.22;-70.71;2589.16
1327.73;1261.01;-66.72;2588.74
1326.35;1259.74;-66.61;2586.09
1328.21;1258.62;-69.59;2586.83
1329.39;1260.11;-69.28;2589.50
1327.26;1261.91;-65.35;2589.17
1326.62;1259.02;-67.60;2585.64
1328.21;1257.96;-70.25;2586.18
1330.32;1259.91;-70.41;2590.24
1327.96;1260.79;-67.18;2588.75
1327.94;1259.50;-68.44;2587.44
1329.05;1258.81;-70.24;2587.86
1328.41;1258.74;-69.66;2587.15
1326.84;1260.00;-66.84;2586.84
1327.49;1259.22;-68.27;2586.72
1329.82;1258.05;-71.76;2587.87
1329.72;1259.41;-70.31;2589.14
1328.15;1260.82;-67.32;2588.97
1327.09;1259.48;-67.62;2586.57
1328.80;1257.86;-70.94;2586.66
1331.06;1259.58;-71.48;2590.65
1328.18;1260.27;-67.91;2588.45
1325.96;1259.41;-66.55;2585.36
1329.01;1257.96;-71.05;2586.98
1331.02;1259.18;-71.84;2590.19
1327.86;1259.99;-67.87;2587.85
1327.79;1258.48;-69.31;2586.28
1330.04;1257.50;-72.54;2587.54
1330.79;1260.08;-70.71;2590.87
1328.72;1260.16;-68.55;2588.88
1327.69;1259.32;-68.37;2587.01
1329.84;1258.26;-71.57;2588.10
1328.06;1259.72;-68.34;2587.78
1327.85;1260.94;-66.91;2588.78
1327.12;1259.51;-67.61;2586.64
1329.07;1258.68;-70.39;2587.75
1328.54;1259.61;-68.94;2588.15
1327.14;1260.59;-66.55;2587.72
1326.97;1259.65;-67.32;2586.62
1329.04;1258.19;-70.85;2587.24
1330.19;1260.57;-69.62;2590.76
1327.98;1260.91;-67.07;2588.89
1327.79;1260.12;-67.68;2587.91
1328.66;1258.55;-70.11;2587.21
1330.36;1259.43;-70.93;2589.79
1328.19;1260.25;-67.94;2588.44
1327.56;1259.45;-68.11;2587.02
1327.34;1258.85;-68.48;2586.19
1329.09;1259.08;-70.02;2588.17
1328.22;1260.80;-67.42;2589.02
1326.83;1259.35;-67.48;2586.18
1329.11;1258.48;-70.63;2587.58
1330.22;1259.93;-70.29;2590.15
1328.41;1260.19;-68.22;2588.59
1327.05;1259.55;-67.51;2586.60
1329.29;1258.64;-70.66;2587.93
1329.34;1260.10;-69.24;2589.44
1327.23;1260.96;-66.27;2588.19
1326.06;1260.22;-65.84;2586.28
1327.29;1257.91;-69.38;2585.21
1329.64;1260.45;-69.18;2590.09
1327.31;1261.11;-66.20;2588.42
1326.56;1259.68;-66.88;2586.24
1326.66;1258.59;-68.06;2585.25
1330.21;1260.12;-70.08;2590.33
1327.52;1260.55;-66.98;2588.07
1327.27;1259.56;-67.71;2586.83
1328.28;1258.46;-69.82;2586.75
1329.61;1260.25;-69.36;2589.86
1327.26;1260.55;-66.71;2587.81
1326.58;1259.44;-67.14;2586.02
1326.02;1258.68;-67.35;2584.70
1329.87;1260.61;-69.26;2590.48
