1338.64;1268.16;-70.48;2606.81
1339.26;1265.36;-73.89;2604.62
1341.40;1263.48;-77.92;2604.88
1340.12;1266.51;-73.61;2606.64
1338.02;1268.24;-69.78;2606.25
1339.38;1265.69;-73.69;2605.08
1340.59;1263.78;-76.82;2604.37
1339.70;1265.24;-74.46;2604.94
1338.45;1267.56;-70.88;2606.01
1338.88;1265.12;-73.75;2604.00
1339.75;1263.32;-76.43;2603.08
1339.21;1265.66;-73.55;2604.87
1338.32;1267.93;-70.39;2606.25
1338.86;1265.06;-73.79;2603.92
1340.15;1263.36;-76.78;2603.51
1339.55;1266.50;-73.05;2606.05
1338.71;1268.86;-69.85;2607.56
1338.87;1266.14;-72.73;2605.01
1340.49;1262.72;-77.77;2603.22
1339.75;1265.64;-74.11;2605.39
1338.16;1267.92;-70.24;2606.08
1339.18;1265.54;-73.65;2604.72
1340.42;1263.26;-77.15;2603.68
1339.34;1266.26;-73.07;2605.60
1337.71;1268.44;-69.27;2606.14
1338.82;1266.21;-72.62;2605.03
1339.93;1263.61;-76.32;2603.54
1339.45;1266.77;-72.68;2606.22
1337.60;1267.82;-69.78;2605.42
1338.62;1265.47;-73.15;2604.09
1340.21;1263.56;-76.65;2603.78
1339.77;1266.31;-73.46;2606.08
1338.41;1268.63;-69.78;2607.04
1339.20;1265.25;-73.95;2604.45
1339.99;1264.44;-75.55;2604.43
1339.28;1265.46;-73.81;2604.74
1337.61;1268.11;-69.51;2605.72
1338.82;1265.37;-73.45;2604.19
1340.68;1262.31;-78.36;2602.99
1340.22;1265.94;-74.28;2606.16
1338.67;1267.78;-70.89;2606.45
1339.28;1265.20;-74.08;2604.48
1341.69;1263.82;-77.87;2605.51
1339.49;1266.15;-73.34;2605.64
1338.47;1267.94;-70.53;2606.41
1338.25;1265.28;-72.98;2603.53
1339.59;1263.48;-76.12;2603.07
1339.48;1266.39;-73.09;2605.87
1337.46;1268.54;-68.92;2606.01
1337.09;1266.21;-70.88;2603.29
1339.63;1264.43;-75.20;2604.06
1340.81;1267.34;-73.46;2608.15
1337.48;1269.58;-67.90;2607.06
1338.58;1266.09;-72.48;2604.67
1339.22;1264.48;-74.74;2603.70
1340.37;1267.05;-73.32;2607.42
1338.51;1268.92;-69.58;2607.43
1337.95;1266.31;-71.64;2604.25
1339.79;1262.77;-77.02;2602.56
1339.24;1266.75;-72.48;2605.99
1337.84;1268.23;-69.61;2606.07
1338.48;1265.35;-73.14;2603.83
1340.95;1263.31;-77.64;2604.25
1339.58;1267.22;-72.36;2606.80
1337.95;1268.22;-69.73;2606.16
1338.66;1266.30;-72.36;2604.96
1341.04;1263.46;-77.58;2604.51
1338.84;1266.43;-72.41;2605.26
1338.36;1268.78;-69.58;2607.14
1338.77;1265.62;-73.15;2604.39
1339.67;1262.98;-76.69;2602.65
1339.14;1265.48;-73.66;2604.62
1338.44;1268.25;-70.19;2606.69
1338.81;1266.34;-72.47;2605.14
1340.35;1263.29;-77.05;2603.64
1340.39;1266.47;-73.92;2606.86
1338.65;1267.84;-70.81;2606.49
1339.17;1264.42;-74.75;2603.59
1339.08;1263.65;-75.43;2602.74
1339.57;1266.60;-72.97;2606.17
1337.92;1268.53;-69.39;2606.45
1338.75;1265.25;-73.51;2604.00
1340.65;1263.44;-77.21;2604.09
1339.95;1266.37;-73.58;2606.32
1338.79;1267.91;-70.88;2606.69
1339.13;1264.51;-74.62;2603.64
1340.56;1262.29;-78.27;2602.86
1340.06;1266.56;-73.49;2606.62
1339.58;1267.59;-71.99;2607.18
1340.10;1265.27;-74.83;2605.37
1339.86;1263.21;-76.66;2603.07
1339.34;1266.10;-73.24;2605.44
1337.41;1268.62;-68.79;2606.03
1338.35;1266.62;-71.73;2604.98
1340.30;1264.18;-76.12;2604.48
1339.40;1267.54;-71.86;2606.94
1337.70;1268.70;-69.00;2606.40
1338.08;1266.61;-71.47;2604.68
1340.05;1264.16;-75.89;2604.22
1339.84;1266.28;-73.56;2606.12
1337.80;1268.12;-69.68;2605.92
1338.28;1265.85;-72.43;2604.14
1339.59;1264.01;-75.58;2603.61
1338.82;1266.85;-71.98;2605.67
1338.48;1267.48;-71.00;2605.95
1338.14;1265.48;-72.66;2603.62
1339.82;1264.34;-75.48;2604.16
1339.14;1266.72;-72.42;2605.86
1337.85;1268.32;-69.54;2606.17
1338.82;1265.89;-72.92;2604.71
1339.34;1264.04;-75.29;2603.38
1339.14;1266.50;-72.64;2605.64
1337.39;1267.91;-69.48;2605.31
1338.23;1266.23;-72.00;2604.46
1339.54;1263.42;-76.11;2602.96
1338.86;1266.22;-72.65;2605.08
1337.39;1268.84;-68.55;2606.23
1338.11;1265.54;-72.57;2603.64
1340.25;1261.21;-79.05;2601.46
1339.81;1266.59;-73.21;2606.40
1337.45;1268.41;-69.04;2605.86
1339.11;1265.98;-73.12;2605.09
1340.22;1264.19;-76.03;2604.41
1339.78;1267.14;-72.65;2606.92
1337.88;1269.31;-68.58;2607.19
1338.65;1266.30;-72.35;2604.95
1339.50;1264.88;-74.62;2604.38
1339.14;1267.34;-71.80;2606.48
1337.15;1268.65;-68.51;2605.80
1338.85;1265.99;-72.86;2604.84
1339.81;1264.48;-75.34;2604.29
1339.76;1267.11;-72.65;2606.86
1337.90;1268.29;-69.61;2606.19
1338.49;1265.98;-72.51;2604.47
1339.43;1263.74;-75.69;2603.17
1339.19;1265.80;-73.39;2604.99
1338.12;1268.01;-70.12;2606.13
1338.79;1265.25;-73.54;2604.05
1340.15;1263.50;-76.65;2603.65
1339.78;1265.88;-73.90;2605.65
1339.06;1266.88;-72.18;2605.94
1339.75;1265.35;-74.39;2605.10
1340.50;1263.56;-76.94;2604.06
1339.49;1266.77;-72.72;2606.26
1338.20;1268.37;-69.83;2606.57
1338.70;1265.45;-73.25;2604.15
1339.89;1262.84;-77.05;2602.73
1339.97;1267.02;-72.95;2606.99
1338.56;1267.63;-70.94;2606.19
1338.78;1265.04;-73.74;2603.81
1340.05;1263.43;-76.62;2603.48
1340.09;1266.57;-73.52;2606.66
1338.14;1267.76;-70.37;2605.90
1338.92;1265.95;-72.98;2604.87
1339.91;1262.34;-77.57;2602.24
1338.78;1266.44;-72.34;2605.22
1337.88;1268.85;-69.02;2606.73
1338.95;1265.73;-73.22;2604.68
1339.65;1263.71;-75.94;2603.35
1339.09;1266.51;-72.59;2605.60
1338.71;1267.18;-71.54;2605.89
1338.92;1265.64;-73.28;2604.56
1339.81;1263.69;-76.12;2603.50
1338.32;1266.23;-72.09;2604.55
1339.54;1268.28;-71.26;2607.82
1338.83;1265.45;-73.38;2604.28
1339.95;1263.42;-76.54;2603.37
1339.84;1266.68;-73.16;2606.51
1338.61;1268.69;-69.91;2607.30
1338.92;1265.12;-73.79;2604.04
1340.37;1263.05;-77.32;2603.42
1339.95;1265.79;-74.15;2605.74
1338.49;1268.26;-70.24;2606.75
1339.73;1265.20;-74.53;2604.93
1341.05;1262.53;-78.52;2603.58
1340.01;1266.02;-73.99;2606.02
1338.51;1266.97;-71.54;2605.48
1339.11;1265.82;-73.29;2604.93
1340.25;1263.00;-77.25;2603.25
1339.87;1266.02;-73.85;2605.89
1337.91;1267.86;-70.05;2605.76
1339.05;1265.46;-73.59;2604.52
1340.17;1264.02;-76.15;2604.19
1338.84;1266.94;-71.90;2605.78
1338.45;1267.94;-70.51;2606.39
1339.04;1265.98;-73.06;2605.02
1340.48;1263.11;-77.38;2603.59
1339.92;1267.25;-72.66;2607.17
1337.97;1268.59;-69.38;2606.56
1339.22;1265.63;-73.59;2604.85
1339.69;1263.52;-76.18;2603.21
1339.85;1265.74;-74.11;2605.58
1338.18;1268.30;-69.88;2606.48
1338.54;1264.73;-73.81;2603.27
1341.28;1263.61;-77.67;2604.89
1339.41;1266.62;-72.79;2606.03
1338.97;1268.74;-70.24;2607.71
1338.63;1266.32;-72.31;2604.95
1340.10;1263.04;-77.06;2603.14
1339.12;1267.23;-71.89;2606.35
1337.92;1268.18;-69.75;2606.10
1338.56;1265.99;-72.56;2604.55
1339.94;1264.60;-75.34;2604.54
1338.56;1266.71;-71.85;2605.26
1337.60;1269.26;-68.34;2606.86
1337.84;1266.71;-71.13;2604.54
1339.18;1264.33;-74.85;2603.51
1338.64;1266.84;-71.81;2605.48
1337.64;1269.04;-68.59;2606.68
1338.27;1266.97;-71.30;2605.24
1339.39;1264.43;-74.96;2603.82
1338.84;1266.91;-71.92;2605.75
1337.62;1268.41;-69.22;2606.03
1338.10;1265.55;-72.55;2603.65
1339.99;1263.90;-76.09;2603.89
1339.05;1267.13;-71.92;2606.18
1338.60;1268.22;-70.38;2606.82
1338.98;1265.52;-73.46;2604.51
1339.71;1263.50;-76.21;2603.21
1339.49;1266.59;-72.91;2606.08
1338.52;1267.20;-71.32;2605.72
1338.99;1265.15;-73.85;2604.14
1340.01;1264.12;-75.89;2604.12
1339.07;1266.60;-72.47;2605.67
1338.22;1267.33;-70.89;2605.55
1338.50;1265.69;-72.81;2604.19
1339.85;1264.34;-75.51;2604.18
1338.53;1266.91;-71.62;2605.44
1337.75;1267.94;-69.81;2605.69
1338.81;1265.59;-73.22;2604.40
1340.29;1263.71;-76.58;2603.99
1339.23;1267.00;-72.23;2606.23
1338.44;1268.50;-69.94;2606.94
1339.32;1265.16;-74.16;2604.49
1339.96;1263.35;-76.62;2603.31
1339.58;1266.79;-72.79;2606.38
1338.42;1268.19;-70.22;2606.61
1340.17;1265.38;-74.79;2605.55
1340.40;1263.51;-76.89;2603.91
1339.18;1266.02;-73.15;2605.20
1338.32;1268.29;-70.03;2606.62
1338.68;1265.61;-73.06;2604.29
1340.64;1263.74;-76.91;2604.38
1340.53;1266.05;-74.48;2606.58
1338.36;1268.13;-70.23;2606.49
1338.80;1265.03;-73.77;2603.83
1340.61;1264.15;-76.45;2604.76
1340.03;1266.90;-73.13;2606.93
1337.37;1267.97;-69.40;2605.34
1339.06;1265.14;-73.92;2604.20
1339.66;1263.66;-75.99;2603.32
1340.35;1266.08;-74.27;2606.44
1337.66;1268.45;-69.21;2606.11
1339.08;1265.59;-73.49;2604.66
1340.49;1263.39;-77.09;2603.88
1339.81;1265.32;-74.49;2605.13
1338.69;1267.66;-71.03;2606.35
1338.75;1265.00;-73.75;2603.75
1340.52;1263.59;-76.93;2604.12
1339.74;1265.92;-73.82;2605.66
1338.59;1267.61;-70.98;2606.20
1339.06;1264.53;-74.54;2603.59
1340.86;1263.79;-77.07;2604.65
1339.11;1266.55;-72.56;2605.66
1338.47;1267.36;-71.11;2605.84
1338.54;1264.39;-74.14;2602.93
1339.93;1262.84;-77.09;2602.77
1339.08;1266.60;-72.48;2605.68
1338.34;1267.52;-70.82;2605.85
1337.14;1264.89;-72.24;2602.03
1340.04;1263.37;-76.67;2603.41
1339.54;1266.66;-72.88;2606.21
1337.78;1268.67;-69.11;2606.45
1338.65;1265.52;-73.13;2604.16
1339.80;1263.15;-76.65;2602.95
1339.46;1265.99;-73.47;2605.45
1339.08;1267.99;-71.09;2607.06
1338.82;1265.86;-72.96;2604.68
1339.74;1262.98;-76.76;2602.72
1339.41;1266.48;-72.92;2605.89
1338.55;1267.89;-70.66;2606.44
1338.21;1265.07;-73.14;2603.28
1340.62;1263.36;-77.26;2603.99
1340.24;1266.75;-73.48;2606.99
1337.59;1268.63;-68.96;2606.22
1338.91;1265.08;-73.84;2603.99
1340.38;1263.45;-76.92;2603.83
1339.85;1265.16;-74.69;2605.02
1337.81;1267.78;-70.03;2605.59
1338.96;1265.44;-73.52;2604.40
1339.81;1264.17;-75.64;2603.98
1339.22;1266.14;-73.08;2605.35
1339.11;1267.94;-71.16;2607.05
1338.43;1265.33;-73.10;2603.76
1340.40;1263.85;-76.55;2604.25
1339.30;1266.24;-73.06;2605.54
1338.00;1268.26;-69.74;2606.26
1339.23;1265.68;-73.55;2604.91
1339.98;1263.19;-76.79;2603.18
1340.11;1265.64;-74.48;2605.75
1338.41;1267.25;-71.15;2605.66
1338.69;1265.19;-73.51;2603.88
1340.34;1263.18;-77.15;2603.52
1339.76;1266.50;-73.26;2606.26
1338.66;1267.86;-70.79;2606.52
1338.19;1264.99;-73.20;2603.19
1340.18;1263.19;-76.99;2603.37
1339.65;1265.52;-74.13;2605.18
1339.34;1268.11;-71.23;2607.45
1339.12;1264.84;-74.29;2603.96
1340.39;1262.69;-77.70;2603.09
1340.19;1265.74;-74.45;2605.94
1338.21;1267.85;-70.36;2606.06
1339.56;1265.29;-74.28;2604.85
1341.95;1262.96;-78.99;2604.91
1340.09;1266.01;-74.09;2606.10
1338.93;1267.82;-71.11;2606.75
1339.62;1264.88;-74.74;2604.51
1340.86;1263.65;-77.21;2604.51
1340.50;1265.81;-74.69;2606.31
1339.15;1267.36;-71.79;2606.51
1339.63;1265.25;-74.38;2604.88
1340.55;1263.78;-76.77;2604.32
1340.88;1265.66;-75.21;2606.54
1338.23;1266.32;-71.91;2604.55
1338.46;1265.22;-73.24;2603.68
1340.09;1263.88;-76.21;2603.97
1340.37;1266.38;-73.99;2606.75
1338.35;1267.97;-70.38;2606.32
1338.48;1265.05;-73.44;2603.53
1340.31;1263.55;-76.76;2603.86
1340.91;1265.72;-75.19;2606.62
1337.92;1266.62;-71.30;2604.55
1339.11;1265.58;-73.54;2604.69
1340.02;1263.36;-76.66;2603.38
1340.74;1265.96;-74.78;2606.71
1338.35;1266.70;-71.65;2605.05
1338.55;1264.94;-73.61;2603.48
1340.34;1263.68;-76.66;2604.02
1341.04;1266.40;-74.64;2607.44
1338.88;1267.38;-71.49;2606.26
1338.88;1264.98;-73.89;2603.86
1339.62;1264.22;-75.39;2603.84
1339.69;1265.88;-73.82;2605.57
1338.20;1267.91;-70.29;2606.11
1338.81;1265.61;-73.20;2604.42
1338.86;1263.16;-75.71;2602.02
1339.90;1265.15;-74.75;2605.05
1338.44;1267.99;-70.45;2606.43
1338.62;1264.63;-73.99;2603.25
1340.84;1263.80;-77.04;2604.64
1340.02;1265.69;-74.32;2605.71
1338.85;1267.61;-71.24;2606.46
1338.21;1265.60;-72.61;2603.81
1340.59;1262.52;-78.07;2603.12
1339.42;1266.28;-73.14;2605.70
1338.34;1267.91;-70.43;2606.24
1339.50;1265.39;-74.11;2604.89
1340.92;1264.05;-76.87;2604.96
1341.06;1266.44;-74.63;2607.50
1339.15;1267.50;-71.65;2606.65
1338.78;1265.98;-72.80;2604.76
1340.21;1263.38;-76.83;2603.59
1339.49;1266.40;-73.09;2605.89
1338.27;1267.75;-70.52;2606.02
1339.34;1265.41;-73.92;2604.75
1340.10;1263.57;-76.53;2603.67
1340.95;1265.95;-75.00;2606.91
1338.19;1268.21;-69.98;2606.39
1338.28;1265.39;-72.89;2603.66
1339.94;1263.86;-76.08;2603.80
1340.19;1266.91;-73.28;2607.11
1337.68;1268.64;-69.04;2606.32
1338.04;1265.58;-72.46;2603.62
1339.77;1264.22;-75.55;2603.99
1339.23;1267.07;-72.16;2606.30
1338.12;1268.27;-69.85;2606.39
1337.41;1265.86;-71.55;2603.27
1339.58;1264.65;-74.93;2604.24
1340.39;1266.21;-74.19;2606.60
1338.38;1268.29;-70.09;2606.66
1337.94;1266.29;-71.65;2604.22
1339.62;1263.69;-75.93;2603.32
1339.11;1266.98;-72.13;2606.08
1336.85;1269.13;-67.72;2605.98
1338.55;1265.82;-72.73;2604.38
1339.90;1263.19;-76.71;2603.09
1339.49;1266.01;-73.49;2605.50
1338.46;1267.95;-70.52;2606.41
1338.81;1265.47;-73.34;2604.28
1340.16;1262.93;-77.24;2603.09
1340.62;1265.25;-75.36;2605.87
1339.02;1267.71;-71.31;2606.73
1339.73;1265.50;-74.23;2605.23
1339.91;1263.16;-76.75;2603.06
1339.98;1265.52;-74.46;2605.51
1337.56;1267.17;-70.39;2604.73
1339.05;1265.85;-73.20;2604.89
1340.95;1263.97;-76.98;2604.92
1340.17;1266.26;-73.91;2606.43
1338.28;1267.62;-70.65;2605.90
1338.54;1265.56;-72.98;2604.11
1340.84;1263.65;-77.19;2604.48
1340.03;1266.27;-73.76;2606.30
1338.29;1268.25;-70.04;2606.55
1339.02;1266.09;-72.94;2605.11
1339.64;1264.08;-75.56;2603.71
1340.04;1266.44;-73.60;2606.48
1337.93;1268.16;-69.77;2606.09
1338.73;1265.79;-72.94;2604.52
1339.68;1264.35;-75.33;2604.02
1339.71;1265.62;-74.09;2605.32
1337.96;1268.25;-69.72;2606.21
1338.51;1265.84;-72.67;2604.35
1339.59;1264.26;-75.33;2603.85
1339.16;1266.39;-72.76;2605.55
1337.95;1268.69;-69.26;2606.64
1337.63;1265.74;-71.89;2603.36
1340.16;1264.71;-75.46;2604.87
1338.98;1267.02;-71.96;2606.00
1337.23;1268.01;-69.22;2605.24
1337.67;1266.56;-71.11;2604.23
1339.15;1264.29;-74.86;2603.44
1339.59;1266.51;-73.08;2606.11
1338.16;1268.61;-69.55;2606.78
1337.81;1266.18;-71.64;2603.99
1339.06;1263.72;-75.34;2602.78
1339.02;1266.14;-72.88;2605.15
1338.28;1268.08;-70.20;2606.36
1338.06;1266.05;-72.01;2604.11
1339.17;1264.58;-74.59;2603.75
1339.41;1266.94;-72.48;2606.35
1337.40;1267.43;-69.97;2604.83
1338.46;1264.54;-73.92;2602.99
1340.91;1264.22;-76.69;2605.12
1339.55;1266.63;-72.92;2606.18
1336.91;1268.22;-68.69;2605.12
1338.72;1265.87;-72.85;2604.59
1340.73;1263.80;-76.93;2604.53
1339.08;1266.69;-72.39;2605.77
1338.41;1267.58;-70.83;2605.98
1338.65;1264.99;-73.66;2603.64
1340.23;1262.56;-77.66;2602.79
1339.96;1266.36;-73.61;2606.32
1338.09;1266.48;-71.61;2604.57
1338.42;1265.48;-72.94;2603.91
1341.04;1263.15;-77.88;2604.19
1340.78;1265.64;-75.15;2606.42
1340.25;1267.46;-72.78;2607.71
1339.21;1264.68;-74.52;2603.89
1341.13;1262.59;-78.54;2603.72
1340.46;1265.99;-74.48;2606.45
1338.71;1266.86;-71.85;2605.58
1339.20;1265.33;-73.87;2604.53
1341.33;1263.13;-78.20;2604.46
1340.45;1266.19;-74.26;2606.64
1339.12;1267.33;-71.79;2606.45
1339.42;1265.01;-74.41;2604.42
1341.21;1264.17;-77.04;2605.38
1340.00;1265.21;-74.79;2605.21
1338.66;1267.21;-71.45;2605.88
1340.74;1265.70;-75.04;2606.44
1339.12;1263.62;-75.51;2602.74
1340.42;1265.80;-74.62;2606.22
1338.36;1267.58;-70.78;2605.94
1338.02;1264.87;-73.15;2602.89
1341.25;1263.70;-77.55;2604.95
1340.61;1265.75;-74.86;2606.35
1338.84;1266.81;-72.03;2605.64
1338.91;1264.89;-74.02;2603.79
1342.24;1263.55;-78.69;2605.78
1340.69;1265.74;-74.95;2606.42
1338.52;1267.37;-71.15;2605.89
1339.72;1263.97;-75.75;2603.69
1340.48;1263.07;-77.41;2603.55
1340.28;1264.61;-75.67;2604.88
1338.56;1266.66;-71.91;2605.22
1338.74;1265.01;-73.74;2603.75
1340.62;1262.92;-77.69;2603.54
1339.68;1265.75;-73.93;2605.44
1339.82;1267.88;-71.94;2607.70
1339.58;1264.64;-74.94;2604.22
1340.31;1263.45;-76.86;2603.76
1340.72;1265.49;-75.23;2606.21
1338.76;1267.24;-71.52;2605.99
1338.77;1264.55;-74.22;2603.32
1341.42;1263.31;-78.11;2604.73
1341.18;1265.44;-75.74;2606.62
1339.29;1267.18;-72.11;2606.47
1339.46;1265.04;-74.43;2604.50
1340.94;1262.46;-78.48;2603.41
1341.39;1264.80;-76.59;2606.19
1339.44;1266.41;-73.03;2605.85
1339.55;1263.93;-75.62;2603.48
1340.84;1262.85;-77.99;2603.69
1340.53;1265.87;-74.66;2606.40
1339.16;1267.72;-71.44;2606.89
1339.49;1264.43;-75.06;2603.92
1340.89;1262.24;-78.65;2603.14
1341.04;1265.46;-75.58;2606.50
1338.94;1267.30;-71.64;2606.24
1340.56;1264.37;-76.19;2604.93
1340.70;1262.80;-77.90;2603.50
1340.10;1265.72;-74.38;2605.82
1338.73;1267.58;-71.15;2606.31
1339.66;1264.06;-75.59;2603.72
1341.45;1262.94;-78.51;2604.39
1340.47;1264.98;-75.49;2605.45
1339.64;1267.29;-72.34;2606.93
1340.29;1264.81;-75.48;2605.10
1341.35;1261.81;-79.54;2603.16
1339.02;1265.55;-73.47;2604.56
1338.86;1267.71;-71.15;2606.58
1338.18;1264.65;-73.53;2602.84
1340.68;1263.08;-77.61;2603.76
1341.07;1266.34;-74.74;2607.41
1338.41;1267.83;-70.58;2606.24
1337.71;1264.89;-72.82;2602.60
1340.98;1263.08;-77.91;2604.06
1340.63;1265.75;-74.88;2606.38
1338.19;1267.49;-70.69;2605.68
1338.20;1264.92;-73.28;2603.12
1340.71;1263.20;-77.51;2603.91
1339.99;1266.51;-73.49;2606.50
1339.08;1266.87;-72.21;2605.95
1338.39;1264.18;-74.21;2602.57
1340.82;1263.29;-77.53;2604.12
1340.15;1265.84;-74.32;2605.99
1339.12;1267.36;-71.75;2606.48
1339.21;1265.34;-73.87;2604.55
1339.88;1263.94;-75.94;2603.81
1340.06;1266.77;-73.29;2606.83
1338.84;1267.68;-71.16;2606.52
1339.55;1265.35;-74.19;2604.90
1341.08;1263.63;-77.45;2604.71
1340.44;1266.45;-73.99;2606.89
1338.91;1267.48;-71.43;2606.38
1339.42;1265.15;-74.27;2604.56
1341.11;1263.32;-77.79;2604.43
1339.75;1265.28;-74.48;2605.03
1338.07;1268.14;-69.93;2606.21
1339.35;1265.12;-74.22;2604.47
1340.29;1263.38;-76.91;2603.68
1340.19;1266.13;-74.06;2606.32
1338.61;1267.76;-70.85;2606.38
1338.02;1265.78;-72.24;2603.79
1339.94;1264.52;-75.42;2604.45
1339.71;1267.01;-72.71;2606.72
1337.89;1268.04;-69.85;2605.94
1338.55;1265.62;-72.94;2604.17
1340.16;1263.63;-76.54;2603.79
1339.79;1267.07;-72.72;2606.86
1337.73;1268.16;-69.57;2605.89
1338.81;1265.56;-73.25;2604.37
1341.62;1263.45;-78.17;2605.08
1340.07;1266.35;-73.72;2606.42
1338.60;1267.88;-70.72;2606.48
1339.27;1265.39;-73.88;2604.66
1339.52;1263.83;-75.69;2603.35
1339.50;1266.07;-73.43;2605.57
1338.64;1267.62;-71.02;2606.26
1338.81;1265.29;-73.52;2604.10
1341.02;1263.34;-77.68;2604.36
1339.64;1265.84;-73.79;2605.48
1338.96;1267.62;-71.34;2606.58
1338.51;1264.99;-73.51;2603.50
1340.69;1262.75;-77.95;2603.44
1340.26;1265.52;-74.74;2605.79
1338.46;1267.82;-70.65;2606.28
1339.12;1265.36;-73.76;2604.48
1340.88;1263.92;-76.95;2604.80
1340.00;1265.71;-74.29;2605.71
1338.10;1267.91;-70.19;2606.01
1339.31;1265.19;-74.12;2604.51
1340.21;1263.35;-76.86;2603.56
1339.79;1265.49;-74.30;2605.28
1339.14;1267.35;-71.78;2606.49
1338.96;1265.22;-73.74;2604.19
1340.64;1263.44;-77.21;2604.08
1340.06;1265.81;-74.25;2605.87
1338.55;1267.54;-71.01;2606.09
1338.64;1265.81;-72.82;2604.45
1340.54;1263.56;-76.98;2604.10
1339.40;1265.76;-73.64;2605.16
1338.00;1267.78;-70.22;2605.78
1338.15;1264.91;-73.24;2603.06
1339.89;1263.25;-76.64;2603.15
1340.54;1264.86;-75.67;2605.40
1338.19;1267.74;-70.45;2605.92
1338.77;1266.10;-72.67;2604.87
1340.16;1263.46;-76.70;2603.62
1339.98;1265.87;-74.11;2605.85
1338.79;1266.52;-72.27;2605.31
1338.24;1265.08;-73.16;2603.31
1341.55;1263.72;-77.82;2605.27
1340.48;1266.35;-74.14;2606.83
1338.20;1267.59;-70.61;2605.79
1339.08;1264.80;-74.28;2603.88
1340.42;1263.72;-76.70;2604.15
1340.39;1266.16;-74.23;2606.56
1338.42;1267.17;-71.25;2605.59
1339.09;1264.29;-74.80;2603.38
1340.01;1263.76;-76.24;2603.77
1340.13;1265.91;-74.22;2606.04
1337.98;1267.70;-70.28;2605.68
1338.18;1265.35;-72.82;2603.53
1340.18;1264.14;-76.04;2604.32
1339.84;1266.75;-73.09;2606.59
1338.45;1267.69;-70.76;2606.15
1338.23;1265.94;-72.29;2604.17
1340.41;1264.18;-76.23;2604.58
1339.82;1266.13;-73.69;2605.95
1337.76;1268.08;-69.68;2605.84
1338.70;1265.58;-73.12;2604.28
1340.16;1263.81;-76.36;2603.97
1340.01;1265.98;-74.03;2605.98
1338.51;1268.45;-70.06;2606.95
1339.20;1265.72;-73.48;2604.92
1340.59;1264.05;-76.54;2604.64
1339.41;1266.10;-73.31;2605.51
1338.48;1267.24;-71.24;2605.72
1337.88;1265.72;-72.15;2603.60
1339.76;1262.90;-76.86;2602.66
1340.31;1266.46;-73.85;2606.77
1339.45;1266.79;-72.66;2606.25
1339.27;1265.39;-73.88;2604.66
1339.88;1264.41;-75.48;2604.29
1339.63;1266.12;-73.51;2605.75
1337.83;1267.94;-69.89;2605.77
1338.62;1265.41;-73.21;2604.02
1340.17;1264.38;-75.79;2604.55
1339.89;1266.66;-73.22;2606.55
1337.51;1268.47;-69.04;2605.98
1338.65;1264.87;-73.78;2603.52
1340.07;1263.87;-76.20;2603.94
1339.93;1266.69;-73.24;2606.62
1338.21;1268.64;-69.58;2606.85
1338.52;1266.24;-72.28;2604.76
1339.68;1264.04;-75.64;2603.72
1340.24;1265.85;-74.39;2606.09
1338.33;1267.81;-70.52;2606.14
1337.78;1265.58;-72.20;2603.36
1339.81;1263.66;-76.15;2603.46
1339.89;1266.24;-73.65;2606.13
1337.93;1268.22;-69.71;2606.15
1338.05;1265.42;-72.62;2603.47
1339.79;1263.75;-76.04;2603.54
1339.37;1265.72;-73.65;2605.09
1337.34;1268.12;-69.21;2605.46
1337.81;1265.62;-72.18;2603.43
1339.56;1263.29;-76.26;2602.85
1339.42;1266.63;-72.79;2606.05
1338.40;1268.22;-70.18;2606.62
1338.51;1265.44;-73.07;2603.94
1339.52;1263.10;-76.42;2602.62
1340.80;1266.08;-74.72;2606.88
1338.26;1267.92;-70.34;2606.18
1338.42;1264.42;-73.99;2602.84
1339.90;1263.42;-76.48;2603.32
1339.80;1266.25;-73.55;2606.05
1338.64;1268.53;-70.11;2607.16
1339.31;1265.04;-74.28;2604.35
1339.05;1263.49;-75.56;2602.55
1340.73;1265.49;-75.24;2606.22
1338.93;1267.69;-71.24;2606.62
1339.14;1264.65;-74.49;2603.79
1341.12;1263.27;-77.85;2604.39
1340.49;1264.78;-75.71;2605.28
1337.83;1267.21;-70.62;2605.04
1339.79;1265.12;-74.68;2604.91
1340.73;1263.94;-76.79;2604.67
1340.52;1265.35;-75.18;2605.87
1339.14;1267.44;-71.69;2606.58
1339.53;1265.06;-74.47;2604.59
1340.84;1262.28;-78.56;2603.11
1340.94;1264.85;-76.09;2605.78
1338.62;1267.41;-71.22;2606.03
1338.92;1264.49;-74.44;2603.41
1341.01;1263.12;-77.89;2604.12
1340.55;1265.77;-74.78;2606.32
1339.39;1267.65;-71.74;2607.04
1339.45;1265.15;-74.29;2604.60
1341.54;1263.46;-78.08;2604.99
1341.33;1265.90;-75.43;2607.23
1339.10;1267.84;-71.26;2606.94
1338.24;1265.11;-73.13;2603.34
1341.44;1262.38;-79.06;2603.81
1340.87;1265.77;-75.10;2606.64
1338.45;1267.05;-71.40;2605.51
1339.41;1265.33;-74.08;2604.74
1340.76;1263.08;-77.69;2603.84
1340.26;1266.48;-73.78;2606.74
1339.05;1267.21;-71.84;2606.26
1338.86;1265.11;-73.75;2603.96
1341.22;1263.25;-77.98;2604.47
1340.24;1265.88;-74.36;2606.11
1339.42;1267.51;-71.91;2606.92
1338.79;1264.24;-74.55;2603.04
1340.44;1263.41;-77.02;2603.85
1340.62;1266.19;-74.43;2606.81
1338.49;1267.49;-71.00;2605.98
1339.12;1264.89;-74.22;2604.01
1340.45;1262.44;-78.02;2602.89
1339.77;1266.66;-73.11;2606.44
1338.78;1267.68;-71.09;2606.46
1338.61;1264.94;-73.66;2603.55
1341.31;1263.32;-77.98;2604.63
1341.11;1266.03;-75.08;2607.14
1337.98;1268.03;-69.95;2606.01
1338.45;1265.46;-72.99;2603.92
1340.21;1263.65;-76.56;2603.86
1339.63;1265.79;-73.84;2605.42
1337.83;1267.53;-70.30;2605.36
1338.34;1266.07;-72.27;2604.41
1339.63;1263.87;-75.76;2603.50
1339.12;1266.98;-72.14;2606.10
1337.38;1268.96;-68.41;2606.34
1338.45;1265.78;-72.67;2604.22
1339.31;1263.92;-75.39;2603.22
1339.87;1267.01;-72.86;2606.88
1338.11;1267.69;-70.42;2605.81
1338.76;1265.68;-73.08;2604.44
1339.83;1263.31;-76.52;2603.14
1339.56;1265.92;-73.64;2605.49
1338.19;1268.36;-69.84;2606.55
1337.88;1265.58;-72.29;2603.46
1340.66;1263.93;-76.73;2604.59
1340.00;1266.68;-73.32;2606.68
1338.42;1267.92;-70.51;2606.34
1339.09;1265.64;-73.45;2604.74
1340.42;1264.49;-75.93;2604.92
1340.95;1266.39;-74.56;2607.35
1338.14;1266.87;-71.26;2605.01
1338.95;1265.99;-72.96;2604.94
1340.14;1264.34;-75.80;2604.47
1339.56;1265.96;-73.61;2605.52
1337.91;1267.81;-70.10;2605.72
1338.52;1265.19;-73.32;2603.71
1340.91;1263.67;-77.24;2604.58
1340.05;1265.83;-74.22;2605.88
1338.80;1267.59;-71.21;2606.39
1339.12;1265.03;-74.09;2604.15
1340.28;1264.16;-76.11;2604.44
1340.12;1266.32;-73.80;2606.45
1338.75;1268.56;-70.19;2607.31
1338.56;1265.50;-73.06;2604.06
1340.25;1264.14;-76.11;2604.39
1339.46;1266.96;-72.50;2606.42
1338.51;1267.95;-70.56;2606.46
1337.64;1265.40;-72.24;2603.04
1340.11;1263.84;-76.27;2603.94
1341.02;1265.55;-75.47;2606.58
1337.62;1268.46;-69.16;2606.09
1339.26;1265.66;-73.59;2604.92
1340.11;1263.54;-76.58;2603.65
1340.26;1266.57;-73.69;2606.83
1338.32;1267.49;-70.84;2605.81
1338.68;1265.35;-73.33;2604.04
1340.66;1264.36;-76.29;2605.02
1340.25;1265.12;-75.12;2605.37
1339.24;1267.39;-71.85;2606.64
1338.06;1265.12;-72.94;2603.18
1341.60;1263.48;-78.12;2605.08
1340.64;1267.11;-73.53;2607.75
1338.89;1267.88;-71.01;2606.78
1338.26;1265.32;-72.95;2603.58
1339.96;1264.28;-75.68;2604.24
1340.11;1266.59;-73.52;2606.70
1337.90;1267.82;-70.08;2605.72
1337.91;1264.44;-73.46;2602.35
1340.35;1264.57;-75.78;2604.92
1340.40;1266.76;-73.64;2607.16
1338.47;1267.79;-70.68;2606.26
1338.51;1265.38;-73.12;2603.89
1340.25;1263.49;-76.76;2603.74
1340.24;1266.05;-74.18;2606.29
1338.25;1267.70;-70.55;2605.95
1338.82;1265.57;-73.25;2604.39
1340.85;1262.54;-78.32;2603.39
1340.40;1266.00;-74.40;2606.40
1337.01;1267.18;-69.83;2604.18
1338.34;1264.47;-73.87;2602.81
1340.65;1263.29;-77.36;2603.94
1340.10;1266.38;-73.72;2606.48
1338.02;1267.64;-70.38;2605.65
1338.06;1265.69;-72.38;2603.75
1340.76;1263.27;-77.49;2604.04
1340.15;1266.75;-73.40;2606.89
1339.32;1267.27;-72.05;2606.59
1338.48;1264.82;-73.66;2603.29
1340.58;1263.46;-77.12;2604.04
1340.37;1264.82;-75.55;2605.19
1338.15;1268.08;-70.06;2606.23
1338.73;1265.72;-73.01;2604.45
1340.57;1263.94;-76.63;2604.51
1340.02;1266.28;-73.74;2606.31
1338.61;1268.16;-70.45;2606.77
1338.35;1266.25;-72.10;2604.59
1340.54;1263.68;-76.85;2604.22
1339.59;1266.24;-73.35;2605.84
1337.95;1268.30;-69.65;2606.25
1337.84;1265.33;-72.51;2603.17
1339.44;1263.44;-75.99;2602.88
1340.66;1266.75;-73.91;2607.42
1338.31;1267.84;-70.47;2606.15
1338.33;1265.50;-72.83;2603.83
1340.50;1264.13;-76.37;2604.63
1339.95;1265.99;-73.96;2605.94
1337.62;1268.21;-69.41;2605.84
1338.56;1264.66;-73.90;2603.23
1339.76;1264.48;-75.28;2604.24
1340.33;1266.46;-73.87;2606.79
1338.41;1268.21;-70.20;2606.61
1337.71;1266.28;-71.43;2603.98
1340.34;1263.67;-76.67;2604.01
1339.54;1266.34;-73.20;2605.87
1338.15;1267.60;-70.55;2605.75
1337.61;1265.36;-72.24;2602.97
1339.99;1263.76;-76.23;2603.75
1340.28;1266.07;-74.21;2606.35
1338.04;1268.23;-69.81;2606.26
1337.84;1265.80;-72.04;2603.64
1339.25;1264.32;-74.94;2603.57
1339.36;1266.89;-72.46;2606.25
1337.85;1268.58;-69.27;2606.42
1337.78;1265.76;-72.02;2603.55
1340.04;1263.90;-76.14;2603.94
1339.09;1266.39;-72.71;2605.48
1338.94;1268.36;-70.57;2607.30
1338.66;1265.94;-72.73;2604.60
1339.88;1262.84;-77.04;2602.72
1340.19;1266.12;-74.07;2606.32
1339.64;1267.27;-72.36;2606.91
1339.02;1265.00;-74.02;2604.02
1339.82;1263.61;-76.21;2603.43
1340.48;1265.85;-74.63;2606.34
1338.49;1268.00;-70.49;2606.49
1338.91;1265.30;-73.61;2604.21
1340.48;1263.99;-76.49;2604.46
1340.89;1266.04;-74.85;2606.94
1338.12;1267.94;-70.18;2606.06
1338.74;1265.74;-73.01;2604.48
1340.66;1263.62;-77.04;2604.28
1340.83;1265.43;-75.40;2606.26
1338.94;1266.96;-71.98;2605.91
1339.09;1264.36;-74.73;2603.45
1340.69;1262.76;-77.93;2603.45
1340.46;1265.38;-75.08;2605.84
1338.91;1266.76;-72.15;2605.67
1339.06;1265.12;-73.95;2604.18
1341.08;1263.43;-77.65;2604.51
1340.31;1265.33;-74.98;2605.64
1338.58;1266.64;-71.94;2605.21
1339.81;1264.79;-75.02;2604.61
1341.40;1263.06;-78.34;2604.46
1340.39;1265.49;-74.89;2605.88
1339.26;1267.61;-71.66;2606.87
1339.13;1264.86;-74.27;2603.99
1340.84;1263.82;-77.02;2604.66
1340.34;1265.50;-74.84;2605.84
1339.29;1266.89;-72.40;2606.19
1338.99;1265.41;-73.59;2604.40
1341.08;1263.05;-78.03;2604.14
1339.40;1265.91;-73.49;2605.31
1339.21;1267.48;-71.72;2606.69
1338.55;1265.60;-72.95;2604.15
1340.12;1263.76;-76.36;2603.88
1340.66;1265.89;-74.77;2606.56
1338.58;1266.74;-71.84;2605.32
1339.41;1264.59;-74.82;2604.00
1340.33;1264.02;-76.31;2604.35
1341.30;1265.43;-75.87;2606.73
1338.76;1267.15;-71.62;2605.91
1339.06;1265.04;-74.02;2604.09
1341.38;1263.09;-78.29;2604.48
1341.76;1265.50;-76.26;2607.26
1339.24;1266.98;-72.26;2606.22
1339.09;1264.91;-74.19;2604.00
1341.08;1261.71;-79.37;2602.79
1341.44;1265.68;-75.76;2607.11
1339.71;1267.31;-72.41;2607.02
1339.14;1264.65;-74.48;2603.79
1341.18;1263.39;-77.78;2604.57
1340.96;1264.64;-76.32;2605.60
1339.08;1266.90;-72.18;2605.98
1339.24;1263.52;-75.72;2602.76
1340.62;1262.93;-77.69;2603.55
1340.96;1266.15;-74.81;2607.11
1339.15;1266.56;-72.58;2605.71
1338.89;1265.05;-73.84;2603.94
1340.39;1263.75;-76.64;2604.14
1341.13;1265.59;-75.54;2606.72
1339.12;1266.85;-72.27;2605.96
1339.03;1264.71;-74.32;2603.74
1340.30;1263.01;-77.29;2603.31
1341.65;1265.41;-76.24;2607.06
1338.81;1267.65;-71.16;2606.46
1338.07;1265.45;-72.62;2603.52
1340.45;1263.40;-77.05;2603.85
1340.72;1265.89;-74.82;2606.61
1338.42;1267.34;-71.08;2605.76
1338.69;1265.85;-72.84;2604.54
1340.62;1263.29;-77.34;2603.91
1341.17;1266.34;-74.83;2607.51
1337.20;1267.44;-69.76;2604.64
1338.27;1264.85;-73.42;2603.12
1340.72;1263.06;-77.66;2603.78
1340.49;1265.39;-75.10;2605.88
1338.84;1267.18;-71.65;2606.02
1337.94;1264.99;-72.94;2602.93
1341.16;1263.14;-78.02;2604.29
1340.68;1265.86;-74.81;2606.54
1339.06;1266.99;-72.06;2606.05
1338.36;1265.92;-72.44;2604.28
1340.55;1263.27;-77.28;2603.82
1339.45;1265.34;-74.12;2604.79
1338.72;1267.27;-71.45;2605.99
1338.46;1265.33;-73.13;2603.79
1340.14;1263.46;-76.68;2603.61
1340.35;1265.72;-74.64;2606.07
1338.80;1267.16;-71.64;2605.96
1338.27;1265.53;-72.74;2603.80
1340.86;1263.75;-77.11;2604.61
1340.48;1265.90;-74.58;2606.38
1338.08;1267.39;-70.68;2605.47
1337.54;1265.60;-71.94;2603.14
1341.22;1263.22;-78.00;2604.44
1341.02;1266.12;-74.89;2607.14
1338.62;1268.11;-70.51;2606.72
1337.83;1265.95;-71.88;2603.78
1341.12;1262.48;-78.64;2603.59
1340.24;1265.85;-74.39;2606.08
1339.19;1266.79;-72.40;2605.99
1338.52;1264.95;-73.56;2603.47
1340.35;1263.61;-76.74;2603.95
1340.88;1264.56;-76.32;2605.44
1338.72;1266.38;-72.34;2605.10
1338.99;1264.74;-74.25;2603.72
1340.98;1263.12;-77.86;2604.10
1341.85;1264.62;-77.23;2606.48
1340.31;1266.45;-73.86;2606.76
1339.36;1264.04;-75.33;2603.40
1340.66;1262.56;-78.10;2603.23
1341.57;1265.69;-75.88;2607.26
1339.48;1266.34;-73.14;2605.82
1339.44;1263.25;-76.19;2602.69
1340.74;1263.21;-77.53;2603.94
1340.91;1265.08;-75.83;2605.99
1339.56;1267.11;-72.45;2606.68
1340.00;1265.00;-75.00;2605.00
1341.19;1262.85;-78.35;2604.04
1340.09;1264.38;-75.71;2604.46
1338.82;1266.92;-71.90;2605.75
1339.05;1264.99;-74.06;2604.05
1340.59;1262.28;-78.32;2602.87
1340.90;1266.26;-74.64;2607.16
1339.94;1267.28;-72.65;2607.22
1338.92;1264.99;-73.93;2603.91
1340.56;1263.39;-77.17;2603.95
1340.84;1265.96;-74.88;2606.80
1338.68;1267.28;-71.40;2605.95
1338.94;1265.39;-73.55;2604.32
1340.59;1263.25;-77.34;2603.84
1341.70;1265.83;-75.87;2607.53
1338.95;1267.77;-71.18;2606.72
1337.83;1265.61;-72.22;2603.44
1339.66;1263.54;-76.13;2603.20
1340.60;1265.75;-74.85;2606.35
1338.49;1267.74;-70.75;2606.22
1338.95;1265.25;-73.71;2604.20
1340.40;1261.78;-78.62;2602.18
1340.85;1265.85;-75.01;2606.70
1338.82;1267.32;-71.50;2606.14
1338.50;1264.16;-74.34;2602.66
1340.37;1262.82;-77.55;2603.19
1341.08;1265.47;-75.61;2606.55
1338.89;1267.86;-71.04;2606.75
1339.81;1265.28;-74.54;2605.09
1339.94;1263.41;-76.53;2603.34
1340.15;1266.75;-73.41;2606.90
1338.57;1267.49;-71.08;2606.06
1338.02;1266.12;-71.90;2604.14
1339.84;1263.87;-75.96;2603.71
1340.66;1266.19;-74.46;2606.85
1338.37;1267.09;-71.28;2605.46
1338.30;1265.56;-72.74;2603.86
1340.03;1263.87;-76.16;2603.90
1339.20;1266.08;-73.12;2605.28
1337.90;1267.49;-70.41;2605.39
1338.47;1264.32;-74.15;2602.79
1339.96;1264.06;-75.90;2604.03
1340.25;1265.32;-74.93;2605.56
1338.52;1265.76;-72.75;2604.28
1339.32;1265.40;-73.92;2604.72
1340.54;1264.26;-76.28;2604.79
1340.26;1265.76;-74.50;2606.02
1339.22;1266.76;-72.46;2605.98
1339.24;1265.13;-74.11;2604.37
1341.01;1263.78;-77.23;2604.79
1341.08;1265.65;-75.44;2606.73
1339.16;1265.30;-73.86;2604.46
1338.79;1264.46;-74.34;2603.25
1340.61;1263.11;-77.51;2603.72
1341.14;1264.82;-76.32;2605.96
1337.45;1266.68;-70.77;2604.12
1339.58;1264.67;-74.91;2604.25
1342.30;1263.69;-78.61;2605.99
1340.39;1265.09;-75.31;2605.48
1339.61;1266.76;-72.84;2606.37
1340.01;1264.86;-75.14;2604.87
1341.52;1263.05;-78.48;2604.57
1340.81;1265.78;-75.03;2606.58
1338.90;1266.94;-71.96;2605.84
1339.22;1264.20;-75.02;2603.42
1340.70;1263.49;-77.21;2604.19
1341.44;1265.46;-75.98;2606.89
1339.09;1266.86;-72.22;2605.95
1339.21;1264.92;-74.28;2604.13
1340.42;1263.71;-76.71;2604.13
1340.92;1264.49;-76.43;2605.42
1338.68;1266.89;-71.79;2605.58
1339.01;1265.01;-73.99;2604.02
1339.90;1263.72;-76.18;2603.62
1341.37;1265.76;-75.61;2607.14
1339.59;1267.46;-72.13;2607.06
1338.43;1264.46;-73.97;2602.89
1340.17;1262.48;-77.69;2602.65
1340.94;1265.26;-75.67;2606.20
1338.41;1266.42;-71.99;2604.82
1338.70;1264.89;-73.81;2603.59
1340.18;1263.27;-76.91;2603.45
1341.48;1265.61;-75.87;2607.09
1339.19;1267.94;-71.25;2607.14
1337.42;1264.48;-72.94;2601.90
1340.19;1264.04;-76.15;2604.24
1341.91;1265.26;-76.65;2607.16
1338.89;1267.32;-71.57;2606.21
1338.45;1265.14;-73.31;2603.59
1340.21;1263.42;-76.79;2603.64
1340.76;1266.55;-74.22;2607.31
1338.26;1268.11;-70.15;2606.38
1338.04;1265.62;-72.42;2603.66
1340.06;1264.31;-75.75;2604.38
1340.96;1266.74;-74.22;2607.71
1338.52;1267.61;-70.92;2606.13
1338.52;1265.42;-73.10;2603.94
1339.55;1264.15;-75.40;2603.69
1340.04;1265.01;-75.03;2605.04
1337.74;1267.23;-70.51;2604.97
1337.84;1265.56;-72.27;2603.40
1340.23;1264.37;-75.86;2604.60
1339.86;1266.15;-73.72;2606.01
1337.54;1268.11;-69.44;2605.65
1337.08;1265.85;-71.23;2602.94
1339.85;1264.30;-75.55;2604.15
1340.10;1266.49;-73.61;2606.59
1338.46;1268.34;-70.12;2606.79
1337.79;1264.43;-73.36;2602.22
1338.34;1264.32;-74.01;2602.66
1340.21;1266.38;-73.83;2606.58
1338.50;1268.32;-70.18;2606.82
1338.05;1264.71;-73.35;2602.76
1339.86;1263.50;-76.36;2603.36
1340.18;1265.07;-75.11;2605.25
1338.03;1268.35;-69.68;2606.38
1337.99;1266.22;-71.76;2604.21
1339.87;1263.86;-76.01;2603.74
1339.17;1266.54;-72.63;2605.71
1338.37;1267.86;-70.51;2606.24
1337.28;1265.60;-71.68;2602.88
1339.88;1262.45;-77.42;2602.33
1340.39;1266.24;-74.15;2606.63
1339.03;1268.31;-70.72;2607.34
1338.21;1265.16;-73.05;2603.36
1340.60;1264.59;-76.01;2605.19
1340.24;1265.69;-74.55;2605.92
1338.55;1267.13;-71.42;2605.68
1338.66;1264.65;-74.02;2603.31
1340.45;1263.34;-77.11;2603.79
1340.78;1266.76;-74.02;2607.55
1338.50;1267.68;-70.82;2606.18
1338.85;1265.20;-73.65;2604.05
1339.89;1263.54;-76.36;2603.43
1340.88;1265.66;-75.22;2606.54
1338.38;1267.80;-70.58;2606.18
1338.20;1265.09;-73.11;2603.29
1339.75;1263.98;-75.76;2603.73
1339.99;1266.24;-73.75;2606.23
1339.05;1267.69;-71.36;2606.74
1338.46;1265.56;-72.90;2604.03
1340.28;1263.94;-76.34;2604.22
1340.78;1265.05;-75.73;2605.84
1339.13;1267.39;-71.74;2606.52
1338.01;1265.43;-72.58;2603.44
1340.54;1263.71;-76.83;2604.24
1341.34;1265.55;-75.79;2606.89
1338.28;1267.78;-70.49;2606.06
1339.15;1265.03;-74.12;2604.18
1340.09;1262.14;-77.95;2602.24
1340.48;1265.68;-74.80;2606.16
1338.76;1267.37;-71.39;2606.13
1339.38;1265.58;-73.80;2604.95
1339.84;1263.66;-76.18;2603.50
1340.66;1266.09;-74.57;2606.76
1338.92;1267.63;-71.29;2606.55
1338.50;1266.11;-72.39;2604.61
1340.53;1264.31;-76.22;2604.84
1340.95;1265.97;-74.98;2606.92
1338.21;1267.30;-70.91;2605.51
1338.22;1265.30;-72.92;2603.52
1340.15;1264.18;-75.98;2604.33
1340.79;1265.68;-75.12;2606.47
1338.88;1267.21;-71.68;2606.09
1338.31;1265.73;-72.58;2604.04
1340.52;1263.75;-76.76;2604.27
1340.22;1265.33;-74.89;2605.55
1338.26;1267.93;-70.33;2606.19
1337.64;1264.15;-73.49;2601.79
1339.94;1262.28;-77.66;2602.21
1340.19;1266.30;-73.89;2606.49
1339.18;1267.41;-71.77;2606.58
1338.52;1265.55;-72.97;2604.06
1340.22;1262.87;-77.35;2603.09
1340.28;1265.91;-74.37;2606.19
1338.81;1266.18;-72.62;2604.99
1338.51;1265.15;-73.36;2603.65
1340.00;1263.34;-76.66;2603.34
1340.76;1265.81;-74.95;2606.56
1339.62;1267.18;-72.44;2606.79
1337.95;1265.43;-72.52;2603.38
1340.18;1263.78;-76.40;2603.95
1340.95;1266.12;-74.83;2607.08
1338.97;1266.96;-72.01;2605.94
1338.48;1265.24;-73.25;2603.72
1340.68;1263.61;-77.07;2604.29
1341.04;1265.30;-75.74;2606.34
1339.02;1266.87;-72.15;2605.89
1338.76;1264.94;-73.83;2603.70
1340.05;1263.55;-76.50;2603.59
1340.82;1266.44;-74.38;2607.26
1338.41;1267.55;-70.86;2605.96
1338.62;1264.52;-74.10;2603.15
1340.17;1263.31;-76.86;2603.48
1340.78;1265.67;-75.11;2606.45
1339.11;1267.13;-71.98;2606.24
1339.06;1265.53;-73.53;2604.59
1340.89;1264.08;-76.81;2604.98
1340.91;1265.65;-75.25;2606.56
1338.78;1266.84;-71.95;2605.62
1338.99;1264.55;-74.44;2603.55
1340.62;1264.01;-76.61;2604.62
1341.76;1265.68;-76.08;2607.44
1338.79;1266.86;-71.93;2605.66
1339.10;1265.19;-73.91;2604.29
1340.33;1263.87;-76.46;2604.20
1339.82;1265.21;-74.61;2605.03
1339.55;1266.98;-72.56;2606.53
1338.77;1264.74;-74.04;2603.51
1340.51;1263.26;-77.25;2603.77
1341.31;1264.65;-76.66;2605.96
1338.76;1266.71;-72.05;2605.48
1338.08;1265.39;-72.68;2603.47
1341.21;1263.64;-77.57;2604.85
1341.16;1265.84;-75.32;2607.00
1339.18;1267.22;-71.95;2606.40
1338.46;1265.39;-73.07;2603.86
1341.11;1263.24;-77.88;2604.35
1339.84;1265.84;-73.99;2605.68
1338.58;1267.27;-71.31;2605.85
1338.07;1265.35;-72.72;2603.42
1340.16;1263.75;-76.41;2603.91
1340.56;1265.48;-75.08;2606.04
1338.95;1267.68;-71.27;2606.62
1337.76;1265.08;-72.69;2602.84
1340.44;1264.03;-76.41;2604.46
1340.34;1266.54;-73.80;2606.87
1338.74;1266.39;-72.35;2605.13
1337.78;1265.18;-72.61;2602.96
1339.80;1264.10;-75.70;2603.90
1340.53;1266.18;-74.35;2606.71
1338.92;1266.93;-71.99;2605.85
1338.12;1265.05;-73.08;2603.17
1340.81;1263.69;-77.12;2604.51
1340.77;1266.10;-74.67;2606.87
1338.85;1267.34;-71.51;2606.19
1338.35;1265.81;-72.54;2604.16
1340.49;1263.94;-76.55;2604.43
1340.85;1265.85;-75.00;2606.69
1338.12;1266.85;-71.27;2604.96
1338.28;1264.73;-73.55;2603.01
1340.48;1263.59;-76.89;2604.07
1340.41;1266.36;-74.05;2606.76
1337.87;1267.24;-70.64;2605.11
1338.39;1265.30;-73.09;2603.69
1339.90;1263.75;-76.15;2603.65
1340.68;1266.48;-74.20;2607.15
1338.80;1266.41;-72.39;2605.21
1337.69;1265.08;-72.61;2602.76
1341.78;1263.69;-78.08;2605.47
1340.44;1266.55;-73.89;2606.99
1339.33;1266.64;-72.69;2605.96
1338.52;1264.02;-74.51;2602.54
1340.06;1263.69;-76.36;2603.75
1340.85;1266.36;-74.48;2607.21
1338.72;1267.94;-70.78;2606.65
1338.28;1265.09;-73.18;2603.37
1339.54;1263.90;-75.64;2603.44
1339.85;1266.54;-73.32;2606.39
1338.34;1267.57;-70.77;2605.91
1337.35;1265.71;-71.64;2603.06
1339.65;1263.23;-76.42;2602.88
1340.09;1266.56;-73.54;2606.65
1337.83;1268.49;-69.34;2606.32
1337.91;1265.84;-72.08;2603.75
1339.81;1264.76;-75.05;2604.56
1340.07;1266.32;-73.75;2606.39
1338.31;1268.06;-70.24;2606.37
1337.34;1265.69;-71.65;2603.03
1340.04;1263.79;-76.25;2603.83
1340.54;1266.69;-73.85;2607.24
1338.19;1268.09;-70.10;2606.29
1337.82;1265.76;-72.06;2603.59
1339.74;1265.02;-74.71;2604.76
1340.71;1266.24;-74.46;2606.95
1338.74;1267.61;-71.12;2606.35
1337.82;1265.06;-72.76;2602.88
1340.20;1264.52;-75.68;2604.72
1340.61;1266.02;-74.59;2606.62
1338.87;1266.96;-71.91;2605.83
1338.41;1263.22;-75.18;2601.63
1340.23;1263.84;-76.39;2604.06
1340.60;1266.29;-74.31;2606.89
1338.59;1267.22;-71.37;2605.82
1338.23;1266.12;-72.11;2604.35
1340.36;1263.10;-77.26;2603.46
1340.33;1265.40;-74.93;2605.73
1338.83;1267.16;-71.66;2605.99
1337.83;1265.76;-72.06;2603.59
1339.86;1263.96;-75.89;2603.82
1341.28;1265.88;-75.39;2607.16
1338.48;1267.59;-70.89;2606.07
1338.75;1265.58;-73.18;2604.33
1340.64;1264.06;-76.57;2604.70
1340.57;1266.30;-74.27;2606.87
1339.45;1266.44;-73.01;2605.88
1338.79;1265.75;-73.04;2604.54
1339.91;1264.11;-75.81;2604.02
1340.95;1265.56;-75.39;2606.51
1338.41;1267.29;-71.12;2605.71
1337.94;1265.44;-72.50;2603.38
1340.18;1263.66;-76.52;2603.85
1340.32;1266.10;-74.22;2606.42
1339.65;1267.16;-72.49;2606.81
1338.11;1265.26;-72.85;2603.37
1340.71;1264.02;-76.69;2604.72
1340.62;1266.18;-74.44;2606.79
1338.71;1267.95;-70.76;2606.66
1338.43;1265.02;-73.41;2603.45
1340.49;1264.15;-76.34;2604.64
1341.17;1265.23;-75.94;2606.40
1338.26;1267.91;-70.35;2606.16
1338.08;1264.75;-73.34;2602.83
1339.61;1263.78;-75.84;2603.39
1339.89;1266.77;-73.12;2606.66
1337.95;1267.34;-70.61;2605.29
1338.48;1264.95;-73.54;2603.43
1340.10;1264.57;-75.53;2604.67
1340.42;1266.24;-74.18;2606.65
1337.83;1267.66;-70.17;2605.49
1337.44;1265.71;-71.73;2603.15
1339.54;1263.46;-76.07;2603.00
1339.82;1266.83;-72.99;2606.65
1337.65;1268.68;-68.97;2606.32
1337.33;1266.15;-71.18;2603.48
1338.77;1264.29;-74.48;2603.06
1339.82;1266.15;-73.67;2605.96
1337.65;1268.52;-69.12;2606.17
1337.01;1265.96;-71.05;2602.97
1340.36;1264.15;-76.21;2604.52
1340.16;1266.81;-73.35;2606.98
1339.35;1267.95;-71.39;2607.30
1337.62;1266.07;-71.55;2603.69
1339.05;1264.86;-74.19;2603.91
1339.69;1266.82;-72.87;2606.52
1337.76;1267.71;-70.05;2605.47
1338.49;1265.68;-72.81;2604.16
1340.18;1263.84;-76.34;2604.02
1341.09;1265.90;-75.19;2606.99
1338.09;1267.57;-70.52;2605.66
1337.19;1265.66;-71.52;2602.85
1339.56;1264.05;-75.51;2603.61
1340.09;1266.20;-73.89;2606.29
1337.08;1267.72;-69.36;2604.80
1336.51;1265.61;-70.91;2602.12
1339.64;1264.44;-75.19;2604.08
1340.18;1266.39;-73.79;2606.56
1338.65;1267.49;-71.16;2606.15
1337.72;1264.30;-73.42;2602.02
1341.49;1264.10;-77.39;2605.59
1342.02;1266.15;-75.87;2608.18
1338.40;1267.78;-70.62;2606.18
1339.71;1265.59;-74.12;2605.29
1340.13;1263.81;-76.32;2603.94
1340.99;1265.44;-75.56;2606.43
1338.50;1267.24;-71.26;2605.74
1339.52;1265.13;-74.39;2604.65
1340.34;1263.55;-76.79;2603.89
1340.80;1266.38;-74.42;2607.18
1338.53;1267.31;-71.22;2605.84
1338.58;1265.59;-72.99;2604.18
1340.21;1262.82;-77.39;2603.03
1340.58;1266.31;-74.26;2606.89
1339.47;1267.38;-72.09;2606.85
1338.57;1265.89;-72.68;2604.46
1340.91;1263.91;-77.00;2604.82
1341.18;1265.81;-75.37;2606.98
1339.19;1268.02;-71.17;2607.22
1337.98;1265.61;-72.36;2603.59
1340.31;1263.35;-76.96;2603.66
1340.58;1266.62;-73.96;2607.20
1339.09;1267.05;-72.04;2606.15
1337.90;1265.71;-72.19;2603.61
1340.27;1263.94;-76.33;2604.21
1341.01;1265.44;-75.57;2606.45
1340.27;1266.95;-73.32;2607.22
1338.75;1265.21;-73.54;2603.95
1341.34;1263.94;-77.40;2605.28
1340.96;1266.22;-74.75;2607.18
1338.67;1267.99;-70.68;2606.66
1338.16;1265.01;-73.15;2603.17
1339.83;1263.61;-76.22;2603.44
1341.02;1265.75;-75.26;2606.77
1337.07;1266.22;-70.85;2603.29
1338.48;1265.41;-73.08;2603.89
1340.49;1263.16;-77.33;2603.65
1340.71;1266.22;-74.49;2606.94
1338.84;1267.47;-71.36;2606.31
1338.21;1265.93;-72.28;2604.14
1340.50;1263.86;-76.64;2604.36
1340.60;1266.54;-74.06;2607.14
1338.91;1266.90;-72.01;2605.81
1337.58;1265.75;-71.82;2603.33
1339.96;1264.17;-75.79;2604.14
1340.54;1266.21;-74.33;2606.75
1339.05;1267.64;-71.41;2606.68
1338.60;1265.36;-73.24;2603.96
1339.86;1263.49;-76.37;2603.35
1340.85;1265.34;-75.51;2606.19
1338.22;1266.76;-71.46;2604.98
1338.45;1264.80;-73.65;2603.25
1341.06;1263.01;-78.06;2604.07
1341.21;1266.24;-74.96;2607.45
1338.32;1267.52;-70.80;2605.85
1338.31;1264.85;-73.46;2603.16
1340.59;1263.70;-76.89;2604.29
1340.25;1266.46;-73.79;2606.71
1338.49;1267.22;-71.27;2605.71
1338.37;1265.57;-72.80;2603.94
1341.45;1263.40;-78.05;2604.85
1340.91;1266.12;-74.78;2607.03
1338.68;1267.39;-71.29;2606.07
1338.61;1265.02;-73.59;2603.64
1340.45;1264.35;-76.10;2604.81
1340.98;1266.09;-74.88;2607.07
1338.56;1267.38;-71.18;2605.94
1337.70;1264.53;-73.17;2602.23
1341.09;1263.62;-77.47;2604.72
1340.34;1266.14;-74.19;2606.48
1337.96;1267.42;-70.54;2605.38
1338.23;1264.93;-73.30;2603.16
1340.06;1264.35;-75.71;2604.41
1341.21;1266.22;-74.99;2607.43
1338.48;1267.15;-71.32;2605.63
1338.29;1264.95;-73.34;2603.24
1340.66;1264.06;-76.59;2604.72
1341.58;1264.88;-76.69;2606.46
1338.74;1267.21;-71.53;2605.94
1337.92;1264.22;-73.71;2602.14
1340.90;1263.11;-77.79;2604.01
1341.40;1266.38;-75.02;2607.78
1338.31;1267.37;-70.94;2605.68
1338.83;1264.88;-73.95;2603.71
1340.12;1263.38;-76.74;2603.50
1340.74;1266.16;-74.58;2606.89
1339.15;1266.92;-72.23;2606.06
1338.35;1265.41;-72.95;2603.76
1340.89;1263.48;-77.41;2604.37
1340.91;1263.98;-76.94;2604.89
1338.88;1267.63;-71.25;2606.51
1338.26;1264.59;-73.66;2602.85
1340.16;1263.69;-76.47;2603.85
1340.62;1264.94;-75.68;2605.56
1338.82;1266.72;-72.09;2605.54
1338.58;1264.78;-73.81;2603.36
1340.69;1263.29;-77.41;2603.98
1341.18;1266.14;-75.04;2607.31
1339.09;1267.36;-71.73;2606.45
1339.26;1265.29;-73.97;2604.56
1340.74;1263.49;-77.25;2604.22
1340.89;1265.08;-75.81;2605.97
1338.96;1267.07;-71.89;2606.03
1338.15;1265.56;-72.58;2603.71
1341.02;1263.72;-77.30;2604.75
1340.93;1265.82;-75.11;2606.75
1339.04;1266.99;-72.04;2606.03
1338.97;1265.09;-73.88;2604.06
1340.78;1262.38;-78.39;2603.16
1340.56;1265.92;-74.65;2606.48
1339.29;1267.21;-72.08;2606.50
1337.72;1265.76;-71.96;2603.48
1340.01;1264.04;-75.97;2604.04
1340.72;1265.99;-74.73;2606.72
1338.69;1267.59;-71.09;2606.28
1338.09;1265.82;-72.28;2603.91
1339.45;1264.39;-75.06;2603.85
1340.60;1266.14;-74.46;2606.74
1337.96;1267.83;-70.14;2605.79
1337.44;1266.12;-71.32;2603.56
1339.21;1264.68;-74.53;2603.89
1340.59;1266.66;-73.93;2607.26
1338.05;1267.21;-70.84;2605.26
1337.82;1265.41;-72.41;2603.24
1340.12;1264.41;-75.72;2604.53
1340.61;1266.04;-74.58;2606.65
1338.61;1267.87;-70.74;2606.48
1337.45;1265.91;-71.54;2603.36
1339.36;1264.85;-74.51;2604.21
1340.97;1265.67;-75.30;2606.64
1338.45;1268.33;-70.12;2606.78
1337.10;1266.29;-70.81;2603.39
1339.64;1264.19;-75.44;2603.83
1339.21;1266.68;-72.54;2605.89
1338.35;1268.38;-69.97;2606.72
1337.59;1266.14;-71.45;2603.72
1339.25;1264.56;-74.68;2603.81
1340.61;1265.84;-74.78;2606.45
1338.79;1266.30;-72.49;2605.09
1338.21;1265.52;-72.69;2603.73
1339.88;1264.07;-75.81;2603.95
1340.50;1266.22;-74.28;2606.72
1337.96;1266.78;-71.18;2604.74
1337.21;1265.57;-71.64;2602.78
1340.01;1264.63;-75.38;2604.64
1340.22;1265.78;-74.44;2606.01
1338.44;1267.24;-71.21;2605.68
1337.94;1264.01;-73.93;2601.95
1338.68;1264.15;-74.53;2602.82
1340.35;1266.01;-74.34;2606.36
1338.30;1266.94;-71.36;2605.24
1337.56;1265.77;-71.79;2603.34
1339.67;1264.29;-75.38;2603.96
1340.55;1266.28;-74.27;2606.82
1338.36;1267.69;-70.67;2606.05
1338.12;1266.01;-72.11;2604.14
1340.65;1264.63;-76.02;2605.28
1340.78;1265.75;-75.02;2606.53
1338.84;1267.19;-71.65;2606.03
1338.01;1264.20;-73.81;2602.21
1340.49;1264.13;-76.36;2604.62
1341.22;1266.01;-75.21;2607.23
1338.59;1266.99;-71.60;2605.58
1337.98;1265.11;-72.87;2603.09
1340.01;1263.81;-76.20;2603.82
1341.16;1265.61;-75.56;2606.77
1338.69;1267.46;-71.23;2606.15
1337.72;1265.45;-72.27;2603.18
1340.03;1263.94;-76.09;2603.96
1340.73;1266.42;-74.31;2607.15
1337.84;1267.85;-69.99;2605.69
1338.24;1264.47;-73.76;2602.71
1339.90;1264.18;-75.72;2604.08
1340.32;1265.97;-74.35;2606.29
1338.12;1267.70;-70.42;2605.82
1337.77;1263.32;-74.45;2601.09
1339.92;1264.01;-75.91;2603.92
1340.66;1265.89;-74.77;2606.55
1338.05;1267.65;-70.39;2605.70
1338.23;1265.70;-72.53;2603.93
1340.04;1263.92;-76.11;2603.96
1339.93;1265.85;-74.08;2605.78
1338.42;1267.26;-71.16;2605.68
1338.55;1265.18;-73.37;2603.72
1340.39;1263.60;-76.79;2603.99
1341.14;1266.54;-74.60;2607.67
1338.92;1267.62;-71.29;2606.54
1338.21;1265.58;-72.64;2603.79
1340.13;1264.56;-75.57;2604.69
1340.91;1266.08;-74.82;2606.99
1338.09;1268.12;-69.96;2606.21
1337.81;1266.34;-71.47;2604.15
1339.55;1264.71;-74.84;2604.26
1340.18;1266.22;-73.96;2606.39
1338.86;1267.57;-71.29;2606.43
1337.94;1265.22;-72.71;2603.16
1339.31;1263.94;-75.37;2603.24
1340.29;1266.35;-73.94;2606.64
1338.04;1267.92;-70.12;2605.96
1337.09;1266.15;-70.94;2603.24
1339.32;1264.39;-74.92;2603.71
1340.82;1266.42;-74.40;2607.24
1338.48;1267.68;-70.81;2606.16
1337.22;1266.24;-70.99;2603.46
1340.29;1264.17;-76.12;2604.46
1340.56;1266.49;-74.07;2607.05
1338.22;1267.80;-70.42;2606.02
1337.29;1265.96;-71.34;2603.25
1338.81;1263.71;-75.11;2602.52
1339.84;1265.46;-74.37;2605.30
1338.09;1267.90;-70.19;2605.99
1337.52;1265.85;-71.68;2603.37
1340.51;1264.21;-76.29;2604.72
1340.28;1266.43;-73.85;2606.71
1338.55;1268.08;-70.48;2606.63
1337.40;1265.68;-71.72;2603.08
1339.64;1264.11;-75.53;2603.74
1340.99;1266.50;-74.49;2607.49
1338.79;1267.35;-71.45;2606.14
1337.18;1265.30;-71.88;2602.48
1340.28;1263.78;-76.49;2604.06
1340.49;1266.16;-74.32;2606.65
1338.64;1267.55;-71.08;2606.19
1338.09;1264.56;-73.53;2602.66
1340.21;1263.61;-76.59;2603.82
1340.19;1267.09;-73.10;2607.28
1338.41;1267.24;-71.17;2605.64
1337.77;1265.95;-71.82;2603.72
1339.76;1264.64;-75.13;2604.40
1340.78;1266.12;-74.65;2606.90
1338.09;1266.72;-71.38;2604.81
1337.96;1265.94;-72.02;2603.89
1339.82;1264.41;-75.42;2604.23
1340.49;1266.64;-73.85;2607.13
1337.95;1268.05;-69.89;2606.00
1337.10;1265.88;-71.22;2602.98
1339.82;1265.27;-74.55;2605.09
1340.14;1267.42;-72.71;2607.56
1337.74;1268.07;-69.66;2605.81
1337.34;1266.24;-71.10;2603.58
1339.77;1264.88;-74.89;2604.65
1339.84;1266.40;-73.44;2606.24
1338.10;1267.56;-70.54;2605.66
1337.51;1266.12;-71.39;2603.64
1339.79;1264.36;-75.42;2604.15
1340.34;1266.92;-73.42;2607.25
1337.86;1267.91;-69.96;2605.77
1337.49;1265.97;-71.52;2603.46
1338.88;1264.71;-74.16;2603.59
1340.20;1267.38;-72.82;2607.58
1338.07;1268.41;-69.66;2606.48
1337.82;1265.92;-71.89;2603.74
1339.15;1265.16;-73.99;2604.31
1338.18;1265.94;-72.24;2604.12
1337.78;1267.61;-70.17;2605.39
1337.30;1265.88;-71.42;2603.18
1339.81;1263.99;-75.81;2603.80
1340.88;1265.97;-74.91;2606.85
1337.80;1267.51;-70.29;2605.31
1337.46;1265.87;-71.59;2603.34
1341.11;1263.58;-77.52;2604.69
1341.05;1266.04;-75.01;2607.09
1338.41;1267.56;-70.85;2605.97
1337.65;1265.35;-72.29;2603.00
1339.88;1264.33;-75.55;2604.21
1341.13;1266.08;-75.05;2607.21
1339.33;1266.99;-72.34;2606.32
1337.79;1265.99;-71.80;2603.79
1340.50;1264.34;-76.16;2604.84
1340.50;1265.99;-74.51;2606.49
1337.80;1268.23;-69.57;2606.03
1337.30;1266.49;-70.81;2603.79
1339.61;1264.47;-75.14;2604.08
1340.61;1266.19;-74.42;2606.81
1338.41;1267.66;-70.75;2606.06
1337.26;1266.31;-70.95;2603.57
1339.45;1264.23;-75.22;2603.68
1339.69;1266.35;-73.34;2606.05
1338.06;1268.06;-70.00;2606.13
1337.61;1264.74;-72.87;2602.35
1338.79;1265.06;-73.73;2603.86
1340.24;1266.58;-73.66;2606.82
1337.41;1268.09;-69.32;2605.50
1337.14;1265.97;-71.16;2603.11
1339.52;1264.41;-75.11;2603.93
1340.32;1266.45;-73.87;2606.76
1337.65;1267.83;-69.82;2605.48
1337.35;1265.65;-71.69;2603.00
1340.04;1264.96;-75.07;2605.00
1339.96;1266.85;-73.11;2606.81
1338.61;1267.46;-71.15;2606.07
1337.68;1265.84;-71.84;2603.51
1339.26;1264.94;-74.33;2604.20
1341.26;1266.64;-74.62;2607.89
1338.12;1268.00;-70.12;2606.12
1337.14;1265.55;-71.59;2602.68
1339.25;1265.28;-73.96;2604.53
1339.62;1267.51;-72.11;2607.12
1338.02;1268.25;-69.77;2606.26
1337.32;1266.55;-70.78;2603.87
1339.69;1265.08;-74.61;2604.78
1340.52;1267.19;-73.34;2607.71
1337.68;1268.45;-69.23;2606.12
1336.66;1266.12;-70.55;2602.78
1339.41;1264.66;-74.75;2604.06
1339.93;1267.32;-72.61;2607.25
1337.66;1267.10;-70.56;2604.76
1337.27;1265.28;-71.99;2602.55
1339.66;1264.59;-75.07;2604.25
1340.59;1266.46;-74.14;2607.05
1338.36;1266.24;-72.13;2604.60
1337.99;1265.56;-72.44;2603.55
1339.71;1264.59;-75.11;2604.30
1340.59;1266.11;-74.48;2606.71
1337.70;1267.41;-70.29;2605.11
1337.52;1265.59;-71.93;2603.11
1339.58;1263.98;-75.60;2603.55
1341.36;1266.28;-75.08;2607.64
1338.79;1266.66;-72.13;2605.46
1338.09;1265.06;-73.03;2603.16
1340.69;1263.69;-77.01;2604.38
1341.64;1265.68;-75.95;2607.32
1339.34;1267.75;-71.59;2607.09
1337.54;1266.14;-71.41;2603.68
1340.21;1263.15;-77.06;2603.36
1341.53;1265.92;-75.61;2607.45
1339.16;1267.75;-71.41;2606.91
1338.26;1265.92;-72.34;2604.18
1339.89;1264.11;-75.78;2604.00
1340.71;1265.82;-74.89;2606.53
1338.55;1266.64;-71.92;2605.19
1337.71;1265.23;-72.48;2602.94
1339.97;1263.60;-76.37;2603.57
1340.91;1265.86;-75.04;2606.77
1338.36;1268.01;-70.35;2606.36
1337.66;1265.67;-71.99;2603.33
1340.10;1264.24;-75.86;2604.34
1340.93;1266.04;-74.89;2606.96
1338.57;1267.82;-70.75;2606.39
1337.59;1265.51;-72.08;2603.10
1340.46;1264.76;-75.70;2605.22
1341.19;1266.19;-74.99;2607.38
1339.52;1266.59;-72.93;2606.11
1338.39;1264.90;-73.49;2603.29
1339.99;1263.68;-76.31;2603.66
1340.84;1266.36;-74.48;2607.19
1339.53;1267.18;-72.35;2606.71
1338.42;1264.22;-74.20;2602.65
1339.88;1263.90;-75.98;2603.78
1341.11;1265.55;-75.56;2606.65
1338.45;1267.61;-70.85;2606.06
1337.92;1264.71;-73.21;2602.64
1340.31;1265.08;-75.24;2605.39
1341.08;1266.59;-74.48;2607.67
1337.95;1267.84;-70.11;2605.78
1337.44;1265.71;-71.73;2603.15
1339.69;1264.05;-75.64;2603.74
1340.48;1266.57;-73.91;2607.05
1336.87;1267.36;-69.51;2604.24
1337.56;1265.22;-72.34;2602.78
1339.71;1264.14;-75.57;2603.85
1340.55;1265.04;-75.51;2605.58
1338.82;1267.64;-71.18;2606.45
1338.49;1265.55;-72.94;2604.04
1339.99;1264.49;-75.50;2604.48
1341.37;1266.74;-74.63;2608.11
1338.61;1267.16;-71.45;2605.77
1338.37;1264.81;-73.56;2603.18
1340.23;1263.92;-76.31;2604.15
1342.51;1265.23;-77.28;2607.74
1338.91;1266.34;-72.57;2605.24
1338.37;1265.01;-73.36;2603.38
1340.14;1264.25;-75.89;2604.38
1341.05;1265.76;-75.29;2606.82
1338.98;1267.15;-71.83;2606.12
1338.10;1265.52;-72.58;2603.62
1340.54;1264.16;-76.38;2604.69
1341.68;1265.03;-76.65;2606.71
1339.12;1267.18;-71.94;2606.30
1338.45;1265.39;-73.05;2603.84
1341.06;1264.24;-76.82;2605.29
1341.38;1265.81;-75.56;2607.19
1338.76;1267.72;-71.05;2606.48
1338.43;1265.22;-73.21;2603.65
1339.98;1263.34;-76.64;2603.32
1340.14;1265.27;-74.87;2605.41
1338.44;1267.34;-71.10;2605.77
1338.56;1265.34;-73.22;2603.89
1339.73;1264.18;-75.55;2603.91
1340.71;1265.55;-75.16;2606.26
1338.85;1267.01;-71.85;2605.86
1338.01;1265.35;-72.66;2603.36
1338.85;1264.77;-74.08;2603.62
1340.26;1265.73;-74.54;2605.99
1338.40;1267.69;-70.71;2606.09
1337.89;1265.86;-72.03;2603.75
1339.94;1264.29;-75.65;2604.22
1340.77;1265.97;-74.80;2606.74
1338.25;1267.61;-70.65;2605.86
1337.68;1265.46;-72.21;2603.14
1340.14;1264.36;-75.77;2604.50
1340.44;1266.50;-73.94;2606.94
1338.88;1267.44;-71.45;2606.32
1338.83;1265.85;-72.98;2604.68
1340.42;1263.39;-77.03;2603.82
1342.78;1265.06;-77.72;2607.84
1339.36;1266.72;-72.65;2606.08
1339.07;1265.26;-73.81;2604.34
1340.38;1263.81;-76.57;2604.19
1341.35;1264.88;-76.46;2606.23
1338.44;1266.22;-72.22;2604.66
1338.78;1264.49;-74.28;2603.27
1340.22;1263.91;-76.31;2604.13
1341.26;1266.14;-75.13;2607.40
1339.06;1266.86;-72.19;2605.92
1338.64;1265.32;-73.32;2603.96
1340.82;1262.54;-78.28;2603.36
1341.14;1266.08;-75.05;2607.22
1339.30;1266.76;-72.54;2606.06
1338.66;1264.92;-73.74;2603.59
1340.76;1263.48;-77.28;2604.24
1341.35;1264.76;-76.58;2606.11
1339.39;1266.91;-72.49;2606.30
1338.82;1264.75;-74.08;2603.57
1340.69;1262.98;-77.72;2603.67
1342.61;1264.89;-77.72;2607.51
1339.21;1266.84;-72.36;2606.05
1339.39;1265.51;-73.88;2604.91
1340.96;1263.12;-77.84;2604.08
1341.49;1264.20;-77.29;2605.69
1339.11;1267.42;-71.69;2606.52
1338.92;1264.84;-74.08;2603.76
1339.62;1263.34;-76.28;2602.96
1341.85;1265.80;-76.05;2607.65
1339.07;1266.53;-72.54;2605.60
1339.36;1264.65;-74.71;2604.02
1341.19;1262.54;-78.65;2603.72
1341.49;1264.76;-76.74;2606.25
1338.71;1266.31;-72.40;2605.01
1336.85;1264.36;-72.49;2601.21
1340.95;1262.55;-78.40;2603.49
1341.76;1265.47;-76.29;2607.23
1339.00;1267.08;-71.92;2606.08
1338.38;1265.59;-72.78;2603.97
1340.52;1264.06;-76.46;2604.58
1340.96;1265.68;-75.28;2606.65
1338.92;1267.59;-71.33;2606.52
1338.25;1265.50;-72.75;2603.75
1339.82;1263.89;-75.94;2603.71
1340.96;1265.89;-75.08;2606.85
1338.92;1266.96;-71.96;2605.88
1338.20;1265.13;-73.07;2603.33
1340.49;1263.42;-77.08;2603.91
1341.63;1265.52;-76.11;2607.15
1338.78;1266.81;-71.96;2605.59
1338.71;1265.16;-73.55;2603.88
1340.11;1263.70;-76.41;2603.81
1340.04;1265.43;-74.61;2605.46
1338.72;1266.92;-71.80;2605.64
1338.95;1265.66;-73.29;2604.62
1340.56;1264.33;-76.24;2604.89
1341.04;1265.59;-75.45;2606.64
1338.92;1266.68;-72.24;2605.60
1337.70;1265.54;-72.16;2603.24
1339.64;1263.34;-76.29;2602.98
1340.71;1265.36;-75.35;2606.08
1339.09;1266.94;-72.16;2606.03
1337.85;1265.10;-72.75;2602.95
1340.25;1264.08;-76.18;2604.33
1341.12;1265.64;-75.49;2606.76
1338.54;1266.87;-71.67;2605.41
1337.44;1265.05;-72.39;2602.49
1340.15;1263.94;-76.21;2604.08
1340.94;1266.47;-74.47;2607.41
1339.46;1267.17;-72.29;2606.63
1338.21;1265.01;-73.19;2603.22
1340.08;1264.36;-75.72;2604.44
1341.72;1266.10;-75.62;2607.82
1338.53;1267.18;-71.35;2605.71
1337.81;1265.34;-72.47;2603.14
1340.14;1263.39;-76.75;2603.52
1340.99;1264.75;-76.24;2605.75
1339.32;1266.67;-72.65;2605.99
1338.55;1265.15;-73.40;2603.71
1340.15;1263.69;-76.46;2603.84
1340.85;1265.24;-75.61;2606.08
1340.02;1267.19;-72.82;2607.21
1338.38;1264.83;-73.55;2603.21
1341.05;1264.11;-76.94;2605.16
1341.35;1265.99;-75.36;2607.34
1339.11;1266.52;-72.59;2605.63
1338.56;1264.57;-73.99;2603.14
1340.48;1263.29;-77.18;2603.77
1342.06;1263.78;-78.29;2605.84
1339.95;1267.30;-72.65;2607.25
1338.11;1264.90;-73.21;2603.01
1340.59;1263.88;-76.72;2604.47
1340.66;1265.85;-74.81;2606.51
1339.09;1267.62;-71.46;2606.71
1338.18;1265.78;-72.40;2603.95
1340.64;1263.74;-76.90;2604.37
1340.65;1264.76;-75.89;2605.41
1338.93;1267.06;-71.87;2605.99
1337.72;1265.13;-72.59;2602.85
1340.63;1263.91;-76.72;2604.54
1341.23;1265.06;-76.17;2606.29
1338.66;1266.59;-72.06;2605.25
1338.59;1265.90;-72.69;2604.49
1340.82;1263.18;-77.64;2603.99
1341.11;1265.88;-75.24;2606.99
1339.39;1266.57;-72.82;2605.96
1338.72;1265.14;-73.58;2603.86
1340.62;1263.18;-77.45;2603.80
1341.76;1265.64;-76.12;2607.39
1338.12;1266.97;-71.15;2605.09
1337.96;1265.11;-72.85;2603.08
1340.59;1263.56;-77.03;2604.15
1341.78;1265.33;-76.45;2607.11
1339.28;1267.21;-72.06;2606.49
1338.55;1264.78;-73.76;2603.33
1340.85;1264.24;-76.61;2605.08
1341.42;1265.68;-75.75;2607.10
1339.20;1266.72;-72.48;2605.92
1339.05;1264.45;-74.60;2603.49
1340.96;1263.18;-77.78;2604.14
1341.95;1265.72;-76.23;2607.66
1339.12;1266.62;-72.50;2605.74
1338.31;1265.68;-72.64;2603.99
1340.69;1263.31;-77.38;2604.01
1341.54;1265.45;-76.09;2606.99
1340.42;1267.06;-73.36;2607.48
1337.95;1265.05;-72.91;2603.00
1340.23;1263.35;-76.88;2603.58
1339.95;1265.95;-74.00;2605.91
1339.28;1266.51;-72.76;2605.79
1337.56;1265.54;-72.03;2603.10
1340.38;1264.20;-76.18;2604.58
1340.81;1265.71;-75.09;2606.52
1338.89;1267.68;-71.21;2606.58
1338.41;1265.23;-73.18;2603.64
1340.63;1264.24;-76.39;2604.87
1340.95;1266.30;-74.65;2607.25
1338.86;1267.07;-71.79;2605.93
1338.72;1265.94;-72.79;2604.66
1340.62;1264.23;-76.39;2604.85
1341.44;1265.86;-75.58;2607.29
1338.68;1267.11;-71.58;2605.79
1337.69;1265.66;-72.03;2603.36
1339.54;1263.92;-75.61;2603.46
1340.96;1266.35;-74.61;2607.32
1338.28;1267.46;-70.82;2605.74
1337.84;1264.56;-73.28;2602.39
1340.52;1263.89;-76.63;2604.42
1341.42;1265.51;-75.91;2606.92
1338.69;1267.39;-71.31;2606.08
1337.17;1265.55;-71.62;2602.72
1339.61;1264.90;-74.71;2604.51
1340.22;1265.58;-74.64;2605.80
1338.09;1267.11;-70.99;2605.20
1338.07;1266.20;-71.87;2604.27
1340.18;1264.44;-75.74;2604.61
1340.68;1265.68;-75.00;2606.35
1338.89;1266.95;-71.95;2605.84
1337.52;1265.70;-71.82;2603.22
1340.78;1263.56;-77.22;2604.34
1340.45;1264.78;-75.66;2605.23
1338.51;1267.41;-71.10;2605.91
1337.62;1265.85;-71.77;2603.48
1340.43;1263.70;-76.73;2604.13
1341.46;1265.61;-75.85;2607.08
1339.05;1266.87;-72.18;2605.92
1338.00;1265.02;-72.98;2603.02
1340.47;1264.28;-76.19;2604.75
1340.81;1265.64;-75.18;2606.45
1339.72;1267.23;-72.49;2606.95
1338.09;1265.04;-73.05;2603.12
1340.79;1263.58;-77.22;2604.37
1341.22;1266.00;-75.22;2607.22
1339.84;1266.86;-72.98;2606.71
1338.43;1264.73;-73.70;2603.16
1340.77;1263.75;-77.02;2604.52
1341.53;1265.24;-76.29;2606.77
1340.29;1267.04;-73.25;2607.34
1339.06;1265.00;-74.06;2604.06
1340.26;1263.41;-76.85;2603.67
1340.98;1265.79;-75.19;2606.78
1339.48;1266.93;-72.55;2606.41
1338.73;1265.12;-73.61;2603.85
1340.17;1263.47;-76.70;2603.64
1341.15;1265.68;-75.46;2606.83
1338.62;1267.90;-70.72;2606.52
1337.63;1266.12;-71.51;2603.75
1339.63;1264.29;-75.34;2603.92
1340.59;1266.78;-73.81;2607.38
1338.39;1267.15;-71.24;2605.54
1337.42;1265.90;-71.52;2603.32
1339.74;1264.22;-75.52;2603.95
1339.76;1266.34;-73.42;2606.10
1338.22;1268.02;-70.20;2606.25
1338.00;1265.37;-72.63;2603.37
1340.22;1264.44;-75.78;2604.65
1341.39;1265.95;-75.44;2607.35
1338.21;1267.96;-70.25;2606.17
1337.66;1265.61;-72.05;2603.26
1339.74;1263.63;-76.11;2603.36
1341.52;1266.25;-75.27;2607.76
1338.71;1266.76;-71.95;2605.46
1338.82;1265.05;-73.76;2603.87
1340.24;1263.98;-76.26;2604.22
1341.24;1265.61;-75.63;2606.84
1339.32;1266.42;-72.89;2605.74
1338.32;1264.34;-73.98;2602.65
1339.95;1263.96;-75.98;2603.91
1341.55;1266.56;-74.99;2608.11
1338.72;1266.82;-71.91;2605.54
1337.36;1265.16;-72.19;2602.52
1338.42;1263.98;-74.44;2602.40
1340.09;1266.26;-73.84;2606.35
1338.64;1265.99;-72.64;2604.63
1337.68;1265.99;-71.69;2603.66
1340.46;1264.52;-75.94;2604.99
1340.86;1265.85;-75.01;2606.71
1338.54;1267.81;-70.74;2606.35
1339.01;1266.15;-72.86;2605.16
1340.27;1263.99;-76.28;2604.26
1340.66;1265.75;-74.91;2606.41
1338.62;1268.04;-70.58;2606.65
1337.75;1266.12;-71.62;2603.87
1340.05;1264.08;-75.96;2604.13
1340.58;1266.31;-74.28;2606.89
1338.69;1267.18;-71.52;2605.87
1337.39;1264.96;-72.43;2602.36
1339.77;1264.26;-75.51;2604.04
1341.36;1265.53;-75.84;2606.89
1339.09;1267.28;-71.82;2606.37
1339.54;1265.90;-73.64;2605.44
1340.55;1264.03;-76.52;2604.58
1340.86;1266.31;-74.55;2607.16
1338.61;1266.94;-71.67;2605.55
1338.18;1265.48;-72.70;2603.66
1340.02;1264.63;-75.39;2604.65
1340.96;1266.31;-74.65;2607.26
1338.78;1266.66;-72.12;2605.45
1337.29;1265.85;-71.44;2603.14
1339.83;1263.96;-75.87;2603.79
1340.36;1265.64;-74.72;2606.00
1339.32;1267.64;-71.68;2606.95
1337.64;1266.09;-71.55;2603.72
1341.08;1264.10;-76.98;2605.18
1341.78;1265.85;-75.93;2607.62
1338.74;1268.05;-70.69;2606.79
1337.49;1265.48;-72.01;2602.97
1340.09;1264.59;-75.50;2604.68
1340.98;1265.94;-75.04;2606.92
1338.72;1267.20;-71.52;2605.92
1338.17;1265.36;-72.81;2603.54
1339.91;1264.21;-75.71;2604.12
1340.58;1266.35;-74.23;2606.92
1338.56;1267.64;-70.92;2606.21
1337.91;1265.76;-72.15;2603.67
1340.19;1264.74;-75.45;2604.94
1340.76;1267.19;-73.56;2607.95
1338.98;1267.28;-71.70;2606.26
1337.58;1264.45;-73.12;2602.03
1339.85;1263.97;-75.88;2603.82
1339.48;1266.76;-72.72;2606.24
1339.81;1267.71;-72.10;2607.52
1338.35;1264.35;-74.00;2602.69
1340.26;1263.86;-76.41;2604.12
1340.84;1265.53;-75.31;2606.36
1338.96;1267.22;-71.74;2606.18
1337.88;1264.64;-73.24;2602.51
1339.60;1264.46;-75.14;2604.06
1340.55;1265.50;-75.05;2606.05
1338.76;1267.14;-71.62;2605.90
1338.15;1265.12;-73.02;2603.27
1339.94;1263.51;-76.43;2603.44
1341.65;1266.01;-75.64;2607.66
1339.19;1266.71;-72.49;2605.90
1339.76;1264.92;-74.84;2604.68
1340.98;1263.94;-77.04;2604.92
1341.78;1265.14;-76.64;2606.92
1339.29;1267.55;-71.74;2606.84
1338.58;1264.88;-73.71;2603.46
1340.39;1263.71;-76.68;2604.09
1341.85;1264.01;-77.84;2605.86
1339.41;1266.15;-73.26;2605.56
1338.71;1264.98;-73.72;2603.69
1341.54;1262.85;-78.69;2604.38
1342.33;1265.36;-76.97;2607.69
1339.15;1266.39;-72.76;2605.55
1337.88;1264.10;-73.78;2601.98
1340.49;1263.72;-76.77;2604.22
1341.98;1265.17;-76.81;2607.15
1339.14;1267.29;-71.85;2606.42
1338.74;1265.55;-73.19;2604.29
1340.49;1263.79;-76.69;2604.28
1341.21;1265.48;-75.73;2606.68
1338.43;1267.07;-71.36;2605.50
1337.96;1265.11;-72.85;2603.06
1340.22;1262.94;-77.28;2603.15
1341.19;1265.65;-75.54;2606.84
