1339.23;1266.07;-73.16;2605.30
1337.97;1263.68;-74.29;2601.65
1338.74;1260.51;-78.23;2599.24
1339.04;1264.11;-74.94;2603.15
1339.05;1266.59;-72.45;2605.64
1338.66;1264.43;-74.23;2603.09
1337.95;1260.65;-77.30;2598.59
1337.69;1264.19;-73.50;2601.88
1339.22;1266.98;-72.24;2606.19
1340.06;1263.31;-76.76;2603.37
1340.21;1260.80;-79.41;2601.01
1339.61;1264.52;-75.09;2604.14
1338.12;1268.38;-69.74;2606.51
1338.70;1263.86;-74.84;2602.56
1339.62;1260.72;-78.90;2600.35
1338.29;1265.36;-72.93;2603.66
1337.39;1266.16;-71.23;2603.56
1338.82;1262.59;-76.23;2601.42
1340.18;1260.14;-80.05;2600.32
1338.79;1265.34;-73.46;2604.13
1339.02;1267.91;-71.12;2606.93
1338.70;1263.62;-75.08;2602.32
1341.21;1260.62;-80.59;2601.84
1338.73;1265.90;-72.83;2604.63
1339.09;1268.20;-70.89;2607.29
1338.05;1262.82;-75.23;2600.86
1337.62;1261.92;-75.70;2599.55
1337.60;1265.78;-71.82;2603.38
1336.02;1267.57;-68.45;2603.59
1338.94;1263.16;-75.77;2602.10
1339.01;1261.30;-77.71;2600.31
1338.78;1263.68;-75.09;2602.46
1338.34;1266.69;-71.65;2605.03
1338.66;1263.25;-75.41;2601.91
1340.54;1260.37;-80.16;2600.91
1340.41;1264.43;-75.98;2604.84
1337.46;1266.05;-71.41;2603.51
1337.18;1262.73;-74.45;2599.91
1338.57;1260.24;-78.33;2598.81
1339.40;1264.01;-75.39;2603.41
1338.11;1266.56;-71.55;2604.68
1339.32;1263.31;-76.02;2602.63
1339.96;1260.05;-79.91;2600.01
1339.24;1265.21;-74.02;2604.45
1336.40;1266.39;-70.01;2602.79
1336.91;1263.88;-73.02;2600.79
1337.41;1262.18;-75.22;2599.59
1339.96;1265.58;-74.38;2605.54
1337.82;1266.06;-71.76;2603.89
1338.28;1262.49;-75.78;2600.77
1339.66;1260.11;-79.55;2599.78
1338.86;1263.55;-75.32;2602.41
1337.88;1266.75;-71.13;2604.62
1340.09;1263.91;-76.19;2604.00
1342.61;1259.82;-82.79;2602.42
1336.84;1265.66;-71.17;2602.50
1336.20;1266.08;-70.12;2602.28
1339.95;1262.48;-77.46;2602.43
1341.00;1261.23;-79.77;2602.23
1339.31;1265.45;-73.86;2604.76
1339.38;1265.52;-73.86;2604.91
1340.84;1263.21;-77.63;2604.04
1340.24;1261.04;-79.20;2601.27
1339.57;1265.51;-74.06;2605.08
1338.59;1267.82;-70.77;2606.42
1339.10;1263.09;-76.01;2602.19
1340.45;1261.20;-79.25;2601.65
1339.99;1264.65;-75.34;2604.64
1338.57;1265.68;-72.89;2604.25
1336.91;1263.96;-72.95;2600.86
1341.49;1260.37;-81.12;2601.86
1339.24;1265.52;-73.72;2604.76
1337.19;1265.80;-71.39;2602.99
1338.72;1262.58;-76.15;2601.30
1337.89;1259.99;-77.90;2597.89
1336.99;1265.38;-71.62;2602.37
1337.99;1267.25;-70.74;2605.24
1339.32;1263.15;-76.17;2602.46
1340.89;1260.07;-80.82;2600.96
1338.98;1264.14;-74.85;2603.12
1336.27;1265.81;-70.46;2602.08
1339.21;1263.53;-75.68;2602.74
1340.17;1260.46;-79.71;2600.64
1341.45;1263.71;-77.74;2605.16
1336.48;1267.51;-68.97;2603.98
1340.58;1262.61;-77.97;2603.18
1341.56;1260.49;-81.08;2602.05
1340.28;1263.60;-76.68;2603.88
1337.64;1265.52;-72.12;2603.16
1337.30;1262.83;-74.47;2600.13
1341.62;1259.36;-82.26;2600.98
1340.54;1264.89;-75.65;2605.42
1338.29;1266.49;-71.80;2604.79
1339.49;1263.56;-75.94;2603.05
1340.53;1261.11;-79.42;2601.64
1340.12;1264.72;-75.40;2604.84
1338.26;1267.31;-70.95;2605.57
1340.04;1261.81;-78.24;2601.85
1338.44;1259.41;-79.04;2597.85
1338.52;1263.23;-75.29;2601.75
1339.54;1266.97;-72.57;2606.51
1339.65;1262.44;-77.22;2602.09
1340.99;1260.91;-80.08;2601.90
1338.48;1265.23;-73.25;2603.71
1336.92;1265.39;-71.53;2602.32
1337.08;1263.02;-74.06;2600.10
1338.88;1260.94;-77.95;2599.82
1339.80;1265.61;-74.19;2605.41
1339.91;1267.79;-72.12;2607.69
1339.77;1262.70;-77.07;2602.47
1340.32;1260.57;-79.75;2600.89
1338.53;1264.32;-74.21;2602.85
1339.66;1266.09;-73.58;2605.75
1339.11;1263.59;-75.51;2602.70
1337.90;1259.98;-77.92;2597.88
1338.75;1264.53;-74.22;2603.28
1336.08;1265.81;-70.27;2601.88
1339.44;1262.08;-77.36;2601.52
1342.42;1259.90;-82.52;2602.32
1340.51;1263.82;-76.68;2604.33
1339.69;1267.56;-72.13;2607.26
1340.18;1262.69;-77.48;2602.87
1340.75;1261.48;-79.27;2602.22
1339.65;1264.06;-75.59;2603.72
1338.93;1266.62;-72.31;2605.55
1338.91;1263.63;-75.28;2602.54
1339.76;1260.59;-79.18;2600.35
1336.91;1263.78;-73.13;2600.69
1338.61;1267.15;-71.46;2605.76
1339.39;1263.18;-76.21;2602.56
1337.54;1261.74;-75.79;2599.28
1337.36;1265.26;-72.10;2602.62
1336.97;1266.16;-70.81;2603.14
1339.81;1262.36;-77.44;2602.17
1339.40;1259.75;-79.65;2599.15
1340.51;1263.54;-76.97;2604.04
1338.08;1266.23;-71.85;2604.31
1337.75;1263.59;-74.16;2601.34
1338.53;1260.26;-78.27;2598.79
1337.35;1265.59;-71.76;2602.94
1336.01;1266.53;-69.48;2602.54
1338.42;1264.70;-73.72;2603.12
1339.69;1260.14;-79.55;2599.84
1338.98;1263.85;-75.13;2602.82
1338.02;1266.17;-71.85;2604.19
1336.94;1262.92;-74.02;2599.86
1340.13;1260.09;-80.04;2600.22
1337.76;1264.26;-73.51;2602.02
1336.45;1267.44;-69.01;2603.89
1339.60;1263.92;-75.68;2603.52
1339.26;1261.72;-77.54;2600.98
1341.16;1265.84;-75.32;2607.00
1336.01;1267.09;-68.91;2603.10
1338.73;1263.50;-75.23;2602.23
1340.82;1261.81;-79.01;2602.62
1338.92;1263.95;-74.97;2602.88
1336.51;1268.21;-68.30;2604.72
1339.74;1263.24;-76.50;2602.98
1339.82;1261.97;-77.85;2601.79
1340.31;1265.56;-74.75;2605.88
1338.08;1266.79;-71.29;2604.88
1339.61;1264.51;-75.11;2604.12
1340.12;1260.45;-79.67;2600.58
1341.37;1263.96;-77.41;2605.34
1338.82;1265.63;-73.19;2604.45
1339.02;1264.08;-74.95;2603.10
1339.78;1261.39;-78.39;2601.16
1336.56;1264.51;-72.05;2601.06
1339.21;1267.16;-72.05;2606.38
1338.92;1263.72;-75.19;2602.64
1341.26;1260.65;-80.62;2601.91
1337.92;1265.87;-72.05;2603.79
1337.88;1266.79;-71.09;2604.67
1339.44;1263.14;-76.29;2602.58
1337.65;1260.74;-76.91;2598.39
1339.72;1264.38;-75.34;2604.10
1337.99;1268.14;-69.85;2606.13
1339.94;1262.94;-77.01;2602.88
1339.49;1261.02;-78.47;2600.51
1336.14;1264.58;-71.55;2600.72
1337.49;1266.56;-70.93;2604.06
1337.26;1264.21;-73.05;2601.47
1339.82;1261.65;-78.18;2601.47
1340.77;1264.39;-76.38;2605.16
1336.16;1268.46;-67.70;2604.63
1338.51;1262.90;-75.61;2601.41
1338.71;1262.18;-76.53;2600.88
1337.76;1264.74;-73.02;2602.51
1336.84;1265.95;-70.89;2602.78
1337.66;1264.11;-73.55;2601.78
1339.65;1261.44;-78.21;2601.09
1339.74;1264.24;-75.49;2603.98
1339.48;1266.58;-72.90;2606.06
1340.35;1263.12;-77.23;2603.48
1339.71;1261.20;-78.51;2600.91
1338.13;1264.22;-73.91;2602.35
1338.92;1265.69;-73.24;2604.61
1338.69;1262.91;-75.78;2601.61
1340.02;1260.04;-79.99;2600.06
1338.12;1264.86;-73.26;2602.98
1336.08;1266.51;-69.57;2602.58
1340.67;1262.78;-77.89;2603.45
1341.70;1260.82;-80.88;2602.52
1339.68;1263.58;-76.10;2603.26
1338.22;1266.49;-71.73;2604.71
1338.96;1262.91;-76.05;2601.88
1340.37;1259.72;-80.65;2600.09
1337.59;1264.96;-72.63;2602.55
1336.31;1265.81;-70.51;2602.12
1340.35;1262.49;-77.86;2602.84
1340.79;1260.71;-80.08;2601.50
1339.84;1265.33;-74.51;2605.17
1338.27;1265.68;-72.59;2603.95
1337.85;1262.82;-75.03;2600.68
1338.45;1260.22;-78.22;2598.67
1339.61;1263.69;-75.92;2603.31
1338.77;1266.17;-72.60;2604.94
1339.11;1262.10;-77.01;2601.21
1340.14;1261.67;-78.47;2601.81
1338.90;1264.27;-74.63;2603.17
1339.08;1267.29;-71.79;2606.36
1337.14;1262.32;-74.82;2599.46
1339.92;1261.25;-78.68;2601.17
1339.44;1264.54;-74.90;2603.97
1339.36;1267.98;-71.38;2607.35
1338.79;1262.78;-76.02;2601.57
1340.09;1261.78;-78.31;2601.86
1339.15;1265.17;-73.98;2604.32
1337.92;1266.24;-71.68;2604.16
1337.30;1263.33;-73.97;2600.63
1340.35;1261.21;-79.14;2601.56
1339.45;1264.98;-74.46;2604.43
1337.75;1266.62;-71.13;2604.36
1338.03;1262.47;-75.56;2600.50
1339.72;1261.28;-78.45;2601.00
1340.01;1264.15;-75.86;2604.16
1338.82;1267.98;-70.84;2606.79
1337.97;1262.65;-75.32;2600.62
1337.25;1260.95;-76.30;2598.21
1339.45;1264.54;-74.91;2603.99
1339.23;1268.74;-70.49;2607.96
1336.33;1262.78;-73.55;2599.11
1338.46;1261.90;-76.56;2600.36
1336.45;1266.09;-70.35;2602.54
1339.16;1266.50;-72.66;2605.66
1339.42;1264.44;-74.98;2603.85
1338.91;1259.98;-78.93;2598.89
1339.83;1263.79;-76.04;2603.62
1337.41;1267.24;-70.17;2604.65
1338.56;1263.59;-74.98;2602.15
1340.08;1261.09;-78.99;2601.16
1339.59;1265.98;-73.61;2605.57
1339.49;1268.09;-71.40;2607.58
1337.91;1262.75;-75.16;2600.66
1339.55;1261.78;-77.76;2601.33
1336.83;1265.62;-71.21;2602.45
1337.37;1266.24;-71.14;2603.61
1338.86;1263.56;-75.31;2602.42
1339.76;1260.29;-79.48;2600.05
1338.56;1265.20;-73.36;2603.76
1337.69;1267.24;-70.46;2604.93
1339.24;1262.78;-76.46;2602.02
1339.70;1261.50;-78.20;2601.20
1339.46;1263.58;-75.89;2603.04
1338.48;1266.62;-71.85;2605.10
1340.24;1261.98;-78.26;2602.21
1340.15;1260.20;-79.95;2600.35
1338.84;1264.49;-74.35;2603.33
1337.79;1267.88;-69.91;2605.67
1340.08;1262.51;-77.58;2602.59
1337.58;1260.57;-77.01;2598.15
1338.38;1265.52;-72.85;2603.90
1336.89;1266.52;-70.37;2603.41
1339.53;1263.01;-76.52;2602.54
1340.13;1262.20;-77.93;2602.33
1338.66;1264.03;-74.64;2602.69
1337.75;1268.58;-69.17;2606.32
1338.02;1263.85;-74.17;2601.86
1339.45;1262.19;-77.26;2601.64
1339.22;1264.75;-74.48;2603.97
1338.03;1266.45;-71.58;2604.48
1339.84;1264.88;-74.96;2604.72
1339.59;1261.35;-78.24;2600.94
1336.59;1264.16;-72.43;2600.75
1337.87;1266.79;-71.08;2604.66
1338.78;1263.16;-75.62;2601.94
1339.35;1261.50;-77.85;2600.85
1338.62;1265.34;-73.28;2603.95
1336.01;1267.32;-68.69;2603.34
1339.30;1263.54;-75.76;2602.84
1339.41;1260.94;-78.47;2600.34
1338.58;1264.59;-73.98;2603.17
1337.41;1267.71;-69.70;2605.12
1340.09;1264.48;-75.61;2604.56
1339.14;1260.69;-78.44;2599.83
1338.89;1264.35;-74.54;2603.24
1335.79;1268.50;-67.29;2604.29
1339.61;1263.48;-76.12;2603.09
1339.75;1261.46;-78.28;2601.21
1338.95;1264.74;-74.21;2603.68
1337.62;1267.96;-69.65;2605.58
1338.91;1264.30;-74.61;2603.21
1340.17;1260.28;-79.89;2600.45
1338.49;1263.72;-74.77;2602.22
1336.92;1266.36;-70.56;2603.28
1338.51;1263.17;-75.34;2601.68
1338.56;1260.22;-78.34;2598.78
1338.83;1265.62;-73.21;2604.45
1335.58;1268.06;-67.52;2603.64
1337.02;1262.61;-74.41;2599.62
1339.29;1260.75;-78.54;2600.05
1336.84;1264.61;-72.22;2601.45
1337.43;1267.86;-69.57;2605.29
1339.08;1264.21;-74.88;2603.29
1339.87;1260.85;-79.02;2600.72
1339.11;1263.64;-75.47;2602.75
1335.49;1265.96;-69.52;2601.45
1339.67;1263.95;-75.72;2603.62
1340.04;1262.05;-77.99;2602.09
1339.96;1265.38;-74.58;2605.35
1337.54;1267.47;-70.07;2605.01
1337.76;1262.16;-75.60;2599.92
1339.69;1261.76;-77.94;2601.45
1339.45;1264.01;-75.45;2603.46
1338.45;1265.67;-72.78;2604.12
1338.82;1262.66;-76.16;2601.49
1341.61;1261.81;-79.81;2603.42
1340.58;1264.81;-75.77;2605.39
1335.55;1266.84;-68.71;2602.39
1339.94;1263.14;-76.81;2603.08
1338.77;1260.58;-78.19;2599.35
1339.84;1264.47;-75.36;2604.31
1338.47;1266.55;-71.92;2605.02
1338.95;1264.54;-74.42;2603.49
1340.11;1261.01;-79.11;2601.12
1336.54;1265.45;-71.09;2601.99
1338.60;1268.35;-70.25;2606.95
1338.06;1263.28;-74.78;2601.34
1339.61;1260.65;-78.95;2600.26
1339.34;1266.09;-73.25;2605.43
1335.71;1267.28;-68.44;2602.99
1339.56;1262.90;-76.66;2602.46
1340.51;1261.35;-79.16;2601.86
1337.45;1265.59;-71.85;2603.04
1337.16;1268.36;-68.80;2605.52
1336.32;1262.94;-73.38;2599.26
1337.58;1260.81;-76.78;2598.39
1340.14;1265.81;-74.33;2605.94
1339.41;1267.86;-71.55;2607.27
1339.23;1264.41;-74.82;2603.64
1340.79;1261.59;-79.21;2602.38
1339.64;1264.00;-75.64;2603.64
1339.12;1267.16;-71.96;2606.28
1338.84;1262.89;-75.94;2601.73
1337.68;1261.61;-76.06;2599.29
1340.01;1263.26;-76.75;2603.26
1338.74;1266.48;-72.26;2605.22
1339.52;1262.27;-77.25;2601.79
1340.06;1260.92;-79.15;2600.98
1340.28;1265.81;-74.47;2606.08
1339.21;1267.35;-71.85;2606.56
1339.91;1262.84;-77.08;2602.75
1340.48;1259.98;-80.49;2600.46
1339.89;1263.45;-76.44;2603.34
1338.98;1267.94;-71.04;2606.92
1337.68;1262.81;-74.87;2600.49
1341.03;1260.13;-80.90;2601.16
1338.10;1264.28;-73.82;2602.38
1339.57;1266.16;-73.41;2605.73
1339.20;1263.77;-75.43;2602.97
1341.68;1260.25;-81.44;2601.93
1339.13;1264.02;-75.11;2603.15
1335.79;1266.60;-69.19;2602.39
1338.97;1262.59;-76.38;2601.56
1340.45;1259.91;-80.54;2600.35
1338.56;1263.38;-75.18;2601.94
1336.30;1267.14;-69.16;2603.44
1339.99;1263.72;-76.28;2603.71
1340.01;1261.05;-78.96;2601.05
1339.91;1263.60;-76.31;2603.51
1339.16;1267.21;-71.95;2606.38
1340.99;1261.96;-79.02;2602.95
1339.84;1260.37;-79.46;2600.21
1338.78;1264.64;-74.14;2603.41
1338.58;1265.36;-73.21;2603.94
1336.46;1263.22;-73.24;2599.68
1337.72;1260.49;-77.23;2598.22
1339.29;1265.08;-74.21;2604.38
1336.71;1265.85;-70.86;2602.55
1338.79;1263.14;-75.66;2601.93
1339.41;1260.01;-79.40;2599.42
1340.92;1263.39;-77.53;2604.32
1338.85;1267.91;-70.94;2606.76
1337.97;1263.02;-74.95;2600.99
1339.79;1260.28;-79.51;2600.08
1339.49;1263.31;-76.18;2602.79
1338.87;1266.89;-71.98;2605.76
1336.88;1262.88;-74.00;2599.75
1340.12;1260.35;-79.78;2600.47
1338.21;1265.46;-72.75;2603.68
1338.49;1267.46;-71.03;2605.96
1338.90;1262.66;-76.24;2601.56
1342.23;1261.22;-81.01;2603.45
1340.87;1265.01;-75.86;2605.88
1338.65;1266.44;-72.21;2605.09
1337.39;1262.32;-75.06;2599.71
1339.89;1261.30;-78.59;2601.19
1339.88;1264.66;-75.22;2604.55
1338.56;1266.01;-72.55;2604.57
1339.54;1262.28;-77.26;2601.82
1339.40;1259.94;-79.46;2599.34
1340.21;1263.66;-76.55;2603.87
1338.99;1267.41;-71.58;2606.40
1340.59;1264.09;-76.49;2604.68
1340.45;1261.84;-78.61;2602.29
1339.59;1264.11;-75.48;2603.70
1340.28;1267.70;-72.58;2607.98
1338.82;1262.45;-76.38;2601.27
1340.41;1261.31;-79.10;2601.72
1339.17;1264.08;-75.09;2603.25
1337.98;1266.06;-71.92;2604.04
1337.26;1262.92;-74.34;2600.18
1339.94;1261.84;-78.10;2601.77
1341.06;1264.35;-76.71;2605.41
1337.12;1267.83;-69.29;2604.95
1336.44;1263.43;-73.01;2599.87
1339.75;1260.69;-79.06;2600.45
1339.39;1264.15;-75.25;2603.54
1338.09;1266.57;-71.52;2604.66
1339.14;1263.92;-75.22;2603.05
1339.59;1261.43;-78.16;2601.02
1340.24;1265.50;-74.74;2605.74
1338.93;1266.74;-72.19;2605.67
1339.25;1264.55;-74.70;2603.79
1340.43;1261.59;-78.84;2602.02
1339.76;1264.52;-75.24;2604.28
1337.85;1266.49;-71.35;2604.34
1338.14;1264.23;-73.91;2602.37
1338.96;1261.41;-77.56;2600.37
1338.02;1264.37;-73.65;2602.39
1338.88;1268.12;-70.76;2607.00
1337.96;1262.96;-75.00;2600.93
1338.16;1262.18;-75.98;2600.34
1339.08;1265.16;-73.91;2604.24
1335.53;1266.99;-68.54;2602.52
1338.09;1263.83;-74.26;2601.92
1339.62;1261.78;-77.84;2601.41
1339.32;1265.72;-73.60;2605.05
1338.66;1266.35;-72.31;2605.02
1336.34;1262.79;-73.55;2599.12
1339.81;1262.21;-77.61;2602.02
1339.92;1263.89;-76.04;2603.81
1338.55;1268.16;-70.39;2606.72
1338.16;1262.77;-75.39;2600.94
1340.41;1262.09;-78.32;2602.51
1339.14;1264.75;-74.38;2603.89
1339.72;1268.10;-71.62;2607.82
1337.79;1263.01;-74.78;2600.79
1340.24;1261.53;-78.71;2601.77
1339.29;1264.68;-74.61;2603.98
1337.34;1266.57;-70.77;2603.91
1336.42;1265.12;-71.30;2601.54
1336.72;1261.25;-75.48;2597.97
1339.60;1266.58;-73.02;2606.18
1337.67;1266.29;-71.38;2603.96
1336.82;1263.84;-72.98;2600.65
1338.10;1261.34;-76.76;2599.44
1340.86;1265.01;-75.86;2605.87
1339.20;1268.15;-71.05;2607.35
1337.60;1263.11;-74.49;2600.71
1339.52;1260.74;-78.78;2600.25
1339.09;1263.95;-75.15;2603.04
1337.37;1267.15;-70.22;2604.52
1335.32;1263.32;-72.00;2598.64
1339.02;1262.71;-76.32;2601.73
1339.15;1265.43;-73.72;2604.58
1337.26;1268.47;-68.79;2605.73
1336.45;1265.08;-71.37;2601.54
1338.39;1261.51;-76.89;2599.90
1336.95;1265.99;-70.96;2602.94
1335.96;1268.15;-67.81;2604.11
1338.19;1263.49;-74.71;2601.68
1338.85;1262.04;-76.81;2600.88
1339.57;1266.55;-73.02;2606.12
1337.63;1267.11;-70.52;2604.74
1339.11;1264.58;-74.53;2603.69
1340.56;1261.47;-79.09;2602.03
1338.08;1264.24;-73.84;2602.32
1338.34;1266.48;-71.85;2604.82
1338.84;1264.56;-74.28;2603.40
1338.37;1262.02;-76.35;2600.39
1336.29;1264.29;-72.01;2600.58
1337.94;1268.36;-69.58;2606.31
1339.22;1263.70;-75.52;2602.92
1339.41;1260.33;-79.08;2599.74
1340.11;1266.59;-73.52;2606.69
1338.58;1268.25;-70.34;2606.83
1335.54;1264.48;-71.06;2600.02
1339.23;1261.30;-77.93;2600.53
1338.94;1264.37;-74.57;2603.31
1335.65;1268.83;-66.82;2604.48
1338.26;1263.49;-74.77;2601.76
1339.38;1260.19;-79.19;2599.56
1338.48;1265.82;-72.66;2604.29
1335.39;1266.43;-68.96;2601.82
1338.36;1263.81;-74.55;2602.17
1339.12;1262.18;-76.94;2601.31
1339.23;1264.02;-75.21;2603.25
1338.19;1266.32;-71.88;2604.51
1338.11;1262.77;-75.34;2600.88
1339.49;1262.05;-77.45;2601.54
1338.49;1264.63;-73.86;2603.12
1337.12;1267.86;-69.25;2604.98
1338.24;1263.10;-75.14;2601.34
1340.71;1262.09;-78.62;2602.81
1337.38;1265.28;-72.10;2602.65
1338.47;1266.13;-72.34;2604.60
1338.19;1263.57;-74.62;2601.76
1339.05;1262.55;-76.50;2601.59
1336.70;1265.08;-71.62;2601.78
1336.94;1267.79;-69.15;2604.73
1336.54;1263.26;-73.28;2599.80
1338.53;1261.31;-77.22;2599.84
1338.86;1264.81;-74.05;2603.66
1337.49;1268.38;-69.11;2605.86
1338.54;1263.31;-75.23;2601.84
1337.98;1262.44;-75.54;2600.42
1337.12;1264.72;-72.40;2601.84
1335.12;1268.49;-66.62;2603.61
1336.98;1264.80;-72.18;2601.78
1338.08;1260.61;-77.46;2598.69
1336.76;1264.56;-72.19;2601.32
1338.24;1267.69;-70.55;2605.94
1339.38;1264.65;-74.74;2604.03
1339.40;1261.95;-77.45;2601.35
1339.26;1264.14;-75.12;2603.40
1338.54;1267.40;-71.14;2605.94
1338.67;1263.39;-75.28;2602.06
1338.69;1260.26;-78.44;2598.95
1338.24;1264.52;-73.71;2602.76
1336.75;1266.39;-70.35;2603.14
1336.98;1264.18;-72.80;2601.16
1340.83;1261.98;-78.85;2602.81
1338.51;1264.89;-73.62;2603.39
1335.43;1267.16;-68.27;2602.59
1338.14;1263.12;-75.02;2601.26
1338.30;1261.89;-76.41;2600.19
1337.91;1266.02;-71.88;2603.93
1337.24;1266.29;-70.94;2603.53
1338.75;1263.49;-75.26;2602.24
1341.01;1261.88;-79.12;2602.89
1340.66;1264.38;-76.28;2605.04
1338.39;1265.84;-72.55;2604.24
1340.16;1262.62;-77.54;2602.79
1341.09;1260.62;-80.46;2601.71
1340.65;1264.52;-76.12;2605.17
1335.72;1266.64;-69.09;2602.36
1336.82;1263.59;-73.23;2600.41
1339.28;1260.76;-78.52;2600.04
1338.61;1265.09;-73.52;2603.71
1338.65;1267.92;-70.73;2606.56
1337.84;1262.56;-75.28;2600.39
1339.56;1260.22;-79.34;2599.78
1339.88;1264.69;-75.19;2604.58
1338.83;1267.81;-71.02;2606.64
1338.46;1263.42;-75.04;2601.88
1339.52;1261.86;-77.66;2601.38
1339.29;1265.39;-73.91;2604.68
1340.26;1265.71;-74.55;2605.97
1339.05;1263.45;-75.60;2602.51
1340.13;1260.19;-79.94;2600.32
1338.43;1264.13;-74.30;2602.56
1338.65;1267.46;-71.19;2606.11
1336.14;1263.78;-72.35;2599.92
1338.26;1260.35;-77.91;2598.61
1341.55;1265.19;-76.36;2606.75
1338.35;1267.21;-71.14;2605.56
1339.08;1263.28;-75.79;2602.36
1340.48;1260.63;-79.85;2601.11
1340.42;1264.21;-76.21;2604.62
1338.73;1267.95;-70.78;2606.68
1338.24;1264.64;-73.60;2602.87
1339.52;1260.40;-79.12;2599.92
1339.75;1264.83;-74.92;2604.58
1335.39;1267.01;-68.38;2602.39
1338.70;1263.30;-75.40;2602.00
1340.01;1260.35;-79.66;2600.36
1339.54;1264.26;-75.28;2603.79
1339.16;1266.54;-72.62;2605.69
1339.16;1262.65;-76.52;2601.81
1339.79;1261.95;-77.84;2601.74
1339.72;1266.12;-73.59;2605.84
1338.27;1267.24;-71.03;2605.51
1338.72;1262.79;-75.92;2601.51
1339.64;1260.45;-79.19;2600.08
1337.98;1264.75;-73.23;2602.74
1338.86;1266.31;-72.55;2605.17
1336.61;1262.49;-74.12;2599.10
1340.97;1261.42;-79.55;2602.39
1339.40;1265.74;-73.66;2605.14
1339.25;1265.37;-73.88;2604.62
1338.81;1262.82;-75.98;2601.63
1340.29;1261.08;-79.21;2601.36
1337.72;1265.38;-72.35;2603.10
1338.58;1265.53;-73.05;2604.11
1340.74;1262.91;-77.83;2603.65
1341.38;1260.29;-81.09;2601.66
1341.09;1263.50;-77.59;2604.59
1339.04;1266.02;-73.02;2605.06
1337.98;1263.85;-74.13;2601.82
1341.18;1260.58;-80.61;2601.76
1338.04;1264.57;-73.47;2602.61
1338.64;1265.79;-72.84;2604.43
1339.88;1262.45;-77.43;2602.34
1339.79;1260.52;-79.27;2600.32
1338.52;1263.25;-75.27;2601.78
1335.91;1266.22;-69.69;2602.14
1338.95;1263.88;-75.06;2602.83
1340.08;1261.74;-78.34;2601.82
1339.91;1263.74;-76.17;2603.64
1338.95;1267.10;-71.85;2606.05
1338.78;1262.64;-76.14;2601.42
1339.84;1260.46;-79.38;2600.29
1338.91;1263.98;-74.94;2602.89
1339.05;1267.94;-71.11;2606.99
1338.41;1263.52;-74.89;2601.92
1339.82;1260.62;-79.20;2600.45
1339.72;1263.75;-75.96;2603.47
1336.39;1267.82;-68.57;2604.22
1337.68;1264.16;-73.51;2601.84
1340.23;1260.16;-80.07;2600.39
1339.58;1263.52;-76.06;2603.10
1340.01;1266.07;-73.94;2606.08
1335.80;1263.12;-72.68;2598.92
1337.29;1262.22;-75.08;2599.51
1338.92;1265.92;-73.00;2604.85
1338.74;1265.79;-72.94;2604.53
1338.05;1264.05;-74.00;2602.11
1339.89;1261.16;-78.73;2601.05
1339.27;1265.10;-74.17;2604.37
1335.98;1266.35;-69.63;2602.32
1338.25;1263.81;-74.45;2602.06
1338.39;1261.39;-77.01;2599.78
1341.09;1264.25;-76.84;2605.34
1339.64;1268.15;-71.49;2607.79
1339.01;1264.49;-74.52;2603.50
1337.58;1262.53;-75.05;2600.11
1340.04;1264.91;-75.13;2604.95
1338.95;1267.45;-71.50;2606.41
1335.82;1264.29;-71.53;2600.11
1340.58;1260.55;-80.03;2601.14
1341.05;1264.58;-76.47;2605.64
1339.01;1267.13;-71.88;2606.14
1338.22;1263.14;-75.09;2601.36
1339.79;1261.60;-78.19;2601.39
1338.71;1263.99;-74.72;2602.69
1338.57;1266.16;-72.41;2604.73
1336.92;1264.03;-72.89;2600.95
1339.06;1260.96;-78.10;2600.03
1340.67;1265.09;-75.58;2605.76
1338.09;1265.94;-72.15;2604.03
1339.71;1263.17;-76.54;2602.88
1340.26;1261.49;-78.78;2601.75
1340.76;1263.84;-76.93;2604.60
1337.65;1266.73;-70.92;2604.38
1336.39;1263.76;-72.62;2600.15
1341.03;1260.46;-80.56;2601.49
1338.56;1263.58;-74.98;2602.15
1337.37;1265.36;-72.01;2602.73
1338.62;1262.61;-76.01;2601.24
1340.44;1260.16;-80.27;2600.60
1339.86;1265.55;-74.31;2605.41
1340.03;1266.25;-73.78;2606.28
1338.54;1263.14;-75.40;2601.68
1341.59;1260.52;-81.08;2602.11
1340.36;1265.38;-74.98;2605.74
1339.95;1267.96;-71.99;2607.91
1339.24;1262.92;-76.32;2602.16
1339.18;1260.95;-78.24;2600.13
1339.85;1264.76;-75.09;2604.62
1339.24;1267.14;-72.09;2606.38
1340.14;1264.48;-75.66;2604.62
1337.17;1261.53;-75.64;2598.70
1339.55;1265.31;-74.24;2604.86
1338.51;1265.85;-72.65;2604.36
1339.01;1264.45;-74.56;2603.46
1340.12;1261.54;-78.59;2601.66
1338.62;1263.93;-74.69;2602.55
1338.00;1265.86;-72.14;2603.86
1337.48;1265.03;-72.45;2602.51
1341.11;1260.44;-80.67;2601.54
1340.50;1263.70;-76.80;2604.20
1338.67;1265.87;-72.80;2604.54
1339.54;1263.12;-76.41;2602.66
1340.29;1260.76;-79.52;2601.05
1338.08;1265.79;-72.29;2603.88
1339.12;1268.00;-71.12;2607.12
1336.29;1264.13;-72.16;2600.42
1338.96;1261.14;-77.82;2600.09
1337.19;1264.86;-72.33;2602.05
1336.21;1266.19;-70.02;2602.40
1338.94;1264.05;-74.89;2602.98
1339.91;1261.00;-78.91;2600.91
1338.31;1265.65;-72.65;2603.96
1338.84;1265.54;-73.31;2604.38
1337.90;1262.92;-74.98;2600.82
1340.19;1260.72;-79.47;2600.91
1342.33;1263.51;-78.82;2605.84
1339.31;1267.26;-72.05;2606.58
1339.83;1263.81;-76.02;2603.64
1338.22;1260.40;-77.82;2598.62
1340.27;1263.54;-76.73;2603.81
1339.59;1266.41;-73.19;2606.00
1339.89;1262.68;-77.22;2602.57
1337.58;1259.90;-77.68;2597.48
1339.17;1263.61;-75.56;2602.78
1337.46;1267.21;-70.25;2604.68
1336.51;1261.90;-74.61;2598.41
1341.46;1260.19;-81.27;2601.66
1340.08;1265.10;-74.98;2605.18
1336.49;1265.66;-70.84;2602.15
1338.56;1264.11;-74.45;2602.67
1339.31;1261.23;-78.08;2600.54
1338.27;1263.57;-74.70;2601.84
1337.96;1265.93;-72.03;2603.89
1337.62;1264.31;-73.31;2601.94
1337.47;1260.82;-76.65;2598.29
1339.49;1265.58;-73.91;2605.06
1337.28;1266.22;-71.06;2603.50
1338.49;1262.64;-75.86;2601.13
1342.89;1261.52;-81.37;2604.41
1339.58;1263.88;-75.69;2603.46
1338.33;1266.51;-71.82;2604.84
1338.62;1264.28;-74.34;2602.90
1339.99;1260.58;-79.41;2600.58
1339.51;1265.29;-74.22;2604.79
1339.39;1266.43;-72.96;2605.82
1338.69;1264.38;-74.31;2603.07
1341.49;1260.69;-80.79;2602.18
1340.95;1263.82;-77.13;2604.78
1339.56;1267.18;-72.39;2606.74
1338.30;1262.60;-75.70;2600.90
1341.74;1261.09;-80.65;2602.82
1337.24;1264.21;-73.03;2601.44
1338.38;1267.11;-71.28;2605.49
1339.66;1262.89;-76.77;2602.55
1339.58;1260.46;-79.12;2600.05
1341.83;1264.81;-77.02;2606.64
1337.75;1265.40;-72.35;2603.15
1336.82;1264.02;-72.80;2600.85
1340.63;1261.71;-78.92;2602.34
1342.48;1263.87;-78.61;2606.35
1336.11;1265.56;-70.54;2601.67
1337.92;1263.69;-74.23;2601.61
1338.21;1261.19;-77.02;2599.41
1341.45;1264.47;-76.98;2605.92
1338.33;1265.79;-72.54;2604.12
1337.88;1263.05;-74.83;2600.94
1339.80;1260.63;-79.17;2600.43
1338.12;1264.26;-73.86;2602.39
1335.54;1266.35;-69.19;2601.88
1336.91;1264.16;-72.75;2601.08
1336.91;1260.54;-76.38;2597.45
1337.42;1264.62;-72.80;2602.05
1336.85;1267.85;-68.99;2604.70
1338.21;1263.71;-74.50;2601.92
1340.61;1261.35;-79.26;2601.96
1339.95;1264.46;-75.49;2604.41
1337.58;1268.13;-69.45;2605.71
1338.29;1263.37;-74.92;2601.66
1339.81;1262.32;-77.48;2602.13
1339.51;1264.45;-75.05;2603.96
1338.65;1266.42;-72.24;2605.07
1338.12;1264.22;-73.91;2602.34
1339.15;1261.64;-77.51;2600.78
1339.01;1264.30;-74.71;2603.31
1336.64;1266.09;-70.55;2602.72
1338.04;1262.74;-75.30;2600.77
1339.55;1261.37;-78.18;2600.92
1337.29;1264.04;-73.25;2601.32
1339.19;1266.05;-73.14;2605.24
1338.41;1263.08;-75.32;2601.49
1338.61;1262.21;-76.40;2600.81
1339.92;1263.93;-75.99;2603.85
1337.46;1266.62;-70.85;2604.08
1338.04;1263.36;-74.68;2601.40
1339.28;1261.04;-78.24;2600.32
1340.89;1264.30;-76.59;2605.19
1337.95;1265.79;-72.16;2603.75
1338.38;1263.08;-75.29;2601.46
1338.33;1261.51;-76.82;2599.84
1339.46;1265.46;-74.00;2604.93
1338.54;1266.65;-71.88;2605.19
1338.17;1263.58;-74.59;2601.75
1338.55;1262.08;-76.48;2600.63
1338.19;1264.79;-73.40;2602.99
1338.52;1267.92;-70.61;2606.44
1338.56;1264.01;-74.55;2602.58
1338.48;1262.21;-76.26;2600.69
1339.36;1264.21;-75.16;2603.57
1337.21;1265.99;-71.22;2603.19
1336.94;1263.09;-73.85;2600.03
1338.49;1261.85;-76.64;2600.35
1340.37;1263.97;-76.40;2604.34
1339.56;1265.42;-74.14;2604.98
1339.54;1263.40;-76.14;2602.94
1340.84;1261.11;-79.73;2601.94
1341.02;1263.58;-77.45;2604.60
1337.33;1265.39;-71.94;2602.72
1340.17;1263.75;-76.42;2603.92
1339.04;1260.14;-78.91;2599.18
1340.17;1263.54;-76.63;2603.71
1336.59;1267.54;-69.06;2604.13
1337.56;1264.18;-73.38;2601.74
1341.88;1261.67;-80.21;2603.55
1337.52;1263.34;-74.19;2600.86
1339.78;1265.48;-74.30;2605.26
1338.51;1262.82;-75.69;2601.34
1339.82;1260.94;-78.88;2600.76
1339.21;1264.02;-75.18;2603.23
1339.72;1265.46;-74.26;2605.18
1336.65;1264.98;-71.67;2601.64
1340.95;1260.70;-80.25;2601.65
1339.37;1263.94;-75.43;2603.31
1337.95;1265.55;-72.40;2603.51
1338.25;1262.93;-75.32;2601.18
1337.97;1260.98;-76.99;2598.95
1340.30;1265.55;-74.75;2605.85
1338.10;1266.89;-71.21;2604.99
1337.65;1263.76;-73.89;2601.41
1338.12;1260.97;-77.15;2599.09
1340.00;1264.60;-75.40;2604.60
1337.16;1266.04;-71.12;2603.19
1336.75;1264.32;-72.43;2601.06
1339.88;1261.26;-78.62;2601.14
1337.11;1263.69;-73.42;2600.81
1338.38;1265.57;-72.81;2603.95
1337.59;1263.47;-74.12;2601.06
1338.67;1260.86;-77.81;2599.53
1339.68;1263.91;-75.77;2603.58
1338.46;1266.65;-71.82;2605.11
1339.14;1264.06;-75.08;2603.19
1340.24;1261.42;-78.82;2601.66
1341.26;1263.47;-77.79;2604.73
1340.16;1265.39;-74.77;2605.56
1337.24;1262.64;-74.61;2599.88
1340.52;1261.72;-78.79;2602.24
1340.04;1264.56;-75.48;2604.61
1337.99;1267.28;-70.71;2605.28
1337.90;1264.39;-73.51;2602.29
1341.22;1261.10;-80.12;2602.32
1337.28;1265.59;-71.69;2602.86
1339.20;1266.98;-72.22;2606.18
1339.38;1263.59;-75.79;2602.96
1340.85;1262.02;-78.83;2602.88
1340.63;1265.79;-74.84;2606.42
1339.26;1266.68;-72.58;2605.94
1337.39;1264.35;-73.05;2601.74
1339.56;1262.58;-76.99;2602.14
1338.08;1264.21;-73.87;2602.28
1337.49;1265.84;-71.66;2603.33
1335.76;1264.16;-71.60;2599.93
1339.38;1262.48;-76.90;2601.85
1337.14;1264.63;-72.51;2601.77
1337.84;1266.87;-70.97;2604.71
1338.11;1263.22;-74.89;2601.34
1339.23;1262.52;-76.71;2601.75
1339.72;1264.54;-75.19;2604.26
1338.25;1267.66;-70.59;2605.92
1340.04;1264.65;-75.38;2604.69
1339.09;1262.66;-76.44;2601.75
1337.96;1263.94;-74.02;2601.91
1339.67;1265.93;-73.74;2605.60
1337.95;1263.30;-74.65;2601.25
1338.97;1261.04;-77.93;2600.01
1340.47;1266.15;-74.32;2606.62
1338.04;1267.82;-70.22;2605.86
1338.41;1264.68;-73.72;2603.09
1339.64;1262.53;-77.11;2602.17
1339.23;1265.71;-73.52;2604.94
1338.15;1267.24;-70.92;2605.39
1337.19;1263.14;-74.05;2600.32
1338.44;1262.03;-76.41;2600.46
1339.48;1265.78;-73.70;2605.25
1338.42;1266.23;-72.19;2604.65
1338.16;1263.26;-74.89;2601.42
1339.54;1261.99;-77.54;2601.53
1336.97;1264.10;-72.87;2601.07
1338.75;1265.58;-73.18;2604.33
1338.49;1263.15;-75.35;2601.64
1339.32;1260.96;-78.36;2600.28
1339.92;1263.58;-76.35;2603.50
1337.96;1265.68;-72.28;2603.64
1337.14;1263.39;-73.75;2600.53
1340.94;1260.55;-80.39;2601.49
1340.84;1265.71;-75.12;2606.55
1340.05;1266.68;-73.37;2606.74
1338.13;1264.44;-73.69;2602.57
1338.46;1260.59;-77.87;2599.05
1338.63;1265.01;-73.62;2603.64
1339.32;1266.84;-72.48;2606.16
1338.60;1261.94;-76.66;2600.54
1337.86;1260.59;-77.27;2598.46
1341.09;1263.50;-77.59;2604.59
1337.49;1265.90;-71.59;2603.39
1338.32;1262.40;-75.92;2600.72
1341.87;1260.12;-81.75;2601.99
1338.08;1265.03;-73.05;2603.11
1339.39;1265.63;-73.76;2605.02
1336.48;1263.51;-72.98;2599.99
1338.14;1261.76;-76.37;2599.90
1340.34;1264.66;-75.67;2605.00
1337.73;1265.42;-72.31;2603.15
1338.60;1262.57;-76.03;2601.17
1340.53;1260.78;-79.75;2601.31
1339.20;1264.31;-74.89;2603.51
1340.48;1265.92;-74.55;2606.40
1339.42;1261.74;-77.68;2601.16
1341.05;1260.61;-80.45;2601.66
1341.39;1263.98;-77.42;2605.37
1342.15;1264.94;-77.21;2607.09
1339.15;1262.38;-76.77;2601.54
1338.08;1261.70;-76.38;2599.78
1338.05;1263.06;-74.99;2601.12
1339.31;1267.23;-72.08;2606.54
1337.75;1262.25;-75.51;2600.00
1340.24;1260.38;-79.86;2600.61
1340.14;1263.39;-76.74;2603.53
1339.11;1266.98;-72.13;2606.08
1339.12;1262.13;-76.99;2601.25
1340.36;1260.00;-80.36;2600.36
1338.21;1264.66;-73.54;2602.87
1337.66;1265.74;-71.92;2603.41
1337.79;1262.86;-74.93;2600.65
1339.16;1261.68;-77.48;2600.84
1338.65;1265.21;-73.44;2603.86
1336.52;1266.47;-70.05;2602.99
1338.38;1263.39;-74.99;2601.76
1340.09;1261.71;-78.39;2601.80
1340.49;1265.99;-74.49;2606.48
1338.59;1266.33;-72.26;2604.92
1337.92;1263.16;-74.76;2601.08
1340.01;1261.46;-78.55;2601.48
1339.01;1265.05;-73.96;2604.05
1336.49;1267.52;-68.97;2604.01
1338.35;1262.90;-75.45;2601.25
1339.20;1262.17;-77.03;2601.37
1341.94;1265.89;-76.04;2607.83
1338.39;1266.05;-72.35;2604.44
1337.75;1263.39;-74.36;2601.14
1337.00;1262.48;-74.52;2599.48
1339.52;1265.14;-74.39;2604.66
1337.94;1265.64;-72.30;2603.57
1336.42;1263.06;-73.36;2599.48
1339.04;1260.66;-78.38;2599.69
1340.38;1265.38;-75.00;2605.75
1338.72;1265.86;-72.86;2604.58
1337.08;1264.52;-72.56;2601.60
1339.62;1261.18;-78.45;2600.80
1338.75;1263.85;-74.91;2602.60
1337.84;1265.55;-72.29;2603.38
1336.29;1263.08;-73.21;2599.36
1339.49;1261.34;-78.16;2600.83
1340.08;1264.27;-75.81;2604.35
1336.84;1267.22;-69.62;2604.06
1338.29;1263.52;-74.77;2601.82
1339.56;1261.04;-78.52;2600.59
1340.38;1264.26;-76.12;2604.65
1338.85;1266.94;-71.91;2605.78
1340.15;1264.03;-76.12;2604.18
1338.29;1262.23;-76.06;2600.52
1338.45;1263.48;-74.97;2601.94
1336.36;1266.02;-70.34;2602.38
1338.44;1262.68;-75.76;2601.12
1339.49;1260.74;-78.75;2600.24
1340.26;1264.96;-75.30;2605.22
1338.49;1265.85;-72.64;2604.34
1338.32;1262.86;-75.46;2601.18
1339.54;1261.25;-78.29;2600.79
1339.34;1263.47;-75.86;2602.81
1338.25;1266.54;-71.71;2604.79
1338.58;1262.86;-75.72;2601.44
1339.46;1262.13;-77.33;2601.59
1340.99;1264.21;-76.79;2605.20
1338.19;1266.08;-72.11;2604.27
1338.09;1262.82;-75.26;2600.91
1340.39;1260.49;-79.90;2600.88
1339.99;1264.04;-75.95;2604.04
1336.31;1265.18;-71.14;2601.49
1338.18;1263.69;-74.48;2601.87
1341.04;1260.51;-80.53;2601.54
1341.01;1265.36;-75.64;2606.37
1336.95;1266.07;-70.88;2603.02
1337.19;1262.67;-74.52;2599.86
1339.25;1261.65;-77.61;2600.90
1341.13;1264.66;-76.46;2605.79
1339.61;1267.26;-72.34;2606.87
1338.34;1264.21;-74.14;2602.55
1340.51;1262.14;-78.37;2602.64
1337.75;1263.46;-74.29;2601.21
1336.08;1265.85;-70.23;2601.92
1335.51;1263.76;-71.75;2599.27
1339.26;1261.17;-78.09;2600.44
1340.52;1265.33;-75.19;2605.85
1338.45;1267.46;-70.99;2605.92
1338.59;1262.49;-76.10;2601.08
1339.92;1260.45;-79.47;2600.36
1340.05;1263.58;-76.46;2603.63
1338.40;1266.79;-71.61;2605.19
1338.08;1262.98;-75.11;2601.06
1339.20;1261.96;-77.24;2601.16
1337.71;1264.49;-73.22;2602.21
1338.48;1266.56;-71.92;2605.04
1339.33;1264.09;-75.24;2603.42
1338.83;1260.89;-77.94;2599.72
1339.89;1265.59;-74.31;2605.48
1339.09;1265.32;-73.77;2604.42
1339.96;1262.82;-77.14;2602.78
1340.24;1262.13;-78.11;2602.37
1341.29;1264.49;-76.80;2605.79
1339.88;1266.51;-73.37;2606.39
1340.32;1263.59;-76.73;2603.92
1341.39;1261.13;-80.26;2602.52
1342.19;1263.36;-78.83;2605.56
1339.46;1265.46;-74.00;2604.93
1337.84;1262.88;-74.95;2600.72
1340.32;1261.52;-78.80;2601.84
1339.84;1263.70;-76.14;2603.54
1339.15;1266.17;-72.98;2605.32
1340.14;1262.39;-77.75;2602.54
1338.01;1260.02;-77.98;2598.03
1341.21;1263.21;-78.00;2604.41
1338.75;1265.42;-73.33;2604.18
1338.58;1263.25;-75.34;2601.83
1339.99;1261.72;-78.26;2601.71
1338.04;1263.54;-74.49;2601.58
1338.88;1267.33;-71.55;2606.21
1338.85;1262.24;-76.61;2601.09
1340.12;1261.99;-78.12;2602.11
1339.80;1264.95;-74.85;2604.75
1336.11;1266.19;-69.92;2602.29
1339.46;1262.76;-76.71;2602.22
1339.44;1262.03;-77.41;2601.47
1340.15;1263.97;-76.18;2604.12
1340.31;1266.36;-73.95;2606.66
1338.85;1263.02;-75.84;2601.87
1340.56;1260.47;-80.09;2601.03
1339.10;1263.49;-75.61;2602.59
1338.83;1267.77;-71.06;2606.60
1337.65;1263.77;-73.88;2601.42
1339.49;1261.13;-78.36;2600.62
1339.73;1265.21;-74.52;2604.94
1338.59;1266.92;-71.66;2605.51
1337.82;1263.13;-74.69;2600.95
1340.29;1262.71;-77.58;2602.99
1340.83;1264.82;-76.01;2605.65
1335.75;1267.01;-68.74;2602.75
1338.04;1263.39;-74.65;2601.43
1341.71;1260.46;-81.25;2602.18
1337.36;1264.36;-73.00;2601.73
1339.38;1266.03;-73.35;2605.41
1338.21;1264.47;-73.74;2602.68
1340.21;1262.78;-77.44;2602.99
1338.20;1265.74;-72.46;2603.94
1336.91;1265.98;-70.93;2602.89
1338.96;1262.82;-76.14;2601.79
1337.75;1262.04;-75.71;2599.78
1340.58;1265.11;-75.48;2605.69
1338.59;1265.29;-73.30;2603.88
1339.01;1263.90;-75.11;2602.91
1337.84;1260.84;-77.00;2598.68
1340.89;1264.29;-76.59;2605.18
1338.31;1268.25;-70.06;2606.56
1336.51;1263.85;-72.66;2600.35
1340.18;1261.28;-78.90;2601.46
1339.56;1264.54;-75.03;2604.10
1337.42;1266.25;-71.18;2603.67
1336.41;1263.88;-72.52;2600.29
1340.59;1261.66;-78.94;2602.25
1339.19;1263.45;-75.74;2602.64
1339.35;1265.59;-73.76;2604.95
1337.47;1263.44;-74.04;2600.91
1337.95;1261.27;-76.68;2599.22
1340.71;1263.48;-77.23;2604.18
1340.01;1266.70;-73.31;2606.71
1339.61;1262.69;-76.91;2602.30
1340.55;1261.29;-79.26;2601.85
1338.81;1264.05;-74.76;2602.85
1338.52;1265.82;-72.70;2604.34
1339.01;1263.29;-75.72;2602.30
1338.42;1261.82;-76.60;2600.24
1340.45;1263.87;-76.58;2604.32
1340.28;1265.50;-74.78;2605.78
1337.98;1263.09;-74.89;2601.07
1340.02;1260.50;-79.52;2600.52
1339.78;1264.30;-75.48;2604.08
1340.29;1267.78;-72.51;2608.08
1337.91;1262.99;-74.92;2600.91
1337.00;1261.43;-75.57;2598.43
1338.60;1264.62;-73.98;2603.22
1340.15;1267.01;-73.14;2607.16
1337.73;1262.84;-74.89;2600.56
1340.46;1261.32;-79.15;2601.78
1339.75;1263.94;-75.81;2603.69
1337.87;1265.85;-72.02;2603.72
1337.67;1263.42;-74.25;2601.09
1336.74;1261.61;-75.13;2598.34
1340.01;1265.14;-74.86;2605.15
1338.27;1265.34;-72.93;2603.61
1338.78;1264.29;-74.48;2603.07
1339.76;1261.32;-78.45;2601.08
1339.42;1263.82;-75.60;2603.25
1338.48;1265.97;-72.51;2604.45
1338.86;1263.94;-74.92;2602.80
1337.13;1262.55;-74.58;2599.68
1339.86;1264.42;-75.45;2604.28
1338.77;1265.88;-72.89;2604.65
1337.62;1263.84;-73.78;2601.46
1339.75;1260.63;-79.12;2600.38
1339.10;1263.81;-75.29;2602.91
1338.51;1267.29;-71.21;2605.80
1336.98;1263.00;-73.98;2599.98
1337.82;1261.86;-75.95;2599.68
1337.31;1263.66;-73.64;2600.97
1336.32;1267.76;-68.56;2604.09
1335.48;1263.06;-72.42;2598.55
1339.85;1261.99;-77.86;2601.84
1340.86;1264.16;-76.71;2605.02
1336.94;1266.68;-70.26;2603.62
1338.94;1265.01;-73.92;2603.95
1336.96;1262.42;-74.55;2599.38
1339.42;1265.63;-73.79;2605.05
1338.49;1265.91;-72.58;2604.41
1338.20;1262.59;-75.61;2600.79
1340.49;1260.89;-79.59;2601.38
1339.76;1263.84;-75.93;2603.60
1338.17;1266.85;-71.32;2605.02
1339.55;1263.24;-76.31;2602.78
1339.01;1260.88;-78.12;2599.89
1339.90;1263.96;-75.94;2603.86
1338.69;1267.14;-71.55;2605.83
1336.19;1263.05;-73.14;2599.25
1340.02;1261.43;-78.59;2601.45
1340.45;1264.19;-76.25;2604.64
1336.38;1266.29;-70.09;2602.66
1336.92;1264.86;-72.06;2601.79
1338.10;1261.61;-76.49;2599.71
1339.86;1264.06;-75.81;2603.92
1339.92;1265.39;-74.52;2605.31
1338.12;1263.61;-74.51;2601.74
1339.70;1262.02;-77.68;2601.72
1340.02;1264.58;-75.44;2604.60
1339.31;1265.51;-73.80;2604.82
1340.66;1263.19;-77.46;2603.85
1339.58;1261.79;-77.79;2601.37
1340.60;1265.07;-75.53;2605.67
1338.10;1265.78;-72.32;2603.88
1336.71;1263.03;-73.68;2599.74
1337.01;1262.79;-74.22;2599.79
1339.36;1264.86;-74.50;2604.22
1338.22;1265.77;-72.45;2603.99
1336.98;1263.75;-73.22;2600.73
1338.75;1261.58;-77.17;2600.34
1339.67;1264.14;-75.54;2603.81
1337.19;1265.71;-71.49;2602.90
1338.81;1262.97;-75.84;2601.78
1339.35;1262.48;-76.87;2601.84
1340.00;1263.46;-76.54;2603.46
1337.56;1266.80;-70.76;2604.36
1339.17;1264.66;-74.51;2603.84
1339.31;1262.54;-76.78;2601.85
1339.59;1265.91;-73.68;2605.50
1338.42;1265.78;-72.64;2604.20
1336.02;1262.74;-73.28;2598.76
1342.03;1260.94;-81.09;2602.96
1342.37;1263.99;-78.38;2606.36
1337.26;1265.92;-71.34;2603.18
1338.36;1262.95;-75.42;2601.31
1341.00;1262.92;-78.08;2603.92
1340.80;1264.31;-76.49;2605.11
1338.46;1265.41;-73.05;2603.88
1338.70;1264.37;-74.33;2603.07
1339.77;1260.98;-78.79;2600.75
1340.28;1263.46;-76.82;2603.75
1336.81;1265.05;-71.76;2601.86
1338.60;1262.95;-75.65;2601.55
1339.88;1261.46;-78.41;2601.34
1340.21;1263.37;-76.84;2603.58
1339.38;1265.17;-74.21;2604.55
1336.91;1263.32;-73.59;2600.22
1340.42;1261.04;-79.39;2601.46
1342.16;1262.94;-79.22;2605.10
1340.42;1265.61;-74.82;2606.03
1338.90;1262.45;-76.45;2601.35
1340.42;1260.36;-80.06;2600.78
1340.78;1264.95;-75.84;2605.73
1339.47;1266.42;-73.05;2605.89
1338.82;1262.32;-76.50;2601.15
1340.29;1260.44;-79.85;2600.74
1341.15;1264.49;-76.65;2605.64
1339.32;1264.77;-74.55;2604.09
1339.00;1262.71;-76.29;2601.71
1338.12;1261.86;-76.25;2599.98
1340.40;1263.78;-76.62;2604.18
1338.86;1264.72;-74.14;2603.58
1338.75;1263.29;-75.46;2602.05
1339.86;1262.07;-77.79;2601.93
1340.45;1263.75;-76.69;2604.20
1339.43;1265.91;-73.52;2605.34
1337.94;1263.46;-74.47;2601.40
1340.12;1260.60;-79.52;2600.72
1339.31;1263.61;-75.70;2602.91
1340.86;1264.95;-75.91;2605.82
1338.52;1262.14;-76.39;2600.66
1339.99;1260.01;-79.98;2599.99
1340.79;1262.82;-77.97;2603.61
1339.79;1264.78;-75.01;2604.56
1340.38;1262.74;-77.64;2603.11
1340.08;1260.09;-79.99;2600.18
1339.24;1264.52;-74.71;2603.76
1336.56;1264.62;-71.95;2601.18
1340.17;1262.04;-78.13;2602.21
1341.63;1261.51;-80.12;2603.14
1342.14;1263.47;-78.67;2605.61
1337.09;1266.48;-70.61;2603.57
1339.22;1262.74;-76.48;2601.96
1339.61;1261.02;-78.58;2600.63
1338.81;1263.04;-75.77;2601.85
1340.98;1264.48;-76.49;2605.46
1338.15;1263.03;-75.12;2601.18
1340.73;1259.64;-81.09;2600.37
1341.19;1262.36;-78.82;2603.55
1340.12;1264.53;-75.59;2604.65
1339.58;1263.82;-75.76;2603.41
1340.62;1260.42;-80.19;2601.04
1342.62;1262.74;-79.88;2605.36
1339.98;1264.09;-75.89;2604.08
1340.45;1261.49;-78.96;2601.94
1341.16;1261.35;-79.81;2602.52
1341.44;1262.96;-78.48;2604.40
1338.36;1264.54;-73.83;2602.90
1338.38;1262.48;-75.90;2600.85
1340.27;1261.02;-79.25;2601.29
1341.66;1262.45;-79.21;2604.12
1338.86;1264.21;-74.65;2603.08
1339.07;1263.65;-75.42;2602.72
1342.06;1259.43;-82.63;2601.49
1340.15;1262.58;-77.57;2602.74
1340.35;1265.71;-74.64;2606.06
1339.78;1263.54;-76.25;2603.32
1339.40;1261.06;-78.34;2600.46
1341.82;1263.10;-78.72;2604.92
1340.16;1266.46;-73.69;2606.62
1336.95;1263.65;-73.30;2600.61
1339.75;1261.26;-78.48;2601.01
1340.34;1262.74;-77.60;2603.08
1338.42;1265.18;-73.24;2603.60
1336.60;1263.50;-73.10;2600.10
1340.62;1259.75;-80.87;2600.38
1341.24;1262.37;-78.87;2603.61
1338.78;1265.94;-72.84;2604.71
1340.68;1261.21;-79.47;2601.89
1341.76;1260.03;-81.73;2601.79
1342.48;1262.61;-79.88;2605.09
1339.35;1265.14;-74.22;2604.49
1339.31;1262.79;-76.51;2602.10
1338.71;1260.98;-77.72;2599.69
1338.91;1262.49;-76.42;2601.40
1341.11;1265.69;-75.41;2606.80
1339.39;1262.17;-77.22;2601.56
1339.09;1259.84;-79.25;2598.93
1341.14;1262.92;-78.21;2604.06
1339.22;1265.08;-74.15;2604.30
1340.74;1261.59;-79.15;2602.33
1339.70;1260.49;-79.21;2600.19
1340.89;1263.10;-77.79;2603.99
1337.19;1266.49;-70.70;2603.68
1339.95;1262.13;-77.82;2602.08
1338.12;1261.59;-76.53;2599.72
1340.62;1263.34;-77.29;2603.96
1337.37;1264.81;-72.56;2602.18
1336.23;1262.91;-73.32;2599.14
1340.18;1260.46;-79.72;2600.64
1339.55;1265.12;-74.43;2604.66
1339.12;1265.23;-73.89;2604.35
1338.64;1263.55;-75.09;2602.18
1341.84;1259.94;-81.90;2601.78
1340.46;1263.44;-77.02;2603.91
1341.45;1264.91;-76.55;2606.36
1339.42;1263.35;-76.06;2602.77
1340.15;1260.29;-79.85;2600.44
1341.11;1263.99;-77.12;2605.10
1339.56;1264.62;-74.94;2604.18
1340.64;1262.22;-78.42;2602.85
1341.91;1260.57;-81.34;2602.48
1340.83;1264.72;-76.11;2605.55
1339.45;1265.38;-74.07;2604.84
1337.98;1262.98;-74.99;2600.96
1339.98;1260.52;-79.46;2600.50
1339.72;1262.91;-76.81;2602.62
1339.12;1264.78;-74.34;2603.91
1338.47;1262.10;-76.37;2600.57
1341.28;1261.41;-79.86;2602.69
1341.38;1265.22;-76.16;2606.59
1338.72;1266.12;-72.59;2604.84
1339.68;1262.46;-77.22;2602.14
1340.17;1259.90;-80.27;2600.07
1338.61;1263.25;-75.35;2601.86
1337.99;1265.26;-72.74;2603.25
1339.91;1263.25;-76.66;2603.15
1340.25;1259.95;-80.30;2600.19
1339.06;1262.61;-76.46;2601.67
1340.27;1264.44;-75.84;2604.71
1340.27;1261.34;-78.94;2601.61
1341.26;1259.72;-81.54;2600.98
1338.92;1263.32;-75.59;2602.24
1337.29;1264.80;-72.49;2602.09
1338.56;1263.04;-75.53;2601.60
1340.41;1261.24;-79.17;2601.64
1341.52;1264.25;-77.28;2605.77
1340.05;1264.89;-75.15;2604.94
1339.74;1263.50;-76.24;2603.24
1340.51;1260.84;-79.66;2601.35
1338.38;1263.65;-74.73;2602.04
1339.04;1266.51;-72.52;2605.55
1339.08;1262.79;-76.28;2601.87
1340.48;1260.63;-79.85;2601.11
1340.99;1263.28;-77.71;2604.27
1340.02;1265.31;-74.71;2605.33
1336.84;1263.65;-73.18;2600.49
1340.30;1260.97;-79.33;2601.27
1340.82;1262.99;-77.84;2603.81
1341.09;1266.52;-74.58;2607.61
1339.72;1262.97;-76.75;2602.69
1340.30;1260.34;-79.96;2600.64
1341.31;1265.21;-76.10;2606.51
1339.78;1265.89;-73.88;2605.67
1338.58;1263.42;-75.16;2602.01
1338.15;1260.94;-77.22;2599.09
1338.24;1263.18;-75.06;2601.42
1338.07;1265.64;-72.43;2603.71
1339.54;1262.48;-77.05;2602.02
1340.04;1260.75;-79.29;2600.79
1340.48;1264.06;-76.41;2604.54
1338.61;1265.57;-73.04;2604.18
1338.68;1263.84;-74.84;2602.51
1340.01;1260.94;-79.06;2600.95
1340.49;1263.09;-77.39;2603.58
1340.05;1265.58;-74.47;2605.64
1338.57;1263.66;-74.91;2602.23
1340.37;1259.81;-80.56;2600.18
1341.85;1263.07;-78.78;2604.92
1337.02;1265.16;-71.86;2602.18
1337.38;1262.85;-74.52;2600.23
1341.26;1261.86;-79.40;2603.12
1341.45;1263.72;-77.73;2605.16
1339.90;1264.92;-74.98;2604.82
1339.06;1264.04;-75.02;2603.09
1340.62;1261.91;-78.72;2602.53
1341.46;1265.32;-76.14;2606.78
1339.29;1266.42;-72.87;2605.71
1339.04;1263.68;-75.36;2602.72
1338.38;1260.88;-77.50;2599.25
1339.98;1262.61;-77.37;2602.58
1340.82;1265.86;-74.96;2606.68
1339.12;1262.74;-76.39;2601.86
1340.14;1261.11;-79.02;2601.25
1340.72;1264.41;-76.32;2605.13
1339.01;1265.88;-73.12;2604.89
1340.17;1262.56;-77.61;2602.74
1341.39;1261.91;-79.49;2603.30
1340.58;1264.19;-76.39;2604.76
1339.06;1266.19;-72.87;2605.25
1340.51;1264.08;-76.44;2604.59
1340.98;1260.58;-80.39;2601.56
1340.20;1264.50;-75.70;2604.70
1339.94;1265.39;-74.55;2605.33
1338.69;1262.11;-76.59;2600.80
1340.39;1260.34;-80.05;2600.72
1340.55;1262.92;-77.63;2603.48
1341.69;1264.98;-76.71;2606.67
1338.58;1262.79;-75.79;2601.36
1339.87;1261.69;-78.18;2601.56
1339.22;1263.38;-75.84;2602.59
1339.74;1265.63;-74.11;2605.36
1336.09;1262.61;-73.48;2598.71
1337.98;1260.29;-77.69;2598.26
1338.63;1263.75;-74.88;2602.38
1340.04;1266.70;-73.34;2606.74
1338.85;1262.61;-76.24;2601.45
1341.49;1260.81;-80.68;2602.29
1341.97;1263.36;-78.61;2605.34
1340.41;1264.44;-75.98;2604.85
1340.81;1261.79;-79.02;2602.60
1341.95;1261.11;-80.84;2603.06
1342.09;1262.55;-79.54;2604.65
1340.65;1264.45;-76.20;2605.09
1340.41;1262.34;-78.07;2602.74
1341.80;1260.72;-81.08;2602.52
1343.04;1262.82;-80.22;2605.86
1338.99;1264.65;-74.34;2603.64
1338.66;1264.21;-74.45;2602.86
1340.55;1260.08;-80.46;2600.63
1339.89;1262.91;-76.98;2602.79
1339.61;1265.72;-73.89;2605.33
1339.53;1262.84;-76.69;2602.36
1340.81;1260.42;-80.39;2601.23
1341.71;1262.53;-79.18;2604.24
1340.14;1264.23;-75.91;2604.37
1338.51;1263.19;-75.32;2601.69
1338.33;1260.26;-78.06;2598.59
1342.00;1263.69;-78.31;2605.69
1339.95;1266.54;-73.41;2606.49
1339.81;1262.82;-76.99;2602.63
1340.01;1260.21;-79.79;2600.22
1341.46;1265.27;-76.19;2606.73
1339.04;1264.93;-74.11;2603.96
1338.53;1262.30;-76.23;2600.83
1339.02;1260.85;-78.17;2599.86
1341.32;1263.68;-77.64;2604.99
1339.32;1266.46;-72.86;2605.78
1338.95;1262.51;-76.45;2601.46
1339.99;1261.75;-78.25;2601.74
1340.76;1264.95;-75.81;2605.71
1338.32;1264.69;-73.63;2603.02
1337.68;1262.35;-75.34;2600.03
1338.94;1259.83;-79.11;2598.76
1340.66;1264.06;-76.61;2604.72
1338.09;1265.99;-72.10;2604.08
1338.75;1262.41;-76.35;2601.16
1341.05;1261.77;-79.28;2602.82
1340.86;1263.95;-76.91;2604.81
1340.04;1265.08;-74.96;2605.12
1337.79;1263.36;-74.42;2601.15
1340.22;1260.28;-79.95;2600.50
1339.50;1264.00;-75.50;2603.50
1338.26;1265.04;-73.22;2603.31
1336.68;1263.79;-72.89;2600.48
1339.77;1261.36;-78.41;2601.14
1341.79;1263.21;-78.59;2605.00
1338.78;1265.82;-72.96;2604.61
1339.52;1262.47;-77.05;2601.99
1339.92;1260.65;-79.28;2600.57
1341.24;1262.69;-78.55;2603.94
1339.89;1265.98;-73.91;2605.86
1338.44;1262.58;-75.86;2601.02
1338.08;1261.07;-77.01;2599.15
1340.42;1263.79;-76.64;2604.21
1338.61;1266.41;-72.21;2605.02
1337.39;1264.53;-72.86;2601.92
1338.38;1260.71;-77.67;2599.09
1337.94;1265.48;-72.46;2603.42
1336.38;1265.27;-71.11;2601.65
1340.16;1264.62;-75.54;2604.78
1340.75;1261.16;-79.58;2601.91
1340.33;1263.55;-76.78;2603.88
1338.32;1266.49;-71.82;2604.81
1339.25;1263.54;-75.71;2602.78
1338.56;1262.26;-76.29;2600.82
1339.98;1263.68;-76.30;2603.65
1336.62;1265.06;-71.56;2601.68
1335.94;1263.04;-72.89;2598.98
1337.86;1261.16;-76.70;2599.02
1340.97;1263.66;-77.31;2604.63
1339.31;1266.05;-73.26;2605.36
1336.55;1263.29;-73.25;2599.84
1340.51;1261.93;-78.58;2602.44
1341.84;1263.24;-78.61;2605.08
1340.17;1265.06;-75.11;2605.23
1339.24;1262.32;-76.92;2601.56
1339.08;1261.58;-77.50;2600.65
1338.65;1262.78;-75.86;2601.43
1340.15;1265.56;-74.59;2605.71
1339.66;1262.45;-77.21;2602.12
1339.41;1261.30;-78.11;2600.71
1341.84;1263.88;-77.96;2605.72
1340.37;1265.74;-74.63;2606.11
1339.79;1262.50;-77.29;2602.29
1340.19;1260.46;-79.73;2600.66
1342.04;1262.65;-79.38;2604.69
1340.32;1266.63;-73.69;2606.95
1338.72;1263.33;-75.39;2602.05
1340.91;1261.88;-79.03;2602.78
1340.94;1262.93;-78.01;2603.86
1339.23;1264.81;-74.42;2604.04
1338.72;1262.34;-76.38;2601.05
1340.18;1261.62;-78.55;2601.80
1339.88;1264.25;-75.64;2604.13
1340.36;1265.88;-74.48;2606.24
1338.84;1263.88;-74.95;2602.72
1338.42;1261.83;-76.59;2600.25
1342.04;1263.76;-78.27;2605.80
1340.26;1266.51;-73.75;2606.76
1336.50;1262.19;-74.31;2598.69
1342.06;1260.58;-81.48;2602.64
1341.94;1264.29;-77.64;2606.23
1340.83;1264.60;-76.23;2605.43
1339.90;1261.86;-78.04;2601.76
1340.95;1260.34;-80.61;2601.29
1340.79;1262.92;-77.87;2603.71
1339.75;1266.15;-73.60;2605.89
1339.65;1261.62;-78.03;2601.28
1340.24;1260.62;-79.61;2600.86
1341.51;1262.76;-78.75;2604.26
1340.86;1264.27;-76.59;2605.14
1339.29;1261.77;-77.52;2601.06
1341.15;1260.08;-81.07;2601.24
1341.64;1261.91;-79.73;2603.55
1340.11;1264.22;-75.88;2604.33
1338.81;1261.99;-76.81;2600.80
1340.09;1260.87;-79.22;2600.96
1340.25;1263.14;-77.11;2603.38
1338.94;1265.41;-73.54;2604.35
1339.19;1262.25;-76.94;2601.44
1338.68;1261.07;-77.61;2599.75
1339.07;1263.18;-75.89;2602.25
1339.64;1264.74;-74.90;2604.37
1339.95;1262.60;-77.35;2602.55
1341.86;1261.19;-80.66;2603.05
1339.20;1262.39;-76.81;2601.59
1341.17;1265.65;-75.52;2606.82
1340.09;1262.98;-77.11;2603.08
1338.48;1260.46;-78.02;2598.94
1342.15;1263.20;-78.95;2605.35
1339.30;1264.65;-74.65;2603.95
1338.53;1263.31;-75.22;2601.84
1341.16;1261.39;-79.77;2602.55
1341.51;1263.12;-78.39;2604.63
1341.11;1266.54;-74.57;2607.64
1338.16;1262.32;-75.84;2600.48
1340.61;1261.05;-79.56;2601.65
1340.93;1264.59;-76.34;2605.52
1338.85;1265.68;-73.17;2604.52
1339.09;1261.75;-77.34;2600.84
1340.18;1259.87;-80.31;2600.05
1341.87;1262.79;-79.08;2604.66
1339.85;1264.52;-75.33;2604.36
1337.08;1263.06;-74.02;2600.15
1341.21;1259.85;-81.35;2601.06
1340.99;1262.19;-78.81;2603.18
1338.61;1264.15;-74.46;2602.75
1339.89;1262.95;-76.94;2602.84
1341.29;1261.35;-79.94;2602.64
1340.86;1264.82;-76.04;2605.68
1340.48;1264.64;-75.84;2605.12
1337.61;1263.84;-73.78;2601.45
1340.31;1260.85;-79.46;2601.16
1338.82;1262.75;-76.06;2601.57
1339.32;1266.55;-72.77;2605.86
1335.98;1262.28;-73.71;2598.26
1340.71;1260.51;-80.21;2601.22
1341.46;1263.48;-77.98;2604.94
1339.99;1264.75;-75.24;2604.75
1336.27;1262.76;-73.51;2599.03
1340.62;1260.07;-80.55;2600.69
1341.04;1264.65;-76.39;2605.69
1338.91;1264.51;-74.40;2603.42
1338.93;1263.49;-75.44;2602.42
1340.14;1261.98;-78.16;2602.11
1341.86;1263.04;-78.82;2604.90
1337.35;1266.48;-70.87;2603.82
1339.00;1263.69;-75.31;2602.69
1340.29;1261.58;-78.71;2601.86
1341.68;1263.39;-78.29;2605.07
1340.58;1266.48;-74.09;2607.06
1338.19;1263.71;-74.49;2601.90
1337.89;1260.38;-77.51;2598.28
1340.39;1263.32;-77.07;2603.71
1337.52;1266.62;-70.89;2604.14
1339.13;1263.94;-75.19;2603.06
1339.64;1260.69;-78.95;2600.32
1340.56;1264.86;-75.71;2605.42
1338.42;1264.78;-73.64;2603.20
1337.31;1262.75;-74.56;2600.05
1338.12;1260.68;-77.44;2598.79
1339.81;1263.45;-76.35;2603.26
1338.90;1266.47;-72.43;2605.37
1338.65;1261.95;-76.71;2600.60
1340.13;1262.24;-77.89;2602.37
1338.68;1263.35;-75.32;2602.03
1339.02;1264.48;-74.55;2603.50
1338.56;1262.09;-76.46;2600.65
1340.07;1262.20;-77.87;2602.27
1341.77;1264.63;-77.14;2606.40
1338.46;1266.82;-71.64;2605.29
1339.05;1262.99;-76.06;2602.05
1339.87;1260.49;-79.38;2600.36
1339.78;1264.90;-74.88;2604.68
1337.19;1265.89;-71.29;2603.08
1339.98;1264.65;-75.33;2604.62
1337.72;1260.62;-77.09;2598.34
1339.35;1264.66;-74.69;2604.01
1338.48;1267.01;-71.47;2605.49
1336.81;1263.82;-72.99;2600.63
1339.88;1261.06;-78.82;2600.94
1340.28;1265.41;-74.87;2605.68
1338.86;1266.96;-71.91;2605.82
1338.10;1263.19;-74.91;2601.29
1338.11;1261.86;-76.25;2599.96
1340.50;1263.46;-77.04;2603.96
1340.26;1265.60;-74.66;2605.86
1337.89;1263.48;-74.41;2601.37
1342.12;1261.01;-81.12;2603.13
1342.49;1264.88;-77.61;2607.36
1338.48;1265.00;-73.48;2603.48
1340.16;1263.38;-76.78;2603.54
1339.59;1261.86;-77.73;2601.45
1339.28;1264.48;-74.81;2603.76
1337.05;1266.91;-70.14;2603.95
1339.92;1262.26;-77.65;2602.18
1339.96;1261.22;-78.74;2601.18
1339.67;1264.49;-75.18;2604.16
1338.98;1264.83;-74.15;2603.81
1339.96;1263.56;-76.40;2603.53
1341.46;1259.95;-81.51;2601.41
1341.92;1263.12;-78.80;2605.04
1339.38;1265.82;-73.55;2605.20
1338.61;1262.29;-76.32;2600.91
1340.62;1261.75;-78.88;2602.37
1341.28;1262.96;-78.31;2604.24
1336.59;1266.63;-69.96;2603.22
1338.85;1262.54;-76.31;2601.38
1339.68;1261.59;-78.09;2601.27
1341.95;1263.88;-78.07;2605.84
1337.69;1265.68;-72.02;2603.37
1338.18;1262.61;-75.56;2600.79
1339.97;1261.11;-78.86;2601.08
1340.66;1264.72;-75.95;2605.38
1337.77;1265.16;-72.61;2602.93
1336.12;1262.66;-73.46;2598.78
1340.06;1261.09;-78.98;2601.15
1340.90;1263.36;-77.54;2604.26
1336.52;1265.45;-71.06;2601.97
1335.90;1263.31;-72.59;2599.21
1339.56;1260.11;-79.45;2599.68
1338.76;1263.30;-75.46;2602.06
1338.54;1264.82;-73.72;2603.36
1338.23;1262.25;-75.98;2600.48
1339.25;1260.25;-78.99;2599.50
1341.89;1262.56;-79.32;2604.45
1337.02;1265.82;-71.19;2602.84
1338.92;1261.98;-76.95;2600.90
1341.48;1260.38;-81.10;2601.85
1339.68;1263.22;-76.46;2602.89
1339.91;1264.01;-75.91;2603.92
1337.83;1262.50;-75.33;2600.33
1338.77;1260.12;-78.65;2598.89
1343.46;1262.83;-80.63;2606.29
1339.52;1263.66;-75.86;2603.18
1339.82;1262.16;-77.65;2601.98
1340.92;1260.33;-80.59;2601.25
1339.53;1262.55;-76.98;2602.08
1340.03;1265.77;-74.26;2605.80
1338.45;1263.42;-75.03;2601.86
1340.61;1260.65;-79.96;2601.26
1340.81;1262.75;-78.06;2603.56
1339.48;1266.44;-73.04;2605.91
1338.12;1262.28;-75.84;2600.39
1340.22;1262.27;-77.95;2602.49
1341.09;1263.38;-77.71;2604.46
1338.22;1266.92;-71.30;2605.15
1339.21;1263.80;-75.41;2603.01
1340.18;1261.72;-78.46;2601.89
1340.88;1264.94;-75.95;2605.82
1337.23;1266.70;-70.53;2603.93
1338.09;1263.89;-74.19;2601.98
1339.70;1261.59;-78.11;2601.29
1340.08;1264.58;-75.51;2604.66
1339.75;1264.82;-74.93;2604.56
1339.09;1262.66;-76.42;2601.75
1337.23;1261.81;-75.42;2599.04
1341.38;1263.33;-78.05;2604.71
1336.83;1265.42;-71.41;2602.25
1338.57;1264.29;-74.28;2602.86
1338.91;1261.04;-77.88;2599.95
1341.56;1263.01;-78.55;2604.56
1339.64;1266.61;-73.02;2606.25
1337.01;1262.14;-74.87;2599.15
1340.68;1261.11;-79.57;2601.79
1339.73;1262.51;-77.22;2602.24
1339.21;1264.56;-74.65;2603.76
1339.30;1263.16;-76.14;2602.46
1341.15;1260.47;-80.68;2601.62
1341.91;1262.25;-79.65;2604.16
1338.34;1264.21;-74.14;2602.55
1336.96;1261.62;-75.34;2598.58
1340.78;1260.48;-80.29;2601.26
1341.09;1263.88;-77.22;2604.97
1339.74;1264.82;-74.92;2604.56
1337.06;1261.74;-75.33;2598.80
1340.56;1261.19;-79.36;2601.75
1342.61;1263.15;-79.46;2605.76
1341.05;1265.97;-75.08;2607.02
1339.04;1263.30;-75.74;2602.34
1339.26;1260.59;-78.66;2599.85
1340.89;1263.46;-77.43;2604.35
1340.89;1265.17;-75.72;2606.06
1338.82;1263.71;-75.11;2602.52
1339.21;1260.96;-78.25;2600.16
1341.50;1264.34;-77.16;2605.84
1336.84;1264.71;-72.12;2601.55
1339.62;1262.31;-77.31;2601.92
1341.57;1260.55;-81.02;2602.12
1339.02;1264.96;-74.06;2603.98
1340.16;1266.16;-74.01;2606.32
1338.85;1262.46;-76.39;2601.31
1340.12;1261.94;-78.19;2602.06
1342.07;1263.33;-78.74;2605.40
1339.56;1265.06;-74.49;2604.62
1337.99;1263.84;-74.16;2601.83
1339.93;1261.04;-78.89;2600.96
1342.24;1262.79;-79.45;2605.03
1341.28;1265.15;-76.14;2606.43
1338.05;1263.67;-74.38;2601.72
1340.48;1262.02;-78.45;2602.50
1341.97;1263.16;-78.81;2605.13
1339.59;1265.00;-74.59;2604.59
1335.98;1264.09;-71.89;2600.08
1340.45;1262.08;-78.38;2602.53
1340.39;1262.98;-77.41;2603.36
1339.24;1266.14;-73.11;2605.38
1340.82;1262.16;-78.66;2602.99
1340.94;1262.20;-78.74;2603.14
1340.68;1263.54;-77.14;2604.22
1339.32;1265.01;-74.31;2604.33
1338.46;1263.84;-74.62;2602.29
1340.54;1260.39;-80.15;2600.94
1339.42;1262.78;-76.65;2602.20
1338.89;1265.99;-72.90;2604.89
1337.28;1262.41;-74.87;2599.68
1340.13;1262.23;-77.90;2602.36
1341.22;1262.77;-78.45;2603.99
1338.05;1264.59;-73.46;2602.65
1338.15;1262.86;-75.29;2601.01
1337.91;1260.63;-77.28;2598.54
1339.80;1264.42;-75.38;2604.22
1339.69;1264.32;-75.37;2604.02
1337.76;1263.93;-73.84;2601.69
1338.26;1261.36;-76.91;2599.62
1340.44;1263.11;-77.33;2603.54
1340.17;1264.49;-75.68;2604.66
1337.83;1263.94;-73.89;2601.76
1340.02;1260.56;-79.46;2600.58
1338.96;1263.85;-75.11;2602.81
1339.46;1264.01;-75.45;2603.47
1340.01;1262.01;-77.99;2602.02
1339.76;1260.38;-79.39;2600.14
1340.32;1265.07;-75.25;2605.39
1340.81;1266.01;-74.80;2606.82
1338.35;1262.13;-76.22;2600.48
1340.74;1260.48;-80.26;2601.22
1341.76;1263.45;-78.31;2605.21
1337.52;1264.52;-72.99;2602.04
1339.54;1262.55;-76.99;2602.09
1341.07;1261.36;-79.71;2602.43
1341.51;1262.38;-79.14;2603.89
1339.49;1265.89;-73.61;2605.38
1338.87;1262.93;-75.94;2601.80
1340.85;1260.06;-80.79;2600.91
1343.19;1262.95;-80.24;2606.15
1338.22;1266.49;-71.73;2604.71
1339.27;1263.49;-75.78;2602.76
1341.69;1261.60;-80.09;2603.29
1339.66;1263.36;-76.30;2603.02
1340.19;1264.01;-76.18;2604.20
1339.42;1261.76;-77.65;2601.18
1341.64;1261.36;-80.28;2603.00
1342.62;1263.14;-79.48;2605.75
1339.41;1263.90;-75.51;2603.31
1338.48;1263.59;-74.89;2602.08
1340.39;1260.19;-80.19;2600.58
1341.24;1262.39;-78.85;2603.63
1339.46;1264.14;-75.32;2603.60
1338.35;1262.74;-75.61;2601.08
1340.02;1260.45;-79.57;2600.46
1342.68;1262.91;-79.76;2605.59
1340.26;1265.15;-75.12;2605.41
1339.84;1261.44;-78.39;2601.28
1341.11;1260.95;-80.16;2602.06
1341.62;1262.21;-79.42;2603.83
1339.89;1263.05;-76.84;2602.94
1339.50;1261.49;-78.01;2600.99
1340.03;1259.84;-80.19;2599.86
1339.32;1263.84;-75.48;2603.15
1339.86;1263.65;-76.21;2603.52
1339.15;1262.76;-76.39;2601.91
1341.06;1259.58;-81.48;2600.64
1341.95;1263.36;-78.59;2605.32
1339.82;1265.88;-73.94;2605.70
1336.96;1261.57;-75.39;2598.54
1341.09;1260.08;-81.01;2601.17
1342.50;1262.49;-80.01;2604.99
1339.96;1265.97;-73.99;2605.94
1339.23;1262.86;-76.36;2602.09
1339.01;1261.30;-77.71;2600.31
1341.48;1262.46;-79.02;2603.94
1339.72;1263.82;-75.91;2603.54
1338.53;1261.85;-76.68;2600.38
1339.85;1261.58;-78.27;2601.44
1341.14;1263.16;-77.98;2604.30
1339.15;1263.71;-75.44;2602.86
1336.78;1262.86;-73.92;2599.65
1341.84;1260.92;-80.92;2602.75
1342.85;1262.41;-80.44;2605.26
1340.31;1266.20;-74.11;2606.51
1336.97;1262.66;-74.31;2599.64
1342.11;1260.15;-81.96;2602.26
1339.26;1262.44;-76.82;2601.71
1341.17;1266.54;-74.64;2607.71
1338.14;1262.12;-76.01;2600.26
1341.53;1260.89;-80.64;2602.42
1339.74;1262.49;-77.25;2602.24
1340.29;1266.04;-74.26;2606.33
1339.65;1262.35;-77.30;2602.01
1341.42;1260.88;-80.55;2602.30
1341.49;1262.74;-78.75;2604.22
1338.72;1266.32;-72.39;2605.04
1337.65;1262.19;-75.45;2599.84
1341.64;1261.61;-80.03;2603.25
1340.24;1263.04;-77.20;2603.28
1336.79;1266.32;-70.48;2603.11
1338.09;1262.39;-75.70;2600.48
1341.45;1262.34;-79.12;2603.79
1340.70;1263.91;-76.79;2604.61
1339.15;1264.93;-74.22;2604.08
1338.44;1264.04;-74.41;2602.48
1339.25;1261.53;-77.72;2600.78
1340.05;1263.29;-76.75;2603.34
1340.03;1264.45;-75.58;2604.48
1339.71;1263.68;-76.03;2603.38
1341.58;1260.19;-81.39;2601.77
1341.31;1262.47;-78.84;2603.78
1339.75;1264.07;-75.68;2603.82
1338.99;1262.05;-76.94;2601.05
1339.76;1260.54;-79.22;2600.29
1339.24;1262.76;-76.48;2601.99
1337.36;1264.77;-72.59;2602.13
1338.22;1262.12;-76.10;2600.34
1338.23;1260.12;-78.11;2598.35
1342.50;1262.78;-79.72;2605.28
1339.26;1266.23;-73.04;2605.49
1338.58;1263.72;-74.86;2602.29
1341.51;1260.99;-80.52;2602.50
1341.49;1263.91;-77.59;2605.40
1339.58;1264.42;-75.16;2604.00
1338.82;1261.92;-76.89;2600.74
1338.86;1262.01;-76.85;2600.86
1342.55;1263.91;-78.64;2606.46
1340.90;1264.56;-76.34;2605.46
1338.58;1263.48;-75.09;2602.06
1340.89;1261.74;-79.15;2602.62
1341.91;1264.01;-77.91;2605.92
1338.77;1264.55;-74.22;2603.32
1336.08;1263.01;-73.07;2599.09
1340.09;1260.59;-79.49;2600.68
1340.97;1264.61;-76.36;2605.58
1338.12;1264.46;-73.66;2602.59
1338.77;1262.41;-76.36;2601.18
1342.18;1261.92;-80.26;2604.09
1341.65;1263.39;-78.26;2605.05
1338.64;1265.17;-73.47;2603.81
1337.87;1263.95;-73.92;2601.82
1340.01;1262.15;-77.86;2602.16
1340.62;1262.81;-77.81;2603.44
1339.66;1265.15;-74.51;2604.81
1338.80;1262.85;-75.95;2601.65
1340.55;1262.05;-78.51;2602.60
1341.51;1265.22;-76.29;2606.74
1338.16;1265.65;-72.52;2603.81
1339.15;1264.27;-74.88;2603.42
1340.04;1261.40;-78.64;2601.44
1341.56;1264.06;-77.50;2605.63
1340.01;1266.14;-73.87;2606.14
1339.34;1263.35;-75.99;2602.68
1341.26;1260.90;-80.36;2602.16
1343.91;1263.34;-80.56;2607.25
1339.08;1264.28;-74.79;2603.36
1339.26;1262.64;-76.62;2601.89
1341.22;1261.22;-80.00;2602.45
1341.65;1264.76;-76.89;2606.42
1339.86;1266.71;-73.15;2606.57
1338.93;1262.94;-75.99;2601.87
1339.99;1261.19;-78.79;2601.18
1341.06;1263.85;-77.21;2604.91
1341.27;1266.41;-74.86;2607.68
1339.36;1262.39;-76.96;2601.75
1339.80;1261.11;-78.69;2600.91
1341.08;1262.85;-78.24;2603.93
1339.63;1265.21;-74.42;2604.84
1338.94;1263.62;-75.32;2602.56
1340.71;1259.59;-81.11;2600.30
1341.12;1262.04;-79.08;2603.15
1337.68;1264.34;-73.35;2602.02
1339.47;1262.67;-76.80;2602.14
1341.65;1260.06;-81.58;2601.71
1341.92;1261.91;-80.02;2603.83
1340.55;1263.94;-76.62;2604.49
1339.31;1262.21;-77.11;2601.52
1341.83;1260.16;-81.67;2601.99
1341.36;1263.56;-77.79;2604.92
1339.59;1264.10;-75.49;2603.69
1339.78;1262.21;-77.56;2601.99
1338.68;1261.15;-77.53;2599.84
1341.32;1263.12;-78.20;2604.45
1339.84;1264.24;-75.60;2604.07
1337.46;1262.31;-75.15;2599.76
1340.56;1261.83;-78.73;2602.39
1342.29;1264.78;-77.51;2607.06
1338.40;1265.43;-72.97;2603.83
1338.96;1262.83;-76.13;2601.79
1340.05;1260.54;-79.51;2600.58
1339.64;1262.71;-76.93;2602.34
1339.75;1264.19;-75.56;2603.94
1338.32;1262.01;-76.31;2600.32
1340.84;1261.94;-78.90;2602.78
1339.76;1263.68;-76.08;2603.44
1339.28;1264.29;-74.99;2603.56
1339.01;1262.15;-76.86;2601.15
1341.52;1260.74;-80.79;2602.26
1342.04;1262.62;-79.42;2604.66
1340.58;1264.78;-75.80;2605.35
1338.12;1262.91;-75.21;2601.04
1339.85;1261.36;-78.49;2601.21
1342.28;1264.46;-77.82;2606.74
1337.86;1264.52;-73.35;2602.38
1339.79;1263.65;-76.15;2603.44
1337.92;1260.90;-77.02;2598.82
1342.98;1262.88;-80.10;2605.86
1340.09;1264.73;-75.36;2604.82
1338.79;1263.11;-75.68;2601.90
1340.62;1261.92;-78.71;2602.54
1341.45;1263.78;-77.67;2605.24
1339.56;1264.22;-75.35;2603.78
1338.98;1263.37;-75.61;2602.35
1341.25;1261.69;-79.55;2602.94
1338.41;1265.20;-73.21;2603.61
1339.34;1265.34;-74.00;2604.68
1338.58;1262.45;-76.13;2601.02
1339.93;1261.13;-78.80;2601.06
1341.67;1262.88;-78.79;2604.55
1339.38;1266.34;-73.04;2605.71
1338.48;1262.66;-75.82;2601.14
1340.36;1259.57;-80.79;2599.93
1339.51;1262.29;-77.22;2601.81
1339.52;1264.75;-74.76;2604.27
1338.88;1262.71;-76.18;2601.59
1340.61;1260.59;-80.02;2601.20
1341.38;1263.47;-77.91;2604.85
1341.06;1265.57;-75.49;2606.63
1339.02;1262.41;-76.61;2601.42
1338.57;1261.24;-77.34;2599.81
1342.47;1263.61;-78.86;2606.08
1340.10;1264.28;-75.82;2604.38
1338.94;1262.44;-76.51;2601.38
1341.65;1261.40;-80.25;2603.05
1340.54;1263.64;-76.91;2604.18
1339.71;1264.63;-75.08;2604.34
1337.80;1263.37;-74.43;2601.17
1340.88;1261.19;-79.68;2602.07
1342.29;1264.19;-78.09;2606.48
1338.22;1264.48;-73.74;2602.69
1338.54;1262.05;-76.49;2600.58
1340.12;1261.58;-78.54;2601.70
1340.97;1263.39;-77.58;2604.36
1341.18;1264.43;-76.75;2605.61
1338.44;1262.29;-76.15;2600.73
1341.21;1260.26;-80.95;2601.47
1342.26;1263.00;-79.26;2605.26
1338.86;1265.55;-73.31;2604.41
1338.19;1262.88;-75.31;2601.07
1339.36;1262.10;-77.26;2601.46
1339.09;1263.01;-76.08;2602.11
1339.57;1264.49;-75.08;2604.06
1338.68;1262.32;-76.36;2601.00
1341.69;1260.39;-81.29;2602.08
1342.32;1263.82;-78.49;2606.14
1338.08;1264.36;-73.71;2602.44
1340.24;1262.04;-78.20;2602.28
1340.98;1262.44;-78.54;2603.41
1343.26;1262.49;-80.77;2605.75
1338.41;1264.01;-74.41;2602.42
1339.30;1261.72;-77.58;2601.02
1341.55;1261.56;-79.99;2603.11
1342.25;1263.28;-78.96;2605.53
1340.72;1263.94;-76.79;2604.66
1336.62;1261.55;-75.07;2598.16
1339.29;1259.89;-79.41;2599.18
1339.68;1262.86;-76.82;2602.54
1340.16;1264.18;-75.99;2604.34
1339.99;1262.32;-77.67;2602.32
1341.37;1261.75;-79.62;2603.12
1343.15;1262.65;-80.50;2605.81
1340.72;1264.73;-75.99;2605.45
1339.36;1262.15;-77.21;2601.51
1340.45;1260.79;-79.65;2601.24
1340.77;1262.28;-78.49;2603.05
1339.08;1264.39;-74.69;2603.46
1339.92;1262.74;-77.18;2602.65
1341.52;1261.38;-80.14;2602.89
1342.09;1262.54;-79.55;2604.63
