1408.94;1343.54;-65.41;2752.48
1421.02;1347.58;-73.44;2768.59
1408.60;1346.83;-61.77;2755.43
1417.96;1346.38;-71.58;2764.34
1409.60;1346.96;-62.64;2756.56
1422.14;1344.09;-78.04;2766.23
1408.11;1348.69;-59.41;2756.80
1403.72;1344.22;-59.50;2747.94
1408.41;1346.84;-61.57;2755.24
1418.75;1349.94;-68.81;2768.69
1407.24;1346.59;-60.64;2753.83
1404.66;1348.48;-56.19;2753.14
1406.76;1346.61;-60.16;2753.37
1410.72;1343.31;-67.41;2754.03
1421.70;1347.44;-74.26;2769.14
1407.44;1344.71;-62.72;2752.15
1408.78;1344.44;-64.34;2753.21
1410.98;1346.46;-64.51;2757.44
1408.05;1346.49;-61.55;2754.54
1406.22;1344.17;-62.05;2750.39
1409.82;1346.85;-62.97;2756.68
1409.95;1344.31;-65.64;2754.26
1406.89;1345.85;-61.04;2752.75
1404.46;1344.55;-59.91;2749.01
1409.48;1341.28;-68.19;2750.76
1410.16;1346.36;-63.81;2756.52
1408.18;1345.91;-62.26;2754.09
1405.16;1342.48;-62.68;2747.65
1411.64;1345.38;-66.26;2757.01
1411.38;1341.92;-69.45;2753.30
1410.25;1347.39;-62.86;2757.64
1410.09;1343.44;-66.65;2753.54
1409.11;1344.65;-64.45;2753.76
1412.87;1345.16;-67.71;2758.03
1418.72;1346.72;-72.01;2765.44
1407.76;1344.14;-63.62;2751.90
1411.45;1341.49;-69.96;2752.94
1411.10;1345.09;-66.01;2756.19
1406.85;1345.36;-61.48;2752.21
1418.72;1343.43;-75.29;2762.15
1408.39;1343.71;-64.68;2752.11
1408.54;1345.58;-62.96;2754.12
1407.88;1345.08;-62.80;2752.95
1406.99;1344.76;-62.23;2751.76
1409.15;1346.02;-63.12;2755.17
1412.49;1344.56;-67.92;2757.05
1407.32;1345.58;-61.74;2752.90
1407.78;1344.53;-63.25;2752.31
1408.82;1342.54;-66.28;2751.36
1414.69;1344.97;-69.72;2759.66
1402.92;1349.54;-53.38;2752.45
1408.82;1340.74;-68.09;2749.56
1409.10;1347.83;-61.27;2756.93
1413.05;1345.03;-68.02;2758.08
1409.90;1347.38;-62.52;2757.28
1406.36;1344.57;-61.79;2750.93
1418.49;1348.09;-70.40;2766.59
1407.88;1345.76;-62.12;2753.64
1407.16;1347.94;-59.22;2755.11
1410.74;1346.56;-64.18;2757.30
1405.60;1344.32;-61.28;2749.92
1410.01;1345.47;-64.54;2755.48
1407.74;1348.46;-59.27;2756.20
1406.57;1346.22;-60.35;2752.79
1409.67;1345.72;-63.95;2755.39
1410.58;1343.21;-67.38;2753.79
1410.18;1345.50;-64.68;2755.68
1404.88;1343.99;-60.89;2748.86
1420.10;1341.35;-78.75;2761.45
1411.31;1342.65;-68.65;2753.96
1408.29;1346.39;-61.89;2754.68
1405.94;1346.91;-59.02;2752.85
1409.89;1341.02;-68.88;2750.91
1407.39;1348.21;-59.18;2755.59
1408.36;1345.94;-62.42;2754.30
1414.65;1345.28;-69.36;2759.93
1417.95;1345.15;-72.81;2763.10
1411.68;1348.07;-63.61;2759.75
1411.10;1346.40;-64.70;2757.50
1406.59;1345.05;-61.54;2751.64
1408.25;1343.97;-64.28;2752.22
1410.92;1351.50;-59.42;2762.42
1403.25;1347.41;-55.84;2750.66
1406.06;1345.06;-61.00;2751.12
1423.86;1344.49;-79.37;2768.36
1410.89;1345.38;-65.52;2756.27
1414.82;1350.18;-64.64;2765.01
1409.04;1345.21;-63.84;2754.25
1422.67;1342.81;-79.86;2765.48
1410.29;1346.05;-64.24;2756.35
1407.62;1346.82;-60.80;2754.45
1406.18;1345.49;-60.69;2751.66
1407.25;1347.66;-59.59;2754.91
1412.58;1343.39;-69.19;2755.96
1406.70;1349.82;-56.88;2756.52
1411.71;1347.12;-64.59;2758.84
1413.79;1338.93;-74.86;2752.72
1424.15;1346.34;-77.81;2770.48
1407.99;1352.05;-55.95;2760.04
1405.91;1342.00;-63.91;2747.91
1420.45;1347.52;-72.93;2767.96
1421.92;1346.05;-75.86;2767.97
1414.11;1346.44;-67.66;2760.55
1407.72;1344.56;-63.16;2752.29
1409.12;1346.95;-62.16;2756.07
1410.64;1342.46;-68.18;2753.09
1408.30;1350.15;-58.15;2758.45
1407.98;1344.34;-63.64;2752.32
1408.88;1344.95;-63.93;2753.82
1409.73;1348.11;-61.62;2757.84
1408.28;1347.69;-60.59;2755.98
1408.18;1346.88;-61.29;2755.06
1409.64;1341.04;-68.60;2750.67
1410.54;1347.46;-63.08;2758.01
1408.35;1346.86;-61.49;2755.21
1406.50;1347.00;-59.50;2753.50
1421.75;1341.02;-80.73;2762.76
1410.06;1346.40;-63.66;2756.46
1407.28;1345.57;-61.71;2752.85
1406.03;1344.82;-61.21;2750.85
1411.05;1341.04;-70.01;2752.09
1412.19;1344.43;-67.76;2756.62
1407.18;1347.76;-59.42;2754.94
1406.67;1343.57;-63.10;2750.24
1424.91;1343.29;-81.61;2768.20
1413.64;1344.15;-69.48;2757.79
1408.25;1350.30;-57.95;2758.55
1406.58;1345.80;-60.78;2752.38
1410.11;1343.21;-66.90;2753.31
1413.79;1349.29;-64.50;2763.08
1407.56;1345.25;-62.31;2752.82
1408.44;1344.13;-64.31;2752.57
1405.92;1339.55;-66.36;2745.47
1409.76;1344.92;-64.84;2754.68
1407.27;1345.12;-62.15;2752.39
1406.09;1345.67;-60.42;2751.76
1408.77;1342.56;-66.21;2751.34
1410.78;1345.65;-65.13;2756.42
1417.00;1338.96;-78.04;2755.96
1406.79;1346.83;-59.96;2753.62
1413.02;1347.46;-65.56;2760.48
1409.77;1343.51;-66.26;2753.28
1421.34;1344.71;-76.64;2766.05
1404.73;1349.92;-54.81;2754.65
1410.51;1344.51;-66.00;2755.01
1411.29;1345.82;-65.47;2757.12
1408.41;1347.86;-60.55;2756.27
1420.14;1344.78;-75.36;2764.92
1420.13;1344.81;-75.32;2764.94
1409.82;1348.45;-61.37;2758.28
1408.42;1349.77;-58.65;2758.19
1406.78;1345.22;-61.56;2752.00
1409.38;1349.56;-59.81;2758.94
1412.29;1342.36;-69.93;2754.66
1413.44;1345.12;-68.32;2758.56
1406.86;1343.23;-63.64;2750.09
1408.05;1340.86;-67.19;2748.91
1411.64;1342.08;-69.56;2753.72
1409.44;1344.31;-65.13;2753.74
1405.54;1341.28;-64.26;2746.82
1409.06;1343.42;-65.65;2752.48
1411.53;1344.18;-67.35;2755.71
1409.76;1347.21;-62.55;2756.97
1407.18;1343.66;-63.52;2750.84
1411.61;1349.98;-61.63;2761.58
1411.24;1344.26;-66.98;2755.51
1409.21;1347.55;-61.65;2756.76
1409.05;1348.38;-60.68;2757.43
1412.66;1341.54;-71.12;2754.20
1411.75;1344.43;-67.32;2756.18
1407.55;1350.00;-57.55;2757.55
1419.41;1345.66;-73.75;2765.06
1410.62;1345.96;-64.65;2756.58
1411.56;1346.08;-65.48;2757.65
1416.35;1354.05;-62.30;2770.39
1409.09;1344.89;-64.21;2753.98
1409.58;1344.33;-65.25;2753.91
1410.69;1346.32;-64.37;2757.02
1411.12;1345.46;-65.65;2756.58
1407.96;1345.08;-62.88;2753.04
1411.29;1340.56;-70.73;2751.85
1420.95;1343.11;-77.84;2764.05
1411.42;1346.63;-64.79;2758.05
1405.22;1343.53;-61.69;2748.75
1409.95;1347.35;-62.59;2757.30
1410.15;1344.79;-65.36;2754.94
1422.45;1344.14;-78.31;2766.59
1407.36;1342.56;-64.80;2749.93
1409.35;1344.28;-65.06;2753.63
1411.32;1344.01;-67.32;2755.33
1408.10;1348.74;-59.36;2756.84
1407.41;1346.22;-61.19;2753.63
1423.52;1346.24;-77.29;2769.76
1420.85;1343.02;-77.82;2763.87
1420.77;1347.76;-73.01;2768.53
1418.18;1351.29;-66.89;2769.47
1413.06;1347.54;-65.52;2760.59
1413.37;1347.09;-66.28;2760.46
1408.25;1346.70;-61.55;2754.95
1410.74;1343.98;-66.76;2754.72
1409.81;1341.69;-68.12;2751.50
1411.34;1342.98;-68.35;2754.32
1421.76;1346.24;-75.52;2767.99
1419.02;1347.22;-71.80;2766.25
1412.57;1344.16;-68.41;2756.73
1410.34;1347.32;-63.02;2757.66
1408.54;1349.44;-59.10;2757.98
1412.56;1343.31;-69.26;2755.87
1409.66;1345.95;-63.72;2755.61
1409.86;1344.48;-65.38;2754.35
1406.11;1346.42;-59.69;2752.53
1416.36;1343.49;-72.87;2759.86
1409.58;1341.86;-67.71;2751.44
1410.76;1346.48;-64.29;2757.24
1406.81;1345.92;-60.89;2752.72
1405.27;1348.15;-57.12;2753.42
1417.30;1345.15;-72.15;2762.45
1408.85;1345.03;-63.82;2753.88
1408.24;1351.48;-56.75;2759.72
1415.64;1347.87;-67.76;2763.51
1420.09;1342.00;-78.09;2762.09
1411.96;1347.92;-64.04;2759.88
1410.45;1348.07;-62.38;2758.52
1404.87;1344.33;-60.54;2749.20
1409.33;1344.71;-64.62;2754.04
1422.81;1351.22;-71.59;2774.04
1408.05;1338.90;-69.15;2746.95
1404.79;1345.18;-59.62;2749.97
1418.75;1344.57;-74.18;2763.32
1413.94;1346.42;-67.52;2760.35
1409.24;1348.45;-60.78;2757.69
1407.04;1344.21;-62.82;2751.25
1409.75;1343.56;-66.19;2753.31
1410.46;1347.60;-62.86;2758.06
1408.08;1344.69;-63.39;2752.78
1406.59;1346.19;-60.41;2752.78
1408.57;1346.00;-62.57;2754.57
1406.56;1346.19;-60.36;2752.75
1407.22;1347.69;-59.54;2754.91
1407.14;1345.27;-61.87;2752.41
1410.21;1342.65;-67.56;2752.86
1411.59;1344.87;-66.72;2756.46
1406.45;1347.29;-59.16;2753.74
1406.30;1344.42;-61.88;2750.72
1409.56;1345.75;-63.81;2755.32
1408.66;1346.77;-61.89;2755.44
1405.62;1350.97;-54.65;2756.59
1407.05;1343.18;-63.87;2750.24
1412.55;1344.88;-67.67;2757.44
1412.56;1348.62;-63.94;2761.18
1410.54;1348.51;-62.03;2759.05
1406.77;1344.01;-62.76;2750.78
1409.38;1343.38;-65.99;2752.76
1408.98;1341.76;-67.21;2750.74
1416.26;1347.62;-68.64;2763.89
1408.04;1346.25;-61.79;2754.28
1416.54;1342.19;-74.35;2758.72
1408.25;1344.68;-63.57;2752.94
1404.79;1351.29;-53.51;2756.08
1409.12;1343.31;-65.81;2752.43
1410.04;1343.36;-66.68;2753.41
1412.30;1347.65;-64.65;2759.95
1408.00;1345.85;-62.15;2753.85
1408.16;1343.61;-64.55;2751.77
1409.69;1343.85;-65.85;2753.54
1410.29;1343.71;-66.58;2754.00
1416.68;1345.99;-70.69;2762.66
1405.90;1345.57;-60.33;2751.47
1413.45;1340.78;-72.66;2754.23
1409.74;1345.16;-64.58;2754.90
1406.09;1345.39;-60.70;2751.48
1407.15;1346.50;-60.65;2753.65
1410.12;1342.58;-67.54;2752.70
1422.99;1345.46;-77.52;2768.45
1408.14;1347.03;-61.11;2755.16
1407.54;1348.64;-58.91;2756.18
1408.23;1343.11;-65.12;2751.34
1411.47;1343.95;-67.52;2755.42
1409.42;1347.43;-61.99;2756.85
1406.09;1344.82;-61.27;2750.91
1409.68;1341.22;-68.46;2750.91
1422.14;1345.09;-77.04;2767.23
1408.59;1345.95;-62.64;2754.54
1404.69;1343.46;-61.23;2748.15
1413.66;1343.44;-70.22;2757.10
1412.92;1331.24;-81.68;2744.16
1404.80;1348.15;-56.65;2752.95
1416.69;1344.06;-72.63;2760.75
1411.44;1342.70;-68.74;2754.14
1418.46;1347.78;-70.68;2766.24
1410.61;1345.01;-65.61;2755.62
1407.31;1345.70;-61.61;2753.01
1409.01;1343.75;-65.26;2752.76
1413.41;1344.18;-69.23;2757.59
1409.74;1345.98;-63.76;2755.72
1418.44;1343.82;-74.61;2762.26
1412.81;1347.98;-64.82;2760.79
1409.68;1344.60;-65.08;2754.28
1407.91;1347.75;-60.15;2755.66
1413.14;1346.09;-67.05;2759.22
1408.33;1344.16;-64.17;2752.49
1421.04;1347.86;-73.17;2768.90
1419.27;1348.74;-70.53;2768.01
1405.31;1346.48;-58.83;2751.78
1409.15;1342.82;-66.34;2751.97
1411.82;1343.06;-68.75;2754.88
1402.20;1352.05;-50.15;2754.25
1408.06;1346.47;-61.59;2754.53
1412.23;1342.93;-69.30;2755.16
1410.12;1341.82;-68.29;2751.94
1405.91;1345.02;-60.89;2750.93
1405.46;1342.73;-62.74;2748.19
1415.56;1349.39;-66.17;2764.96
1410.09;1345.84;-64.25;2755.92
1405.04;1350.55;-54.48;2755.59
1408.81;1347.58;-61.23;2756.39
1410.14;1343.81;-66.34;2753.95
1410.38;1345.99;-64.39;2756.37
1408.34;1347.49;-60.85;2755.84
1406.13;1345.58;-60.55;2751.71
1407.90;1339.58;-68.32;2747.48
1411.69;1343.30;-68.39;2754.99
1407.30;1347.42;-59.88;2754.72
1407.44;1344.09;-63.35;2751.54
1404.75;1339.72;-65.04;2744.47
1411.50;1347.98;-63.52;2759.48
1408.61;1351.58;-57.04;2760.19
1406.44;1345.69;-60.75;2752.14
1406.35;1343.36;-62.99;2749.71
1411.38;1346.81;-64.57;2758.19
1408.78;1348.89;-59.89;2757.68
1407.22;1341.46;-65.76;2748.69
1417.54;1344.65;-72.89;2762.18
1411.62;1346.92;-64.70;2758.55
1407.98;1350.21;-57.77;2758.18
1405.53;1345.68;-59.85;2751.21
1407.49;1341.16;-66.32;2748.65
1424.35;1345.31;-79.04;2769.66
1407.27;1347.31;-59.96;2754.58
1406.47;1346.21;-60.26;2752.68
1407.84;1343.26;-64.58;2751.10
1416.54;1345.52;-71.02;2762.06
1407.57;1349.52;-58.05;2757.09
1407.15;1347.19;-59.96;2754.34
1409.13;1343.73;-65.40;2752.86
1414.61;1345.25;-69.35;2759.86
1408.08;1347.66;-60.42;2755.74
1407.52;1343.52;-64.00;2751.05
1416.92;1344.21;-72.72;2761.13
1410.12;1345.19;-64.94;2755.31
1406.96;1348.50;-58.46;2755.46
1407.58;1345.18;-62.40;2752.75
1409.22;1342.72;-66.50;2751.94
1411.15;1348.64;-62.51;2759.78
1407.62;1346.19;-61.44;2753.81
1417.91;1351.27;-66.64;2769.18
1408.61;1342.95;-65.66;2751.56
1414.04;1346.99;-67.04;2761.03
1407.25;1345.63;-61.62;2752.88
1404.99;1344.47;-60.52;2749.46
1409.76;1341.45;-68.31;2751.21
1410.05;1348.66;-61.39;2758.72
1407.58;1345.34;-62.24;2752.92
1420.31;1344.45;-75.85;2764.76
1415.62;1343.68;-71.94;2759.31
1415.34;1343.42;-71.92;2758.75
1407.30;1345.69;-61.61;2752.99
1407.66;1344.26;-63.39;2751.92
1408.24;1347.25;-60.99;2755.48
1421.16;1344.47;-76.69;2765.64
1407.36;1346.28;-61.08;2753.64
1408.54;1347.12;-61.42;2755.65
1409.66;1341.88;-67.78;2751.54
1409.01;1347.23;-61.78;2756.24
1413.31;1347.15;-66.15;2760.46
1403.71;1346.64;-57.07;2750.34
1407.61;1342.59;-65.02;2750.20
1409.71;1341.50;-68.21;2751.21
1409.43;1346.34;-63.09;2755.76
1407.52;1350.66;-56.85;2758.18
1408.99;1342.54;-66.45;2751.54
1422.38;1344.86;-77.52;2767.24
1406.59;1346.36;-60.23;2752.95
1405.60;1344.74;-60.86;2750.34
1408.28;1345.17;-63.11;2753.45
1409.89;1345.85;-64.05;2755.74
1409.31;1350.40;-58.91;2759.71
1405.23;1347.54;-57.69;2752.76
1415.96;1342.68;-73.28;2758.64
1410.39;1345.13;-65.26;2755.52
1416.88;1346.91;-69.97;2763.78
1406.44;1345.25;-61.19;2751.69
1408.96;1345.62;-63.34;2754.58
1408.62;1351.88;-56.74;2760.49
1406.98;1346.61;-60.36;2753.59
1405.58;1345.18;-60.41;2750.76
1409.02;1349.56;-59.46;2758.59
1409.71;1347.42;-62.29;2757.14
1409.33;1351.53;-57.80;2760.86
1413.24;1344.51;-68.72;2757.75
1419.79;1346.68;-73.11;2766.46
1414.15;1349.03;-65.12;2763.18
1415.41;1346.26;-69.15;2761.67
1406.41;1348.16;-58.24;2754.57
1420.50;1346.78;-73.72;2767.28
1407.93;1347.93;-60.00;2755.86
1417.44;1350.91;-66.53;2768.34
1413.14;1346.36;-66.78;2759.50
1405.44;1347.16;-58.28;2752.60
1412.74;1346.35;-66.38;2759.09
1405.39;1348.12;-57.28;2753.51
1418.84;1346.92;-71.92;2765.76
1407.64;1345.38;-62.26;2753.02
1411.70;1345.75;-65.95;2757.45
1405.52;1348.32;-57.20;2753.84
1416.64;1343.35;-73.29;2759.99
1407.31;1345.98;-61.32;2753.29
1411.98;1347.58;-64.39;2759.56
1408.55;1347.87;-60.68;2756.42
1406.51;1344.12;-62.39;2750.62
1407.74;1342.61;-65.13;2750.35
1409.46;1352.73;-56.73;2762.19
1407.37;1347.92;-59.45;2755.29
1405.74;1342.85;-62.89;2748.59
1424.02;1344.65;-79.38;2768.67
1410.47;1351.02;-59.45;2761.49
1406.32;1349.42;-56.91;2755.74
1405.29;1346.25;-59.04;2751.54
1411.73;1339.67;-72.06;2751.40
1421.01;1345.19;-75.81;2766.20
1420.38;1349.23;-71.15;2769.61
1404.27;1345.48;-58.79;2749.75
1418.18;1349.36;-68.82;2767.55
1409.55;1343.54;-66.02;2753.09
1419.24;1346.71;-72.53;2765.94
1407.32;1346.57;-60.75;2753.89
1416.51;1343.43;-73.08;2759.94
1409.71;1348.73;-60.98;2758.44
1407.34;1344.36;-62.98;2751.69
1405.62;1347.28;-58.34;2752.90
1408.03;1346.71;-61.32;2754.74
1410.15;1346.46;-63.69;2756.61
1406.68;1351.64;-55.05;2758.32
1408.31;1347.22;-61.09;2755.52
1412.06;1343.39;-68.66;2755.45
1409.92;1345.41;-64.51;2755.34
1407.24;1345.87;-61.36;2753.11
1406.59;1345.56;-61.04;2752.15
1409.78;1341.05;-68.73;2750.84
1421.72;1347.78;-73.94;2769.49
1408.93;1348.54;-60.39;2757.46
1406.34;1345.54;-60.81;2751.88
1408.36;1343.30;-65.06;2751.66
1410.24;1347.62;-62.61;2757.86
1406.34;1346.95;-59.38;2753.29
1415.05;1345.48;-69.57;2760.52
1419.72;1343.34;-76.38;2763.05
1411.80;1348.76;-63.04;2760.56
1416.02;1346.11;-69.91;2762.13
1405.51;1346.40;-59.11;2751.91
1407.56;1344.17;-63.39;2751.73
1410.04;1345.42;-64.61;2755.46
1405.09;1346.19;-58.89;2751.28
1421.19;1346.01;-75.18;2767.19
1410.82;1346.35;-64.48;2757.17
1408.88;1346.94;-61.94;2755.81
1406.68;1346.02;-60.65;2752.70
1414.15;1347.76;-66.39;2761.91
1409.38;1349.90;-59.48;2759.28
1406.73;1345.42;-61.31;2752.15
1406.93;1347.52;-59.41;2754.45
1406.58;1344.57;-62.01;2751.15
1408.68;1344.22;-64.46;2752.89
1414.51;1345.73;-68.78;2760.24
1409.00;1349.07;-59.93;2758.07
1405.99;1346.95;-59.05;2752.94
1406.10;1342.31;-63.79;2748.41
1410.56;1346.92;-63.64;2757.48
1409.64;1349.12;-60.51;2758.76
1416.98;1344.35;-72.64;2761.33
1408.82;1345.56;-63.26;2754.38
1412.79;1343.08;-69.71;2755.86
1408.42;1350.62;-57.80;2759.04
1405.59;1341.04;-64.55;2746.63
1408.09;1344.12;-63.97;2752.22
1420.53;1343.91;-76.62;2764.44
1406.47;1349.42;-57.05;2755.89
1408.21;1344.01;-64.20;2752.22
1424.97;1347.92;-77.05;2772.89
1409.73;1348.08;-61.65;2757.81
1415.19;1347.91;-67.28;2763.09
1403.68;1346.05;-57.63;2749.74
1407.88;1343.74;-64.14;2751.62
1422.24;1345.56;-76.67;2767.80
1407.85;1344.79;-63.06;2752.65
1407.43;1344.85;-62.58;2752.28
1419.93;1344.75;-75.18;2764.68
1411.19;1344.17;-67.02;2755.36
1407.44;1347.88;-59.55;2755.32
1405.99;1346.50;-59.49;2752.49
1412.66;1344.80;-67.86;2757.46
1420.92;1343.22;-77.71;2764.14
1417.88;1346.56;-71.31;2764.44
1406.28;1341.38;-64.90;2747.65
1420.91;1343.47;-77.44;2764.38
1408.56;1344.81;-63.76;2753.37
1423.42;1349.28;-74.14;2772.70
1415.85;1345.22;-70.64;2761.07
1404.75;1341.55;-63.21;2746.30
1408.56;1347.28;-61.28;2755.84
1406.52;1345.49;-61.02;2752.01
1414.74;1345.32;-69.42;2760.06
1409.34;1343.61;-65.73;2752.95
1416.57;1344.12;-72.45;2760.69
1407.24;1344.80;-62.44;2752.04
1419.35;1344.08;-75.27;2763.44
1408.32;1342.50;-65.82;2750.82
1410.01;1350.40;-59.61;2760.41
1407.11;1349.92;-57.18;2757.03
1409.45;1345.72;-63.72;2755.17
1418.86;1344.75;-74.12;2763.61
1411.44;1344.72;-66.72;2756.15
1419.66;1349.31;-70.35;2768.98
1406.69;1346.44;-60.25;2753.13
1420.59;1343.80;-76.79;2764.39
1412.30;1345.08;-67.22;2757.38
1412.69;1347.39;-65.31;2760.08
1416.96;1344.45;-72.51;2761.42
1412.07;1341.66;-70.41;2753.73
1413.38;1347.55;-65.83;2760.92
1407.34;1349.21;-58.13;2756.55
1407.15;1342.68;-64.47;2749.84
1409.71;1345.24;-64.47;2754.95
1410.86;1347.39;-63.47;2758.25
1406.98;1348.41;-58.56;2755.39
1405.08;1344.62;-60.46;2749.70
1410.55;1343.43;-67.12;2753.98
1409.76;1342.93;-66.84;2752.69
1406.58;1346.36;-60.21;2752.94
1405.99;1343.48;-62.51;2749.46
1409.38;1345.99;-63.39;2755.38
1411.82;1347.79;-64.02;2759.61
1408.48;1344.79;-63.69;2753.26
1407.88;1344.96;-62.92;2752.84
1409.48;1342.24;-67.24;2751.72
1413.58;1344.21;-69.36;2757.79
1407.03;1346.59;-60.44;2753.62
1418.52;1343.02;-75.50;2761.55
1415.31;1342.93;-72.38;2758.24
1410.29;1342.86;-67.43;2753.16
1408.98;1348.71;-60.27;2757.68
1407.32;1346.19;-61.13;2753.51
1409.32;1343.77;-65.55;2753.09
1409.64;1347.95;-61.69;2757.59
1408.02;1347.26;-60.76;2755.29
1406.99;1346.00;-60.99;2752.99
1410.35;1342.65;-67.69;2753.00
1409.42;1344.06;-65.35;2753.48
1416.97;1349.28;-67.69;2766.25
1406.82;1348.09;-58.72;2754.91
1408.90;1342.06;-66.84;2750.96
1411.74;1346.50;-65.24;2758.24
1412.00;1347.16;-64.84;2759.16
1408.16;1344.13;-64.03;2752.29
1408.29;1340.46;-67.83;2748.76
1410.49;1346.85;-63.64;2757.34
1404.51;1349.36;-55.15;2753.88
1408.62;1343.90;-64.72;2752.52
1412.91;1345.30;-67.61;2758.21
1410.09;1343.10;-66.99;2753.19
1404.85;1347.40;-57.45;2752.25
1408.82;1343.65;-65.17;2752.46
1409.40;1344.31;-65.09;2753.71
1410.04;1345.17;-64.87;2755.21
1405.31;1344.83;-60.48;2750.14
1403.51;1345.91;-57.59;2749.42
1408.14;1346.66;-61.48;2754.80
1421.21;1344.77;-76.44;2765.98
1410.40;1347.81;-62.59;2758.21
1406.56;1344.87;-61.69;2751.44
1410.26;1344.89;-65.37;2755.15
1412.14;1348.64;-63.49;2760.78
1409.96;1346.94;-63.02;2756.90
1411.41;1344.14;-67.26;2755.55
1409.65;1340.65;-69.00;2750.31
1410.17;1347.29;-62.88;2757.46
1410.68;1346.45;-64.22;2757.13
1406.74;1346.78;-59.95;2753.52
1409.95;1345.09;-64.86;2755.04
1409.49;1344.32;-65.17;2753.82
1407.26;1350.74;-56.52;2758.00
1407.62;1348.85;-58.77;2756.48
1410.75;1343.34;-67.41;2754.09
1410.79;1348.96;-61.83;2759.75
1407.71;1347.74;-59.96;2755.45
1421.49;1346.16;-75.32;2767.65
1413.49;1349.56;-63.92;2763.05
1410.15;1345.57;-64.58;2755.72
1408.79;1344.51;-64.28;2753.31
1408.34;1347.18;-61.16;2755.52
1408.95;1344.09;-64.86;2753.04
1415.19;1343.82;-71.36;2759.01
1407.39;1347.51;-59.88;2754.91
1414.46;1343.14;-71.33;2757.60
1419.15;1340.48;-78.66;2759.63
1410.04;1343.14;-66.90;2753.17
1409.88;1349.35;-60.54;2759.23
1408.96;1346.12;-62.85;2755.08
1409.95;1341.81;-68.15;2751.76
1410.19;1345.65;-64.55;2755.84
1406.38;1345.78;-60.61;2752.16
1407.54;1345.83;-61.71;2753.37
1420.02;1340.12;-79.90;2760.14
1410.86;1342.42;-68.44;2753.28
1414.91;1344.92;-69.98;2759.83
1409.02;1341.59;-67.43;2750.62
1410.68;1345.25;-65.43;2755.94
1411.99;1344.44;-67.55;2756.42
1407.49;1347.84;-59.65;2755.32
1407.57;1345.85;-61.72;2753.42
1412.71;1341.85;-70.86;2754.56
1409.90;1343.07;-66.83;2752.97
1409.27;1348.77;-60.50;2758.04
1407.57;1340.71;-66.86;2748.28
1423.64;1345.22;-78.42;2768.85
1419.52;1343.22;-76.30;2762.75
1409.34;1348.06;-61.28;2757.41
1408.90;1343.02;-65.88;2751.92
1420.03;1343.58;-76.45;2763.61
1411.51;1345.89;-65.62;2757.41
1406.82;1345.89;-60.94;2752.71
1408.91;1346.80;-62.11;2755.71
1420.40;1343.35;-77.05;2763.75
1411.72;1343.14;-68.58;2754.85
1407.65;1344.22;-63.43;2751.88
1407.19;1343.75;-63.44;2750.95
1410.54;1346.48;-64.06;2757.02
1421.99;1343.78;-78.22;2765.77
1406.72;1344.16;-62.55;2750.88
1406.84;1343.73;-63.11;2750.57
1410.32;1342.30;-68.02;2752.62
1409.45;1339.39;-70.06;2748.85
1414.33;1345.96;-68.37;2760.29
1416.89;1346.61;-70.28;2763.51
1414.76;1342.57;-72.19;2757.33
1409.75;1342.11;-67.64;2751.86
1411.94;1349.02;-62.92;2760.96
1407.54;1343.28;-64.25;2750.82
1414.82;1348.54;-66.28;2763.36
1411.21;1344.58;-66.63;2755.79
1407.49;1348.24;-59.25;2755.72
1414.59;1346.96;-67.63;2761.56
1415.86;1343.75;-72.11;2759.61
1412.73;1344.85;-67.88;2757.58
1409.31;1346.46;-62.85;2755.76
1416.66;1346.66;-70.00;2763.32
1408.65;1343.32;-65.34;2751.97
1407.05;1351.25;-55.80;2758.31
1407.96;1348.13;-59.83;2756.09
1405.73;1341.69;-64.04;2747.42
1409.48;1342.44;-67.05;2751.92
1408.84;1342.92;-65.91;2751.76
1408.64;1348.25;-60.39;2756.88
1407.19;1342.64;-64.55;2749.83
1409.18;1342.42;-66.75;2751.60
1409.97;1343.82;-66.15;2753.79
1409.18;1348.94;-60.24;2758.11
1407.68;1343.01;-64.67;2750.68
1408.81;1342.76;-66.04;2751.57
1415.91;1345.65;-70.26;2761.56
1408.09;1345.90;-62.19;2753.99
1406.62;1346.63;-59.99;2753.25
1420.87;1340.62;-80.25;2761.49
1420.81;1344.89;-75.91;2765.70
1407.70;1348.92;-58.78;2756.62
1406.82;1346.33;-60.49;2753.15
1409.16;1341.21;-67.95;2750.37
1409.91;1348.32;-61.58;2758.23
1408.49;1350.39;-58.10;2758.89
1410.32;1342.68;-67.64;2753.01
1409.41;1341.02;-68.39;2750.43
1403.43;1344.05;-59.38;2747.48
1406.85;1346.35;-60.51;2753.20
1406.24;1344.32;-61.91;2750.56
1408.26;1344.86;-63.39;2753.12
1411.30;1343.11;-68.19;2754.41
1411.88;1347.19;-64.69;2759.06
1405.86;1343.61;-62.26;2749.47
1408.11;1343.38;-64.74;2751.49
1411.38;1348.98;-62.40;2760.36
1406.47;1349.49;-56.98;2755.96
1409.83;1341.17;-68.66;2751.00
1418.89;1344.22;-74.67;2763.11
1410.02;1347.87;-62.15;2757.89
1405.16;1346.22;-58.94;2751.38
1406.78;1346.54;-60.24;2753.32
1409.51;1345.51;-64.01;2755.02
1409.57;1344.96;-64.61;2754.53
1418.44;1344.89;-73.55;2763.33
1406.64;1344.76;-61.88;2751.39
1408.77;1344.34;-64.43;2753.11
1421.18;1344.85;-76.33;2766.02
1407.71;1345.28;-62.42;2752.99
1405.58;1344.55;-61.03;2750.12
1406.93;1342.84;-64.09;2749.77
1411.64;1346.66;-64.98;2758.30
1421.56;1348.28;-73.28;2769.85
1410.64;1345.93;-64.71;2756.56
1408.37;1344.47;-63.90;2752.84
1419.99;1347.09;-72.90;2767.08
1409.84;1341.45;-68.39;2751.29
1405.84;1343.52;-62.31;2749.36
1407.36;1344.15;-63.21;2751.51
1406.22;1345.88;-60.35;2752.10
1407.01;1346.68;-60.33;2753.68
1407.59;1343.71;-63.88;2751.29
1411.99;1346.87;-65.12;2758.86
1411.30;1346.15;-65.15;2757.45
1411.10;1346.76;-64.34;2757.86
1407.72;1344.65;-63.08;2752.37
1410.31;1344.28;-66.04;2754.59
1421.35;1345.50;-75.85;2766.85
1419.93;1344.23;-75.70;2764.16
1412.89;1344.39;-68.49;2757.28
1418.92;1342.53;-76.39;2761.45
1409.02;1345.28;-63.74;2754.31
1409.96;1343.73;-66.24;2753.69
1407.45;1344.70;-62.75;2752.15
1414.82;1344.08;-70.75;2758.90
1410.66;1345.62;-65.04;2756.28
1409.68;1345.07;-64.61;2754.75
1408.52;1341.85;-66.67;2750.36
1407.05;1340.82;-66.22;2747.87
1409.91;1343.83;-66.08;2753.74
1408.12;1346.05;-62.07;2754.18
1404.81;1344.42;-60.39;2749.23
1419.28;1343.90;-75.38;2763.18
1409.23;1349.53;-59.70;2758.76
1412.58;1346.05;-66.54;2758.63
1406.61;1345.74;-60.88;2752.35
1410.45;1344.40;-66.05;2754.85
1411.24;1345.09;-66.15;2756.33
1407.41;1349.61;-57.79;2757.02
1403.98;1343.12;-60.86;2747.09
1414.61;1342.39;-72.22;2757.01
1409.81;1347.72;-62.09;2757.53
1408.30;1350.01;-58.29;2758.31
1414.21;1349.06;-65.15;2763.28
1412.75;1341.09;-71.66;2753.84
1409.12;1351.24;-57.88;2760.36
1408.80;1347.41;-61.39;2756.21
1417.18;1344.42;-72.76;2761.59
1408.59;1343.16;-65.42;2751.75
1409.79;1348.05;-61.75;2757.84
1407.01;1348.17;-58.84;2755.18
1407.50;1350.33;-57.17;2757.83
1408.92;1345.87;-63.05;2754.79
1407.17;1343.51;-63.66;2750.68
1406.13;1346.34;-59.79;2752.47
1406.86;1341.70;-65.16;2748.56
1410.09;1343.82;-66.27;2753.92
1408.97;1347.71;-61.26;2756.68
1410.04;1348.63;-61.41;2758.67
1417.91;1344.89;-73.02;2762.81
1408.45;1341.09;-67.36;2749.55
1420.86;1347.30;-73.56;2768.16
1406.56;1343.32;-63.24;2749.89
1412.51;1346.68;-65.84;2759.19
1421.08;1343.87;-77.21;2764.95
1413.24;1350.12;-63.12;2763.36
1407.03;1352.96;-54.06;2759.99
1407.35;1347.05;-60.30;2754.41
1408.18;1348.93;-59.25;2757.11
1409.65;1346.48;-63.17;2756.12
1403.65;1347.60;-56.05;2751.25
1406.15;1346.71;-59.44;2752.85
1423.74;1341.25;-82.49;2764.99
1405.05;1347.13;-57.92;2752.18
1416.45;1346.61;-69.84;2763.05
1406.99;1343.08;-63.91;2750.07
1411.14;1344.75;-66.38;2755.89
1408.32;1348.84;-59.48;2757.16
1401.92;1348.97;-52.95;2750.89
1404.39;1347.39;-56.99;2751.78
1408.38;1342.17;-66.21;2750.55
1409.16;1346.62;-62.55;2755.78
1417.93;1347.73;-70.20;2765.66
1408.24;1345.11;-63.13;2753.35
1408.11;1343.20;-64.91;2751.31
1423.53;1345.09;-78.44;2768.62
1407.66;1345.11;-62.55;2752.76
1420.60;1342.65;-77.95;2763.25
1410.84;1343.15;-67.69;2753.99
1409.81;1348.41;-61.40;2758.21
1409.32;1350.62;-58.71;2759.94
1405.78;1345.66;-60.12;2751.44
1410.65;1344.24;-66.41;2754.89
1411.21;1343.99;-67.22;2755.21
1407.36;1347.17;-60.19;2754.54
1406.16;1345.88;-60.28;2752.04
1404.48;1349.19;-55.28;2753.67
1418.87;1346.87;-72.00;2765.74
1416.04;1345.61;-70.43;2761.64
1416.70;1343.91;-72.79;2760.61
1409.67;1341.61;-68.06;2751.28
1418.56;1344.12;-74.44;2762.68
1422.71;1346.99;-75.72;2769.69
1408.10;1344.35;-63.75;2752.45
1408.47;1341.98;-66.49;2750.45
1424.32;1344.99;-79.32;2769.31
1408.31;1346.03;-62.28;2754.34
1420.82;1344.34;-76.49;2765.16
1409.08;1344.09;-64.99;2753.17
1423.16;1348.11;-75.06;2771.27
1409.03;1347.52;-61.51;2756.55
1411.12;1342.64;-68.48;2753.75
1418.46;1346.12;-72.34;2764.58
1406.67;1346.81;-59.86;2753.48
1406.59;1345.58;-61.01;2752.18
1418.14;1347.35;-70.79;2765.48
1409.24;1344.28;-64.96;2753.52
1409.10;1346.77;-62.33;2755.87
1406.32;1345.88;-60.44;2752.19
1406.82;1347.10;-59.72;2753.92
1410.67;1343.75;-66.92;2754.42
1421.67;1342.93;-78.74;2764.60
1418.04;1348.17;-69.86;2766.21
1405.63;1345.32;-60.31;2750.95
1408.18;1338.80;-69.38;2746.98
1415.31;1347.31;-68.00;2762.61
1409.54;1348.57;-60.96;2758.11
1406.65;1346.27;-60.38;2752.92
1408.95;1344.49;-64.46;2753.44
1409.93;1342.95;-66.98;2752.88
1407.05;1349.41;-57.64;2756.45
1417.69;1347.49;-70.21;2765.18
1409.11;1345.91;-63.20;2755.02
1409.61;1344.91;-64.71;2754.52
1408.93;1347.91;-61.02;2756.84
1407.26;1343.85;-63.42;2751.11
1408.72;1342.03;-66.69;2750.75
1411.26;1351.18;-60.08;2762.44
1413.38;1346.81;-66.57;2760.19
1408.55;1346.15;-62.40;2754.69
1410.02;1340.45;-69.56;2750.47
1410.28;1345.46;-64.82;2755.75
1408.75;1346.82;-61.93;2755.56
1410.35;1345.91;-64.45;2756.26
1410.86;1344.46;-66.40;2755.32
1407.64;1343.55;-64.08;2751.19
1409.95;1345.34;-64.62;2755.29
1416.75;1345.52;-71.23;2762.26
1409.96;1343.75;-66.21;2753.72
1410.56;1342.41;-68.15;2752.96
1409.89;1345.82;-64.07;2755.72
1408.95;1344.48;-64.48;2753.43
1410.74;1340.74;-70.00;2751.48
1421.54;1346.92;-74.62;2768.46
1407.72;1345.26;-62.46;2752.98
1407.27;1347.34;-59.93;2754.61
1422.16;1340.84;-81.32;2763.01
1420.22;1345.99;-74.23;2766.21
1418.02;1348.96;-69.06;2766.99
1407.33;1342.91;-64.42;2750.24
1410.69;1343.11;-67.58;2753.79
1410.98;1346.36;-64.61;2757.34
1408.56;1345.39;-63.16;2753.95
1402.41;1341.37;-61.04;2743.78
1418.69;1341.65;-77.04;2760.34
1410.61;1350.51;-60.11;2761.12
1408.98;1345.24;-63.74;2754.22
1416.31;1346.12;-70.18;2762.43
1422.52;1346.19;-76.32;2768.71
1410.85;1348.82;-62.03;2759.66
1406.62;1345.06;-61.56;2751.69
1408.68;1345.06;-63.62;2753.75
1409.29;1343.39;-65.90;2752.68
1414.08;1342.88;-71.20;2756.96
1414.26;1345.39;-68.88;2759.65
1421.24;1343.25;-77.99;2764.49
1408.32;1343.48;-64.84;2751.79
1409.73;1346.71;-63.02;2756.44
1418.48;1345.78;-72.70;2764.25
1419.06;1345.76;-73.30;2764.83
1409.99;1345.24;-64.75;2755.24
1420.58;1345.32;-75.26;2765.89
1408.35;1346.94;-61.41;2755.28
1408.42;1346.61;-61.81;2755.03
1409.14;1340.61;-68.54;2749.75
1410.44;1345.96;-64.48;2756.39
1416.04;1345.56;-70.48;2761.59
1408.69;1342.35;-66.35;2751.04
1409.32;1343.39;-65.92;2752.71
1413.07;1342.60;-70.47;2755.67
1407.80;1347.28;-60.52;2755.08
1418.99;1345.06;-73.93;2764.05
1405.74;1344.13;-61.61;2749.87
1410.39;1343.40;-66.99;2753.79
1407.96;1348.91;-59.05;2756.88
1404.69;1345.74;-58.95;2750.42
1409.12;1339.77;-69.35;2748.89
1411.51;1343.71;-67.80;2755.22
1416.64;1346.44;-70.21;2763.08
1404.63;1346.65;-57.98;2751.28
1410.59;1341.34;-69.25;2751.94
1410.55;1341.58;-68.96;2752.13
1410.75;1347.65;-63.11;2758.40
1412.65;1347.34;-65.31;2759.99
1411.09;1343.38;-67.71;2754.47
1411.49;1341.88;-69.61;2753.36
1407.57;1348.00;-59.57;2755.57
1407.14;1343.81;-63.32;2750.95
1411.88;1343.45;-68.43;2755.32
1413.18;1345.92;-67.26;2759.11
1408.78;1346.36;-62.42;2755.14
1407.48;1342.81;-64.67;2750.28
1413.27;1340.93;-72.34;2754.20
1410.59;1343.24;-67.36;2753.83
1409.15;1344.45;-64.70;2753.59
1409.20;1347.23;-61.97;2756.43
1406.42;1343.18;-63.24;2749.59
1420.54;1343.88;-76.66;2764.42
1407.96;1345.76;-62.20;2753.73
1408.60;1343.85;-64.75;2752.45
1406.66;1344.19;-62.47;2750.86
1422.97;1343.05;-79.92;2766.02
1408.60;1344.54;-64.06;2753.14
1420.47;1345.14;-75.33;2765.61
1412.24;1342.66;-69.58;2754.91
1411.09;1342.67;-68.42;2753.76
1409.16;1345.22;-63.94;2754.38
1407.91;1343.08;-64.84;2750.99
1425.23;1343.11;-82.12;2768.34
1410.14;1343.94;-66.20;2754.07
1410.12;1344.66;-65.46;2754.78
1407.95;1344.97;-62.98;2752.92
1422.22;1345.46;-76.76;2767.68
1412.05;1345.94;-66.11;2757.98
1408.97;1345.06;-63.91;2754.04
1406.72;1345.42;-61.29;2752.14
1418.79;1344.69;-74.11;2763.48
1410.25;1350.32;-59.92;2760.57
1402.64;1345.96;-56.68;2748.60
1409.19;1344.98;-64.22;2754.17
1409.27;1344.07;-65.20;2753.34
1411.09;1344.07;-67.02;2755.16
1408.83;1345.74;-63.09;2754.56
1410.46;1341.44;-69.02;2751.89
1418.00;1349.80;-68.20;2767.80
1415.54;1343.14;-72.39;2758.68
1408.02;1345.08;-62.94;2753.11
1420.04;1342.66;-77.38;2762.70
1410.58;1341.19;-69.38;2751.77
1409.42;1346.91;-62.52;2756.33
1418.32;1344.82;-73.50;2763.14
1420.88;1343.69;-77.18;2764.57
1417.09;1341.80;-75.29;2758.89
1414.91;1346.26;-68.65;2761.17
1409.49;1349.77;-59.72;2759.26
1409.59;1343.45;-66.14;2753.05
1405.43;1342.22;-63.21;2747.65
1409.25;1340.73;-68.52;2749.98
1413.27;1344.80;-68.47;2758.07
1409.51;1344.58;-64.93;2754.09
1420.78;1340.90;-79.88;2761.68
1410.78;1343.77;-67.01;2754.55
1411.42;1339.54;-71.88;2750.96
1409.79;1342.36;-67.42;2752.15
1409.41;1340.13;-69.28;2749.54
1412.59;1343.19;-69.39;2755.78
1408.61;1349.14;-59.47;2757.74
1414.65;1346.23;-68.42;2760.88
1422.94;1341.72;-81.21;2764.66
1411.86;1344.79;-67.08;2756.65
1416.33;1344.12;-72.21;2760.45
1408.68;1344.96;-63.72;2753.64
1422.90;1343.98;-78.92;2766.88
1413.53;1345.65;-67.88;2759.18
1407.86;1347.65;-60.21;2755.51
1408.82;1342.25;-66.56;2751.07
1419.75;1341.29;-78.46;2761.05
1413.09;1339.57;-73.52;2752.66
1408.76;1344.49;-64.28;2753.25
1414.42;1343.38;-71.04;2757.79
1413.91;1347.95;-65.95;2761.86
1419.93;1346.71;-73.22;2766.64
1424.48;1346.79;-77.68;2771.27
1417.55;1346.01;-71.55;2763.56
1411.82;1344.98;-66.84;2756.79
1413.78;1340.99;-72.79;2754.76
1412.39;1345.23;-67.16;2757.62
1423.59;1343.94;-79.65;2767.53
1410.72;1343.23;-67.49;2753.95
1411.37;1346.40;-64.97;2757.77
1412.00;1346.17;-65.83;2758.17
1408.68;1346.39;-62.29;2755.06
1409.35;1345.42;-63.94;2754.77
1410.68;1338.35;-72.34;2749.03
1407.02;1349.15;-57.87;2756.18
1409.22;1342.14;-67.08;2751.36
1413.01;1341.37;-71.64;2754.38
1414.15;1341.81;-72.34;2755.96
1409.45;1346.20;-63.25;2755.65
1405.22;1344.68;-60.54;2749.89
1410.67;1341.63;-69.04;2752.30
1412.69;1341.99;-70.70;2754.68
1409.99;1346.32;-63.67;2756.31
1408.74;1344.58;-64.16;2753.32
1407.48;1340.74;-66.75;2748.22
1411.60;1347.31;-64.29;2758.91
1409.65;1347.18;-62.47;2756.82
1408.76;1344.89;-63.87;2753.66
1422.46;1340.78;-81.68;2763.24
1413.97;1343.43;-70.54;2757.40
1411.65;1347.27;-64.38;2758.92
1405.81;1342.91;-62.89;2748.72
1412.25;1346.06;-66.19;2758.31
1412.01;1342.41;-69.59;2754.42
1403.93;1342.81;-61.12;2746.74
1408.81;1341.68;-67.14;2750.49
1409.59;1345.14;-64.45;2754.72
1410.58;1343.27;-67.31;2753.85
1420.94;1345.54;-75.41;2766.48
1410.86;1344.53;-66.34;2755.39
1411.92;1342.08;-69.84;2753.99
1413.26;1342.13;-71.13;2755.39
1417.91;1349.16;-68.75;2767.08
1409.53;1342.36;-67.17;2751.89
1409.86;1345.03;-64.84;2754.89
1410.11;1331.22;-78.89;2741.34
1411.16;1348.38;-62.78;2759.54
1407.41;1349.71;-57.70;2757.11
1409.78;1341.59;-68.19;2751.38
1410.70;1346.81;-63.89;2757.51
1408.79;1345.02;-63.76;2753.81
1411.03;1344.05;-66.98;2755.08
1410.58;1342.28;-68.30;2752.85
1409.34;1345.13;-64.21;2754.47
1421.38;1347.60;-73.78;2768.98
1405.04;1343.26;-61.78;2748.31
1408.58;1347.48;-61.09;2756.06
1409.84;1345.65;-64.19;2755.49
1406.08;1347.34;-58.75;2753.42
1408.22;1342.77;-65.45;2750.99
1422.31;1342.26;-80.05;2764.57
1409.74;1346.46;-63.28;2756.19
1410.97;1345.66;-65.31;2756.64
1408.36;1340.53;-67.83;2748.89
1411.51;1343.24;-68.26;2754.75
1420.87;1346.01;-74.86;2766.88
1418.10;1346.98;-71.12;2765.08
1410.64;1344.78;-65.85;2755.42
1414.13;1344.14;-69.99;2758.27
1411.23;1337.32;-73.91;2748.55
1421.50;1348.46;-73.04;2769.96
1407.22;1344.12;-63.11;2751.34
1418.42;1344.85;-73.58;2763.27
1409.44;1347.07;-62.37;2756.51
1408.53;1343.92;-64.61;2752.45
1414.84;1345.05;-69.79;2759.89
1410.21;1345.76;-64.45;2755.96
1416.98;1343.85;-73.14;2760.83
1420.62;1346.52;-74.10;2767.14
1410.79;1341.67;-69.12;2752.46
1419.31;1338.92;-80.39;2758.24
1408.62;1347.26;-61.36;2755.88
1405.96;1350.35;-55.62;2756.31
1407.64;1342.28;-65.35;2749.92
1409.55;1341.76;-67.79;2751.31
1410.62;1346.81;-63.81;2757.42
1409.54;1346.54;-62.99;2756.08
1410.48;1342.55;-67.92;2753.03
1421.95;1342.45;-79.50;2764.39
1409.55;1349.47;-60.08;2759.02
1409.68;1349.69;-59.99;2759.37
1411.58;1342.69;-68.89;2754.27
1411.14;1344.79;-66.35;2755.94
1419.99;1344.98;-75.02;2764.97
1408.98;1349.45;-59.52;2758.43
1407.79;1345.47;-62.32;2753.26
1409.60;1341.48;-68.12;2751.08
1410.67;1346.29;-64.38;2756.96
1420.06;1345.45;-74.61;2765.52
1410.85;1344.54;-66.31;2755.38
1409.52;1341.08;-68.44;2750.59
1410.62;1346.96;-63.66;2757.58
1408.39;1344.60;-63.79;2752.99
1420.01;1345.45;-74.56;2765.45
1409.91;1345.65;-64.26;2755.55
1410.29;1342.29;-68.00;2752.59
1409.58;1348.82;-60.76;2758.40
1409.78;1344.16;-65.62;2753.94
1409.75;1344.97;-64.78;2754.72
1411.09;1343.99;-67.09;2755.08
1408.33;1342.65;-65.68;2750.98
1408.72;1342.91;-65.81;2751.64
1409.84;1342.36;-67.48;2752.19
1425.26;1345.88;-79.38;2771.14
1407.29;1351.40;-55.89;2758.69
1408.91;1343.23;-65.68;2752.14
1410.18;1344.58;-65.59;2754.76
1419.14;1344.01;-75.13;2763.15
1408.28;1348.06;-60.22;2756.34
1407.12;1344.02;-63.10;2751.14
1406.01;1342.04;-63.96;2748.05
1413.77;1343.08;-70.69;2756.85
1409.07;1346.02;-63.05;2755.09
1408.24;1348.65;-59.58;2756.89
1419.49;1343.44;-76.05;2762.93
1425.64;1345.85;-79.79;2771.49
1407.91;1344.32;-63.59;2752.22
1411.72;1344.04;-67.68;2755.76
1409.24;1343.44;-65.81;2752.68
1409.88;1344.67;-65.21;2754.55
1407.75;1345.76;-61.98;2753.51
1410.88;1346.24;-64.64;2757.11
1420.50;1341.07;-79.43;2761.57
1414.80;1343.76;-71.04;2758.56
1408.83;1346.91;-61.92;2755.74
1417.15;1342.99;-74.15;2760.14
1407.99;1343.01;-64.98;2750.99
1409.93;1347.74;-62.19;2757.67
1417.25;1346.61;-70.65;2763.86
1409.49;1344.36;-65.13;2753.85
1416.81;1341.98;-74.83;2758.79
1409.71;1346.56;-63.15;2756.27
1418.35;1348.35;-70.00;2766.69
1408.76;1344.29;-64.47;2753.05
1409.10;1342.95;-66.15;2752.05
1410.15;1343.41;-66.74;2753.56
1409.84;1345.92;-63.91;2755.76
1410.14;1342.85;-67.29;2752.99
1412.38;1342.12;-70.26;2754.51
1411.01;1346.57;-64.44;2757.58
1407.75;1344.87;-62.88;2752.62
1409.92;1343.64;-66.28;2753.56
1412.05;1342.58;-69.46;2754.63
1409.34;1345.12;-64.21;2754.46
1409.08;1344.32;-64.75;2753.40
1408.23;1347.69;-60.54;2755.92
1421.57;1341.48;-80.09;2763.05
1410.56;1343.82;-66.74;2754.38
1408.31;1348.80;-59.51;2757.11
1409.59;1342.38;-67.21;2751.96
1410.86;1341.29;-69.57;2752.15
1409.81;1347.39;-62.42;2757.19
1408.16;1345.17;-62.99;2753.34
1408.08;1344.78;-63.31;2752.86
1409.99;1340.51;-69.48;2750.50
1411.02;1345.41;-65.62;2756.43
1408.97;1345.83;-63.14;2754.80
1418.54;1342.75;-75.79;2761.29
1408.66;1336.48;-72.19;2745.14
1409.72;1346.75;-62.98;2756.47
1407.59;1347.99;-59.59;2755.58
1407.88;1344.91;-62.97;2752.79
1412.51;1344.91;-67.60;2757.41
1420.75;1344.79;-75.96;2765.54
1404.33;1345.58;-58.75;2749.91
1407.50;1344.60;-62.90;2752.10
1408.09;1342.02;-66.06;2750.11
1409.84;1345.54;-64.29;2755.38
1408.26;1350.08;-58.18;2758.35
1407.49;1342.36;-65.12;2749.85
1410.39;1346.69;-63.69;2757.08
1411.20;1343.99;-67.21;2755.19
1418.91;1346.84;-72.08;2765.75
1411.75;1343.36;-68.39;2755.11
1409.90;1341.48;-68.42;2751.38
1408.95;1345.41;-63.54;2754.36
1407.30;1349.63;-57.67;2756.93
1421.88;1346.67;-75.21;2768.55
1409.37;1342.96;-66.41;2752.34
1412.40;1344.54;-67.86;2756.94
1415.68;1347.52;-68.16;2763.19
1421.12;1345.53;-75.59;2766.65
1407.66;1344.45;-63.22;2752.11
1409.26;1346.32;-62.94;2755.59
1408.56;1346.59;-61.96;2755.15
1408.41;1345.42;-62.98;2753.83
1406.40;1341.55;-64.85;2747.95
1406.46;1347.08;-59.38;2753.55
1407.85;1348.38;-59.48;2756.23
1408.88;1339.81;-69.07;2748.68
1408.35;1340.79;-67.56;2749.15
1407.82;1345.28;-62.55;2753.10
1403.37;1346.63;-56.74;2750.00
1407.46;1345.36;-62.10;2752.83
1409.53;1343.34;-66.19;2752.87
1422.66;1350.85;-71.81;2773.52
1405.06;1346.17;-58.89;2751.23
1407.12;1348.54;-58.58;2755.66
1408.39;1343.02;-65.37;2751.42
1409.19;1344.61;-64.58;2753.81
1417.87;1349.39;-68.48;2767.26
1406.47;1345.51;-60.96;2751.98
1410.13;1347.30;-62.83;2757.43
1408.55;1345.11;-63.45;2753.66
1416.56;1346.03;-70.53;2762.59
1408.98;1347.01;-61.98;2755.99
1421.09;1343.75;-77.34;2764.84
1408.82;1346.42;-62.41;2755.24
1417.45;1349.82;-67.63;2767.28
1407.62;1344.35;-63.27;2751.98
1408.55;1341.04;-67.52;2749.59
1415.92;1346.21;-69.71;2762.12
1410.59;1349.04;-61.55;2759.62
1406.91;1344.50;-62.41;2751.41
1418.69;1343.46;-75.23;2762.15
1409.69;1348.49;-61.19;2758.18
1415.31;1346.48;-68.83;2761.79
1407.78;1346.29;-61.49;2754.08
1409.28;1342.89;-66.39;2752.17
1409.34;1346.02;-63.32;2755.36
1405.80;1345.53;-60.27;2751.33
1406.71;1342.29;-64.41;2749.00
1409.69;1347.65;-62.04;2757.34
1424.43;1343.45;-80.98;2767.88
1408.96;1342.18;-66.79;2751.14
1420.32;1342.99;-77.32;2763.31
1410.69;1342.44;-68.25;2753.12
1416.12;1343.74;-72.39;2759.86
1419.32;1351.28;-68.04;2770.59
1421.93;1346.12;-75.81;2768.05
1409.46;1343.53;-65.94;2752.99
1408.95;1346.22;-62.73;2755.16
1407.51;1344.99;-62.51;2752.50
1408.22;1344.65;-63.58;2752.87
1409.57;1342.58;-66.99;2752.15
1411.09;1346.83;-64.26;2757.92
1408.76;1347.38;-61.38;2756.14
1407.12;1344.78;-62.34;2751.91
1409.59;1345.99;-63.59;2755.58
1417.80;1353.04;-64.76;2770.84
1420.68;1346.64;-74.04;2767.32
1412.32;1342.61;-69.71;2754.93
1408.97;1341.54;-67.44;2750.51
1409.24;1346.96;-62.28;2756.19
1408.90;1345.86;-63.04;2754.76
1410.19;1343.99;-66.21;2754.18
1410.34;1343.49;-66.84;2753.83
1412.31;1343.49;-68.82;2755.81
1408.84;1345.72;-63.12;2754.56
1408.78;1344.45;-64.33;2753.24
1412.54;1341.10;-71.44;2753.64
1411.22;1345.99;-65.23;2757.21
1408.36;1338.64;-69.72;2747.00
1413.86;1345.84;-68.02;2759.70
1408.99;1339.55;-69.44;2748.54
1409.59;1345.03;-64.56;2754.62
1406.44;1344.48;-61.96;2750.91
1419.85;1346.84;-73.01;2766.69
1408.52;1337.22;-71.29;2745.74
1407.67;1345.76;-61.91;2753.44
1408.83;1347.26;-61.56;2756.09
1407.72;1342.67;-65.05;2750.39
1409.81;1344.49;-65.32;2754.30
1418.49;1346.38;-72.11;2764.86
1414.13;1346.58;-67.55;2760.71
1406.90;1344.95;-61.95;2751.85
1409.77;1342.02;-67.75;2751.79
1422.15;1344.39;-77.75;2766.54
1406.52;1344.64;-61.88;2751.15
1409.64;1344.76;-64.88;2754.39
1411.59;1338.99;-72.60;2750.58
1410.00;1343.08;-66.92;2753.08
1407.42;1350.38;-57.04;2757.80
1407.17;1342.68;-64.49;2749.85
1415.38;1342.21;-73.17;2757.58
1408.22;1343.62;-64.59;2751.84
1409.46;1347.41;-62.05;2756.87
1407.09;1345.75;-61.34;2752.84
1410.95;1347.77;-63.18;2758.72
1408.65;1345.13;-63.52;2753.78
1420.13;1350.02;-70.11;2770.15
1407.18;1345.00;-62.18;2752.18
1410.85;1344.63;-66.22;2755.48
1409.14;1344.12;-65.02;2753.25
1415.60;1345.39;-70.21;2760.99
1408.60;1344.34;-64.26;2752.94
1410.55;1340.51;-70.04;2751.06
1412.39;1347.88;-64.52;2760.27
1410.74;1343.74;-67.00;2754.47
1408.80;1346.25;-62.55;2755.05
1420.92;1343.05;-77.88;2763.97
1407.44;1345.38;-62.06;2752.81
1417.99;1340.41;-77.58;2758.41
1407.87;1346.86;-61.01;2754.74
1410.15;1341.09;-69.05;2751.24
1411.55;1343.68;-67.86;2755.23
1406.78;1348.71;-58.08;2755.49
1407.33;1343.05;-64.28;2750.38
1410.64;1349.48;-61.16;2760.11
1408.02;1346.44;-61.58;2754.46
1409.43;1346.43;-63.00;2755.86
1410.31;1341.64;-68.68;2751.95
1409.75;1344.31;-65.45;2754.06
1408.04;1345.93;-62.11;2753.97
1408.28;1344.82;-63.46;2753.09
1411.34;1345.11;-66.23;2756.44
1409.82;1341.01;-68.82;2750.83
1419.86;1343.79;-76.07;2763.66
1408.67;1346.57;-62.10;2755.24
1407.86;1344.12;-63.74;2751.99
1408.78;1339.94;-68.85;2748.72
1405.32;1344.15;-61.17;2749.46
1408.02;1344.81;-63.21;2752.82
1408.99;1344.24;-64.75;2753.22
1411.61;1342.08;-69.54;2753.69
1409.84;1342.66;-67.18;2752.49
1407.54;1350.25;-57.29;2757.79
1420.86;1345.91;-74.96;2766.77
1422.09;1344.25;-77.84;2766.34
1418.97;1348.49;-70.48;2767.46
1407.14;1347.01;-60.13;2754.15
1405.24;1347.40;-57.84;2752.64
1414.50;1341.01;-73.49;2755.51
1407.75;1345.21;-62.55;2752.96
1418.68;1346.99;-71.69;2765.66
1420.88;1345.12;-75.75;2766.00
1421.50;1346.81;-74.69;2768.31
1405.72;1346.72;-58.99;2752.44
1406.75;1342.97;-63.78;2749.72
1407.88;1344.82;-63.06;2752.70
1410.81;1343.34;-67.47;2754.15
1408.75;1343.91;-64.84;2752.66
1408.68;1347.58;-61.10;2756.26
1403.17;1345.16;-58.01;2748.33
1409.09;1345.45;-63.65;2754.54
1411.55;1344.82;-66.73;2756.36
1407.74;1346.59;-61.15;2754.32
1407.90;1347.22;-60.68;2755.12
1409.69;1343.40;-66.29;2753.09
1409.51;1347.79;-61.72;2757.29
1406.06;1350.43;-55.64;2756.49
1422.65;1346.32;-76.33;2768.98
1412.47;1343.90;-68.57;2756.37
1404.66;1345.77;-58.89;2750.44
1410.11;1345.26;-64.85;2755.36
1408.52;1344.06;-64.45;2752.58
1409.76;1340.52;-69.24;2750.28
1411.81;1351.00;-60.81;2762.81
1417.51;1345.21;-72.30;2762.71
1408.98;1343.08;-65.90;2752.06
1409.14;1341.77;-67.37;2750.91
1411.58;1342.54;-69.05;2754.12
1409.39;1348.04;-61.35;2757.44
1415.46;1343.75;-71.72;2759.21
1410.32;1343.43;-66.89;2753.75
1408.19;1343.14;-65.06;2751.33
1410.31;1350.71;-59.59;2761.02
1418.32;1349.15;-69.17;2767.48
1410.42;1344.78;-65.65;2755.20
1420.06;1346.11;-73.96;2766.17
1408.05;1345.46;-62.59;2753.51
1406.31;1343.28;-63.02;2749.59
1410.42;1341.78;-68.64;2752.19
1410.17;1342.59;-67.58;2752.76
1406.38;1347.62;-58.76;2753.99
1408.74;1344.05;-64.69;2752.79
1409.86;1342.84;-67.02;2752.70
1411.12;1346.68;-64.44;2757.80
1408.12;1347.75;-60.38;2755.87
1410.56;1344.40;-66.16;2754.96
1415.26;1344.76;-70.50;2760.03
1409.09;1343.42;-65.68;2752.51
1409.36;1346.59;-62.76;2755.95
1409.44;1346.46;-62.97;2755.90
1408.97;1342.81;-66.16;2751.78
1408.55;1340.27;-68.28;2748.82
1409.19;1345.14;-64.06;2754.33
1409.98;1342.08;-67.89;2752.06
1410.03;1343.34;-66.69;2753.37
1422.49;1345.71;-76.79;2768.20
1411.89;1345.97;-65.92;2757.86
1406.52;1343.09;-63.44;2749.61
1419.28;1345.46;-73.81;2764.74
1408.50;1344.44;-64.06;2752.94
1408.80;1345.54;-63.26;2754.34
1414.03;1343.45;-70.58;2757.48
1411.15;1343.31;-67.84;2754.45
1415.14;1345.38;-69.76;2760.52
1408.41;1346.60;-61.81;2755.01
1417.10;1346.06;-71.04;2763.16
1409.48;1339.67;-69.81;2749.15
1409.58;1344.12;-65.45;2753.70
1408.68;1345.15;-63.53;2753.82
1407.98;1342.82;-65.15;2750.80
1411.05;1342.41;-68.64;2753.46
1409.84;1343.36;-66.48;2753.21
1408.56;1346.01;-62.56;2754.57
1408.45;1347.59;-60.86;2756.04
1410.57;1342.14;-68.44;2752.71
1409.99;1344.04;-65.95;2754.02
1408.00;1346.19;-61.81;2754.19
1409.89;1346.24;-63.65;2756.14
1421.79;1344.14;-77.65;2765.92
1411.40;1341.60;-69.80;2753.00
1409.61;1347.21;-62.39;2756.82
1409.28;1348.14;-61.15;2757.42
1412.09;1343.04;-69.05;2755.13
1407.89;1344.43;-63.46;2752.32
1408.45;1345.39;-63.06;2753.84
1412.09;1346.18;-65.91;2758.26
1408.87;1343.19;-65.68;2752.06
1413.29;1347.35;-65.94;2760.65
1415.06;1343.02;-72.04;2758.08
1409.87;1344.75;-65.12;2754.62
1409.79;1342.18;-67.61;2751.96
1411.70;1345.03;-66.67;2756.73
1408.74;1347.77;-60.96;2756.51
1409.07;1343.74;-65.33;2752.81
1406.06;1340.39;-65.66;2746.45
1419.80;1347.68;-72.12;2767.48
1418.67;1350.43;-68.24;2769.10
1417.04;1344.59;-72.45;2761.64
1408.28;1342.61;-65.67;2750.89
1408.11;1344.81;-63.29;2752.92
1404.15;1349.53;-54.62;2753.68
1407.78;1346.89;-60.89;2754.67
1410.41;1338.62;-71.79;2749.04
1409.78;1344.66;-65.11;2754.44
1405.24;1348.13;-57.11;2753.37
1408.04;1346.42;-61.62;2754.46
1409.49;1342.42;-67.07;2751.92
1411.88;1345.20;-66.68;2757.08
1410.45;1347.82;-62.62;2758.27
1412.85;1342.46;-70.38;2755.31
1408.24;1341.18;-67.06;2749.41
1410.18;1349.56;-60.62;2759.74
1417.69;1346.98;-70.71;2764.68
1407.65;1346.18;-61.46;2753.83
1406.71;1341.81;-64.90;2748.51
1408.96;1344.56;-64.41;2753.52
1408.04;1346.14;-61.89;2754.18
1412.92;1344.76;-68.16;2757.68
1410.26;1341.91;-68.35;2752.16
1412.83;1344.55;-68.28;2757.38
1406.91;1345.65;-61.26;2752.55
1410.03;1342.85;-67.18;2752.88
1414.24;1342.49;-71.75;2756.74
1405.58;1350.78;-54.80;2756.36
1406.21;1343.71;-62.50;2749.92
1408.91;1342.96;-65.95;2751.88
1408.65;1342.38;-66.28;2751.03
1417.89;1341.54;-76.35;2759.42
1407.79;1346.76;-61.04;2754.55
1409.21;1349.11;-60.10;2758.31
1412.06;1339.73;-72.33;2751.79
1408.84;1345.22;-63.62;2754.06
1408.21;1347.67;-60.54;2755.88
1409.21;1343.11;-66.11;2752.32
1406.08;1342.78;-63.30;2748.85
1409.75;1343.88;-65.87;2753.62
1407.51;1343.38;-64.13;2750.88
1409.09;1343.32;-65.76;2752.41
1418.44;1341.13;-77.31;2759.57
1409.69;1345.41;-64.28;2755.09
1407.29;1346.95;-60.34;2754.25
1409.92;1344.05;-65.86;2753.97
1412.82;1342.46;-70.36;2755.29
1421.81;1343.67;-78.14;2765.48
1409.22;1347.66;-61.55;2756.88
1413.77;1345.41;-68.36;2759.18
1406.24;1343.28;-62.96;2749.51
1411.88;1348.83;-63.05;2760.71
1407.83;1345.85;-61.98;2753.68
1409.42;1344.98;-64.45;2754.40
1407.66;1341.96;-65.69;2749.62
1419.42;1348.63;-70.79;2768.05
1405.78;1347.02;-58.75;2752.80
1412.82;1345.76;-67.06;2758.59
1409.12;1341.14;-67.98;2750.26
1420.40;1345.89;-74.51;2766.29
1406.53;1346.36;-60.16;2752.89
1409.02;1345.61;-63.41;2754.62
1410.31;1343.45;-66.86;2753.76
1408.42;1349.08;-59.35;2757.50
1407.98;1344.27;-63.71;2752.25
1410.17;1345.75;-64.42;2755.92
1409.38;1342.13;-67.25;2751.51
1410.69;1342.99;-67.71;2753.68
1418.67;1345.12;-73.55;2763.79
1417.39;1342.93;-74.46;2760.32
1409.60;1345.95;-63.65;2755.55
1408.12;1345.19;-62.93;2753.32
1410.05;1349.15;-60.90;2759.21
1418.05;1345.60;-72.45;2763.65
1419.58;1343.54;-76.05;2763.12
1409.37;1348.30;-61.07;2757.67
1406.31;1349.68;-56.64;2755.99
1407.96;1344.36;-63.59;2752.32
1408.51;1345.48;-63.02;2753.99
1405.56;1347.38;-58.19;2752.94
1420.28;1343.84;-76.44;2764.11
1406.69;1346.59;-60.10;2753.28
1408.98;1345.18;-63.79;2754.16
1409.23;1341.21;-68.02;2750.44
1419.39;1345.59;-73.80;2764.98
1408.42;1346.85;-61.56;2755.27
1410.24;1343.55;-66.69;2753.78
1409.66;1347.52;-62.15;2757.18
1409.27;1349.64;-59.63;2758.91
1408.68;1344.49;-64.19;2753.18
1409.64;1344.68;-64.95;2754.32
1408.58;1343.21;-65.36;2751.79
1407.89;1348.02;-59.87;2755.91
1410.49;1343.90;-66.59;2754.39
1410.37;1342.92;-67.45;2753.29
1414.68;1343.99;-70.69;2758.67
1406.48;1347.03;-59.45;2753.51
1408.63;1347.86;-60.76;2756.49
1410.27;1340.54;-69.74;2750.81
1408.17;1344.62;-63.55;2752.79
1418.22;1349.11;-69.11;2767.32
1408.28;1342.69;-65.59;2750.96
1407.29;1341.13;-66.16;2748.42
1416.55;1342.29;-74.26;2758.84
1407.54;1344.93;-62.61;2752.47
1408.52;1344.02;-64.49;2752.54
1415.42;1340.71;-74.71;2756.12
1418.78;1351.29;-67.49;2770.08
1408.06;1345.81;-62.25;2753.86
1405.77;1341.16;-64.61;2746.94
1409.62;1344.80;-64.82;2754.42
1411.65;1346.81;-64.84;2758.45
1407.90;1346.48;-61.42;2754.38
1418.28;1347.53;-70.75;2765.81
1422.55;1345.94;-76.62;2768.49
1417.62;1348.13;-69.49;2765.75
1408.88;1347.82;-61.05;2756.70
1406.36;1344.41;-61.96;2750.77
1408.39;1343.54;-64.85;2751.94
1410.86;1349.88;-60.99;2760.74
1413.33;1347.61;-65.72;2760.94
1409.98;1348.22;-61.76;2758.19
1409.86;1341.44;-68.42;2751.30
1406.44;1345.00;-61.44;2751.44
1407.16;1344.78;-62.39;2751.94
1409.60;1343.21;-66.39;2752.81
1405.15;1343.83;-61.32;2748.98
1409.34;1349.72;-59.62;2759.05
1415.71;1349.58;-66.13;2765.29
1408.35;1344.91;-63.44;2753.26
1411.36;1342.02;-69.34;2753.38
1407.45;1346.11;-61.35;2753.56
1408.97;1347.05;-61.92;2756.02
1406.80;1345.18;-61.62;2751.98
1409.91;1344.81;-65.10;2754.72
1407.55;1349.03;-58.52;2756.58
1408.07;1347.89;-60.18;2755.96
1404.44;1345.35;-59.09;2749.78
1408.89;1341.68;-67.21;2750.58
1411.56;1347.85;-63.72;2759.41
1406.91;1347.64;-59.27;2754.55
1406.83;1344.82;-62.01;2751.65
1422.45;1341.79;-80.66;2764.24
1409.28;1344.00;-65.28;2753.28
1407.77;1346.51;-61.26;2754.28
1406.78;1341.72;-65.06;2748.50
1414.43;1342.54;-71.89;2756.97
1408.52;1346.02;-62.50;2754.55
1413.90;1347.22;-66.68;2761.12
1408.99;1342.94;-66.05;2751.94
1419.75;1342.51;-77.24;2762.26
1412.17;1345.33;-66.84;2757.50
1408.43;1351.02;-57.41;2759.45
1417.04;1343.78;-73.25;2760.82
1422.77;1347.38;-75.39;2770.15
1406.51;1348.05;-58.46;2754.56
1409.46;1346.00;-63.46;2755.46
1408.42;1344.32;-64.09;2752.74
1409.86;1345.48;-64.39;2755.34
1407.50;1351.01;-56.49;2758.51
1409.61;1352.32;-57.29;2761.93
1407.59;1346.26;-61.34;2753.85
1410.94;1342.90;-68.04;2753.84
1415.75;1344.36;-71.38;2760.11
1409.60;1351.19;-58.41;2760.79
1407.02;1345.94;-61.09;2752.96
1411.29;1344.16;-67.13;2755.45
1409.26;1346.44;-62.82;2755.70
1404.72;1348.42;-56.29;2753.14
1419.71;1346.25;-73.46;2765.95
1408.61;1342.21;-66.41;2750.82
1410.80;1346.61;-64.19;2757.41
1408.91;1347.39;-61.52;2756.29
1411.69;1342.96;-68.73;2754.66
1415.44;1348.51;-66.94;2763.95
1409.12;1344.15;-64.97;2753.28
1406.78;1345.86;-60.91;2752.64
1406.28;1340.48;-65.79;2746.76
1408.14;1341.69;-66.45;2749.84
1420.17;1346.41;-73.76;2766.58
1408.38;1349.09;-59.29;2757.48
1408.60;1347.13;-61.47;2755.73
1408.66;1345.02;-63.64;2753.68
1407.33;1344.19;-63.14;2751.52
1408.66;1345.25;-63.41;2753.92
1407.62;1344.11;-63.51;2751.73
1410.75;1344.13;-66.62;2754.88
1415.02;1346.98;-68.04;2761.99
1405.04;1348.22;-56.81;2753.26
1407.56;1345.70;-61.86;2753.26
1411.29;1344.32;-66.98;2755.61
1407.01;1347.78;-59.23;2754.79
1408.63;1346.44;-62.19;2755.06
1416.56;1345.24;-71.32;2761.81
1406.08;1343.31;-62.76;2749.39
1422.89;1344.05;-78.84;2766.94
1406.89;1350.04;-56.86;2756.93
1407.69;1346.30;-61.39;2753.99
1409.61;1342.76;-66.84;2752.37
1408.48;1343.97;-64.51;2752.45
1407.34;1349.11;-58.22;2756.45
1407.60;1342.95;-64.65;2750.55
1407.77;1343.55;-64.22;2751.32
1408.39;1347.86;-60.53;2756.26
1418.30;1350.66;-67.64;2768.96
1409.40;1347.96;-61.44;2757.36
1409.08;1342.84;-66.24;2751.92
1410.04;1348.79;-61.25;2758.82
1420.95;1344.90;-76.05;2765.85
1407.29;1344.32;-62.97;2751.62
1408.56;1346.59;-61.97;2755.16
1408.76;1352.38;-56.38;2761.15
1407.24;1348.82;-58.42;2756.06
1411.35;1346.78;-64.58;2758.13
1408.92;1344.44;-64.48;2753.36
1407.23;1346.71;-60.52;2753.94
1417.08;1347.02;-70.06;2764.11
1420.75;1345.54;-75.21;2766.29
1409.21;1342.74;-66.48;2751.95
1407.81;1345.72;-62.09;2753.52
1407.63;1345.57;-62.06;2753.20
1408.96;1343.81;-65.15;2752.77
1422.97;1346.53;-76.44;2769.50
1411.04;1347.88;-63.16;2758.91
1407.06;1349.87;-57.19;2756.94
1416.25;1349.58;-66.68;2765.83
1420.71;1342.90;-77.81;2763.61
1408.95;1346.69;-62.26;2755.64
1408.35;1351.86;-56.49;2760.21
1409.59;1342.98;-66.61;2752.56
1408.21;1348.16;-60.04;2756.37
1408.76;1346.04;-62.73;2754.80
1417.55;1347.72;-69.82;2765.27
1417.19;1341.06;-76.13;2758.26
1409.66;1342.74;-66.93;2752.40
1408.69;1344.01;-64.68;2752.69
1406.46;1347.68;-58.78;2754.14
1408.98;1345.85;-63.13;2754.84
1411.06;1345.91;-65.15;2756.97
1409.01;1346.48;-62.53;2755.48
1402.78;1348.92;-53.86;2751.70
1409.69;1344.60;-65.09;2754.29
1409.50;1345.36;-64.14;2754.86
1418.59;1348.46;-70.13;2767.05
1407.16;1344.81;-62.36;2751.97
1407.15;1344.99;-62.16;2752.14
1405.58;1346.37;-59.21;2751.95
1409.14;1346.87;-62.26;2756.01
1411.82;1345.49;-66.33;2757.32
1405.36;1346.50;-58.86;2751.86
1404.40;1342.01;-62.39;2746.41
1411.16;1344.37;-66.79;2755.54
1409.32;1348.54;-60.79;2757.86
1412.45;1348.13;-64.32;2760.58
1408.39;1344.74;-63.66;2753.13
1418.49;1344.24;-74.25;2762.73
1415.05;1344.75;-70.30;2759.81
1407.00;1346.68;-60.32;2753.68
1415.44;1347.12;-68.32;2762.56
1408.82;1349.95;-58.87;2758.76
1406.21;1350.48;-55.73;2756.69
1408.48;1347.35;-61.13;2755.82
1420.34;1343.35;-76.98;2763.69
1407.44;1347.53;-59.91;2754.96
1408.14;1345.64;-62.49;2753.78
1407.29;1346.06;-61.23;2753.36
1409.28;1341.94;-67.34;2751.22
1407.50;1350.89;-56.61;2758.39
1403.14;1345.60;-57.54;2748.74
1408.75;1344.49;-64.26;2753.25
1414.64;1344.74;-69.91;2759.38
1410.87;1345.14;-65.73;2756.01
1416.70;1347.71;-68.99;2764.41
1416.52;1343.40;-73.12;2759.92
1408.56;1344.70;-63.86;2753.26
1408.75;1342.91;-65.84;2751.65
1406.22;1346.85;-59.36;2753.07
1408.01;1345.58;-62.43;2753.58
1411.28;1344.09;-67.18;2755.37
1411.32;1347.24;-64.08;2758.56
1406.89;1346.18;-60.71;2753.06
1407.61;1343.91;-63.70;2751.51
1408.98;1341.90;-67.08;2750.88
1407.69;1343.79;-63.90;2751.48
1407.59;1348.11;-59.49;2755.70
1421.57;1346.91;-74.66;2768.48
1411.87;1343.12;-68.75;2754.99
1408.59;1349.91;-58.68;2758.51
1408.02;1347.35;-60.67;2755.36
1409.39;1342.69;-66.69;2752.08
1409.74;1343.41;-66.32;2753.15
1407.70;1346.75;-60.95;2754.45
1418.49;1348.98;-69.52;2767.47
1418.46;1345.01;-73.45;2763.46
1411.74;1340.89;-70.85;2752.62
1416.68;1345.51;-71.17;2762.18
1421.41;1348.92;-72.49;2770.33
1416.59;1344.80;-71.79;2761.39
1422.76;1344.58;-78.19;2767.34
1407.27;1345.86;-61.41;2753.13
1404.89;1346.01;-58.89;2750.90
1403.54;1344.35;-59.18;2747.89
1408.32;1344.26;-64.06;2752.58
1408.29;1347.05;-61.25;2755.34
1407.20;1347.25;-59.95;2754.45
1409.88;1346.18;-63.69;2756.06
1408.02;1343.87;-64.15;2751.89
1408.73;1341.41;-67.32;2750.14
1408.49;1348.59;-59.89;2757.08
1406.20;1344.39;-61.81;2750.59
1409.10;1341.74;-67.36;2750.84
1409.85;1345.14;-64.72;2754.99
1406.34;1345.40;-60.94;2751.74
1409.88;1346.21;-63.67;2756.08
1409.19;1344.79;-64.40;2753.98
1421.25;1347.02;-74.23;2768.26
1409.15;1345.94;-63.21;2755.08
1409.31;1345.34;-63.97;2754.64
1409.01;1342.68;-66.34;2751.69
1417.98;1344.80;-73.18;2762.78
1406.49;1346.64;-59.85;2753.13
1409.26;1345.93;-63.33;2755.19
1423.12;1341.36;-81.75;2764.48
1414.49;1347.34;-67.15;2761.82
1418.04;1348.84;-69.20;2766.88
1422.12;1344.33;-77.79;2766.45
1407.01;1341.99;-65.02;2748.99
1415.22;1344.12;-71.10;2759.35
1406.75;1351.99;-54.76;2758.74
1418.56;1343.09;-75.47;2761.66
1410.21;1344.22;-65.99;2754.43
1410.62;1344.34;-66.28;2754.95
1408.08;1347.58;-60.51;2755.66
1409.26;1345.81;-63.45;2755.07
1410.68;1344.02;-66.66;2754.70
1421.65;1344.90;-76.75;2766.55
1407.74;1344.89;-62.85;2752.64
1422.08;1342.99;-79.09;2765.08
1410.25;1342.33;-67.92;2752.58
1408.29;1348.28;-60.01;2756.57
1409.03;1346.96;-62.06;2755.99
1409.02;1344.35;-64.67;2753.38
1421.42;1344.57;-76.85;2765.99
1411.82;1344.35;-67.48;2756.17
1409.38;1344.64;-64.74;2754.01
1409.76;1342.15;-67.61;2751.91
1411.84;1340.06;-71.78;2751.90
1409.49;1348.89;-60.59;2758.38
1407.98;1350.14;-57.84;2758.11
1412.29;1344.57;-67.72;2756.86
1409.21;1337.88;-71.33;2747.08
1418.39;1346.91;-71.48;2765.31
1418.28;1347.32;-70.96;2765.61
1405.09;1345.24;-59.85;2750.33
1408.95;1343.85;-65.10;2752.81
1424.25;1346.99;-77.25;2771.24
1407.99;1349.89;-58.09;2757.88
1408.66;1341.61;-67.05;2750.26
1421.42;1342.11;-79.31;2763.53
1405.38;1348.35;-57.04;2753.73
1407.58;1346.77;-60.81;2754.35
1408.68;1344.76;-63.92;2753.45
1411.49;1341.24;-70.26;2752.73
1409.28;1343.93;-65.35;2753.21
1409.86;1345.81;-64.06;2755.67
1418.27;1342.81;-75.46;2761.08
1410.39;1342.04;-68.35;2752.42
1422.24;1350.49;-71.75;2772.74
1409.49;1341.62;-67.87;2751.11
1409.81;1343.06;-66.74;2752.87
1409.57;1344.92;-64.65;2754.49
1410.71;1350.84;-59.87;2761.55
1407.07;1344.15;-62.92;2751.22
1419.75;1343.86;-75.89;2763.61
1409.91;1341.58;-68.33;2751.49
1420.47;1345.84;-74.64;2766.31
1407.25;1348.89;-58.35;2756.14
1408.29;1340.73;-67.56;2749.02
1410.68;1341.07;-69.61;2751.75
1408.55;1345.29;-63.25;2753.84
1413.81;1349.12;-64.69;2762.93
1409.28;1340.97;-68.31;2750.25
1408.77;1344.75;-64.02;2753.52
1418.52;1344.49;-74.04;2763.01
1409.21;1350.55;-58.66;2759.76
1408.92;1346.09;-62.82;2755.01
1420.76;1341.84;-78.92;2762.59
1421.82;1344.39;-77.43;2766.21
1409.64;1345.24;-64.39;2754.88
1408.08;1344.25;-63.83;2752.32
1411.43;1341.39;-70.04;2752.82
1408.25;1349.73;-58.52;2757.98
1405.09;1348.71;-56.38;2753.79
1407.56;1346.21;-61.35;2753.78
1409.35;1345.22;-64.13;2754.56
1403.46;1345.81;-57.65;2749.26
1407.84;1348.64;-59.20;2756.47
1408.28;1343.81;-64.48;2752.09
1408.81;1345.69;-63.12;2754.49
1407.78;1347.09;-60.69;2754.87
1409.23;1348.65;-60.58;2757.88
1408.31;1346.59;-61.72;2754.89
1420.76;1340.09;-80.68;2760.85
1418.87;1350.12;-68.75;2768.99
1403.17;1347.73;-55.44;2750.90
1407.54;1346.18;-61.36;2753.71
1414.09;1345.69;-68.39;2759.78
1409.08;1345.86;-63.22;2754.94
1406.90;1346.15;-60.75;2753.05
1409.67;1343.54;-66.14;2753.21
1408.27;1344.24;-64.03;2752.51
1409.84;1346.30;-63.54;2756.14
1407.09;1347.71;-59.38;2754.80
1407.76;1343.71;-64.06;2751.47
1409.95;1343.84;-66.11;2753.78
1409.01;1345.39;-63.62;2754.39
1408.27;1349.55;-58.72;2757.82
1410.12;1343.86;-66.26;2753.99
1408.22;1344.33;-63.89;2752.55
1407.58;1345.45;-62.13;2753.02
1405.68;1348.19;-57.48;2753.87
1407.94;1345.49;-62.44;2753.43
1407.29;1344.29;-62.99;2751.58
1418.27;1348.38;-69.89;2766.65
1407.52;1345.04;-62.48;2752.56
1407.76;1347.93;-59.83;2755.69
1417.96;1343.69;-74.28;2761.65
1417.59;1346.86;-70.72;2764.45
1407.12;1347.40;-59.72;2754.52
1407.28;1344.48;-62.80;2751.76
1408.25;1341.54;-66.72;2749.79
1407.24;1346.00;-61.24;2753.24
1406.70;1341.42;-65.28;2748.12
1407.24;1351.63;-55.61;2758.86
1407.72;1339.92;-67.80;2747.64
1407.99;1348.56;-59.43;2756.56
1407.41;1352.66;-54.75;2760.06
1410.78;1350.19;-60.58;2760.97
1418.95;1347.11;-71.84;2766.06
1407.51;1345.71;-61.81;2753.22
1405.94;1348.53;-57.41;2754.47
1418.22;1345.94;-72.28;2764.16
1409.41;1344.61;-64.79;2754.02
1406.92;1347.15;-59.77;2754.06
1408.18;1346.60;-61.58;2754.78
1408.17;1344.03;-64.14;2752.20
1409.55;1343.65;-65.90;2753.19
1408.31;1345.22;-63.08;2753.53
1407.02;1350.46;-56.56;2757.49
1407.81;1343.42;-64.39;2751.22
1412.47;1345.55;-66.92;2758.02
1418.92;1345.25;-73.66;2764.17
1409.14;1347.20;-61.94;2756.34
1408.81;1345.41;-63.41;2754.22
1408.66;1344.79;-63.88;2753.45
1407.55;1347.36;-60.19;2754.91
1406.42;1349.02;-57.39;2755.44
1407.17;1344.72;-62.45;2751.89
1409.48;1341.57;-67.91;2751.05
1407.82;1346.65;-61.16;2754.47
1419.67;1346.86;-72.81;2766.54
1410.77;1343.26;-67.51;2754.04
1408.61;1342.24;-66.37;2750.84
1410.58;1344.85;-65.72;2755.43
1414.74;1348.71;-66.02;2763.45
1408.04;1345.42;-62.62;2753.46
1407.85;1342.96;-64.88;2750.81
1408.64;1344.51;-64.14;2753.15
1415.60;1350.71;-64.89;2766.31
1407.87;1342.46;-65.41;2750.34
1409.69;1344.09;-65.59;2753.78
1414.08;1348.57;-65.51;2762.65
1406.94;1347.45;-59.48;2754.39
1408.22;1346.91;-61.31;2755.12
1406.36;1342.80;-63.56;2749.16
1407.80;1346.25;-61.55;2754.05
1408.87;1345.74;-63.13;2754.61
1409.38;1343.94;-65.44;2753.32
1418.66;1346.84;-71.82;2765.50
1409.92;1347.20;-62.72;2757.12
1403.55;1348.54;-55.01;2752.09
1410.60;1344.34;-66.26;2754.94
1409.29;1343.59;-65.70;2752.89
1406.10;1344.61;-61.49;2750.71
1405.49;1351.19;-54.30;2756.69
1419.39;1342.87;-76.52;2762.26
1418.64;1345.84;-72.81;2764.48
1418.18;1347.21;-70.97;2765.39
1407.26;1348.04;-59.22;2755.31
1407.46;1346.88;-60.59;2754.34
1409.09;1341.56;-67.53;2750.66
1408.44;1348.27;-60.17;2756.71
1406.92;1350.93;-55.99;2757.85
1408.71;1345.75;-62.95;2754.46
1410.27;1342.55;-67.72;2752.82
1407.37;1349.25;-58.12;2756.62
1407.91;1347.42;-60.48;2755.33
1409.15;1346.96;-62.19;2756.11
1409.21;1345.72;-63.48;2754.93
1406.76;1345.13;-61.64;2751.89
1403.56;1345.99;-57.58;2749.55
1421.29;1346.35;-74.94;2767.64
1408.42;1340.84;-67.58;2749.26
1408.01;1345.92;-62.08;2753.93
1408.71;1347.48;-61.22;2756.19
1420.06;1347.02;-73.04;2767.08
1409.15;1341.68;-67.48;2750.83
1407.81;1343.40;-64.41;2751.21
1409.96;1347.12;-62.84;2757.09
1407.76;1343.55;-64.22;2751.31
1409.84;1345.32;-64.52;2755.16
1408.92;1347.21;-61.71;2756.13
1407.76;1348.76;-59.00;2756.53
1409.49;1341.56;-67.92;2751.05
1407.44;1343.84;-63.60;2751.27
1404.88;1347.57;-57.31;2752.45
1407.26;1346.49;-60.77;2753.76
1408.14;1346.12;-62.02;2754.26
1409.71;1345.17;-64.54;2754.88
1408.72;1349.94;-58.78;2758.66
1414.62;1345.72;-68.90;2760.34
1407.51;1344.96;-62.55;2752.48
1406.56;1342.09;-64.46;2748.65
1408.94;1345.31;-63.63;2754.25
1411.31;1347.96;-63.34;2759.27
1407.75;1344.34;-63.42;2752.09
1408.55;1344.49;-64.06;2753.04
1408.35;1347.22;-61.13;2755.56
1415.17;1348.21;-66.96;2763.38
1408.59;1345.32;-63.28;2753.91
1412.54;1345.30;-67.24;2757.84
1407.18;1345.00;-62.18;2752.18
1417.65;1352.18;-65.47;2769.84
1412.84;1345.05;-67.79;2757.89
1406.36;1342.98;-63.38;2749.35
1408.62;1344.79;-63.83;2753.42
1409.47;1352.15;-57.32;2761.62
1416.08;1344.08;-71.99;2760.16
1408.28;1344.69;-63.59;2752.98
1423.84;1348.05;-75.78;2771.89
1407.69;1348.58;-59.11;2756.27
1415.64;1345.55;-70.09;2761.19
1415.36;1342.11;-73.25;2757.46
1405.63;1348.02;-57.61;2753.65
1407.53;1347.10;-60.43;2754.63
1414.78;1350.12;-64.65;2764.90
1411.82;1344.67;-67.15;2756.49
1406.98;1351.48;-55.51;2758.46
1417.34;1350.92;-66.42;2768.26
1408.37;1345.29;-63.08;2753.66
1411.29;1343.57;-67.72;2754.86
1408.11;1348.96;-59.14;2757.07
1405.20;1347.15;-58.05;2752.35
1408.42;1349.58;-58.85;2758.00
1417.56;1342.08;-75.48;2759.64
1408.76;1348.51;-60.25;2757.28
1404.47;1347.04;-57.43;2751.51
1412.05;1345.36;-66.69;2757.42
1408.22;1342.78;-65.44;2750.99
1411.09;1344.89;-66.20;2755.99
1402.02;1348.32;-53.70;2750.35
1407.95;1346.08;-61.87;2754.04
1408.66;1343.95;-64.71;2752.61
1421.34;1341.01;-80.34;2762.35
1407.31;1347.95;-59.36;2755.26
1406.71;1348.31;-58.39;2755.02
1420.95;1342.61;-78.34;2763.56
1405.87;1344.05;-61.82;2749.92
1406.86;1348.95;-57.91;2755.81
1420.05;1344.98;-75.08;2765.03
1422.03;1339.61;-82.42;2761.64
1404.93;1350.85;-54.08;2755.78
1404.35;1345.22;-59.14;2749.57
1406.73;1345.47;-61.26;2752.20
1419.68;1345.57;-74.11;2765.25
1407.69;1344.83;-62.86;2752.52
1405.55;1346.33;-59.22;2751.88
1406.59;1344.16;-62.43;2750.75
1422.16;1343.51;-78.66;2765.67
1414.68;1347.21;-67.47;2761.88
1408.08;1345.34;-62.74;2753.42
1408.15;1347.83;-60.32;2755.98
1411.65;1346.71;-64.94;2758.36
1410.26;1342.10;-68.16;2752.36
1406.65;1347.97;-58.68;2754.62
1408.14;1342.85;-65.29;2750.98
