1349.82;1281.51;-68.31;2631.33
1347.88;1280.18;-67.70;2628.06
1350.62;1278.76;-71.86;2629.38
1351.36;1282.52;-68.84;2633.89
1348.72;1285.36;-63.36;2634.08
1350.05;1281.56;-68.49;2631.61
1350.41;1278.13;-72.28;2628.54
1351.38;1281.66;-69.72;2633.04
1349.72;1283.65;-66.07;2633.38
1347.83;1281.82;-66.01;2629.65
1349.99;1279.39;-70.61;2629.38
1351.22;1282.28;-68.95;2633.50
1349.12;1284.39;-64.72;2633.51
1347.95;1281.61;-66.34;2629.56
1350.39;1278.32;-72.07;2628.72
1351.19;1281.08;-70.11;2632.26
1348.49;1284.67;-63.82;2633.16
1347.54;1281.15;-66.39;2628.69
1349.58;1278.57;-71.01;2628.15
1351.94;1281.34;-70.61;2633.28
1348.39;1283.70;-64.69;2632.09
1347.17;1280.38;-66.79;2627.55
1350.70;1278.68;-72.02;2629.38
1351.07;1281.81;-69.26;2632.88
1348.61;1283.12;-65.49;2631.72
1347.80;1280.16;-67.64;2627.96
1350.68;1279.54;-71.14;2630.21
1351.30;1282.92;-68.38;2634.22
1348.05;1283.29;-64.76;2631.34
1349.38;1282.44;-66.94;2631.82
1349.85;1281.76;-68.09;2631.61
1351.08;1284.80;-66.28;2635.88
1349.14;1285.58;-63.56;2634.71
1348.59;1283.51;-65.09;2632.10
1349.82;1281.18;-68.64;2630.99
1351.09;1282.64;-68.46;2633.73
1350.29;1284.15;-66.14;2634.45
1347.77;1280.86;-66.91;2628.63
1350.13;1278.42;-71.71;2628.55
1351.29;1283.26;-68.04;2634.55
1349.12;1283.25;-65.88;2632.37
1347.52;1281.71;-65.81;2629.24
1350.58;1278.01;-72.57;2628.58
1351.81;1279.69;-72.11;2631.50
1348.66;1283.30;-65.36;2631.96
1348.54;1279.40;-69.14;2627.94
1352.23;1278.72;-73.51;2630.95
1351.42;1281.20;-70.22;2632.62
1348.78;1284.55;-64.24;2633.33
1347.96;1282.17;-65.79;2630.14
1350.21;1281.38;-68.83;2631.58
1353.64;1283.43;-70.21;2637.06
1350.76;1285.67;-65.09;2636.44
1347.92;1282.08;-65.84;2630.00
1350.01;1279.81;-70.20;2629.81
1351.40;1280.16;-71.24;2631.56
1349.99;1285.81;-64.18;2635.79
1347.86;1283.21;-64.65;2631.06
1349.66;1280.54;-69.12;2630.21
1351.52;1283.72;-67.80;2635.24
1348.68;1282.43;-66.25;2631.11
1347.18;1283.18;-63.99;2630.36
1350.24;1281.07;-69.16;2631.31
1351.47;1283.74;-67.73;2635.21
1348.86;1285.99;-62.88;2634.85
1348.00;1282.12;-65.88;2630.12
1349.89;1282.31;-67.59;2632.20
1351.31;1283.91;-67.40;2635.22
1348.81;1285.39;-63.42;2634.20
1348.00;1282.26;-65.74;2630.26
1350.61;1278.34;-72.28;2628.95
1350.70;1281.81;-68.89;2632.51
1348.84;1282.13;-66.71;2630.96
1347.94;1279.98;-67.95;2627.92
1350.02;1279.56;-70.46;2629.58
1350.74;1283.15;-67.58;2633.89
1347.74;1283.04;-64.69;2630.78
1347.56;1281.59;-65.96;2629.15
1349.91;1281.51;-68.40;2631.42
1351.60;1281.48;-70.12;2633.08
1348.58;1284.80;-63.78;2633.38
1348.12;1279.65;-68.46;2627.77
1349.54;1280.76;-68.78;2630.29
1350.52;1281.72;-68.80;2632.25
1349.29;1285.28;-64.01;2634.57
1347.84;1281.15;-66.69;2628.99
1350.38;1279.31;-71.07;2629.68
1350.85;1280.79;-70.05;2631.64
1349.05;1283.53;-65.52;2632.58
1347.49;1281.48;-66.01;2628.97
1352.38;1279.65;-72.73;2632.02
1351.82;1279.85;-71.98;2631.67
1348.76;1282.08;-66.68;2630.85
1348.16;1282.44;-65.72;2630.61
1350.84;1279.37;-71.46;2630.21
1351.32;1281.53;-69.79;2632.85
1348.04;1283.46;-64.57;2631.50
1347.91;1281.54;-66.37;2629.45
1350.72;1277.46;-73.26;2628.19
1351.87;1281.81;-70.06;2633.68
1352.06;1282.45;-69.61;2634.51
1348.06;1282.94;-65.12;2631.00
1350.74;1279.39;-71.34;2630.13
1351.95;1280.34;-71.61;2632.28
1349.05;1282.32;-66.73;2631.38
1348.33;1278.66;-69.67;2626.99
1351.64;1279.61;-72.04;2631.25
1351.82;1280.66;-71.15;2632.48
1350.73;1284.45;-66.28;2635.18
1347.99;1280.35;-67.65;2628.34
1350.29;1281.76;-68.53;2632.06
1351.06;1284.24;-66.82;2635.30
1349.92;1284.84;-65.08;2634.75
1348.19;1282.68;-65.51;2630.87
1350.49;1281.01;-69.48;2631.50
1352.30;1283.16;-69.14;2635.46
1349.36;1283.19;-66.17;2632.56
1349.33;1281.16;-68.17;2630.49
1351.02;1279.24;-71.79;2630.26
1351.42;1280.45;-70.97;2631.88
1351.12;1282.03;-69.09;2633.15
1348.68;1279.73;-68.95;2628.41
1350.80;1279.65;-71.15;2630.45
1352.68;1280.88;-71.79;2633.56
1348.75;1281.95;-66.80;2630.69
1348.59;1281.83;-66.76;2630.42
1350.70;1280.03;-70.67;2630.73
1351.48;1281.17;-70.31;2632.65
1349.91;1283.48;-66.42;2633.39
1347.56;1280.66;-66.89;2628.22
1350.81;1279.82;-70.98;2630.63
1351.77;1281.39;-70.38;2633.16
1348.98;1283.26;-65.71;2632.24
1347.66;1281.11;-66.55;2628.76
1351.19;1280.94;-70.25;2632.13
1352.17;1282.34;-69.84;2634.51
1348.44;1285.10;-63.34;2633.54
1347.16;1282.42;-64.74;2629.58
1349.93;1279.71;-70.22;2629.64
1351.98;1282.08;-69.89;2634.06
1349.01;1282.43;-66.58;2631.44
1347.52;1280.26;-67.26;2627.79
1350.78;1278.39;-72.39;2629.18
1351.33;1281.42;-69.91;2632.75
1348.58;1283.95;-64.64;2632.53
1347.74;1281.50;-66.24;2629.24
1349.68;1279.21;-70.47;2628.88
1351.45;1281.04;-70.41;2632.48
1348.44;1283.23;-65.21;2631.66
1347.58;1281.19;-66.39;2628.78
1350.32;1280.24;-70.08;2630.55
1350.89;1281.95;-68.95;2632.84
1349.60;1283.55;-66.05;2633.15
1350.30;1279.40;-70.90;2629.70
1350.22;1279.49;-70.73;2629.72
1351.06;1280.68;-70.38;2631.75
1348.60;1284.49;-64.11;2633.09
1347.55;1281.63;-65.92;2629.18
1350.52;1278.64;-71.88;2629.16
1351.42;1283.53;-67.89;2634.95
1348.80;1282.64;-66.16;2631.44
1348.56;1281.65;-66.91;2630.22
1350.32;1280.51;-69.82;2630.83
1353.39;1283.78;-69.61;2637.18
1348.68;1282.19;-66.48;2630.87
1347.69;1280.75;-66.94;2628.44
1350.92;1279.83;-71.09;2630.75
1351.48;1282.99;-68.48;2634.47
1348.56;1285.31;-63.25;2633.86
1347.87;1282.05;-65.82;2629.92
1350.32;1279.29;-71.02;2629.61
1351.52;1281.74;-69.78;2633.25
1349.10;1284.86;-64.24;2633.96
1348.18;1282.97;-65.21;2631.15
1351.59;1280.22;-71.38;2631.81
1352.15;1280.75;-71.40;2632.89
1348.83;1283.65;-65.18;2632.48
1348.06;1281.26;-66.80;2629.32
1352.79;1279.69;-73.10;2632.48
1351.63;1281.58;-70.05;2633.21
1350.75;1284.51;-66.25;2635.26
1347.92;1280.78;-67.15;2628.70
1350.51;1278.40;-72.11;2628.91
1351.28;1282.13;-69.15;2633.41
1349.22;1282.81;-66.41;2632.03
1347.43;1280.86;-66.56;2628.29
1351.05;1280.72;-70.32;2631.77
1351.31;1282.43;-68.88;2633.74
1349.56;1283.34;-66.22;2632.91
1348.12;1280.18;-67.94;2628.29
1350.56;1278.82;-71.74;2629.38
1352.18;1281.70;-70.48;2633.88
1348.15;1283.23;-64.92;2631.38
1347.44;1281.14;-66.30;2628.57
1351.76;1280.84;-70.92;2632.61
1351.74;1281.83;-69.91;2633.57
1348.98;1283.76;-65.21;2632.74
1347.22;1282.39;-64.84;2629.61
1353.04;1278.65;-74.39;2631.68
1351.91;1281.18;-70.74;2633.09
1348.68;1283.94;-64.74;2632.62
1347.68;1282.13;-65.55;2629.81
1350.29;1279.25;-71.05;2629.54
1351.05;1282.31;-68.74;2633.36
1350.80;1283.26;-67.54;2634.06
1347.76;1279.22;-68.54;2626.99
1349.86;1278.72;-71.15;2628.58
1351.61;1282.01;-69.59;2633.62
1349.26;1281.91;-67.35;2631.17
1348.75;1281.59;-67.16;2630.34
1350.41;1279.13;-71.28;2629.54
1351.98;1281.64;-70.35;2633.62
1349.42;1283.84;-65.58;2633.26
1349.11;1280.05;-69.06;2629.15
1350.19;1281.70;-68.49;2631.89
1351.94;1280.94;-71.01;2632.88
1348.79;1281.61;-67.18;2630.40
1348.25;1279.89;-68.35;2628.14
1351.08;1280.38;-70.70;2631.45
1352.02;1279.71;-72.31;2631.74
1349.33;1283.53;-65.80;2632.86
1349.66;1281.14;-68.52;2630.81
1350.85;1279.05;-71.80;2629.89
1352.22;1281.39;-70.84;2633.61
1348.59;1282.31;-66.28;2630.89
1348.37;1280.17;-68.20;2628.54
1351.08;1280.04;-71.04;2631.12
1354.36;1281.60;-72.76;2635.96
1351.48;1283.17;-68.31;2634.65
1353.71;1281.70;-72.01;2635.41
1350.74;1279.56;-71.18;2630.31
1351.75;1279.46;-72.29;2631.21
1347.78;1283.64;-64.15;2631.42
1348.21;1281.24;-66.98;2629.45
1351.26;1279.24;-72.02;2630.50
1350.98;1281.09;-69.88;2632.07
1349.30;1283.75;-65.55;2633.05
1347.83;1282.85;-64.98;2630.68
1351.22;1278.90;-72.32;2630.12
1352.41;1281.53;-70.88;2633.94
1350.69;1283.76;-66.93;2634.45
1348.33;1281.85;-66.48;2630.18
1350.35;1279.42;-70.94;2629.77
1352.30;1283.64;-68.66;2635.94
1349.18;1281.77;-67.41;2630.95
1350.32;1280.98;-69.34;2631.30
1350.32;1280.54;-69.78;2630.86
1352.29;1281.50;-70.79;2633.79
1349.38;1281.72;-67.66;2631.10
1347.84;1281.14;-66.70;2628.98
1350.78;1279.78;-71.00;2630.56
1352.16;1282.45;-69.71;2634.61
1349.85;1283.11;-66.74;2632.96
1347.58;1282.25;-65.32;2629.83
1350.58;1279.02;-71.55;2629.60
1351.43;1282.56;-68.87;2633.99
1348.19;1284.01;-64.19;2632.20
1347.82;1280.83;-66.99;2628.65
1349.67;1279.52;-70.15;2629.19
1351.32;1281.94;-69.38;2633.26
1347.31;1283.50;-63.81;2630.81
1347.58;1281.11;-66.47;2628.69
1350.34;1279.11;-71.22;2629.45
1352.19;1281.12;-71.06;2633.31
1347.85;1281.28;-66.56;2629.13
1347.62;1279.91;-67.71;2627.52
1350.42;1279.22;-71.20;2629.65
1353.66;1282.05;-71.62;2635.71
1349.08;1283.49;-65.59;2632.56
1347.61;1279.72;-67.89;2627.33
1350.31;1279.40;-70.91;2629.71
1352.42;1281.64;-70.78;2634.05
1351.47;1283.18;-68.29;2634.65
1347.56;1280.72;-66.84;2628.28
1351.59;1280.47;-71.12;2632.06
1351.79;1281.74;-70.06;2633.53
1349.84;1282.10;-67.74;2631.94
1348.48;1281.36;-67.11;2629.84
1349.65;1278.96;-70.69;2628.62
1351.85;1282.14;-69.71;2633.99
1349.30;1283.38;-65.92;2632.68
1347.47;1280.22;-67.25;2627.69
1350.86;1279.22;-71.65;2630.08
1352.50;1280.89;-71.61;2633.39
1348.74;1281.39;-67.35;2630.14
1347.18;1280.05;-67.13;2627.22
1350.76;1280.12;-70.64;2630.88
1351.68;1281.86;-69.82;2633.55
1349.07;1281.78;-67.29;2630.85
1348.18;1280.26;-67.92;2628.45
1350.62;1278.88;-71.74;2629.50
1352.47;1281.89;-70.58;2634.36
1348.75;1282.05;-66.69;2630.80
1347.71;1280.10;-67.61;2627.81
1351.14;1279.07;-72.07;2630.21
1352.59;1280.59;-72.00;2633.19
1349.84;1282.21;-67.63;2632.05
1347.66;1279.97;-67.69;2627.63
1351.40;1280.10;-71.30;2631.50
1353.16;1279.86;-73.30;2633.03
1349.73;1282.58;-67.15;2632.31
1348.65;1280.96;-67.68;2629.61
1351.40;1277.36;-74.04;2628.76
1353.35;1280.64;-72.71;2633.99
1349.82;1282.15;-67.67;2631.98
1348.72;1279.80;-68.92;2628.52
1351.60;1277.64;-73.96;2629.24
1351.92;1281.08;-70.84;2632.99
1349.14;1282.01;-67.14;2631.15
1347.52;1280.59;-66.94;2628.11
1350.60;1279.31;-71.29;2629.91
1352.21;1279.24;-72.98;2631.45
1350.31;1280.78;-69.54;2631.09
1348.31;1279.85;-68.46;2628.16
1351.06;1278.37;-72.69;2629.43
1352.09;1280.59;-71.50;2632.68
1350.56;1282.91;-67.65;2633.47
1348.62;1279.64;-68.98;2628.26
1350.76;1279.81;-70.95;2630.57
1352.23;1281.22;-71.01;2633.45
1349.95;1282.17;-67.78;2632.12
1348.39;1279.58;-68.81;2627.96
1351.56;1278.01;-73.55;2629.57
1352.48;1281.48;-71.00;2633.95
1349.95;1282.91;-67.04;2632.86
1348.46;1281.85;-66.61;2630.32
1351.93;1278.19;-73.74;2630.12
1352.62;1279.53;-73.09;2632.15
1349.76;1284.21;-65.55;2633.96
1348.62;1279.44;-69.18;2628.06
1351.26;1278.76;-72.51;2630.02
1353.45;1281.23;-72.22;2634.68
1349.40;1281.64;-67.76;2631.04
1348.06;1279.34;-68.73;2627.40
1351.37;1279.26;-72.11;2630.64
1352.06;1281.36;-70.71;2633.42
1349.43;1283.23;-66.20;2632.66
1352.81;1279.71;-73.10;2632.52
1353.91;1278.34;-75.58;2632.25
1352.44;1282.09;-70.35;2634.52
1350.02;1282.92;-67.11;2632.94
1348.15;1279.69;-68.45;2627.84
1350.31;1278.98;-71.33;2629.28
1352.57;1281.80;-70.77;2634.37
1349.65;1281.98;-67.67;2631.64
1348.26;1280.25;-68.01;2628.51
1350.61;1278.41;-72.21;2629.02
1353.85;1281.20;-72.65;2635.05
1349.90;1283.16;-66.74;2633.06
1348.02;1280.54;-67.48;2628.56
1353.32;1278.95;-74.37;2632.26
1352.45;1282.08;-70.37;2634.54
1349.79;1283.20;-66.59;2632.99
1348.75;1281.21;-67.54;2629.96
1351.76;1279.56;-72.21;2631.32
1352.14;1280.59;-71.55;2632.72
1350.19;1281.54;-68.66;2631.73
1348.01;1280.68;-67.33;2628.68
1351.29;1280.94;-70.35;2632.24
1351.96;1281.05;-70.91;2633.01
1349.70;1281.26;-68.44;2630.96
1349.41;1279.09;-70.32;2628.51
1351.24;1278.71;-72.53;2629.95
1352.93;1280.21;-72.72;2633.14
1349.96;1281.55;-68.41;2631.51
1348.34;1281.19;-67.15;2629.53
1351.48;1279.11;-72.38;2630.59
1353.05;1280.11;-72.94;2633.15
1349.47;1282.76;-66.71;2632.24
1347.69;1280.18;-67.51;2627.87
1350.45;1280.11;-70.35;2630.56
1352.44;1281.97;-70.46;2634.41
1349.41;1283.35;-66.06;2632.76
1348.09;1280.48;-67.61;2628.57
1350.88;1279.94;-70.94;2630.82
1352.45;1280.52;-71.93;2632.98
1349.00;1282.13;-66.87;2631.13
1350.40;1280.92;-69.48;2631.32
1350.66;1280.48;-70.18;2631.14
1351.84;1280.49;-71.35;2632.33
1348.38;1282.41;-65.96;2630.79
1347.05;1281.24;-65.81;2628.29
1351.02;1279.62;-71.40;2630.64
1352.52;1282.75;-69.77;2635.26
1349.39;1283.62;-65.77;2633.01
1349.32;1282.55;-66.76;2631.87
1351.18;1280.51;-70.67;2631.69
1355.38;1282.46;-72.92;2637.84
1352.64;1281.35;-71.29;2633.98
1348.09;1278.75;-69.34;2626.84
1351.14;1278.48;-72.66;2629.62
1353.18;1280.00;-73.18;2633.18
1349.44;1282.70;-66.74;2632.14
1348.61;1280.83;-67.78;2629.44
1351.57;1278.11;-73.46;2629.68
1352.28;1283.10;-69.18;2635.38
1349.55;1280.83;-68.72;2630.38
1348.15;1279.62;-68.52;2627.77
1350.60;1278.65;-71.95;2629.25
1354.51;1281.23;-73.28;2635.74
1350.68;1282.90;-67.78;2633.58
1347.97;1279.43;-68.54;2627.40
1350.34;1278.62;-71.72;2628.96
1352.91;1279.81;-73.10;2632.71
1349.19;1282.01;-67.18;2631.21
1348.44;1280.34;-68.11;2628.78
1350.86;1281.21;-69.65;2632.07
1353.15;1281.32;-71.83;2634.48
1350.31;1282.69;-67.62;2633.00
1347.49;1281.28;-66.21;2628.78
1350.49;1280.78;-69.72;2631.27
1352.73;1283.05;-69.68;2635.78
1349.80;1282.39;-67.41;2632.19
1348.07;1282.05;-66.02;2630.12
1351.42;1279.29;-72.14;2630.71
1351.57;1281.25;-70.32;2632.82
1348.34;1281.18;-67.16;2629.52
1347.33;1280.51;-66.82;2627.84
1350.81;1281.27;-69.54;2632.08
1354.18;1281.66;-72.52;2635.85
1349.50;1282.35;-67.15;2631.85
1347.96;1281.15;-66.82;2629.11
1351.12;1279.74;-71.38;2630.86
1352.54;1280.85;-71.69;2633.39
1349.26;1281.42;-67.84;2630.68
1348.92;1280.67;-68.25;2629.59
1351.31;1281.18;-70.12;2632.49
1353.49;1279.93;-73.56;2633.42
1349.73;1281.95;-67.78;2631.68
1347.96;1279.83;-68.13;2627.79
1351.66;1279.24;-72.42;2630.90
1353.41;1280.69;-72.72;2634.10
1349.44;1282.88;-66.56;2632.32
1348.04;1279.71;-68.32;2627.75
1350.70;1279.21;-71.49;2629.91
1352.22;1280.32;-71.91;2632.54
1348.98;1282.36;-66.62;2631.34
1347.78;1281.54;-66.25;2629.32
1351.25;1281.19;-70.06;2632.44
1352.45;1282.38;-70.08;2634.83
1348.44;1281.78;-66.66;2630.22
1347.21;1281.01;-66.21;2628.22
1351.92;1281.15;-70.77;2633.06
1352.89;1281.52;-71.37;2634.42
1349.76;1283.42;-66.34;2633.19
1348.24;1278.97;-69.27;2627.21
1350.95;1278.96;-71.99;2629.92
1352.98;1281.66;-71.32;2634.65
1346.53;1284.18;-62.35;2630.71
1349.06;1280.14;-68.92;2629.21
1351.02;1280.05;-70.96;2631.07
1352.79;1279.68;-73.11;2632.47
1349.91;1282.28;-67.63;2632.19
1347.98;1279.57;-68.41;2627.55
1351.14;1280.02;-71.12;2631.15
1353.25;1278.94;-74.32;2632.19
1349.62;1281.13;-68.49;2630.75
1347.64;1278.86;-68.78;2626.50
1351.21;1279.55;-71.66;2630.76
1353.51;1281.85;-71.65;2635.36
1349.33;1282.76;-66.57;2632.09
1348.94;1279.51;-69.43;2628.45
1351.62;1278.96;-72.66;2630.58
1352.38;1280.20;-72.18;2632.58
1349.95;1283.17;-66.78;2633.12
1347.16;1281.42;-65.74;2628.58
1351.44;1279.25;-72.18;2630.69
1351.17;1281.02;-70.15;2632.19
1349.05;1284.16;-64.89;2633.21
1348.07;1279.98;-68.09;2628.05
1350.64;1279.25;-71.39;2629.88
1352.48;1281.37;-71.11;2633.85
1348.95;1283.02;-65.93;2631.98
1347.55;1281.89;-65.66;2629.44
1350.54;1280.03;-70.51;2630.56
1352.12;1281.71;-70.41;2633.83
1349.77;1282.39;-67.38;2632.16
1346.63;1280.15;-66.48;2626.78
1354.22;1279.53;-74.69;2633.75
1353.02;1281.73;-71.29;2634.75
1349.52;1283.15;-66.36;2632.67
1347.42;1279.54;-67.88;2626.95
1351.09;1281.94;-69.15;2633.02
1352.42;1281.49;-70.92;2633.91
1348.31;1283.44;-64.88;2631.75
1346.99;1282.96;-64.02;2629.95
1353.18;1279.54;-73.65;2632.72
1351.05;1282.35;-68.71;2633.40
1348.88;1283.53;-65.35;2632.41
1346.44;1281.25;-65.19;2627.69
1350.76;1279.78;-70.99;2630.54
1352.12;1280.61;-71.51;2632.72
1348.83;1283.88;-64.95;2632.71
1347.29;1281.12;-66.16;2628.41
1350.34;1280.85;-69.49;2631.19
1353.35;1282.05;-71.29;2635.40
1348.75;1283.51;-65.24;2632.25
1347.56;1282.92;-64.64;2630.48
1350.10;1281.17;-68.93;2631.27
1353.87;1283.26;-70.61;2637.13
1349.08;1282.98;-66.11;2632.06
1347.51;1282.06;-65.45;2629.57
1350.04;1280.14;-69.89;2630.18
1352.64;1281.69;-70.95;2634.34
1349.76;1284.37;-65.39;2634.14
1347.35;1279.91;-67.44;2627.26
1352.40;1279.22;-73.18;2631.62
1352.56;1280.36;-72.20;2632.93
1350.08;1282.32;-67.75;2632.40
1349.10;1280.61;-68.49;2629.71
1350.94;1278.76;-72.18;2629.69
1352.11;1279.88;-72.24;2631.99
1349.52;1284.38;-65.15;2633.90
1348.54;1280.31;-68.23;2628.84
1351.70;1281.44;-70.26;2633.14
1352.73;1281.12;-71.61;2633.85
1350.11;1284.76;-65.35;2634.88
1348.25;1281.58;-66.68;2629.83
1351.14;1281.12;-70.02;2632.26
1353.48;1283.06;-70.42;2636.54
1349.84;1282.01;-67.83;2631.84
1349.87;1281.58;-68.29;2631.45
1351.40;1278.89;-72.51;2630.29
1353.64;1282.62;-71.02;2636.26
1350.28;1283.54;-66.75;2633.82
1348.60;1281.39;-67.21;2629.99
1350.31;1280.12;-70.19;2630.43
1352.60;1280.75;-71.85;2633.35
1349.10;1282.34;-66.76;2631.44
1347.29;1280.85;-66.44;2628.14
1351.13;1278.90;-72.23;2630.03
1352.41;1280.64;-71.76;2633.05
1350.34;1283.38;-66.96;2633.72
1348.03;1281.05;-66.98;2629.08
1351.21;1278.37;-72.84;2629.58
1352.99;1280.54;-72.45;2633.53
1349.25;1283.76;-65.48;2633.01
1350.42;1281.62;-68.79;2632.04
1350.67;1281.14;-69.53;2631.81
1353.07;1282.09;-70.98;2635.16
1349.40;1282.44;-66.96;2631.84
1348.38;1282.81;-65.57;2631.19
1351.75;1280.52;-71.22;2632.27
1353.09;1283.48;-69.61;2636.58
1350.10;1283.42;-66.68;2633.52
1350.60;1282.60;-68.00;2633.20
1351.19;1278.76;-72.43;2629.96
1352.78;1280.17;-72.61;2632.95
1349.85;1282.02;-67.83;2631.88
1347.21;1280.11;-67.09;2627.32
1351.13;1278.52;-72.61;2629.65
1352.32;1281.32;-71.00;2633.64
1349.64;1282.40;-67.24;2632.04
1347.24;1281.02;-66.22;2628.26
1350.23;1279.22;-71.01;2629.45
1353.92;1281.79;-72.12;2635.71
1352.18;1283.03;-69.15;2635.21
1348.92;1281.15;-67.77;2630.06
1353.93;1281.28;-72.65;2635.21
1353.79;1281.68;-72.11;2635.46
1350.25;1283.61;-66.64;2633.85
1350.06;1280.67;-69.39;2630.73
1351.25;1280.53;-70.72;2631.78
1353.23;1283.49;-69.74;2636.72
1349.52;1283.82;-65.69;2633.34
1350.11;1282.60;-67.51;2632.71
1350.63;1280.15;-70.48;2630.78
1353.93;1282.55;-71.38;2636.48
1350.06;1283.52;-66.54;2633.58
1348.62;1283.16;-65.46;2631.78
1353.44;1281.54;-71.90;2634.97
1352.44;1282.59;-69.85;2635.02
1349.35;1283.22;-66.13;2632.56
1348.31;1280.41;-67.90;2628.71
1351.69;1279.34;-72.35;2631.04
1353.85;1282.48;-71.37;2636.34
1350.02;1282.75;-67.27;2632.78
1348.01;1282.14;-65.88;2630.15
1351.16;1280.29;-70.86;2631.45
1352.89;1282.39;-70.50;2635.28
1351.68;1283.77;-67.91;2635.45
1348.45;1282.15;-66.29;2630.60
1351.31;1279.98;-71.33;2631.29
1353.44;1282.39;-71.05;2635.82
1349.92;1283.54;-66.38;2633.45
1347.48;1282.19;-65.29;2629.67
1351.01;1278.92;-72.08;2629.93
1352.58;1282.29;-70.29;2634.88
1350.19;1280.83;-69.36;2631.02
1348.34;1279.75;-68.58;2628.09
1351.17;1279.95;-71.22;2631.12
1354.37;1280.48;-73.89;2634.85
1350.21;1282.69;-67.52;2632.89
1347.64;1281.08;-66.56;2628.71
1350.31;1278.11;-72.20;2628.41
1353.18;1280.77;-72.41;2633.95
1349.17;1283.93;-65.24;2633.10
1351.98;1281.35;-70.62;2633.33
1354.78;1278.85;-75.92;2633.63
1353.82;1280.30;-73.52;2634.12
1350.36;1281.55;-68.82;2631.91
1347.64;1280.91;-66.73;2628.55
1350.91;1278.55;-72.36;2629.45
1352.84;1280.12;-72.72;2632.95
1350.21;1281.61;-68.60;2631.82
1347.94;1280.94;-67.00;2628.87
1350.38;1278.90;-71.48;2629.28
1352.02;1280.81;-71.21;2632.84
1349.83;1282.07;-67.76;2631.90
1347.14;1280.21;-66.94;2627.35
1351.04;1280.51;-70.54;2631.55
1352.34;1281.62;-70.72;2633.96
1350.41;1282.18;-68.24;2632.59
1347.16;1279.79;-67.38;2626.95
1350.16;1279.86;-70.31;2630.02
1352.95;1281.06;-71.89;2634.02
1350.15;1282.74;-67.41;2632.88
1347.77;1283.47;-64.30;2631.24
1351.14;1280.07;-71.07;2631.21
1352.31;1283.12;-69.18;2635.43
1349.65;1284.49;-65.16;2634.15
1347.88;1283.22;-64.66;2631.09
1352.39;1282.36;-70.02;2634.75
1352.36;1282.37;-69.99;2634.73
1349.32;1284.62;-64.69;2633.94
1347.02;1280.43;-66.59;2627.45
1350.43;1278.98;-71.45;2629.41
1352.85;1281.79;-71.06;2634.64
1349.32;1283.40;-65.92;2632.72
1347.37;1282.42;-64.95;2629.79
1349.11;1281.61;-67.51;2630.72
1350.55;1283.05;-67.51;2633.60
1348.43;1283.28;-65.15;2631.71
1347.85;1283.84;-64.01;2631.68
1349.76;1281.27;-68.49;2631.04
1352.35;1282.24;-70.12;2634.59
1349.34;1283.39;-65.95;2632.73
1347.37;1283.10;-64.27;2630.47
1350.35;1280.16;-70.19;2630.51
1353.35;1283.36;-69.99;2636.72
1352.37;1283.71;-68.66;2636.08
1349.28;1283.05;-66.22;2632.33
1351.51;1277.89;-73.62;2629.41
1355.26;1280.51;-74.75;2635.78
1349.99;1282.39;-67.61;2632.38
1348.93;1281.50;-67.43;2630.43
1350.46;1279.30;-71.16;2629.76
1352.75;1280.44;-72.31;2633.18
1350.01;1282.11;-67.91;2632.12
1347.14;1280.85;-66.29;2627.99
1352.42;1279.16;-73.26;2631.58
1352.12;1281.26;-70.86;2633.38
1349.95;1282.73;-67.22;2632.68
1347.48;1282.82;-64.66;2630.31
1350.64;1278.55;-72.08;2629.19
1354.58;1280.58;-74.01;2635.16
1349.35;1282.85;-66.50;2632.19
1348.10;1280.28;-67.82;2628.38
1350.36;1278.88;-71.49;2629.24
1352.41;1281.26;-71.15;2633.67
1349.34;1282.49;-66.84;2631.83
1347.20;1278.81;-68.39;2626.01
1350.67;1280.34;-70.34;2631.01
1352.31;1281.77;-70.54;2634.08
1349.75;1281.52;-68.22;2631.27
1347.37;1280.56;-66.81;2627.93
1350.58;1279.18;-71.40;2629.76
1352.51;1280.46;-72.04;2632.97
1349.49;1282.28;-67.21;2631.77
1347.56;1283.35;-64.21;2630.91
1350.06;1280.68;-69.38;2630.74
1352.29;1281.05;-71.24;2633.34
1349.69;1283.81;-65.88;2633.49
1347.23;1280.75;-66.48;2627.98
1350.68;1279.01;-71.67;2629.68
1352.73;1280.85;-71.88;2633.58
1348.43;1282.25;-66.18;2630.68
1347.01;1280.90;-66.11;2627.91
1350.51;1279.66;-70.85;2630.17
1352.74;1280.97;-71.77;2633.71
1348.99;1282.15;-66.84;2631.15
1348.42;1281.21;-67.22;2629.63
1350.11;1279.94;-70.18;2630.05
1352.80;1280.86;-71.94;2633.66
1349.50;1282.43;-67.07;2631.93
1348.06;1280.50;-67.56;2628.56
1350.60;1279.89;-70.71;2630.49
1352.34;1282.42;-69.92;2634.76
1349.01;1282.85;-66.16;2631.86
1346.68;1281.18;-65.49;2627.86
1351.14;1279.34;-71.80;2630.47
1352.97;1280.30;-72.67;2633.27
1349.52;1282.72;-66.81;2632.24
1348.04;1281.08;-66.95;2629.12
1350.91;1278.92;-71.98;2629.83
1351.91;1280.45;-71.45;2632.36
1348.67;1282.34;-66.33;2631.01
1347.65;1281.74;-65.92;2629.39
1350.25;1279.44;-70.81;2629.69
1352.53;1279.85;-72.68;2632.38
1349.68;1283.83;-65.85;2633.51
1348.04;1280.80;-67.24;2628.84
1350.76;1280.52;-70.24;2631.29
1353.02;1281.35;-71.67;2634.36
1348.56;1282.91;-65.65;2631.48
1347.08;1280.94;-66.15;2628.02
1351.04;1279.85;-71.19;2630.89
1355.33;1279.25;-76.08;2634.58
1349.01;1284.94;-64.07;2633.95
1347.97;1282.82;-65.15;2630.79
1351.18;1281.22;-69.96;2632.40
1352.88;1282.78;-70.10;2635.66
1350.63;1282.02;-68.61;2632.65
1348.26;1282.90;-65.36;2631.16
1351.11;1281.45;-69.65;2632.56
1353.41;1282.78;-70.62;2636.19
1350.30;1284.58;-65.72;2634.88
1349.42;1281.01;-68.41;2630.42
1350.92;1279.68;-71.24;2630.61
1351.95;1280.63;-71.32;2632.58
1349.76;1282.83;-66.94;2632.59
1347.44;1281.01;-66.43;2628.44
1351.14;1279.41;-71.74;2630.55
1352.81;1279.27;-73.54;2632.08
1349.16;1281.32;-67.84;2630.49
1347.92;1280.95;-66.98;2628.87
1350.36;1280.48;-69.88;2630.84
1352.44;1281.16;-71.28;2633.61
1349.56;1284.59;-64.97;2634.16
1347.34;1280.02;-67.32;2627.35
1351.84;1279.14;-72.69;2630.98
1352.73;1280.86;-71.87;2633.59
1349.72;1281.28;-68.44;2631.00
1347.65;1280.89;-66.76;2628.54
1350.02;1279.65;-70.37;2629.66
1352.39;1282.14;-70.25;2634.54
1349.31;1284.83;-64.48;2634.14
1350.00;1278.91;-71.09;2628.91
1350.12;1279.95;-70.17;2630.08
1353.52;1282.26;-71.26;2635.78
1348.97;1284.20;-64.77;2633.17
1347.79;1282.26;-65.54;2630.05
1351.94;1282.29;-69.65;2634.23
1352.38;1280.51;-71.88;2632.89
1349.23;1283.56;-65.67;2632.79
1347.09;1282.54;-64.55;2629.62
1349.60;1279.38;-70.22;2628.98
1352.85;1282.69;-70.15;2635.54
1348.58;1284.34;-64.25;2632.92
1347.47;1283.26;-64.21;2630.73
1352.45;1281.49;-70.96;2633.95
1354.72;1279.24;-75.48;2633.96
1350.61;1281.45;-69.16;2632.06
1347.22;1281.64;-65.58;2628.86
1350.04;1279.24;-70.80;2629.27
1352.29;1281.05;-71.25;2633.34
1349.81;1282.02;-67.79;2631.83
1347.46;1280.68;-66.78;2628.14
1349.85;1279.48;-70.36;2629.33
1352.19;1281.99;-70.20;2634.19
1349.15;1284.67;-64.48;2633.82
1348.69;1283.24;-65.45;2631.93
1350.72;1281.52;-69.20;2632.25
1352.38;1283.16;-69.22;2635.54
1350.00;1283.28;-66.72;2633.28
1347.85;1282.97;-64.88;2630.82
1350.52;1281.34;-69.18;2631.86
1354.07;1280.58;-73.49;2634.65
1349.59;1281.16;-68.43;2630.76
1348.06;1281.93;-66.13;2629.99
1351.44;1278.89;-72.55;2630.32
1352.64;1280.76;-71.88;2633.41
1349.17;1280.86;-68.31;2630.04
1347.66;1280.24;-67.42;2627.89
1351.75;1279.24;-72.52;2630.99
1352.28;1280.39;-71.89;2632.68
1351.11;1284.16;-66.95;2635.28
1347.24;1279.71;-67.53;2626.94
1351.42;1278.36;-73.05;2629.78
1353.82;1281.44;-72.38;2635.25
1349.95;1282.86;-67.09;2632.81
1347.10;1282.22;-64.88;2629.32
1350.61;1278.66;-71.94;2629.27
1351.96;1281.65;-70.31;2633.61
1349.99;1281.15;-68.84;2631.14
1347.98;1280.25;-67.74;2628.23
1351.44;1280.80;-70.64;2632.24
1352.83;1280.70;-72.13;2633.53
1352.42;1281.99;-70.43;2634.42
1347.82;1281.42;-66.40;2629.25
1350.29;1278.79;-71.51;2629.08
1352.56;1281.06;-71.51;2633.62
1349.22;1281.72;-67.50;2630.95
1347.42;1280.06;-67.35;2627.48
1350.78;1278.03;-72.75;2628.81
1353.46;1279.59;-73.88;2633.05
1349.98;1282.53;-67.45;2632.51
1347.37;1279.88;-67.49;2627.25
1350.91;1278.57;-72.34;2629.48
1352.52;1280.50;-72.02;2633.02
1349.63;1284.16;-65.47;2633.79
1347.78;1282.86;-64.92;2630.64
1350.49;1279.53;-70.96;2630.02
1353.22;1280.26;-72.96;2633.49
1348.79;1281.47;-67.32;2630.26
1347.35;1280.82;-66.54;2628.17
1350.69;1280.65;-70.04;2631.34
1352.36;1280.26;-72.09;2632.62
1349.57;1281.67;-67.90;2631.24
1347.72;1281.33;-66.39;2629.05
1350.31;1279.52;-70.79;2629.83
1352.44;1279.95;-72.49;2632.39
1349.41;1282.24;-67.18;2631.65
1348.14;1280.64;-67.50;2628.77
1349.98;1279.68;-70.31;2629.66
1352.73;1280.45;-72.28;2633.18
1349.65;1282.78;-66.86;2632.43
1347.24;1280.98;-66.25;2628.22
1350.68;1279.77;-70.91;2630.45
1352.28;1280.48;-71.81;2632.76
1349.33;1281.19;-68.14;2630.52
1347.54;1281.69;-65.84;2629.23
1350.69;1279.13;-71.56;2629.82
1352.14;1281.05;-71.08;2633.19
1347.96;1282.93;-65.03;2630.89
1347.10;1281.30;-65.80;2628.40
1350.83;1280.85;-69.98;2631.68
1351.89;1282.20;-69.69;2634.09
1348.10;1280.87;-67.23;2628.97
1347.45;1280.66;-66.78;2628.11
1349.99;1280.03;-69.96;2630.02
1351.49;1282.60;-68.89;2634.09
1349.19;1281.48;-67.71;2630.68
1346.53;1282.21;-64.32;2628.74
1350.78;1280.11;-70.67;2630.88
1351.86;1282.20;-69.66;2634.06
1348.56;1282.55;-66.02;2631.11
1345.84;1282.05;-63.79;2627.88
1349.64;1281.01;-68.63;2630.64
1350.92;1283.45;-67.46;2634.37
1348.04;1282.52;-65.51;2630.56
1346.45;1281.18;-65.28;2627.63
1350.53;1280.79;-69.74;2631.32
1351.77;1281.37;-70.40;2633.14
1349.22;1281.59;-67.63;2630.82
1346.56;1279.34;-67.22;2625.90
1349.48;1280.64;-68.84;2630.12
1352.24;1282.29;-69.95;2634.53
1348.79;1283.17;-65.62;2631.96
1346.33;1281.94;-64.39;2628.26
1350.33;1279.31;-71.02;2629.64
1352.58;1282.21;-70.37;2634.78
1348.47;1283.16;-65.31;2631.63
1346.56;1280.81;-65.76;2627.37
1350.25;1279.52;-70.73;2629.76
1352.71;1282.25;-70.46;2634.96
1350.25;1284.82;-65.43;2635.06
1347.49;1280.91;-66.58;2628.40
1353.68;1280.18;-73.50;2633.85
1352.74;1281.57;-71.17;2634.31
1349.13;1282.72;-66.41;2631.85
1346.74;1283.32;-63.42;2630.06
1350.51;1278.01;-72.51;2628.52
1352.44;1280.11;-72.33;2632.54
1349.74;1282.63;-67.11;2632.37
1347.56;1279.95;-67.61;2627.51
1354.26;1279.70;-74.56;2633.96
1352.13;1281.03;-71.10;2633.16
1348.62;1282.71;-65.91;2631.33
1346.79;1281.15;-65.64;2627.94
1349.39;1279.00;-70.39;2628.39
1352.19;1280.65;-71.54;2632.84
1349.19;1282.49;-66.70;2631.68
1347.35;1280.58;-66.77;2627.92
1350.51;1279.16;-71.35;2629.68
1352.64;1281.09;-71.55;2633.74
1349.88;1282.32;-67.56;2632.20
1347.36;1281.50;-65.86;2628.86
1350.61;1279.63;-70.98;2630.24
1353.12;1281.42;-71.69;2634.54
1349.44;1284.15;-65.28;2633.59
1347.45;1281.46;-65.99;2628.92
1350.38;1278.70;-71.68;2629.08
1353.86;1282.12;-71.74;2635.99
1350.72;1282.86;-67.86;2633.58
1347.62;1282.69;-64.92;2630.31
1352.63;1281.09;-71.54;2633.72
1351.97;1281.05;-70.92;2633.02
1348.90;1282.19;-66.71;2631.09
1347.59;1280.81;-66.78;2628.40
1350.30;1279.95;-70.35;2630.25
1352.81;1281.82;-70.99;2634.63
1348.94;1282.44;-66.51;2631.38
1347.24;1280.54;-66.69;2627.78
1351.35;1280.01;-71.34;2631.35
1352.89;1281.35;-71.54;2634.24
1349.88;1281.02;-68.86;2630.90
1347.96;1281.56;-66.40;2629.53
1350.91;1279.46;-71.44;2630.37
1352.58;1281.25;-71.33;2633.84
1349.67;1281.10;-68.57;2630.77
1347.65;1280.31;-67.34;2627.95
1351.58;1279.50;-72.08;2631.08
1352.99;1280.29;-72.70;2633.29
1349.45;1284.36;-65.09;2633.82
1347.94;1283.61;-64.33;2631.55
1351.15;1281.39;-69.75;2632.54
1352.29;1282.48;-69.81;2634.77
1349.14;1282.69;-66.44;2631.83
1348.11;1282.22;-65.89;2630.32
1352.05;1279.85;-72.20;2631.91
1353.32;1281.21;-72.12;2634.53
1350.77;1283.59;-67.18;2634.36
1348.44;1281.47;-66.96;2629.91
1351.35;1280.23;-71.12;2631.58
1353.05;1281.41;-71.64;2634.46
1350.19;1283.51;-66.68;2633.69
1347.99;1283.09;-64.90;2631.09
1351.08;1280.49;-70.59;2631.57
1352.59;1282.57;-70.02;2635.16
1350.24;1285.09;-65.14;2635.33
1347.59;1283.45;-64.15;2631.04
1350.65;1281.34;-69.31;2631.99
1352.48;1281.05;-71.42;2633.53
1348.86;1282.31;-66.55;2631.17
1347.58;1282.85;-64.72;2630.43
1350.45;1279.57;-70.88;2630.02
1352.00;1281.67;-70.33;2633.67
1349.03;1282.74;-66.29;2631.77
1346.81;1280.95;-65.85;2627.76
1349.84;1279.21;-70.62;2629.05
1352.14;1280.34;-71.81;2632.48
1349.01;1281.58;-67.44;2630.59
1346.58;1281.61;-64.97;2628.19
1349.52;1280.09;-69.42;2629.61
1351.51;1281.22;-70.28;2632.73
1349.72;1282.00;-67.72;2631.72
1347.75;1280.41;-67.34;2628.15
1350.31;1280.24;-70.07;2630.54
1352.41;1279.66;-72.75;2632.07
1348.99;1282.28;-66.71;2631.28
1347.14;1280.48;-66.66;2627.62
1350.58;1279.72;-70.86;2630.29
1352.24;1282.12;-70.12;2634.36
1348.89;1282.73;-66.16;2631.62
1349.74;1281.09;-68.64;2630.83
1350.86;1279.11;-71.75;2629.98
1352.18;1281.20;-70.98;2633.38
1350.20;1281.94;-68.26;2632.14
1346.79;1282.84;-63.96;2629.63
1354.04;1279.29;-74.75;2633.32
1354.19;1282.23;-71.96;2636.42
1349.75;1281.55;-68.21;2631.30
1347.28;1281.12;-66.16;2628.40
1351.00;1278.65;-72.35;2629.65
1352.82;1281.12;-71.71;2633.94
1351.19;1282.31;-68.88;2633.49
1347.22;1282.14;-65.08;2629.36
1350.78;1281.02;-69.75;2631.80
1353.09;1281.01;-72.08;2634.10
1349.08;1282.98;-66.10;2632.06
1347.63;1280.30;-67.33;2627.93
1351.33;1278.71;-72.62;2630.04
1353.07;1280.89;-72.18;2633.96
1350.02;1281.88;-68.14;2631.91
1346.88;1280.75;-66.14;2627.63
1350.32;1278.73;-71.59;2629.05
1352.32;1281.24;-71.08;2633.56
1349.83;1280.86;-68.97;2630.69
1347.46;1281.47;-65.99;2628.93
1350.41;1279.78;-70.64;2630.19
1352.36;1281.49;-70.86;2633.85
1348.98;1282.39;-66.58;2631.37
1346.51;1283.54;-62.97;2630.05
1350.34;1280.08;-70.26;2630.42
1353.27;1278.86;-74.41;2632.14
1349.14;1283.05;-66.09;2632.18
1346.82;1281.15;-65.66;2627.97
1351.11;1280.76;-70.35;2631.86
1352.56;1281.42;-71.14;2633.99
1349.05;1281.96;-67.08;2631.01
1347.90;1282.84;-65.06;2630.74
1351.47;1279.18;-72.29;2630.65
1352.38;1281.06;-71.32;2633.45
1350.05;1282.44;-67.61;2632.48
1347.12;1279.89;-67.22;2627.01
1350.58;1278.31;-72.26;2628.89
1352.69;1280.25;-72.44;2632.94
1349.81;1280.01;-69.81;2629.82
1347.83;1280.11;-67.72;2627.94
1350.67;1279.61;-71.06;2630.28
1352.48;1281.14;-71.34;2633.62
1349.84;1281.75;-68.09;2631.58
1347.49;1281.22;-66.27;2628.72
1351.32;1280.04;-71.29;2631.36
1353.59;1281.11;-72.49;2634.70
1349.22;1281.10;-68.12;2630.32
1348.44;1280.89;-67.55;2629.34
1353.68;1278.64;-75.05;2632.32
1353.41;1280.55;-72.85;2633.96
1349.81;1280.54;-69.27;2630.34
1350.78;1280.69;-70.09;2631.48
1350.68;1279.49;-71.19;2630.18
1353.76;1280.34;-73.42;2634.10
1349.19;1280.97;-68.22;2630.16
1348.04;1281.48;-66.56;2629.52
1351.15;1278.83;-72.32;2629.98
1353.28;1280.14;-73.15;2633.42
1349.22;1280.74;-68.48;2629.96
1347.96;1282.12;-65.84;2630.08
1350.38;1280.48;-69.91;2630.86
1352.92;1282.88;-70.04;2635.80
1349.65;1281.98;-67.67;2631.62
1347.27;1281.47;-65.80;2628.74
1350.64;1279.94;-70.71;2630.58
1353.25;1281.06;-72.19;2634.31
1349.42;1280.91;-68.51;2630.34
1347.39;1280.60;-66.79;2627.99
1350.80;1280.29;-70.51;2631.09
1352.91;1280.46;-72.45;2633.36
1350.11;1282.35;-67.75;2632.46
1347.62;1282.56;-65.06;2630.18
1350.58;1279.64;-70.94;2630.22
1352.95;1279.94;-73.01;2632.89
1349.64;1281.83;-67.81;2631.47
1348.18;1283.02;-65.15;2631.20
1350.79;1281.63;-69.16;2632.42
1353.34;1280.01;-73.33;2633.35
1349.74;1283.02;-66.72;2632.76
1348.80;1281.17;-67.63;2629.97
1350.71;1280.47;-70.24;2631.18
1352.79;1281.43;-71.36;2634.22
1350.19;1284.70;-65.49;2634.89
1348.81;1280.62;-68.19;2629.43
1351.34;1280.40;-70.94;2631.74
1353.44;1279.15;-74.29;2632.58
1350.68;1283.47;-67.21;2634.15
1348.73;1282.72;-66.01;2631.45
1352.28;1280.38;-71.90;2632.65
1354.24;1279.17;-75.07;2633.41
1349.53;1281.00;-68.53;2630.53
1347.84;1281.12;-66.72;2628.95
1351.83;1281.69;-70.14;2633.52
1352.44;1280.66;-71.78;2633.11
1349.42;1281.79;-67.64;2631.21
1348.48;1281.38;-67.10;2629.85
1350.87;1279.95;-70.92;2630.82
1352.91;1281.07;-71.84;2633.98
1349.10;1281.55;-67.55;2630.65
1347.75;1280.98;-66.78;2628.73
1352.39;1280.34;-72.06;2632.73
1352.45;1280.58;-71.87;2633.02
1349.41;1283.98;-65.43;2633.38
1347.01;1280.58;-66.44;2627.59
1350.40;1278.85;-71.55;2629.25
1352.91;1282.64;-70.26;2635.55
1349.89;1282.20;-67.69;2632.09
1346.93;1281.72;-65.21;2628.65
1350.50;1279.07;-71.43;2629.57
1352.36;1280.74;-71.62;2633.11
1348.62;1282.76;-65.85;2631.38
1347.55;1281.55;-66.00;2629.09
1350.44;1281.21;-69.22;2631.65
1352.97;1280.95;-72.02;2633.92
1349.24;1282.46;-66.78;2631.69
1347.05;1283.91;-63.14;2630.95
1349.55;1281.85;-67.70;2631.41
1352.37;1280.81;-71.56;2633.18
1348.29;1283.34;-64.95;2631.63
1346.79;1282.08;-64.71;2628.87
1350.19;1280.21;-69.99;2630.40
1351.80;1282.02;-69.78;2633.82
1348.42;1282.75;-65.66;2631.17
1349.65;1283.12;-66.52;2632.77
1351.58;1281.65;-69.93;2633.24
1352.35;1282.19;-70.16;2634.55
1348.41;1282.51;-65.90;2630.91
1346.37;1282.30;-64.07;2628.67
1351.95;1280.83;-71.12;2632.78
1352.92;1279.42;-73.51;2632.34
1349.27;1283.54;-65.74;2632.81
1346.76;1280.83;-65.94;2627.59
1349.56;1280.59;-68.96;2630.15
1351.60;1281.94;-69.66;2633.54
1349.11;1282.72;-66.39;2631.83
1346.49;1282.98;-63.51;2629.46
1349.25;1279.77;-69.48;2629.02
1351.68;1280.74;-70.94;2632.42
1350.14;1282.95;-67.19;2633.08
1346.88;1281.48;-65.41;2628.36
1350.82;1279.85;-70.98;2630.67
1352.10;1282.14;-69.96;2634.24
1349.99;1282.08;-67.91;2632.08
1347.09;1282.51;-64.58;2629.60
1350.41;1278.84;-71.57;2629.24
1351.83;1280.12;-71.71;2631.95
1348.82;1283.68;-65.14;2632.49
1347.35;1280.85;-66.51;2628.20
1351.99;1280.43;-71.56;2632.42
1351.66;1280.63;-71.04;2632.29
1350.26;1284.57;-65.69;2634.84
1347.62;1281.75;-65.87;2629.36
1349.50;1279.62;-69.88;2629.12
1353.37;1281.44;-71.93;2634.81
1348.05;1283.15;-64.89;2631.20
1348.27;1282.81;-65.46;2631.08
1349.91;1281.32;-68.59;2631.24
1352.47;1283.11;-69.36;2635.58
1350.03;1281.59;-68.44;2631.62
1347.64;1281.24;-66.40;2628.88
1350.60;1277.59;-73.01;2628.19
1355.61;1281.05;-74.56;2636.66
1352.47;1283.94;-68.54;2636.41
1347.59;1279.92;-67.68;2627.51
1350.89;1281.04;-69.86;2631.93
1352.58;1280.34;-72.24;2632.91
1349.51;1282.22;-67.28;2631.73
1347.18;1282.46;-64.72;2629.64
1351.25;1279.35;-71.90;2630.59
1353.44;1279.64;-73.80;2633.07
1348.86;1283.16;-65.71;2632.02
1347.41;1282.45;-64.96;2629.86
1351.01;1280.24;-70.78;2631.25
1352.64;1280.58;-72.06;2633.21
1349.14;1282.35;-66.79;2631.48
1347.28;1281.42;-65.86;2628.70
1350.82;1280.19;-70.64;2631.01
1351.96;1281.30;-70.66;2633.26
1349.78;1280.39;-69.39;2630.16
1348.01;1281.79;-66.22;2629.81
1350.80;1279.52;-71.28;2630.32
1352.08;1279.06;-73.01;2631.14
1349.70;1282.85;-66.85;2632.55
1347.78;1280.69;-67.09;2628.47
1352.31;1279.32;-72.99;2631.62
1352.87;1280.79;-72.08;2633.66
1349.71;1282.56;-67.15;2632.26
1347.74;1282.12;-65.62;2629.86
1350.66;1278.10;-72.56;2628.76
1352.12;1280.41;-71.71;2632.54
1350.01;1282.15;-67.85;2632.16
1347.64;1280.45;-67.19;2628.08
1352.89;1277.94;-74.96;2630.83
1352.84;1278.50;-74.34;2631.34
1350.14;1281.09;-69.05;2631.24
1346.88;1279.39;-67.49;2626.28
1350.72;1279.39;-71.34;2630.11
1352.35;1280.21;-72.15;2632.56
1349.71;1281.89;-67.81;2631.60
1351.22;1279.64;-71.59;2630.86
1350.75;1278.46;-72.28;2629.21
1352.46;1278.71;-73.75;2631.17
1349.37;1281.98;-67.39;2631.35
1347.99;1281.05;-66.94;2629.04
1352.16;1279.17;-72.99;2631.33
1353.83;1279.11;-74.72;2632.94
1350.55;1281.02;-69.54;2631.57
1347.80;1280.15;-67.65;2627.95
1351.22;1279.68;-71.54;2630.91
1354.18;1280.44;-73.75;2634.62
1349.55;1281.96;-67.58;2631.51
1347.83;1280.08;-67.75;2627.91
1351.32;1279.58;-71.74;2630.91
1353.44;1281.37;-72.06;2634.81
1349.71;1282.32;-67.39;2632.02
1348.78;1281.16;-67.62;2629.95
1351.52;1278.35;-73.18;2629.87
1352.75;1279.06;-73.69;2631.81
1350.11;1281.95;-68.15;2632.06
1348.28;1279.36;-68.92;2627.64
1351.55;1277.64;-73.91;2629.19
1352.86;1280.75;-72.11;2633.61
1351.29;1281.45;-69.84;2632.74
1348.14;1281.49;-66.65;2629.64
1351.14;1279.58;-71.55;2630.72
1352.74;1280.38;-72.36;2633.11
1350.39;1281.00;-69.39;2631.39
1348.59;1280.64;-67.95;2629.22
1352.59;1278.98;-73.62;2631.57
1358.54;1280.34;-78.19;2638.88
1351.94;1282.66;-69.28;2634.59
1347.16;1280.31;-66.85;2627.48
1351.03;1280.28;-70.75;2631.31
1353.47;1282.11;-71.36;2635.58
1349.93;1281.62;-68.31;2631.55
1346.85;1279.76;-67.09;2626.62
1350.85;1279.04;-71.81;2629.88
1352.91;1281.28;-71.63;2634.19
1350.34;1282.64;-67.71;2632.98
1347.67;1281.04;-66.63;2628.71
1351.45;1278.07;-73.38;2629.52
1353.62;1279.30;-74.32;2632.92
1350.84;1281.91;-68.93;2632.75
1348.15;1281.66;-66.49;2629.81
1351.14;1277.75;-73.38;2628.89
1353.16;1281.64;-71.52;2634.79
1349.44;1282.05;-67.38;2631.49
1349.74;1281.68;-68.06;2631.42
1351.26;1278.42;-72.85;2629.68
1352.61;1280.54;-72.07;2633.15
1350.09;1282.19;-67.90;2632.28
1347.82;1280.88;-66.94;2628.69
1351.21;1278.88;-72.33;2630.08
1353.21;1279.41;-73.79;2632.62
1350.48;1281.59;-68.88;2632.07
1347.99;1280.92;-67.07;2628.91
1351.34;1277.57;-73.77;2628.91
1352.75;1278.96;-73.78;2631.71
1349.26;1281.65;-67.61;2630.92
1348.86;1281.02;-67.84;2629.88
1351.95;1279.15;-72.79;2631.10
1354.21;1280.61;-73.59;2634.82
1351.68;1280.97;-70.71;2632.65
1348.46;1281.24;-67.22;2629.70
1351.20;1279.79;-71.41;2630.99
1353.48;1279.42;-74.06;2632.89
1349.78;1281.48;-68.29;2631.26
1347.89;1281.88;-66.01;2629.76
1351.27;1278.14;-73.13;2629.41
1353.45;1280.31;-73.15;2633.76
1350.85;1281.01;-69.84;2631.86
1347.71;1281.52;-66.19;2629.22
1351.38;1278.81;-72.57;2630.19
1353.67;1280.16;-73.51;2633.83
1350.34;1281.19;-69.15;2631.53
1349.21;1280.78;-68.43;2629.99
1351.92;1279.16;-72.75;2631.08
1353.55;1278.32;-75.23;2631.88
1350.66;1281.47;-69.19;2632.13
1347.99;1280.60;-67.39;2628.59
1352.00;1279.15;-72.85;2631.15
1353.72;1280.02;-73.71;2633.74
1350.65;1280.67;-69.98;2631.32
1348.42;1280.61;-67.81;2629.02
1351.09;1279.16;-71.92;2630.25
1357.21;1282.13;-75.08;2639.34
1353.28;1281.30;-71.98;2634.58
1348.67;1280.29;-68.38;2628.96
1351.15;1278.35;-72.79;2629.50
1353.25;1279.53;-73.72;2632.78
1351.14;1279.85;-71.29;2630.99
1348.27;1280.45;-67.82;2628.72
1351.09;1279.74;-71.35;2630.83
1353.24;1282.06;-71.18;2635.29
1349.92;1281.15;-68.78;2631.07
1347.55;1279.77;-67.78;2627.32
1351.17;1280.76;-70.41;2631.94
1353.58;1282.46;-71.11;2636.04
1348.76;1282.25;-66.51;2631.01
1348.45;1279.65;-68.80;2628.11
1351.16;1279.50;-71.66;2630.66
1352.97;1279.35;-73.62;2632.32
1349.64;1281.81;-67.82;2631.45
1350.32;1281.80;-68.52;2632.12
1351.09;1281.21;-69.88;2632.31
1352.59;1279.77;-72.82;2632.36
1350.36;1281.55;-68.81;2631.91
1348.78;1282.48;-66.29;2631.26
1350.66;1278.79;-71.87;2629.46
1355.72;1278.90;-76.82;2634.62
1349.92;1279.55;-70.37;2629.46
1347.55;1281.44;-66.11;2628.99
1350.56;1279.41;-71.16;2629.97
1352.71;1279.36;-73.35;2632.08
1350.16;1281.41;-68.76;2631.57
1347.72;1279.75;-67.97;2627.46
1352.17;1278.62;-73.55;2630.79
1353.06;1279.26;-73.79;2632.32
1349.78;1281.58;-68.19;2631.36
1347.02;1280.55;-66.48;2627.57
1352.63;1278.71;-73.92;2631.34
1353.62;1280.76;-72.86;2634.39
1351.88;1282.09;-69.79;2633.98
1347.26;1281.12;-66.14;2628.39
1350.98;1280.86;-70.11;2631.84
1353.16;1280.50;-72.66;2633.66
1350.28;1280.81;-69.47;2631.08
1347.25;1281.29;-65.95;2628.54
1350.42;1278.83;-71.59;2629.25
1353.74;1278.61;-75.13;2632.34
1349.36;1281.31;-68.05;2630.68
1347.50;1281.62;-65.88;2629.12
1350.71;1280.94;-69.78;2631.65
1354.31;1280.75;-73.56;2635.06
1349.69;1281.99;-67.70;2631.68
1347.96;1280.29;-67.66;2628.25
1350.43;1279.04;-71.39;2629.46
1352.99;1279.99;-73.00;2632.99
1349.94;1281.38;-68.56;2631.31
1348.91;1280.82;-68.09;2629.73
1351.29;1279.56;-71.73;2630.85
1353.44;1280.17;-73.27;2633.61
1350.26;1280.91;-69.36;2631.17
1347.51;1280.31;-67.20;2627.81
1350.65;1278.41;-72.25;2629.06
1353.07;1279.18;-73.89;2632.25
1349.85;1282.84;-67.02;2632.69
1349.34;1280.65;-68.69;2629.99
1351.39;1278.64;-72.76;2630.03
1353.92;1279.64;-74.28;2633.56
1349.65;1282.32;-67.32;2631.97
1348.32;1279.71;-68.61;2628.02
1351.48;1277.41;-74.07;2628.89
1352.66;1279.04;-73.62;2631.69
1349.09;1282.14;-66.95;2631.22
1348.72;1280.35;-68.38;2629.07
1351.37;1278.46;-72.91;2629.84
1353.06;1279.18;-73.88;2632.25
1350.29;1281.65;-68.65;2631.94
1348.31;1282.59;-65.72;2630.90
1351.94;1279.96;-71.97;2631.90
1355.52;1282.19;-73.33;2637.72
1350.46;1282.05;-68.41;2632.52
1348.56;1279.82;-68.74;2628.38
1352.52;1278.51;-74.01;2631.03
1353.84;1279.76;-74.07;2633.60
1349.30;1280.96;-68.34;2630.26
1348.52;1281.01;-67.51;2629.53
1351.07;1279.76;-71.31;2630.83
1352.76;1279.51;-73.26;2632.27
1351.19;1279.79;-71.40;2630.98
1348.95;1281.51;-67.44;2630.45
1351.21;1278.28;-72.92;2629.49
1356.57;1280.85;-75.72;2637.42
1350.51;1280.88;-69.63;2631.38
1349.23;1279.82;-69.41;2629.05
1353.96;1279.02;-74.94;2632.99
1357.06;1280.66;-76.40;2637.72
1350.58;1280.63;-69.95;2631.21
1348.28;1281.44;-66.84;2629.72
1351.37;1280.15;-71.22;2631.52
1353.04;1280.68;-72.36;2633.72
1351.35;1280.42;-70.92;2631.77
1348.14;1279.96;-68.17;2628.10
1351.36;1281.28;-70.08;2632.64
1354.00;1278.84;-75.16;2632.84
1350.55;1281.86;-68.68;2632.41
1348.35;1280.94;-67.41;2629.29
1352.04;1277.96;-74.08;2630.01
1353.18;1280.77;-72.41;2633.95
1350.88;1281.61;-69.28;2632.49
1347.34;1282.18;-65.16;2629.51
1353.51;1279.36;-74.15;2632.88
1353.75;1277.94;-75.81;2631.69
1350.51;1280.68;-69.84;2631.19
1348.76;1280.59;-68.17;2629.36
1351.89;1277.84;-74.05;2629.73
1354.94;1279.08;-75.86;2634.01
1350.94;1279.74;-71.19;2630.68
1348.76;1279.99;-68.77;2628.75
1351.96;1278.50;-73.46;2630.46
1353.14;1278.39;-74.75;2631.54
1350.04;1280.81;-69.24;2630.85
1348.65;1280.87;-67.78;2629.52
1351.35;1278.46;-72.89;2629.81
1353.11;1277.93;-75.18;2631.04
1351.44;1280.71;-70.72;2632.15
1348.78;1279.29;-69.48;2628.07
1351.95;1277.71;-74.25;2629.66
1353.21;1279.10;-74.11;2632.31
1349.35;1282.32;-67.02;2631.67
1349.28;1280.39;-68.89;2629.68
1351.63;1279.05;-72.58;2630.68
1354.56;1279.31;-75.25;2633.87
1350.53;1282.78;-67.75;2633.31
1348.71;1279.65;-69.05;2628.36
1350.73;1279.32;-71.41;2630.05
1353.49;1279.94;-73.55;2633.43
1349.55;1280.47;-69.08;2630.02
1348.71;1280.68;-68.03;2629.39
1351.34;1279.77;-71.56;2631.11
1352.20;1280.38;-71.82;2632.58
1348.95;1281.45;-67.50;2630.39
1347.06;1281.41;-65.65;2628.48
1350.61;1280.55;-70.06;2631.16
1352.85;1278.23;-74.62;2631.08
1348.89;1281.91;-66.98;2630.79
1347.04;1281.96;-65.08;2629.01
1350.53;1280.09;-70.44;2630.62
1352.59;1280.22;-72.37;2632.82
1349.28;1281.19;-68.09;2630.47
1347.55;1282.23;-65.32;2629.78
1350.55;1278.77;-71.78;2629.32
1352.71;1281.89;-70.82;2634.59
1349.78;1281.91;-67.87;2631.69
1349.06;1280.74;-68.32;2629.81
1350.59;1280.29;-70.29;2630.88
1352.16;1280.60;-71.56;2632.76
1348.99;1282.11;-66.88;2631.09
1347.28;1281.69;-65.59;2628.98
1350.66;1280.26;-70.39;2630.92
1352.78;1280.99;-71.79;2633.76
1350.09;1281.96;-68.14;2632.05
1347.80;1280.04;-67.76;2627.84
1351.41;1279.56;-71.85;2630.97
1352.84;1280.14;-72.69;2632.98
1349.85;1280.59;-69.25;2630.44
1347.43;1281.77;-65.66;2629.20
1351.36;1277.75;-73.62;2629.11
1352.96;1280.09;-72.87;2633.05
1349.67;1282.52;-67.15;2632.19
1347.94;1280.30;-67.64;2628.24
1350.68;1278.28;-72.41;2628.96
1353.21;1279.99;-73.22;2633.19
1349.95;1281.41;-68.54;2631.36
1347.56;1280.78;-66.78;2628.34
1351.43;1278.54;-72.89;2629.97
1353.02;1279.69;-73.33;2632.72
1349.79;1281.64;-68.15;2631.43
1348.45;1281.18;-67.26;2629.63
1351.55;1278.90;-72.65;2630.45
1353.04;1279.35;-73.69;2632.38
1350.27;1278.25;-72.02;2628.52
1348.46;1281.90;-66.56;2630.36
1351.04;1278.85;-72.19;2629.89
1354.01;1281.46;-72.55;2635.48
1350.91;1281.84;-69.07;2632.75
1348.44;1280.59;-67.84;2629.03
1350.88;1279.30;-71.58;2630.18
1352.90;1279.69;-73.21;2632.59
1350.46;1283.38;-67.08;2633.85
1347.59;1281.56;-66.03;2629.15
1351.62;1278.48;-73.14;2630.09
1353.97;1277.88;-76.09;2631.85
1352.73;1280.09;-72.64;2632.82
1348.18;1279.76;-68.42;2627.95
1354.87;1277.13;-77.74;2632.00
1354.18;1279.86;-74.32;2634.04
1350.90;1281.70;-69.20;2632.60
1348.14;1281.64;-66.50;2629.77
1351.10;1279.34;-71.76;2630.44
1353.53;1277.82;-75.71;2631.35
1350.39;1280.90;-69.49;2631.29
1347.44;1281.56;-65.88;2629.00
1351.64;1280.09;-71.54;2631.73
1353.20;1279.29;-73.91;2632.49
1349.57;1280.34;-69.24;2629.91
1350.43;1281.22;-69.21;2631.65
1351.29;1278.33;-72.96;2629.62
1352.81;1280.60;-72.21;2633.41
1350.96;1282.95;-68.01;2633.92
1348.92;1280.12;-68.81;2629.04
1351.42;1275.95;-75.46;2627.37
1353.60;1278.86;-74.74;2632.46
1350.71;1280.94;-69.77;2631.64
1348.58;1280.15;-68.43;2628.74
1351.51;1279.33;-72.18;2630.84
1353.65;1279.12;-74.54;2632.77
1350.28;1279.71;-70.58;2629.99
1348.46;1281.01;-67.45;2629.46
1351.65;1278.72;-72.93;2630.36
1352.75;1280.05;-72.70;2632.81
1350.66;1280.70;-69.96;2631.36
1348.79;1281.76;-67.03;2630.56
1351.40;1279.22;-72.18;2630.62
1352.96;1278.95;-74.02;2631.91
1350.72;1280.75;-69.97;2631.46
1348.54;1282.52;-66.02;2631.06
1350.49;1280.02;-70.47;2630.52
1353.05;1281.04;-72.01;2634.09
1350.15;1282.21;-67.94;2632.36
1347.98;1281.37;-66.61;2629.35
1350.84;1280.24;-70.61;2631.08
1353.54;1278.59;-74.95;2632.13
1350.76;1280.89;-69.86;2631.65
1347.64;1280.29;-67.35;2627.94
1353.54;1281.03;-72.51;2634.57
1353.52;1279.89;-73.63;2633.41
1351.00;1281.35;-69.65;2632.35
1348.80;1282.98;-65.82;2631.78
1351.68;1279.16;-72.52;2630.84
1354.01;1278.09;-75.91;2632.10
1350.68;1280.90;-69.78;2631.58
1347.82;1280.44;-67.38;2628.26
1351.21;1278.81;-72.40;2630.01
1354.25;1279.56;-74.69;2633.81
1350.09;1280.78;-69.31;2630.86
1348.42;1281.88;-66.54;2630.31
1351.15;1277.15;-74.01;2628.30
1353.66;1278.04;-75.62;2631.69
1350.09;1281.89;-68.20;2631.98
1349.36;1279.68;-69.68;2629.04
1351.52;1278.05;-73.48;2629.57
1353.11;1280.17;-72.94;2633.28
1350.79;1281.19;-69.60;2631.98
1348.68;1281.77;-66.91;2630.45
1351.48;1281.03;-70.45;2632.51
1354.24;1279.15;-75.09;2633.39
1350.74;1280.75;-69.99;2631.49
1347.66;1278.14;-69.52;2625.80
1350.54;1278.62;-71.92;2629.15
1353.26;1279.46;-73.80;2632.72
1350.07;1280.99;-69.08;2631.06
1348.45;1281.31;-67.14;2629.76
1351.68;1278.85;-72.83;2630.54
1353.77;1279.39;-74.38;2633.16
1350.20;1282.86;-67.34;2633.06
1348.12;1281.38;-66.74;2629.49
1351.88;1279.28;-72.60;2631.16
1353.15;1279.14;-74.01;2632.28
1350.16;1281.89;-68.27;2632.06
1348.11;1281.14;-66.97;2629.25
1350.34;1279.38;-70.96;2629.72
1353.05;1276.72;-76.34;2629.77
1350.35;1280.99;-69.35;2631.34
1347.88;1281.65;-66.24;2629.53
1351.15;1277.54;-73.62;2628.69
1353.56;1278.55;-75.02;2632.11
1349.65;1280.60;-69.05;2630.25
1347.67;1280.95;-66.72;2628.62
1351.69;1279.57;-72.12;2631.26
1353.01;1280.14;-72.88;2633.15
1350.22;1280.51;-69.71;2630.72
1348.55;1281.07;-67.48;2629.62
1350.76;1279.71;-71.05;2630.47
1352.44;1279.31;-73.12;2631.75
1349.82;1281.64;-68.18;2631.45
1348.02;1281.06;-66.96;2629.08
1350.82;1279.41;-71.41;2630.24
1353.67;1279.64;-74.03;2633.31
1349.78;1282.81;-66.97;2632.59
1347.48;1280.48;-67.00;2627.95
1351.29;1279.16;-72.13;2630.46
1352.82;1279.32;-73.51;2632.14
1349.85;1281.94;-67.91;2631.79
1348.18;1281.18;-67.01;2629.36
1351.44;1280.50;-70.94;2631.94
1352.91;1279.14;-73.78;2632.05
1350.87;1281.89;-68.98;2632.76
1348.16;1280.84;-67.32;2629.01
1352.62;1279.64;-72.98;2632.26
1352.94;1279.78;-73.16;2632.72
1353.02;1280.31;-72.71;2633.32
1347.59;1282.67;-64.92;2630.26
1351.18;1279.55;-71.63;2630.72
1353.44;1278.19;-75.24;2631.63
1350.36;1280.96;-69.39;2631.32
1348.01;1281.29;-66.72;2629.31
1351.07;1279.05;-72.02;2630.12
1353.46;1280.64;-72.82;2634.09
1351.22;1280.65;-70.56;2631.87
1348.21;1280.43;-67.78;2628.64
1351.00;1279.23;-71.77;2630.23
1353.38;1278.81;-74.58;2632.19
1350.62;1279.65;-70.96;2630.27
1348.02;1280.88;-67.14;2628.91
1350.84;1279.91;-70.93;2630.74
1353.14;1280.27;-72.86;2633.41
1350.35;1283.32;-67.03;2633.66
1348.32;1280.87;-67.45;2629.19
1350.82;1280.23;-70.59;2631.05
1354.32;1279.80;-74.52;2634.12
1350.86;1280.55;-70.31;2631.41
1348.25;1282.45;-65.81;2630.70
1350.45;1280.40;-70.05;2630.85
1353.41;1279.99;-73.41;2633.40
1349.96;1280.98;-68.98;2630.95
1348.42;1279.85;-68.57;2628.26
1351.58;1278.53;-73.05;2630.11
1353.78;1279.97;-73.81;2633.75
1350.34;1280.00;-70.34;2630.34
1348.53;1283.29;-65.24;2631.82
1353.99;1280.35;-73.64;2634.35
1353.29;1280.08;-73.21;2633.36
1351.17;1280.58;-70.59;2631.75
1347.73;1281.08;-66.65;2628.81
1350.93;1281.54;-69.39;2632.47
1353.94;1280.68;-73.26;2634.62
1352.42;1282.96;-69.46;2635.38
1348.89;1281.81;-67.08;2630.70
1350.86;1279.84;-71.02;2630.71
1352.47;1279.34;-73.13;2631.81
1349.34;1281.09;-68.25;2630.42
1348.01;1281.32;-66.69;2629.34
1350.56;1278.47;-72.09;2629.04
1352.97;1280.75;-72.22;2633.72
1349.51;1282.25;-67.26;2631.75
1348.39;1282.68;-65.71;2631.06
1351.31;1280.48;-70.84;2631.79
1354.80;1278.93;-75.87;2633.73
1349.98;1281.08;-68.90;2631.06
1348.28;1281.84;-66.44;2630.12
1350.57;1279.51;-71.06;2630.08
1353.31;1278.84;-74.47;2632.14
1350.51;1282.75;-67.76;2633.25
1347.54;1281.83;-65.71;2629.36
1351.18;1278.92;-72.25;2630.10
1352.30;1279.45;-72.85;2631.75
1349.34;1281.86;-67.47;2631.20
1347.10;1281.08;-66.02;2628.18
1349.85;1280.85;-68.99;2630.70
1352.69;1280.05;-72.64;2632.74
1350.38;1281.51;-68.87;2631.89
1347.23;1281.72;-65.51;2628.95
1350.31;1280.22;-70.08;2630.53
1352.99;1279.52;-73.47;2632.51
1350.23;1279.44;-70.79;2629.66
1348.55;1280.16;-68.39;2628.72
1351.82;1278.75;-73.07;2630.58
1352.92;1278.50;-74.42;2631.42
1350.25;1281.65;-68.60;2631.89
1348.21;1281.68;-66.53;2629.88
1350.65;1279.49;-71.15;2630.14
1352.99;1279.25;-73.74;2632.24
1350.32;1281.39;-68.93;2631.71
1348.61;1282.44;-66.17;2631.04
1351.36;1279.41;-71.95;2630.78
1358.51;1279.39;-79.12;2637.89
1350.91;1281.08;-69.82;2631.99
1347.87;1280.31;-67.56;2628.18
1351.76;1278.50;-73.26;2630.26
1353.60;1280.11;-73.49;2633.71
1350.91;1279.68;-71.22;2630.59
1348.90;1281.01;-67.89;2629.91
1353.49;1279.03;-74.46;2632.52
1353.08;1278.50;-74.58;2631.58
1350.36;1282.51;-67.85;2632.88
1348.64;1281.04;-67.60;2629.67
1351.25;1279.62;-71.63;2630.86
1353.91;1280.38;-73.54;2634.29
1350.94;1280.82;-70.12;2631.76
1348.66;1281.24;-67.42;2629.89
1351.36;1278.25;-73.11;2629.61
1353.60;1278.44;-75.16;2632.04
1351.01;1281.70;-69.31;2632.71
1348.31;1281.44;-66.88;2629.75
1351.19;1278.94;-72.25;2630.12
1353.85;1280.82;-73.03;2634.66
1350.59;1282.54;-68.05;2633.14
1350.15;1280.99;-69.15;2631.14
1353.55;1279.33;-74.22;2632.88
1353.76;1280.05;-73.72;2633.81
1351.31;1281.99;-69.32;2633.31
1350.26;1282.45;-67.81;2632.72
1353.89;1280.14;-73.76;2634.03
1353.61;1279.35;-74.26;2632.95
1353.38;1282.15;-71.23;2635.54
1351.48;1281.61;-69.88;2633.09
1352.19;1277.86;-74.33;2630.05
1353.58;1280.87;-72.71;2634.45
1351.79;1280.57;-71.22;2632.36
1349.25;1280.02;-69.22;2629.27
1351.49;1278.70;-72.79;2630.19
1353.71;1278.15;-75.56;2631.85
1352.92;1281.90;-71.02;2634.82
1350.61;1280.88;-69.74;2631.49
1351.02;1278.65;-72.37;2629.66
1353.66;1277.33;-76.33;2630.99
1350.97;1280.18;-70.79;2631.15
1348.95;1279.79;-69.16;2628.75
1351.64;1280.03;-71.61;2631.66
1352.97;1278.34;-74.63;2631.31
1351.41;1281.55;-69.86;2632.96
1349.03;1281.89;-67.14;2630.92
1351.55;1278.87;-72.68;2630.42
1353.64;1280.06;-73.58;2633.71
1350.58;1280.02;-70.56;2630.60
1348.20;1280.05;-68.15;2628.25
1351.32;1279.42;-71.90;2630.74
1353.94;1279.34;-74.61;2633.28
1350.30;1280.97;-69.33;2631.27
1349.39;1282.25;-67.14;2631.65
1352.19;1278.74;-73.45;2630.93
1354.02;1278.74;-75.28;2632.76
1350.75;1280.28;-70.47;2631.02
1347.62;1281.31;-66.32;2628.93
1353.46;1281.54;-71.92;2635.00
1352.98;1278.62;-74.36;2631.61
1350.09;1282.12;-67.96;2632.21
1348.80;1280.61;-68.19;2629.41
1350.99;1279.51;-71.49;2630.50
1353.12;1280.50;-72.62;2633.62
1349.72;1282.97;-66.75;2632.69
1348.35;1280.95;-67.41;2629.30
1350.59;1278.63;-71.96;2629.22
1352.96;1278.84;-74.12;2631.79
1349.61;1282.31;-67.30;2631.91
1347.61;1282.21;-65.41;2629.82
1351.28;1278.80;-72.48;2630.08
1353.29;1280.84;-72.46;2634.13
1350.42;1280.89;-69.53;2631.32
1347.39;1284.00;-63.39;2631.39
1350.91;1279.45;-71.46;2630.36
1353.91;1278.69;-75.22;2632.61
1350.00;1281.53;-68.47;2631.53
1350.20;1281.64;-68.56;2631.84
1351.62;1278.19;-73.42;2629.81
1353.72;1278.92;-74.80;2632.64
1350.72;1281.85;-68.87;2632.56
1348.88;1279.69;-69.19;2628.56
1350.76;1277.74;-73.03;2628.50
1353.38;1278.92;-74.46;2632.30
1350.14;1280.84;-69.30;2630.97
1349.36;1280.57;-68.79;2629.94
1352.15;1278.94;-73.22;2631.09
1353.87;1279.04;-74.83;2632.91
1350.07;1281.96;-68.11;2632.04
1348.33;1282.84;-65.49;2631.16
1351.90;1279.71;-72.19;2631.61
1355.41;1280.30;-75.11;2635.71
1350.20;1282.08;-68.12;2632.28
1348.79;1280.94;-67.85;2629.72
1352.21;1281.15;-71.06;2633.36
1354.01;1280.81;-73.21;2634.82
1349.98;1283.32;-66.66;2633.29
1348.39;1282.30;-66.09;2630.69
1351.95;1278.64;-73.32;2630.59
1354.08;1277.82;-76.26;2631.91
1350.66;1280.62;-70.05;2631.28
1349.12;1277.97;-71.15;2627.09
1351.62;1277.70;-73.92;2629.32
1352.24;1279.58;-72.66;2631.82
1350.42;1280.72;-69.69;2631.14
1348.73;1280.35;-68.38;2629.08
1351.51;1278.61;-72.90;2630.11
1353.31;1280.32;-72.99;2633.64
1351.31;1281.51;-69.80;2632.82
1349.26;1281.52;-67.74;2630.79
1350.98;1279.06;-71.92;2630.04
1353.32;1279.08;-74.24;2632.41
1350.31;1282.05;-68.26;2632.36
1347.96;1283.56;-64.40;2631.52
1351.89;1279.10;-72.79;2630.99
1353.81;1278.71;-75.10;2632.52
1350.05;1280.29;-69.76;2630.34
1348.70;1281.05;-67.65;2629.75
1351.49;1279.85;-71.64;2631.35
1353.38;1279.96;-73.42;2633.35
1350.79;1283.55;-67.24;2634.34
1348.32;1281.31;-67.01;2629.62
1351.30;1277.91;-73.39;2629.21
1353.20;1279.46;-73.74;2632.66
1350.04;1282.75;-67.28;2632.79
1348.78;1281.47;-67.31;2630.25
1352.22;1278.12;-74.10;2630.35
1353.14;1281.84;-71.30;2634.98
1350.22;1280.81;-69.41;2631.03
1347.97;1282.71;-65.26;2630.68
1350.75;1279.09;-71.66;2629.85
1352.61;1279.71;-72.89;2632.32
1349.52;1281.75;-67.77;2631.26
1347.99;1282.45;-65.55;2630.44
1350.73;1281.68;-69.05;2632.41
1352.55;1278.49;-74.06;2631.04
1349.84;1282.22;-67.62;2632.05
1348.19;1281.62;-66.58;2629.81
1351.21;1277.64;-73.58;2628.85
1352.91;1280.75;-72.16;2633.66
1350.86;1282.68;-68.18;2633.55
1348.16;1282.94;-65.22;2631.10
1350.92;1281.12;-69.81;2632.04
1354.44;1281.13;-73.31;2635.56
1350.02;1283.60;-66.42;2633.62
1350.98;1283.41;-67.58;2634.39
1351.70;1278.95;-72.75;2630.65
1352.69;1280.65;-72.04;2633.34
1351.81;1280.35;-71.46;2632.16
1347.56;1282.05;-65.51;2629.61
1350.41;1279.04;-71.36;2629.45
1353.04;1280.16;-72.88;2633.20
1350.14;1281.79;-68.35;2631.92
1348.47;1281.20;-67.27;2629.67
1350.36;1279.38;-70.98;2629.74
1352.92;1280.09;-72.83;2633.01
1349.59;1280.41;-69.18;2630.00
1348.81;1280.94;-67.87;2629.75
1351.44;1280.68;-70.76;2632.11
1352.78;1280.05;-72.73;2632.84
1349.41;1280.46;-68.94;2629.87
1349.84;1282.12;-67.72;2631.96
1350.56;1281.19;-69.38;2631.75
1352.05;1279.98;-72.06;2632.03
1352.64;1281.29;-71.34;2633.93
1346.85;1281.19;-65.66;2628.05
1350.68;1280.79;-69.89;2631.47
1352.94;1279.04;-73.91;2631.98
1350.04;1281.23;-68.81;2631.27
1348.38;1281.94;-66.44;2630.32
1350.66;1277.55;-73.11;2628.22
1353.22;1278.67;-74.55;2631.89
1351.27;1279.87;-71.40;2631.14
1348.14;1282.00;-66.14;2630.14
1350.71;1278.98;-71.72;2629.69
1353.35;1279.91;-73.44;2633.25
1350.14;1280.84;-69.31;2630.98
1348.24;1282.34;-65.90;2630.57
1353.46;1279.29;-74.16;2632.75
1353.02;1278.92;-74.11;2631.94
1349.22;1282.24;-66.98;2631.46
1348.01;1281.52;-66.49;2629.53
1354.11;1280.12;-73.99;2634.24
1353.19;1278.01;-75.19;2631.20
1350.07;1281.36;-68.71;2631.43
1348.54;1282.01;-66.53;2630.54
1351.26;1280.37;-70.89;2631.63
1353.39;1279.32;-74.06;2632.71
1351.32;1283.14;-68.18;2634.45
1348.92;1282.86;-66.05;2631.78
1351.65;1280.66;-70.99;2632.31
1356.45;1279.50;-76.95;2635.95
1351.69;1282.75;-68.94;2634.44
1351.58;1283.05;-68.53;2634.62
1351.85;1280.29;-71.56;2632.14
1353.34;1277.62;-75.72;2630.95
1350.85;1280.44;-70.41;2631.28
1348.92;1281.16;-67.76;2630.09
1350.88;1279.14;-71.74;2630.02
1352.98;1278.64;-74.35;2631.62
1351.14;1281.40;-69.74;2632.54
1348.46;1280.78;-67.69;2629.24
1350.15;1278.49;-71.66;2628.64
1353.25;1279.46;-73.78;2632.71
1349.94;1281.23;-68.71;2631.17
1349.06;1281.65;-67.41;2630.72
1351.19;1279.26;-71.93;2630.45
1352.56;1279.49;-73.07;2632.06
1350.58;1279.76;-70.82;2630.35
1349.13;1281.24;-67.89;2630.36
1350.49;1276.94;-73.55;2627.42
1353.55;1278.89;-74.66;2632.44
1351.49;1280.17;-71.32;2631.66
1348.84;1281.13;-67.71;2629.96
1351.62;1278.51;-73.11;2630.13
1353.24;1277.04;-76.19;2630.28
1350.76;1279.78;-70.99;2630.54
1349.31;1281.69;-67.62;2630.99
1351.46;1279.61;-71.85;2631.08
1353.02;1281.32;-71.70;2634.34
1353.52;1280.57;-72.95;2634.09
1348.66;1280.69;-67.98;2629.35
1352.64;1278.54;-74.11;2631.18
1352.81;1278.99;-73.81;2631.80
1351.24;1281.29;-69.94;2632.53
1348.70;1281.64;-67.06;2630.34
1351.87;1281.14;-70.73;2633.01
1353.50;1279.55;-73.95;2633.05
1351.08;1281.22;-69.86;2632.31
1348.11;1280.51;-67.60;2628.62
1351.39;1278.61;-72.78;2630.01
1353.83;1278.40;-75.43;2632.23
1350.42;1279.81;-70.62;2630.23
1349.43;1281.21;-68.22;2630.64
1350.54;1278.36;-72.18;2628.89
1355.42;1278.55;-76.87;2633.96
1350.25;1279.01;-71.24;2629.26
1349.47;1280.55;-68.92;2630.02
1352.69;1278.39;-74.29;2631.08
1354.19;1278.29;-75.89;2632.48
1350.67;1280.38;-70.29;2631.05
1349.52;1282.00;-67.52;2631.52
1351.82;1278.69;-73.13;2630.51
1353.68;1278.88;-74.80;2632.56
1353.26;1280.23;-73.03;2633.49
1348.54;1282.34;-66.20;2630.87
1351.55;1279.52;-72.03;2631.08
1353.19;1279.17;-74.02;2632.36
1350.39;1281.55;-68.84;2631.95
1347.89;1280.81;-67.08;2628.71
1351.41;1278.41;-73.01;2629.82
1353.62;1277.33;-76.29;2630.95
1350.76;1282.73;-68.04;2633.49
1348.61;1282.35;-66.26;2630.96
1351.50;1278.05;-73.45;2629.55
1354.07;1279.12;-74.95;2633.19
1349.95;1281.05;-68.91;2631.00
1349.01;1280.31;-68.69;2629.32
1351.80;1278.15;-73.65;2629.95
1352.70;1277.48;-75.22;2630.18
1349.97;1279.96;-70.01;2629.93
1348.44;1281.13;-67.31;2629.57
1351.65;1278.64;-73.02;2630.29
1353.36;1278.88;-74.48;2632.24
1349.82;1280.92;-68.89;2630.74
1348.59;1281.80;-66.79;2630.39
1350.18;1280.46;-69.72;2630.65
1353.00;1278.60;-74.40;2631.60
1350.18;1280.74;-69.44;2630.92
1349.93;1282.24;-67.69;2632.17
1351.58;1280.55;-71.03;2632.12
1353.46;1279.03;-74.44;2632.49
1350.08;1281.34;-68.74;2631.42
1349.19;1282.41;-66.78;2631.60
1350.41;1278.20;-72.21;2628.61
1352.57;1279.26;-73.31;2631.83
1349.54;1281.45;-68.09;2630.98
1347.36;1280.64;-66.72;2627.99
1350.94;1278.54;-72.40;2629.48
1351.84;1279.47;-72.36;2631.31
1349.71;1282.40;-67.31;2632.11
1348.00;1282.65;-65.35;2630.65
1350.11;1280.35;-69.76;2630.45
1356.77;1280.17;-76.60;2636.94
1349.15;1281.88;-67.28;2631.03
1346.70;1282.78;-63.92;2629.48
1350.52;1278.54;-71.99;2629.06
1352.18;1280.16;-72.02;2632.34
1350.35;1281.08;-69.28;2631.43
1349.46;1281.65;-67.81;2631.11
1350.66;1280.83;-69.83;2631.49
1352.20;1278.56;-73.64;2630.76
1349.91;1281.56;-68.35;2631.48
1348.14;1284.04;-64.10;2632.18
1350.26;1279.26;-71.00;2629.52
1351.92;1278.18;-73.74;2630.09
1349.52;1279.58;-69.94;2629.11
1347.50;1282.15;-65.35;2629.65
1351.30;1279.73;-71.57;2631.03
1352.46;1281.17;-71.29;2633.64
1349.66;1282.29;-67.38;2631.95
1348.70;1282.03;-66.67;2630.73
1350.87;1279.69;-71.18;2630.56
1352.41;1279.56;-72.85;2631.96
1350.20;1282.36;-67.84;2632.56
1347.63;1280.84;-66.79;2628.46
1349.69;1278.79;-70.91;2628.48
1354.81;1279.32;-75.49;2634.14
1349.08;1283.65;-65.42;2632.73
1348.34;1283.37;-64.97;2631.71
1350.39;1282.15;-68.24;2632.54
1352.07;1278.95;-73.12;2631.02
1351.35;1283.81;-67.54;2635.16
1348.12;1283.33;-64.79;2631.45
1350.41;1280.82;-69.58;2631.23
1351.95;1279.02;-72.93;2630.96
1349.64;1282.33;-67.31;2631.97
1347.86;1281.81;-66.06;2629.67
1350.26;1280.92;-69.34;2631.18
1352.35;1278.50;-73.85;2630.85
1349.72;1283.00;-66.72;2632.72
1350.32;1282.62;-67.69;2632.94
1350.06;1279.79;-70.27;2629.85
1352.55;1278.56;-73.99;2631.12
1349.95;1281.15;-68.80;2631.09
1348.38;1281.37;-67.01;2629.75
1351.45;1278.42;-73.04;2629.87
1353.41;1277.54;-75.87;2630.95
1350.47;1280.93;-69.54;2631.40
1349.44;1282.11;-67.34;2631.55
1351.29;1278.93;-72.36;2630.22
1353.38;1279.08;-74.30;2632.45
1350.46;1282.32;-68.14;2632.78
1348.07;1281.47;-66.60;2629.54
1351.15;1279.28;-71.87;2630.42
1354.71;1279.38;-75.34;2634.09
1350.02;1283.03;-66.99;2633.05
1348.96;1281.62;-67.34;2630.59
1351.39;1278.46;-72.94;2629.85
1352.00;1277.76;-74.24;2629.76
1349.84;1281.79;-68.05;2631.64
1348.62;1281.55;-67.08;2630.17
1351.41;1281.65;-69.76;2633.05
1352.99;1278.45;-74.54;2631.45
1350.09;1280.81;-69.28;2630.89
1348.84;1281.39;-67.45;2630.24
1352.18;1280.84;-71.34;2633.02
1352.46;1278.65;-73.81;2631.12
1349.84;1284.47;-65.36;2634.31
1351.66;1282.35;-69.32;2634.01
1352.38;1279.72;-72.65;2632.10
1352.71;1278.62;-74.08;2631.33
1349.91;1282.97;-66.94;2632.88
1348.89;1282.15;-66.74;2631.04
1350.19;1279.31;-70.88;2629.51
1351.85;1279.64;-72.21;2631.49
1349.99;1282.62;-67.36;2632.61
1347.76;1281.98;-65.78;2629.75
1353.71;1279.98;-73.73;2633.69
1352.29;1278.79;-73.51;2631.08
1350.31;1283.35;-66.96;2633.66
1348.10;1282.85;-65.25;2630.95
1350.71;1280.10;-70.61;2630.81
1354.01;1282.06;-71.94;2636.07
1349.28;1283.58;-65.71;2632.86
1348.26;1283.98;-64.28;2632.25
1350.77;1280.66;-70.11;2631.43
1352.67;1278.19;-74.48;2630.86
1349.86;1282.40;-67.46;2632.26
1347.15;1282.26;-64.89;2629.42
1349.73;1278.69;-71.04;2628.42
1351.38;1279.24;-72.15;2630.62
1349.29;1280.83;-68.46;2630.12
1348.25;1283.10;-65.15;2631.35
1349.63;1279.91;-69.72;2629.54
1352.08;1281.44;-70.65;2633.52
1349.43;1283.92;-65.51;2633.35
1347.07;1283.11;-63.96;2630.18
1350.74;1279.33;-71.41;2630.06
1351.79;1281.02;-70.76;2632.81
1349.85;1281.79;-68.06;2631.64
1346.89;1283.16;-63.73;2630.06
1349.59;1279.64;-69.96;2629.23
1352.31;1278.42;-73.89;2630.73
1349.96;1283.78;-66.19;2633.74
1347.61;1281.83;-65.78;2629.44
1350.12;1280.04;-70.08;2630.15
1351.85;1279.42;-72.42;2631.27
1350.07;1281.49;-68.58;2631.56
1347.86;1282.95;-64.91;2630.81
1350.91;1280.55;-70.36;2631.46
1351.35;1279.55;-71.81;2630.90
