1378.52;1311.86;-66.66;2690.38
1379.84;1304.01;-75.84;2683.85
1382.58;1298.47;-84.11;2681.05
1382.52;1302.20;-80.32;2684.72
1378.64;1310.24;-68.40;2688.88
1381.12;1304.62;-76.50;2685.74
1381.54;1305.78;-75.76;2687.32
1382.05;1300.79;-81.26;2682.84
1379.92;1303.01;-76.91;2682.93
1380.38;1299.25;-81.13;2679.62
1381.29;1299.34;-81.95;2680.62
1381.15;1302.89;-78.25;2684.04
1380.64;1304.74;-75.91;2685.38
1382.31;1305.82;-76.49;2688.12
1382.48;1299.84;-82.64;2682.32
1382.06;1303.49;-78.57;2685.56
1380.12;1305.36;-74.75;2685.48
1380.28;1302.98;-77.30;2683.25
1382.29;1302.55;-79.74;2684.85
1380.99;1309.39;-71.59;2690.38
1380.58;1310.14;-70.44;2690.72
1381.85;1303.50;-78.35;2685.35
1382.80;1306.51;-76.29;2689.31
1381.25;1301.20;-80.05;2682.45
1379.11;1308.68;-70.43;2687.78
1381.92;1298.96;-82.96;2680.89
1382.61;1304.00;-78.61;2686.61
1380.95;1302.95;-77.99;2683.90
1379.59;1304.36;-75.22;2683.95
1381.32;1302.49;-78.83;2683.81
1382.54;1303.85;-78.69;2686.38
1382.75;1303.18;-79.58;2685.93
1381.61;1307.96;-73.65;2689.58
1381.15;1308.42;-72.72;2689.57
1383.69;1301.49;-82.20;2685.19
1381.88;1302.54;-79.34;2684.42
1380.35;1306.71;-73.65;2687.06
1382.61;1301.67;-80.94;2684.28
1383.13;1303.42;-79.71;2686.55
1381.84;1309.78;-72.06;2691.62
1380.15;1310.96;-69.19;2691.11
1381.19;1301.15;-80.04;2682.35
1383.09;1298.61;-84.48;2681.71
1381.89;1301.28;-80.61;2683.16
1380.89;1308.40;-72.49;2689.29
1380.01;1305.18;-74.83;2685.19
1383.85;1299.21;-84.64;2683.05
1382.45;1302.63;-79.82;2685.08
1379.98;1305.88;-74.10;2685.85
1379.82;1299.82;-80.00;2679.65
1382.52;1297.20;-85.32;2679.72
1380.76;1300.98;-79.78;2681.75
1381.38;1310.93;-70.45;2692.31
1381.16;1301.53;-79.63;2682.69
1383.72;1299.06;-84.66;2682.78
1381.69;1302.18;-79.51;2683.87
1380.09;1300.39;-79.70;2680.48
1380.85;1301.00;-79.85;2681.85
1383.26;1303.36;-79.89;2686.62
1382.35;1302.87;-79.48;2685.22
1379.73;1303.34;-76.39;2683.07
1380.76;1302.20;-78.56;2682.96
1381.74;1296.84;-84.91;2678.58
1382.38;1308.55;-73.83;2690.92
1379.42;1307.09;-72.34;2686.51
1380.88;1301.98;-78.91;2682.86
1382.75;1298.56;-84.19;2681.31
1380.76;1302.74;-78.02;2683.50
1379.95;1305.38;-74.57;2685.34
1381.42;1305.38;-76.04;2686.81
1382.15;1301.92;-80.24;2684.07
1381.12;1300.96;-80.16;2682.08
1380.53;1303.83;-76.70;2684.36
1382.05;1300.65;-81.41;2682.70
1382.68;1299.14;-83.55;2681.82
1382.63;1300.14;-82.49;2682.76
1380.12;1303.81;-76.31;2683.93
1380.81;1300.88;-79.92;2681.69
1383.21;1303.64;-79.57;2686.85
1379.99;1301.92;-78.06;2681.91
1380.04;1305.41;-74.62;2685.45
1381.05;1300.41;-80.64;2681.46
1382.80;1298.91;-83.89;2681.71
1382.64;1304.25;-78.39;2686.89
1380.78;1311.85;-68.93;2692.64
1381.93;1306.98;-74.95;2688.91
1382.75;1299.84;-82.91;2682.58
1380.83;1302.28;-78.55;2683.11
1378.94;1305.24;-73.70;2684.17
1381.44;1303.31;-78.12;2684.75
1382.09;1300.28;-81.81;2682.37
1381.19;1304.16;-77.03;2685.36
1379.62;1305.18;-74.45;2684.80
1380.66;1302.00;-78.66;2682.66
1382.42;1304.99;-77.43;2687.42
1380.75;1305.01;-75.74;2685.76
1380.02;1310.85;-69.16;2690.87
1381.16;1301.67;-79.49;2682.83
1384.32;1303.52;-80.79;2687.84
1380.00;1309.80;-70.20;2689.80
1379.62;1304.71;-74.91;2684.32
1381.53;1302.16;-79.36;2683.69
1382.44;1304.35;-78.09;2686.79
1380.74;1300.82;-79.91;2681.56
1379.19;1304.14;-75.06;2683.33
1379.66;1304.82;-74.84;2684.48
1382.61;1300.61;-82.01;2683.22
1381.72;1303.94;-77.78;2685.66
1379.24;1309.73;-69.51;2688.96
1380.05;1307.55;-72.51;2687.60
1382.90;1305.53;-77.37;2688.43
1380.83;1305.70;-75.13;2686.53
1380.17;1305.90;-74.27;2686.07
1381.78;1305.65;-76.13;2687.44
1382.01;1303.51;-78.51;2685.52
1381.46;1305.06;-76.40;2686.53
1381.28;1302.65;-78.64;2683.93
1381.79;1298.75;-83.05;2680.54
1382.29;1295.63;-86.66;2677.92
1380.66;1307.10;-73.56;2687.76
1380.96;1301.71;-79.25;2682.68
1380.66;1306.98;-73.68;2687.64
1382.39;1305.81;-76.58;2688.20
1382.36;1308.86;-73.50;2691.22
1379.62;1303.48;-76.15;2683.10
1380.60;1304.70;-75.90;2685.30
1381.48;1300.10;-81.38;2681.58
1383.09;1309.58;-73.51;2692.67
1380.01;1309.42;-70.59;2689.42
1379.66;1306.45;-73.21;2686.11
1381.93;1300.61;-81.32;2682.54
1382.86;1308.80;-74.06;2691.66
1378.58;1310.34;-68.24;2688.91
1381.41;1304.79;-76.61;2686.20
1382.61;1299.50;-83.11;2682.11
1380.94;1304.98;-75.96;2685.92
1378.88;1306.75;-72.13;2685.64
1382.04;1300.84;-81.19;2682.88
1383.22;1303.44;-79.79;2686.66
1381.00;1304.16;-76.84;2685.16
1378.91;1310.76;-68.14;2689.67
1380.75;1301.66;-79.09;2682.41
1382.62;1299.87;-82.75;2682.49
1380.79;1307.99;-72.80;2688.79
1378.89;1301.36;-77.53;2680.25
1381.38;1300.44;-80.95;2681.82
1382.54;1298.54;-84.01;2681.08
1383.20;1303.26;-79.94;2686.46
1380.16;1301.12;-79.05;2681.28
1382.01;1299.09;-82.92;2681.11
1382.64;1300.39;-82.25;2683.04
1381.86;1305.15;-76.71;2687.02
1378.79;1306.10;-72.69;2684.89
1381.63;1301.58;-80.05;2683.21
1384.02;1297.00;-87.02;2681.02
1381.21;1303.25;-77.95;2684.46
1380.09;1304.51;-75.58;2684.61
1381.19;1297.77;-83.42;2678.96
1383.83;1298.54;-85.29;2682.36
1382.74;1302.59;-80.15;2685.33
1378.34;1308.51;-69.82;2686.85
1379.97;1305.87;-74.10;2685.84
1382.25;1300.57;-81.68;2682.82
1379.48;1306.71;-72.78;2686.19
1379.56;1304.19;-75.36;2683.75
1380.75;1305.52;-75.23;2686.28
1382.01;1298.59;-83.42;2680.61
1380.52;1301.58;-78.95;2682.10
1380.97;1302.68;-78.29;2683.65
1381.64;1300.19;-81.44;2681.83
1383.19;1299.86;-83.32;2683.05
1379.74;1308.35;-71.39;2688.09
1379.02;1303.56;-75.45;2682.58
1381.57;1302.35;-79.22;2683.92
1382.69;1301.30;-81.39;2683.99
1381.46;1307.72;-73.74;2689.19
1381.29;1310.43;-70.86;2691.72
1381.33;1304.65;-76.68;2685.98
1382.14;1305.59;-76.54;2687.73
1381.26;1300.55;-80.71;2681.81
1381.02;1307.26;-73.76;2688.28
1380.63;1304.30;-76.33;2684.93
1383.07;1300.57;-82.50;2683.64
1379.83;1303.82;-76.01;2683.65
1380.62;1301.11;-79.51;2681.73
1380.52;1302.32;-78.20;2682.84
1384.23;1302.79;-81.44;2687.02
1379.04;1306.09;-72.94;2685.13
1378.16;1306.67;-71.49;2684.83
1380.38;1302.96;-77.42;2683.34
1381.83;1300.69;-81.14;2682.52
1380.01;1304.57;-75.44;2684.58
1380.15;1304.79;-75.36;2684.95
1379.96;1301.65;-78.31;2681.61
1381.14;1300.60;-80.54;2681.74
1381.02;1307.21;-73.81;2688.24
1377.88;1306.64;-71.24;2684.51
1380.21;1299.96;-80.25;2680.18
1381.91;1297.59;-84.32;2679.50
1379.22;1302.34;-76.88;2681.56
1380.30;1303.63;-76.67;2683.93
1380.66;1302.95;-77.71;2683.62
1382.64;1307.17;-75.47;2689.81
1379.32;1301.92;-77.39;2681.24
1381.21;1306.18;-75.03;2687.39
1379.91;1303.25;-76.65;2683.16
1382.45;1299.62;-82.82;2682.07
1380.98;1309.88;-71.10;2690.85
1378.94;1308.48;-70.46;2687.42
1382.19;1305.82;-76.37;2688.02
1383.25;1300.50;-82.75;2683.75
1380.89;1303.45;-77.44;2684.34
1378.18;1310.29;-67.89;2688.48
1380.42;1299.64;-80.78;2680.06
1381.56;1299.69;-81.87;2681.25
1381.73;1300.44;-81.29;2682.17
1380.05;1306.08;-73.97;2686.14
1381.06;1303.19;-77.86;2684.25
1383.45;1299.47;-83.98;2682.92
1381.26;1303.91;-77.35;2685.18
1380.09;1305.67;-74.42;2685.76
1381.11;1300.46;-80.64;2681.57
1382.45;1302.70;-79.75;2685.15
1380.66;1303.90;-76.76;2684.56
1379.26;1304.44;-74.82;2683.70
1380.69;1300.75;-79.95;2681.44
1382.67;1299.47;-83.20;2682.14
1380.64;1299.51;-81.12;2680.15
1379.92;1308.92;-70.99;2688.84
1380.95;1301.56;-79.39;2682.52
1381.65;1302.98;-78.67;2684.62
1382.11;1303.22;-78.88;2685.33
1380.46;1309.48;-70.99;2689.94
1380.86;1306.66;-74.19;2687.52
1381.56;1300.90;-80.66;2682.46
1380.68;1308.81;-71.87;2689.48
1379.47;1306.84;-72.64;2686.31
1381.29;1302.05;-79.24;2683.34
1381.76;1302.51;-79.25;2684.26
1380.71;1302.49;-78.22;2683.21
1378.05;1304.04;-74.02;2682.09
1380.55;1302.16;-78.39;2682.71
1381.26;1305.38;-75.88;2686.65
1381.05;1303.52;-77.52;2684.57
1381.13;1304.02;-77.11;2685.15
1381.26;1301.97;-79.29;2683.23
1383.44;1299.75;-83.69;2683.19
1381.73;1301.49;-80.24;2683.22
1378.90;1307.32;-71.58;2686.22
1380.72;1301.54;-79.18;2682.26
1382.77;1305.06;-77.71;2687.84
1382.42;1302.08;-80.34;2684.49
1379.20;1304.27;-74.93;2683.47
1380.67;1301.66;-79.01;2682.33
1382.76;1297.68;-85.08;2680.44
1380.15;1308.14;-72.01;2688.28
1379.10;1304.02;-75.08;2683.12
1381.18;1300.73;-80.45;2681.91
1381.74;1299.72;-82.02;2681.46
1381.23;1308.05;-73.18;2689.28
1378.54;1309.23;-69.31;2687.77
1380.61;1303.53;-77.08;2684.14
1381.46;1301.12;-80.34;2682.58
1380.91;1301.16;-79.75;2682.08
1379.82;1304.04;-75.79;2683.86
1380.45;1302.39;-78.06;2682.84
1382.20;1301.02;-81.18;2683.22
1379.74;1305.11;-74.63;2684.84
1379.51;1302.45;-77.06;2681.96
1380.18;1301.49;-78.69;2681.66
1381.96;1299.06;-82.90;2681.02
1381.76;1307.98;-73.79;2689.74
1381.22;1308.59;-72.64;2689.81
1380.93;1299.79;-81.14;2680.72
1384.46;1306.94;-77.52;2691.41
1381.75;1303.45;-78.29;2685.20
1379.79;1306.24;-73.55;2686.03
1380.41;1309.28;-71.14;2689.69
1384.11;1299.62;-84.48;2683.73
1382.41;1303.97;-78.44;2686.38
1381.26;1304.55;-76.71;2685.81
1380.48;1301.94;-78.55;2682.42
1382.96;1302.95;-80.02;2685.91
1381.88;1304.35;-77.54;2686.23
1377.94;1304.78;-73.16;2682.72
1380.61;1301.05;-79.56;2681.65
1382.04;1305.36;-76.68;2687.41
1379.85;1305.39;-74.46;2685.24
1378.91;1304.06;-74.85;2682.98
1381.26;1307.61;-73.65;2688.87
1382.29;1301.41;-80.89;2683.70
1380.91;1302.64;-78.27;2683.55
1377.41;1303.62;-73.79;2681.03
1381.61;1310.33;-71.28;2691.94
1382.71;1299.89;-82.82;2682.59
1379.83;1301.35;-78.48;2681.18
1379.88;1311.08;-68.80;2690.96
1381.28;1304.91;-76.38;2686.19
1382.67;1301.11;-81.56;2683.78
1381.68;1307.60;-74.08;2689.28
1380.92;1310.22;-70.70;2691.15
1382.19;1299.42;-82.77;2681.61
1382.09;1298.49;-83.60;2680.59
1382.03;1307.23;-74.80;2689.26
1381.42;1300.88;-80.54;2682.30
1382.12;1304.08;-78.04;2686.20
1382.43;1297.44;-84.99;2679.87
1382.46;1302.33;-80.14;2684.79
1380.35;1303.25;-77.10;2683.59
1381.31;1306.16;-75.15;2687.47
1383.26;1298.02;-85.24;2681.29
1381.76;1306.12;-75.64;2687.89
1380.47;1302.48;-77.99;2682.95
1381.73;1305.99;-75.74;2687.72
1383.67;1298.19;-85.48;2681.86
1381.45;1303.77;-77.68;2685.22
1379.56;1309.48;-70.08;2689.04
1381.78;1300.66;-81.12;2682.45
1382.54;1303.29;-79.25;2685.82
1381.75;1305.89;-75.86;2687.64
1380.05;1303.06;-76.99;2683.11
1381.86;1301.79;-80.08;2683.65
1382.64;1296.18;-86.46;2678.82
1381.08;1308.67;-72.41;2689.75
1381.21;1304.08;-77.13;2685.29
1382.27;1302.01;-80.26;2684.28
1383.55;1305.06;-78.49;2688.61
1382.58;1300.02;-82.55;2682.60
1380.43;1304.87;-75.56;2685.30
1380.17;1304.66;-75.51;2684.83
1382.31;1299.11;-83.20;2681.42
1382.96;1302.57;-80.39;2685.53
1380.61;1310.02;-70.59;2690.63
1382.34;1304.80;-77.54;2687.14
1382.81;1301.85;-80.95;2684.66
1381.24;1299.32;-81.92;2680.56
1379.56;1303.31;-76.26;2682.87
1381.28;1300.04;-81.24;2681.32
1380.82;1297.79;-83.03;2678.62
1381.47;1309.08;-72.39;2690.55
1381.44;1303.74;-77.71;2685.18
1382.28;1305.62;-76.65;2687.90
1382.87;1298.25;-84.62;2681.12
1381.64;1308.76;-72.87;2690.40
1381.28;1311.35;-69.92;2692.63
1381.90;1303.81;-78.09;2685.71
1384.20;1302.35;-81.85;2686.55
1381.20;1301.04;-80.16;2682.24
1380.62;1304.79;-75.84;2685.41
1382.62;1302.52;-80.10;2685.15
1383.71;1297.73;-85.98;2681.44
1381.76;1301.70;-80.06;2683.46
1380.57;1307.85;-72.72;2688.42
1381.65;1305.78;-75.86;2687.43
1383.56;1296.42;-87.14;2679.99
1381.13;1306.96;-74.16;2688.09
1381.54;1305.27;-76.26;2686.81
1382.38;1300.68;-81.71;2683.06
1383.70;1298.58;-85.12;2682.28
1382.50;1306.04;-76.46;2688.54
1380.94;1311.31;-69.63;2692.25
1381.01;1298.17;-82.84;2679.18
1382.76;1304.81;-77.95;2687.57
1381.01;1301.31;-79.70;2682.32
1379.82;1309.55;-70.27;2689.38
1382.78;1300.05;-82.73;2682.84
1383.26;1299.64;-83.62;2682.89
1382.14;1302.66;-79.48;2684.79
1379.79;1305.71;-74.08;2685.50
1383.16;1301.02;-82.14;2684.18
1383.71;1298.83;-84.88;2682.54
1382.05;1310.27;-71.78;2692.32
1381.17;1303.10;-78.07;2684.27
1381.68;1300.58;-81.10;2682.25
1383.45;1297.59;-85.86;2681.05
1380.95;1301.50;-79.45;2682.45
1380.22;1305.76;-74.45;2685.98
1381.68;1299.45;-82.24;2681.13
1383.71;1298.21;-85.51;2681.92
1380.54;1303.02;-77.52;2683.56
1378.95;1304.19;-74.76;2683.15
1381.46;1306.85;-74.61;2688.32
1382.89;1299.61;-83.29;2682.50
1381.79;1301.62;-80.18;2683.41
1380.01;1305.82;-74.19;2685.82
1381.15;1302.09;-79.06;2683.24
1382.39;1306.79;-75.61;2689.18
1382.14;1307.68;-74.46;2689.81
1379.45;1309.10;-70.35;2688.55
1381.05;1305.28;-75.77;2686.32
1384.71;1303.55;-81.16;2688.26
1381.84;1302.49;-79.35;2684.34
1380.71;1302.62;-78.09;2683.32
1381.44;1300.08;-81.36;2681.52
1384.85;1307.08;-77.77;2691.92
1381.50;1309.56;-71.94;2691.06
1380.35;1302.56;-77.79;2682.91
1380.89;1298.29;-82.61;2679.18
1383.09;1298.66;-84.43;2681.76
1381.12;1300.28;-80.84;2681.39
1379.72;1304.36;-75.36;2684.09
1381.50;1302.51;-78.99;2684.01
1382.72;1299.09;-83.63;2681.81
1382.84;1302.44;-80.40;2685.27
1380.77;1304.93;-75.84;2685.70
1381.67;1299.72;-81.95;2681.39
1385.05;1296.02;-89.02;2681.07
1381.22;1303.10;-78.12;2684.32
1380.21;1309.42;-70.79;2689.64
1383.31;1305.48;-77.84;2688.79
1383.49;1298.39;-85.09;2681.88
1381.18;1306.70;-74.48;2687.88
1380.71;1311.62;-69.09;2692.34
1382.83;1300.52;-82.31;2683.35
1382.25;1298.47;-83.78;2680.72
1381.28;1302.39;-78.89;2683.67
1379.42;1301.67;-77.75;2681.09
1381.33;1304.41;-76.92;2685.74
1383.10;1296.99;-86.11;2680.09
1382.09;1302.73;-79.36;2684.82
1379.65;1302.80;-76.85;2682.45
1381.47;1299.82;-81.65;2681.29
1382.84;1298.15;-84.69;2680.98
1382.00;1300.99;-81.01;2682.99
1379.95;1308.88;-71.06;2688.83
1382.76;1300.17;-82.59;2682.93
1384.36;1301.05;-83.31;2685.41
1382.04;1307.49;-74.55;2689.54
1381.18;1310.05;-71.13;2691.24
1382.65;1303.09;-79.56;2685.74
1382.34;1295.84;-86.51;2678.18
1388.69;1304.72;-83.96;2693.41
1380.60;1303.87;-76.73;2684.47
1383.21;1296.62;-86.59;2679.82
1384.21;1302.10;-82.11;2686.31
1382.12;1301.48;-80.65;2683.60
1379.60;1305.99;-73.61;2685.59
1382.74;1299.46;-83.27;2682.20
1384.08;1303.61;-80.47;2687.68
1381.52;1300.28;-81.24;2681.81
1379.59;1304.39;-75.21;2683.98
1381.65;1301.45;-80.19;2683.10
1382.08;1303.98;-78.10;2686.05
1381.69;1303.73;-77.96;2685.42
1380.17;1305.15;-75.02;2685.32
1382.21;1305.18;-77.03;2687.38
1382.84;1299.89;-82.95;2682.72
1381.76;1302.93;-78.83;2684.69
1380.44;1302.74;-77.69;2683.18
1382.40;1301.43;-80.97;2683.83
1383.37;1306.94;-76.44;2690.31
1380.74;1302.77;-77.97;2683.51
1379.42;1303.75;-75.67;2683.16
1380.84;1298.38;-82.46;2679.22
1383.71;1301.81;-81.90;2685.51
1382.29;1304.91;-77.39;2687.20
1380.96;1305.84;-75.12;2686.79
1380.88;1304.21;-76.68;2685.09
1382.62;1305.80;-76.82;2688.42
1380.02;1306.08;-73.95;2686.10
1379.26;1305.74;-73.52;2685.01
1380.95;1303.91;-77.04;2684.86
1381.52;1298.52;-83.00;2680.05
1379.99;1308.19;-71.79;2688.18
1379.04;1310.22;-68.82;2689.26
1380.26;1308.89;-71.37;2689.16
1382.96;1300.38;-82.58;2683.35
1381.65;1310.76;-70.88;2692.41
1379.49;1305.04;-74.46;2684.53
1380.89;1302.24;-78.66;2683.13
1382.01;1305.38;-76.62;2687.39
1379.70;1304.65;-75.05;2684.35
1379.81;1304.16;-75.65;2683.96
1382.18;1303.86;-78.32;2686.04
1383.41;1296.87;-86.54;2680.28
1379.96;1300.50;-79.46;2680.46
1379.00;1309.97;-69.03;2688.97
1381.86;1301.35;-80.51;2683.22
1382.58;1302.42;-80.16;2685.00
1382.78;1308.68;-74.11;2691.46
1380.11;1305.56;-74.55;2685.67
1380.79;1301.92;-78.87;2682.72
1382.84;1305.18;-77.65;2688.02
1382.11;1303.55;-78.55;2685.66
1379.18;1312.62;-66.55;2691.80
1380.61;1304.18;-76.43;2684.79
1383.28;1303.01;-80.26;2686.29
1379.96;1300.25;-79.71;2680.21
1380.37;1311.58;-68.79;2691.95
1381.16;1306.72;-74.45;2687.88
1380.65;1299.75;-80.89;2680.40
1381.39;1299.74;-81.66;2681.13
1379.64;1307.88;-71.76;2687.51
1382.07;1301.16;-80.91;2683.24
1382.58;1300.89;-81.68;2683.47
1381.51;1308.69;-72.82;2690.20
1380.87;1308.56;-72.31;2689.44
1381.24;1300.22;-81.02;2681.46
1382.68;1298.49;-84.19;2681.16
1381.63;1299.71;-81.92;2681.34
1380.04;1310.45;-69.58;2690.49
1382.34;1304.37;-77.97;2686.71
1382.81;1302.36;-80.44;2685.17
1380.68;1310.60;-70.08;2691.28
1380.57;1303.18;-77.39;2683.75
1380.89;1308.14;-72.75;2689.02
1383.48;1305.82;-77.65;2689.30
1380.33;1300.91;-79.42;2681.24
1380.32;1301.79;-78.53;2682.12
1382.38;1301.16;-81.21;2683.54
1380.67;1297.87;-82.80;2678.54
1381.68;1305.41;-76.26;2687.09
1379.75;1304.33;-75.42;2684.08
1380.72;1301.27;-79.45;2681.99
1382.91;1299.31;-83.59;2682.22
1382.54;1301.18;-81.36;2683.72
1378.64;1304.09;-74.55;2682.73
1381.55;1304.47;-77.08;2686.02
1383.14;1299.42;-83.72;2682.56
1381.52;1308.00;-73.52;2689.52
1379.39;1304.06;-75.33;2683.46
1381.09;1298.60;-82.49;2679.69
1383.61;1299.02;-84.59;2682.63
1381.64;1301.69;-79.95;2683.33
1378.45;1310.57;-67.88;2689.02
1380.62;1302.88;-77.74;2683.51
1382.46;1303.44;-79.02;2685.90
1382.00;1305.48;-76.52;2687.48
1380.03;1305.80;-74.23;2685.83
1380.75;1299.96;-80.79;2680.71
1382.41;1297.26;-85.14;2679.67
1381.16;1303.10;-78.06;2684.26
1379.85;1300.56;-79.28;2680.41
1381.10;1299.48;-81.62;2680.58
1382.32;1305.85;-76.48;2688.17
1381.75;1302.82;-78.93;2684.58
1380.49;1303.26;-77.22;2683.75
1381.21;1301.58;-79.62;2682.79
1383.85;1298.54;-85.31;2682.39
1381.68;1301.88;-79.80;2683.55
1380.14;1304.44;-75.71;2684.58
1381.41;1299.28;-82.13;2680.68
1383.06;1296.52;-86.55;2679.58
1382.15;1305.28;-76.88;2687.43
1380.38;1306.89;-73.48;2687.27
1382.29;1299.72;-82.58;2682.01
1383.54;1302.34;-81.21;2685.88
1380.78;1298.51;-82.27;2679.29
1380.88;1301.12;-79.76;2681.99
1381.18;1301.78;-79.39;2682.96
1383.08;1307.56;-75.52;2690.64
1381.44;1301.12;-80.32;2682.56
1379.52;1303.82;-75.69;2683.34
1382.02;1301.44;-80.58;2683.46
1381.94;1300.56;-81.38;2682.50
1381.86;1302.51;-79.35;2684.36
1381.08;1301.29;-79.79;2682.37
1383.21;1302.36;-80.85;2685.57
1381.94;1299.91;-82.03;2681.85
1382.14;1303.39;-78.75;2685.53
1381.19;1302.76;-78.43;2683.95
1383.04;1305.46;-77.58;2688.49
1381.60;1304.04;-77.56;2685.64
1382.38;1309.12;-73.25;2691.50
1379.49;1305.57;-73.92;2685.06
1382.62;1299.77;-82.85;2682.39
1382.90;1301.72;-81.18;2684.62
1382.30;1301.96;-80.34;2684.26
1379.35;1301.28;-78.08;2680.63
1382.41;1301.73;-80.68;2684.14
1382.88;1299.22;-83.66;2682.10
1381.87;1303.52;-78.35;2685.39
1379.36;1308.39;-70.98;2687.75
1381.54;1301.31;-80.23;2682.84
1382.99;1301.72;-81.27;2684.72
1381.48;1305.42;-76.06;2686.89
1380.14;1304.60;-75.54;2684.74
1379.39;1306.26;-73.12;2685.65
1383.03;1299.52;-83.51;2682.55
1383.16;1307.26;-75.91;2690.42
1380.60;1304.01;-76.59;2684.61
1381.91;1303.28;-78.64;2685.19
1383.55;1298.87;-84.68;2682.42
1381.35;1307.28;-74.06;2688.63
1380.40;1305.15;-75.25;2685.55
1382.69;1300.05;-82.64;2682.74
1383.51;1303.84;-79.67;2687.35
1381.81;1301.81;-80.01;2683.62
1380.79;1303.67;-77.12;2684.46
1381.49;1301.63;-79.86;2683.12
1384.39;1305.65;-78.74;2690.04
1382.20;1303.19;-79.01;2685.39
1380.01;1303.86;-76.14;2683.87
1381.78;1306.65;-75.12;2688.43
1382.94;1298.38;-84.56;2681.32
1382.55;1302.25;-80.30;2684.81
1379.79;1304.49;-75.30;2684.28
1382.77;1301.66;-81.11;2684.43
1382.42;1298.63;-83.79;2681.05
1380.70;1304.59;-76.11;2685.29
1377.96;1307.88;-70.08;2685.85
1379.79;1307.29;-72.50;2687.09
1383.03;1304.99;-78.04;2688.02
1381.62;1303.50;-78.12;2685.12
1379.36;1301.11;-78.26;2680.47
1380.94;1305.81;-75.12;2686.75
1382.41;1296.75;-85.66;2679.16
1381.46;1300.88;-80.58;2682.34
1379.61;1306.14;-73.47;2685.74
1380.58;1301.95;-78.63;2682.52
1383.27;1305.71;-77.56;2688.98
1378.91;1305.82;-73.09;2684.72
1377.59;1301.22;-76.37;2678.82
1381.35;1305.67;-75.68;2687.02
1379.93;1304.18;-75.75;2684.11
1380.78;1302.44;-78.34;2683.22
1379.01;1303.71;-75.29;2682.72
1380.24;1308.70;-71.54;2688.94
1381.58;1306.18;-75.40;2687.75
1380.84;1303.34;-77.51;2684.18
1380.44;1304.66;-75.78;2685.09
1378.97;1305.19;-73.78;2684.16
1382.08;1300.39;-81.68;2682.47
1380.81;1304.49;-76.32;2685.29
1379.51;1304.88;-74.62;2684.39
1380.72;1303.24;-77.48;2683.96
1381.36;1300.38;-80.98;2681.75
1381.16;1303.40;-77.76;2684.56
1380.44;1301.84;-78.60;2682.27
1380.47;1306.65;-73.82;2687.12
1382.29;1307.14;-75.15;2689.42
1380.05;1310.75;-69.30;2690.81
1378.58;1310.51;-68.07;2689.08
1381.67;1303.26;-78.41;2684.93
1382.58;1302.69;-79.89;2685.26
1380.19;1303.19;-77.00;2683.38
1379.58;1306.32;-73.26;2685.89
1379.63;1298.58;-81.05;2678.21
1381.62;1305.96;-75.66;2687.58
1382.32;1306.25;-76.06;2688.57
1377.66;1310.54;-67.13;2688.20
1381.16;1302.33;-78.83;2683.49
1383.13;1303.39;-79.74;2686.52
1381.99;1303.67;-78.32;2685.66
1377.12;1304.79;-72.33;2681.92
1381.71;1308.24;-73.47;2689.95
1382.16;1300.60;-81.56;2682.76
1381.45;1310.03;-71.42;2691.48
1379.22;1311.51;-67.72;2690.73
1380.72;1304.97;-75.75;2685.69
1383.12;1299.87;-83.25;2682.99
1379.62;1300.62;-79.01;2680.24
1378.30;1303.39;-74.91;2681.69
1381.23;1301.10;-80.13;2682.33
1381.74;1305.60;-76.14;2687.34
1380.39;1302.32;-78.08;2682.71
1379.55;1312.62;-66.94;2692.17
1379.95;1299.44;-80.51;2679.39
1382.25;1304.49;-77.76;2686.74
1380.46;1302.05;-78.42;2682.51
1381.05;1302.36;-78.68;2683.41
1382.13;1302.73;-79.40;2684.86
1384.25;1300.24;-84.01;2684.48
1380.68;1308.25;-72.42;2688.93
1378.69;1309.17;-69.52;2687.86
1380.34;1302.09;-78.25;2682.43
1382.29;1297.89;-84.41;2680.18
1380.11;1305.29;-74.82;2685.39
1379.00;1311.35;-67.65;2690.35
1381.66;1300.14;-81.53;2681.80
1382.60;1299.61;-82.99;2682.21
1380.16;1302.46;-77.70;2682.62
1378.50;1312.25;-66.25;2690.75
1377.83;1300.15;-77.68;2677.98
1381.47;1305.45;-76.02;2686.92
1379.08;1303.85;-75.23;2682.94
1378.42;1314.46;-63.96;2692.88
1380.46;1308.28;-72.18;2688.75
1382.58;1305.34;-77.24;2687.92
1379.31;1308.06;-71.24;2687.37
1386.13;1310.79;-75.34;2696.92
1379.99;1307.09;-72.90;2687.09
1381.99;1301.52;-80.48;2683.51
1380.22;1302.34;-77.88;2682.56
1379.05;1304.93;-74.12;2683.98
1380.63;1299.82;-80.81;2680.45
1382.22;1303.75;-78.47;2685.98
1380.95;1301.91;-79.04;2682.86
1379.62;1302.94;-76.69;2682.56
1380.61;1302.21;-78.40;2682.81
1382.14;1306.51;-75.63;2688.64
1380.49;1301.16;-79.32;2681.65
1380.04;1309.01;-71.03;2689.04
1380.01;1307.58;-72.44;2687.59
1383.67;1299.59;-84.08;2683.26
1380.71;1311.32;-69.38;2692.03
1379.63;1312.78;-66.85;2692.41
1381.01;1298.81;-82.19;2679.82
1383.01;1301.15;-81.86;2684.16
1380.65;1305.60;-75.05;2686.25
1380.45;1309.24;-71.21;2689.68
1381.86;1303.96;-77.89;2685.82
1380.75;1300.74;-80.02;2681.49
1380.96;1303.89;-77.08;2684.85
1378.73;1303.51;-75.22;2682.24
1381.05;1305.56;-75.49;2686.61
1381.99;1303.19;-78.80;2685.18
1380.79;1308.49;-72.30;2689.29
1379.12;1306.70;-72.42;2685.82
1380.47;1305.23;-75.24;2685.70
1381.81;1299.55;-82.26;2681.36
1380.66;1303.16;-77.51;2683.82
1380.24;1305.27;-74.97;2685.51
1382.10;1303.47;-78.63;2685.57
1381.21;1300.03;-81.18;2681.24
1379.76;1307.36;-72.41;2687.12
1379.53;1308.88;-70.65;2688.41
1379.62;1307.89;-71.72;2687.51
1382.28;1299.64;-82.64;2681.92
1380.57;1308.11;-72.46;2688.68
1378.98;1303.55;-75.43;2682.52
1380.71;1303.87;-76.84;2684.58
1382.59;1300.92;-81.67;2683.52
1381.37;1302.04;-79.33;2683.41
1380.08;1302.31;-77.76;2682.39
1380.95;1303.99;-76.96;2684.95
1381.98;1299.67;-82.31;2681.65
1382.22;1309.05;-73.17;2691.28
1379.14;1307.26;-71.88;2686.39
1381.94;1300.36;-81.58;2682.29
1381.62;1298.34;-83.29;2679.96
1380.12;1307.87;-72.25;2687.99
1379.78;1307.59;-72.19;2687.37
1381.95;1299.64;-82.32;2681.59
1382.50;1296.49;-86.01;2678.99
1381.85;1301.96;-79.89;2683.82
1379.61;1309.09;-70.52;2688.71
1380.56;1303.39;-77.17;2683.96
1383.28;1301.61;-81.68;2684.89
1380.94;1302.46;-78.48;2683.41
1380.32;1303.54;-76.79;2683.86
1382.02;1302.67;-79.35;2684.69
1383.06;1301.32;-81.74;2684.39
1382.73;1304.43;-78.30;2687.16
1380.44;1308.84;-71.60;2689.28
1382.50;1306.44;-76.06;2688.94
1384.39;1298.51;-85.88;2682.90
1382.66;1300.36;-82.31;2683.02
1381.52;1306.67;-74.85;2688.19
1381.82;1306.99;-74.83;2688.82
1382.02;1298.59;-83.44;2680.61
1383.12;1301.11;-82.01;2684.23
1380.36;1304.66;-75.69;2685.02
1383.83;1301.19;-82.64;2685.02
1382.92;1300.45;-82.46;2683.37
1381.28;1299.86;-81.42;2681.14
1381.25;1309.85;-71.40;2691.09
1382.03;1299.69;-82.34;2681.72
1383.28;1299.71;-83.57;2682.98
1382.35;1301.08;-81.27;2683.42
1380.85;1305.37;-75.48;2686.22
1382.15;1299.75;-82.41;2681.90
1384.21;1299.43;-84.78;2683.64
1381.82;1302.72;-79.09;2684.54
1380.52;1304.58;-75.94;2685.11
1382.28;1304.49;-77.79;2686.77
1382.53;1308.62;-73.91;2691.15
1382.23;1302.56;-79.66;2684.79
1379.71;1304.26;-75.44;2683.97
1381.64;1302.98;-78.65;2684.62
1383.01;1306.18;-76.84;2689.19
1381.16;1302.44;-78.72;2683.61
1378.84;1303.91;-74.92;2682.75
1382.31;1301.91;-80.39;2684.22
1382.36;1300.66;-81.70;2683.02
1381.46;1299.03;-82.44;2680.49
1379.52;1301.79;-77.73;2681.31
1382.73;1298.49;-84.24;2681.22
1381.76;1299.43;-82.34;2681.19
1381.76;1306.16;-75.60;2687.93
1379.32;1302.74;-76.58;2682.05
1380.72;1310.37;-70.35;2691.09
1384.42;1301.93;-82.49;2686.35
1380.76;1307.69;-73.07;2688.45
1379.98;1304.56;-75.41;2684.54
1380.79;1307.78;-73.01;2688.57
1382.31;1299.72;-82.59;2682.03
1382.02;1303.08;-78.94;2685.09
1379.43;1306.84;-72.59;2686.26
1379.50;1301.77;-77.73;2681.27
1383.27;1303.79;-79.48;2687.06
1380.69;1302.20;-78.49;2682.89
1378.89;1309.94;-68.96;2688.83
1381.06;1300.65;-80.41;2681.72
1384.74;1299.83;-84.91;2684.56
1381.57;1304.94;-76.64;2686.51
1379.75;1304.26;-75.49;2684.01
1380.82;1306.24;-74.58;2687.06
1381.80;1301.48;-80.32;2683.28
1380.59;1303.59;-77.00;2684.18
1376.82;1305.42;-71.40;2682.24
1380.88;1301.42;-79.46;2682.30
1382.26;1298.45;-83.81;2680.71
1379.40;1306.60;-72.80;2686.00
1380.15;1310.26;-69.89;2690.42
1381.17;1302.39;-78.78;2683.56
1381.57;1299.60;-81.97;2681.17
1380.88;1300.92;-79.95;2681.80
1380.94;1301.75;-79.19;2682.68
1380.95;1300.41;-80.55;2681.36
1382.98;1299.62;-83.36;2682.61
1380.54;1304.79;-75.74;2685.33
1378.90;1304.08;-74.82;2682.98
1382.94;1301.50;-81.44;2684.44
1382.12;1301.71;-80.41;2683.82
1382.54;1300.57;-81.96;2683.11
1379.68;1310.34;-69.34;2690.02
1381.39;1303.96;-77.43;2685.36
1383.82;1299.61;-84.21;2683.43
1382.48;1302.64;-79.84;2685.11
1380.47;1301.74;-78.73;2682.21
1381.75;1301.42;-80.33;2683.16
1383.82;1299.39;-84.43;2683.22
1381.29;1302.74;-78.55;2684.04
1380.95;1301.47;-79.48;2682.42
1380.57;1300.24;-80.33;2680.81
1384.32;1298.19;-86.12;2682.51
1379.51;1304.02;-75.49;2683.54
1381.60;1311.04;-70.56;2692.64
1381.61;1297.83;-83.78;2679.44
1382.85;1302.29;-80.55;2685.14
1382.46;1303.96;-78.50;2686.43
1378.94;1302.59;-76.35;2681.54
1381.74;1305.75;-75.99;2687.48
1384.02;1296.21;-87.81;2680.22
1382.32;1305.15;-77.18;2687.47
1378.67;1307.50;-71.17;2686.17
1381.34;1308.15;-73.19;2689.49
1380.91;1302.94;-77.97;2683.85
1381.38;1303.59;-77.78;2684.97
1379.95;1303.69;-76.26;2683.65
1380.54;1298.99;-81.55;2679.53
1383.04;1297.71;-85.34;2680.75
1382.94;1307.70;-75.24;2690.64
1378.69;1308.97;-69.72;2687.66
1380.04;1307.67;-72.36;2687.71
1382.15;1299.84;-82.31;2681.99
1382.11;1307.80;-74.31;2689.91
1378.89;1307.42;-71.46;2686.31
1381.96;1303.04;-78.92;2685.01
1381.22;1303.91;-77.31;2685.14
1380.71;1302.90;-77.81;2683.61
1381.21;1311.11;-70.09;2692.32
1382.68;1298.77;-83.91;2681.45
1383.08;1298.76;-84.32;2681.84
1380.65;1301.37;-79.28;2682.02
1380.62;1308.90;-71.72;2689.52
1380.68;1306.31;-74.37;2686.99
1382.94;1297.07;-85.87;2680.01
1382.76;1298.82;-83.94;2681.59
1380.91;1301.77;-79.14;2682.68
1381.49;1302.99;-78.50;2684.49
1384.06;1304.25;-79.81;2688.31
1381.39;1302.89;-78.49;2684.28
1380.75;1310.25;-70.50;2690.99
1382.81;1301.87;-80.94;2684.68
1382.78;1297.59;-85.19;2680.36
1381.79;1300.06;-81.74;2681.85
1379.72;1311.40;-68.32;2691.12
1380.78;1307.32;-73.46;2688.11
1382.37;1307.31;-75.06;2689.68
1381.63;1303.73;-77.90;2685.36
1378.76;1304.08;-74.69;2682.84
1380.63;1306.02;-74.61;2686.65
1384.56;1295.69;-88.87;2680.26
1381.17;1308.60;-72.57;2689.77
1380.00;1302.76;-77.24;2682.76
1381.79;1302.42;-79.37;2684.21
1383.24;1299.16;-84.08;2682.39
1380.82;1309.32;-71.49;2690.14
1380.31;1307.60;-72.71;2687.91
1381.28;1298.68;-82.60;2679.95
1382.19;1299.28;-82.91;2681.47
1381.16;1303.94;-77.22;2685.11
1380.04;1305.82;-74.21;2685.86
1379.87;1302.86;-77.01;2682.74
1381.89;1301.15;-80.74;2683.04
1381.59;1311.22;-70.37;2692.82
1380.09;1304.79;-75.30;2684.89
1381.18;1308.40;-72.78;2689.58
1381.81;1297.29;-84.52;2679.09
1380.46;1308.13;-72.34;2688.59
1379.97;1306.02;-73.95;2685.99
1381.18;1302.73;-78.45;2683.91
1382.08;1297.99;-84.08;2680.07
1381.23;1307.11;-74.12;2688.34
1380.64;1304.19;-76.44;2684.83
1382.21;1302.01;-80.19;2684.22
1382.39;1299.41;-82.99;2681.80
1382.10;1302.14;-79.96;2684.24
1382.05;1305.01;-77.05;2687.06
1382.04;1299.19;-82.85;2681.22
1383.28;1298.70;-84.58;2681.98
1379.29;1303.42;-75.86;2682.71
1382.05;1305.63;-76.42;2687.68
1382.57;1300.99;-81.58;2683.56
1382.55;1301.58;-80.98;2684.13
1380.65;1303.60;-77.05;2684.25
1379.00;1305.05;-73.95;2684.05
1380.99;1299.91;-81.09;2680.90
1383.71;1296.74;-86.98;2680.45
1380.55;1304.81;-75.74;2685.35
1382.14;1302.01;-80.13;2684.15
1381.55;1300.65;-80.90;2682.19
1383.33;1299.33;-84.00;2682.66
1381.64;1303.03;-78.61;2684.67
1379.22;1313.42;-65.79;2692.64
1380.85;1307.49;-73.35;2688.34
1382.04;1297.18;-84.85;2679.22
1379.56;1309.91;-69.65;2689.48
1379.16;1305.98;-73.18;2685.14
1381.63;1304.16;-77.47;2685.79
1381.14;1299.44;-81.69;2680.58
1379.01;1305.54;-73.46;2684.55
1379.03;1305.22;-73.81;2684.25
1379.94;1301.72;-78.22;2681.66
1381.93;1297.89;-84.04;2679.82
1379.66;1300.79;-78.87;2680.45
1379.52;1305.78;-73.74;2685.31
1381.11;1300.37;-80.74;2681.48
1382.88;1304.59;-78.29;2687.48
1380.25;1300.70;-79.55;2680.95
1378.57;1306.31;-72.26;2684.88
1380.16;1302.24;-77.93;2682.40
1381.52;1303.21;-78.31;2684.73
1379.90;1309.88;-70.02;2689.78
1378.54;1308.75;-69.79;2687.29
1379.78;1304.12;-75.66;2683.89
1380.21;1300.55;-79.66;2680.75
1380.59;1311.61;-68.98;2692.19
1378.54;1308.14;-70.39;2686.68
1381.27;1303.33;-77.94;2684.60
1382.12;1305.29;-76.82;2687.41
1379.82;1304.04;-75.78;2683.86
1378.79;1312.69;-66.10;2691.49
1381.46;1307.22;-74.25;2688.68
1382.22;1300.81;-81.41;2683.04
1378.74;1307.88;-70.86;2686.62
1377.70;1304.67;-73.03;2682.37
1380.82;1299.09;-81.73;2679.91
1384.05;1299.88;-84.17;2683.92
1380.52;1304.95;-75.56;2685.47
1379.22;1309.94;-69.28;2689.15
1380.93;1300.72;-80.21;2681.65
1382.17;1307.69;-74.48;2689.86
1381.91;1303.76;-78.14;2685.67
1377.73;1305.33;-72.40;2683.06
1381.51;1301.48;-80.03;2682.99
1382.15;1303.73;-78.42;2685.88
1380.98;1305.95;-75.03;2686.94
1378.34;1304.59;-73.75;2682.94
1380.19;1302.14;-78.06;2682.33
1381.36;1301.48;-79.89;2682.84
1380.11;1303.14;-76.96;2683.25
1379.19;1306.92;-72.28;2686.11
1379.92;1306.48;-73.45;2686.40
1382.51;1303.35;-79.16;2685.86
1381.92;1304.51;-77.41;2686.42
1377.89;1304.41;-73.48;2682.29
1380.28;1301.79;-78.49;2682.06
1381.60;1304.63;-76.97;2686.23
1379.60;1304.89;-74.71;2684.49
1378.84;1310.86;-67.98;2689.69
1378.96;1302.11;-76.85;2681.08
1381.75;1300.25;-81.50;2681.99
1381.52;1306.95;-74.58;2688.47
1378.58;1306.18;-72.41;2684.76
1380.78;1301.08;-79.70;2681.86
1383.94;1306.52;-77.42;2690.45
1379.96;1305.14;-74.82;2685.09
1378.26;1304.51;-73.75;2682.77
1380.55;1307.04;-73.52;2687.59
1381.78;1305.62;-76.16;2687.41
1382.62;1302.82;-79.81;2685.44
1379.54;1305.98;-73.56;2685.51
1380.14;1304.18;-75.96;2684.31
1381.79;1302.41;-79.38;2684.21
1379.94;1303.74;-76.20;2683.68
1378.65;1312.15;-66.50;2690.79
1380.25;1303.86;-76.39;2684.12
1381.22;1304.18;-77.04;2685.41
1382.82;1302.60;-80.22;2685.42
1380.76;1306.11;-74.65;2686.88
1380.86;1300.52;-80.34;2681.39
1382.82;1299.71;-83.11;2682.54
1380.86;1302.91;-77.96;2683.77
1379.59;1312.88;-66.71;2692.47
1380.46;1301.17;-79.29;2681.64
1381.50;1300.35;-81.15;2681.85
1379.56;1307.57;-71.99;2687.13
1380.02;1304.86;-75.16;2684.89
1380.85;1303.61;-77.24;2684.46
1382.43;1300.55;-81.88;2682.98
1383.11;1301.94;-81.17;2685.04
1379.92;1304.94;-74.98;2684.86
1382.54;1302.00;-80.54;2684.54
1382.06;1297.95;-84.11;2680.01
1380.98;1303.72;-77.25;2684.70
1378.61;1306.88;-71.73;2685.48
1381.90;1301.11;-80.79;2683.01
1382.08;1302.60;-79.48;2684.68
1380.65;1304.97;-75.68;2685.62
1379.65;1309.38;-70.27;2689.04
1381.76;1305.39;-76.37;2687.15
1382.51;1304.29;-78.22;2686.80
1380.21;1308.11;-72.09;2688.32
1379.24;1306.54;-72.70;2685.77
1381.42;1299.23;-82.19;2680.65
1382.21;1301.16;-81.05;2683.38
1380.66;1303.20;-77.46;2683.86
1379.29;1302.44;-76.85;2681.73
1381.12;1307.10;-74.02;2688.22
1381.20;1299.87;-81.33;2681.07
1380.89;1307.16;-73.73;2688.06
1380.36;1308.57;-71.79;2688.94
1381.08;1298.64;-82.44;2679.71
1382.67;1300.89;-81.78;2683.56
1381.78;1301.84;-79.94;2683.61
1379.44;1305.08;-74.36;2684.51
1381.93;1300.82;-81.11;2682.75
1381.41;1299.32;-82.08;2680.73
1383.22;1300.74;-82.49;2683.96
1380.75;1306.58;-74.18;2687.33
1381.96;1300.62;-81.34;2682.58
1382.93;1297.79;-85.14;2680.72
1381.18;1305.02;-76.16;2686.19
1381.57;1306.14;-75.44;2687.71
1381.14;1308.16;-72.98;2689.29
1381.66;1298.49;-83.17;2680.15
1381.48;1307.62;-73.85;2689.10
1379.16;1309.64;-69.52;2688.79
1381.36;1298.42;-82.94;2679.78
1382.15;1297.21;-84.94;2679.35
1380.38;1309.00;-71.38;2689.38
1379.44;1308.26;-71.18;2687.70
1380.52;1301.59;-78.94;2682.11
1380.80;1300.06;-80.74;2680.86
1381.63;1306.17;-75.46;2687.80
1379.71;1304.59;-75.12;2684.31
1381.26;1301.11;-80.16;2682.37
1382.66;1297.95;-84.71;2680.61
1380.62;1303.14;-77.49;2683.76
1379.18;1307.04;-72.14;2686.22
1380.96;1305.26;-75.70;2686.22
1382.48;1304.56;-77.91;2687.04
1381.55;1303.15;-78.40;2684.71
1379.91;1311.25;-68.66;2691.15
1381.36;1301.18;-80.18;2682.54
1382.54;1305.35;-77.19;2687.88
1382.58;1308.11;-74.48;2690.69
1379.58;1309.63;-69.95;2689.21
1380.16;1300.05;-80.11;2680.21
1383.20;1305.17;-78.03;2688.37
1380.98;1303.15;-77.83;2684.14
1379.05;1304.52;-74.53;2683.56
1381.58;1298.48;-83.11;2680.06
1384.01;1302.55;-81.46;2686.56
1381.09;1310.42;-70.68;2691.51
1378.63;1306.55;-72.08;2685.18
1381.59;1301.66;-79.93;2683.26
1381.92;1296.88;-85.04;2678.80
1382.08;1301.66;-80.42;2683.74
1379.51;1310.16;-69.35;2689.66
1380.79;1305.14;-75.66;2685.93
1382.29;1299.35;-82.95;2681.64
1379.98;1303.71;-76.26;2683.69
1378.87;1305.29;-73.58;2684.16
1381.75;1301.22;-80.53;2682.96
1383.28;1299.63;-83.65;2682.91
1380.49;1302.46;-78.02;2682.95
1379.19;1309.22;-69.97;2688.41
1380.22;1301.22;-79.01;2681.44
1381.95;1305.72;-76.24;2687.67
1381.44;1303.23;-78.21;2684.67
1379.58;1308.90;-70.68;2688.48
1380.29;1305.91;-74.38;2686.21
1380.98;1307.69;-73.29;2688.67
1380.85;1308.68;-72.18;2689.53
1380.52;1308.88;-71.64;2689.39
1380.41;1307.79;-72.61;2688.20
1380.54;1301.11;-79.42;2681.65
1380.26;1307.63;-72.63;2687.89
1379.27;1307.03;-72.24;2686.30
1380.92;1302.79;-78.12;2683.71
1382.35;1304.09;-78.26;2686.44
1380.78;1309.94;-70.84;2690.72
1378.17;1305.17;-73.00;2683.34
1379.35;1305.14;-74.21;2684.49
1383.07;1303.84;-79.24;2686.91
1382.11;1299.86;-82.25;2681.96
1379.28;1311.26;-68.02;2690.54
1381.90;1308.59;-73.31;2690.49
1381.99;1296.92;-85.06;2678.91
1380.86;1300.55;-80.32;2681.41
1378.66;1304.98;-73.68;2683.64
1381.02;1305.68;-75.34;2686.70
1382.31;1305.22;-77.08;2687.53
1380.89;1302.88;-78.01;2683.77
1379.22;1310.03;-69.19;2689.25
1380.81;1302.32;-78.49;2683.14
1382.04;1299.37;-82.66;2681.41
1380.46;1303.32;-77.14;2683.78
1378.27;1306.05;-72.22;2684.32
1380.22;1301.97;-78.25;2682.19
1382.48;1299.57;-82.91;2682.05
1379.35;1304.78;-74.58;2684.13
1379.40;1304.08;-75.32;2683.48
1380.14;1300.14;-80.00;2680.27
1380.54;1300.82;-79.72;2681.35
1379.78;1303.22;-76.56;2682.99
1378.97;1303.45;-75.52;2682.42
1380.46;1301.24;-79.22;2681.71
1381.55;1306.46;-75.09;2688.01
1379.89;1306.61;-73.28;2686.51
1379.35;1303.92;-75.43;2683.26
1380.50;1301.37;-79.13;2681.87
1381.42;1303.45;-77.98;2684.87
1379.20;1302.78;-76.42;2681.98
1379.70;1309.82;-69.88;2689.52
1380.80;1304.32;-76.48;2685.12
1380.78;1299.78;-81.01;2680.56
1381.24;1307.75;-73.49;2688.99
1378.96;1304.47;-74.49;2683.44
1381.40;1300.70;-80.70;2682.10
1383.14;1307.02;-76.12;2690.15
1378.90;1307.96;-70.94;2686.86
1379.46;1304.12;-75.34;2683.58
1380.42;1300.64;-79.78;2681.06
1383.25;1301.30;-81.95;2684.55
1381.32;1299.88;-81.44;2681.19
1380.45;1303.72;-76.73;2684.16
1381.24;1304.80;-76.44;2686.04
1380.35;1303.34;-77.01;2683.69
1381.33;1308.47;-72.86;2689.80
1379.51;1308.11;-71.40;2687.62
1380.36;1302.28;-78.09;2682.64
1381.72;1302.26;-79.46;2683.98
1381.82;1304.48;-77.34;2686.29
1379.61;1305.79;-73.82;2685.41
1379.47;1300.45;-79.02;2679.92
1381.75;1303.65;-78.10;2685.39
1380.91;1302.71;-78.19;2683.62
1378.71;1310.69;-68.02;2689.40
1381.25;1309.39;-71.86;2690.64
1383.74;1296.77;-86.97;2680.51
1380.98;1302.02;-78.95;2683.00
1381.16;1305.29;-75.88;2686.45
1381.61;1300.94;-80.66;2682.55
1382.11;1297.94;-84.17;2680.04
1381.98;1303.42;-78.56;2685.40
1379.38;1304.45;-74.93;2683.84
1380.52;1300.95;-79.57;2681.48
1382.13;1300.68;-81.45;2682.81
1380.66;1306.28;-74.38;2686.94
1379.21;1304.91;-74.29;2684.12
1379.32;1302.73;-76.59;2682.05
1382.35;1301.16;-81.18;2683.51
1380.79;1307.74;-73.05;2688.54
1379.06;1303.96;-75.10;2683.02
1380.85;1301.62;-79.23;2682.46
1382.08;1305.15;-76.94;2687.23
1381.21;1307.95;-73.26;2689.16
1380.82;1305.11;-75.72;2685.93
1380.79;1302.56;-78.22;2683.35
1384.25;1299.39;-84.86;2683.64
1380.69;1299.63;-81.06;2680.32
1379.72;1304.84;-74.88;2684.56
1381.44;1305.48;-75.96;2686.92
1383.05;1304.41;-78.65;2687.46
1380.10;1299.16;-80.94;2679.26
1379.84;1308.84;-71.00;2688.68
1380.49;1306.81;-73.68;2687.29
1380.99;1302.12;-78.86;2683.11
1381.85;1305.89;-75.96;2687.74
1378.31;1305.19;-73.11;2683.50
1380.18;1301.93;-78.25;2682.11
1382.33;1299.45;-82.88;2681.78
1379.94;1301.16;-78.77;2681.10
1380.09;1307.88;-72.22;2687.97
1381.09;1305.98;-75.11;2687.06
1382.19;1305.52;-76.67;2687.72
1381.91;1306.29;-75.62;2688.21
1379.32;1306.50;-72.82;2685.82
1381.89;1298.56;-83.33;2680.45
1381.19;1296.51;-84.68;2677.69
1380.44;1302.80;-77.64;2683.24
1379.12;1310.68;-68.44;2689.79
1381.64;1302.05;-79.58;2683.69
1384.54;1299.75;-84.79;2684.28
1381.78;1303.65;-78.13;2685.44
1380.75;1305.02;-75.74;2685.77
1381.03;1300.67;-80.36;2681.70
1383.53;1302.75;-80.78;2686.28
1380.21;1303.91;-76.29;2684.12
1377.64;1305.50;-72.14;2683.14
1379.76;1300.06;-79.70;2679.83
1380.82;1300.62;-80.19;2681.44
1380.94;1308.77;-72.17;2689.71
1379.21;1305.80;-73.41;2685.01
1383.24;1304.12;-79.11;2687.36
1382.42;1304.91;-77.52;2687.33
1380.97;1304.09;-76.88;2685.06
1379.69;1305.45;-74.24;2685.14
1381.37;1307.01;-74.36;2688.38
1382.52;1299.56;-82.96;2682.08
1381.86;1303.90;-77.96;2685.76
1380.08;1305.23;-74.85;2685.31
1381.44;1300.25;-81.19;2681.69
1382.35;1304.67;-77.68;2687.02
1382.58;1300.42;-82.15;2683.00
1381.42;1311.39;-70.02;2692.81
1379.25;1302.62;-76.63;2681.88
1382.56;1303.79;-78.77;2686.35
1381.08;1303.17;-77.91;2684.25
1380.81;1304.69;-76.12;2685.50
1381.23;1301.26;-79.97;2682.49
1381.19;1297.70;-83.49;2678.89
1380.47;1304.19;-76.28;2684.66
1380.38;1304.95;-75.43;2685.34
1379.81;1301.35;-78.46;2681.16
1381.99;1303.00;-78.99;2684.99
1380.91;1305.49;-75.42;2686.41
1380.54;1303.18;-77.36;2683.72
1379.60;1299.40;-80.20;2679.00
1383.91;1299.15;-84.76;2683.06
1380.75;1307.10;-73.65;2687.85
1380.61;1303.16;-77.45;2683.78
1380.29;1300.76;-79.54;2681.05
1383.16;1303.48;-79.68;2686.64
1381.50;1302.72;-78.78;2684.22
1379.56;1305.89;-73.66;2685.45
1379.85;1306.04;-73.82;2685.89
1382.34;1298.00;-84.34;2680.34
1380.12;1301.82;-78.31;2681.94
1380.55;1303.74;-76.81;2684.29
1382.82;1306.23;-76.59;2689.05
1383.88;1305.09;-78.79;2688.98
1381.21;1304.52;-76.69;2685.72
1378.82;1303.56;-75.25;2682.38
1380.96;1299.63;-81.34;2680.59
1383.15;1300.09;-83.06;2683.24
1382.25;1303.65;-78.59;2685.90
1379.36;1306.64;-72.72;2686.01
1381.46;1307.76;-73.70;2689.22
1382.82;1302.22;-80.60;2685.05
1382.36;1309.84;-72.52;2692.21
1379.90;1304.50;-75.40;2684.40
1382.21;1299.49;-82.72;2681.69
1381.80;1302.99;-78.81;2684.79
1380.32;1300.99;-79.33;2681.31
1379.58;1309.74;-69.84;2689.32
1381.98;1303.72;-78.26;2685.70
1382.21;1304.36;-77.85;2686.58
1381.48;1305.31;-76.16;2686.79
1379.74;1306.68;-73.05;2686.42
1379.94;1300.04;-79.90;2679.98
1382.55;1300.15;-82.41;2682.70
1380.46;1300.92;-79.54;2681.38
1380.67;1307.08;-73.59;2687.75
1379.14;1302.56;-76.58;2681.71
1382.94;1301.05;-81.89;2683.99
1381.29;1304.35;-76.94;2685.64
1380.19;1304.70;-75.49;2684.89
1381.91;1306.42;-75.48;2688.33
1382.32;1297.38;-84.94;2679.70
1380.88;1304.03;-76.85;2684.91
1381.59;1307.95;-73.64;2689.54
1380.64;1301.34;-79.30;2681.98
1380.29;1298.42;-81.86;2678.71
1381.28;1301.91;-79.37;2683.18
1379.40;1306.38;-73.02;2685.78
1381.69;1301.08;-80.61;2682.78
1381.46;1306.49;-74.97;2687.96
1380.92;1300.40;-80.52;2681.32
1379.35;1309.76;-69.59;2689.11
1382.05;1301.62;-80.44;2683.67
1382.93;1303.93;-79.00;2686.86
1382.06;1302.02;-80.05;2684.08
1381.15;1306.34;-74.82;2687.49
1381.66;1306.59;-75.06;2688.25
1382.94;1300.45;-82.49;2683.38
1381.69;1303.18;-78.51;2684.86
1379.07;1304.45;-74.62;2683.52
1380.89;1304.14;-76.76;2685.03
1382.05;1301.33;-80.72;2683.38
1379.64;1308.43;-71.21;2688.06
1378.10;1312.00;-66.10;2690.10
1380.95;1303.08;-77.86;2684.03
1381.80;1305.53;-76.27;2687.33
1382.52;1302.98;-79.54;2685.51
1380.99;1309.10;-71.89;2690.09
1381.05;1302.96;-78.09;2684.01
1381.21;1299.69;-81.52;2680.90
1380.78;1304.97;-75.81;2685.75
1379.34;1305.89;-73.45;2685.23
1380.28;1299.01;-81.26;2679.29
1382.28;1300.42;-81.85;2682.70
1380.95;1301.41;-79.54;2682.35
1379.36;1304.39;-74.97;2683.76
1379.74;1302.84;-76.89;2682.58
1382.12;1299.72;-82.39;2681.84
1380.29;1307.02;-73.26;2687.31
1380.64;1304.43;-76.21;2685.06
1380.88;1303.47;-77.41;2684.35
1382.44;1299.66;-82.78;2682.11
1380.95;1305.73;-75.22;2686.68
1379.98;1308.88;-71.10;2688.85
1379.86;1300.79;-79.06;2680.65
1382.35;1296.26;-86.09;2678.61
1382.78;1304.73;-78.05;2687.51
1379.56;1307.94;-71.62;2687.51
1379.74;1306.89;-72.85;2686.62
1380.86;1300.56;-80.30;2681.43
1380.69;1306.01;-74.68;2686.71
1378.82;1310.79;-68.03;2689.62
1381.61;1310.32;-71.29;2691.92
1381.01;1299.78;-81.24;2680.79
1380.75;1301.84;-78.91;2682.58
1379.89;1309.08;-70.82;2688.97
1380.75;1301.82;-78.93;2682.56
1381.45;1305.56;-75.88;2687.01
1379.79;1302.37;-77.42;2682.16
1378.78;1305.10;-73.68;2683.88
1380.62;1299.66;-80.96;2680.29
1381.12;1307.12;-73.99;2688.24
1381.87;1302.39;-79.48;2684.26
1378.82;1310.65;-68.16;2689.47
1380.84;1304.15;-76.69;2684.98
1380.89;1299.21;-81.69;2680.10
1380.96;1306.61;-74.35;2687.56
1378.34;1302.49;-75.85;2680.84
1380.19;1304.01;-76.18;2684.19
1381.95;1301.21;-80.75;2683.16
1380.08;1307.56;-72.52;2687.64
1378.77;1310.96;-67.81;2689.73
1380.29;1301.01;-79.28;2681.29
1381.91;1300.66;-81.25;2682.57
1380.12;1303.49;-76.64;2683.61
1380.45;1305.00;-75.45;2685.45
1380.72;1301.81;-78.91;2682.53
1381.54;1304.52;-77.02;2686.05
1380.05;1300.88;-79.17;2680.92
1379.39;1304.14;-75.25;2683.52
1380.43;1306.98;-73.45;2687.41
1381.59;1297.78;-83.81;2679.37
1381.52;1303.16;-78.36;2684.68
1379.25;1306.69;-72.56;2685.94
1380.69;1302.90;-77.79;2683.59
1382.30;1301.62;-80.68;2683.92
1381.41;1308.89;-72.51;2690.30
1379.81;1304.28;-75.54;2684.09
1381.05;1307.46;-73.59;2688.52
1380.47;1304.23;-76.24;2684.70
1380.29;1302.98;-77.31;2683.26
1380.91;1303.48;-77.44;2684.39
1380.02;1308.87;-71.15;2688.89
1382.81;1296.68;-86.14;2679.49
1381.58;1307.52;-74.05;2689.10
1379.02;1307.33;-71.69;2686.35
1380.36;1307.39;-72.97;2687.76
1383.06;1296.51;-86.55;2679.58
1381.12;1308.35;-72.77;2689.46
1380.84;1303.38;-77.46;2684.21
1382.16;1299.76;-82.39;2681.92
1382.85;1299.38;-83.46;2682.23
1381.51;1303.55;-77.96;2685.05
1379.60;1309.64;-69.96;2689.24
1380.22;1309.29;-70.93;2689.51
1381.48;1303.91;-77.57;2685.39
1380.42;1307.69;-72.73;2688.12
1379.74;1306.19;-73.54;2685.93
1379.86;1301.99;-77.88;2681.85
1382.28;1300.61;-81.67;2682.88
1379.68;1301.81;-77.86;2681.49
1381.49;1303.01;-78.48;2684.49
1380.83;1299.67;-81.16;2680.50
1382.14;1304.22;-77.92;2686.36
1381.80;1311.65;-70.15;2693.45
1379.02;1302.61;-76.42;2681.63
1380.14;1299.15;-80.99;2679.29
1381.28;1299.36;-81.92;2680.64
1381.02;1307.56;-73.46;2688.59
1379.11;1310.80;-68.31;2689.91
1379.42;1302.98;-76.44;2682.39
1380.99;1302.88;-78.11;2683.86
1378.95;1306.19;-72.75;2685.14
1378.72;1304.92;-73.81;2683.64
1381.70;1302.84;-78.86;2684.54
1382.34;1299.60;-82.74;2681.94
1379.15;1309.64;-69.52;2688.79
1377.91;1309.78;-68.12;2687.69
1379.61;1303.17;-76.44;2682.78
1383.58;1300.09;-83.49;2683.67
1380.88;1302.60;-78.28;2683.48
1379.32;1303.82;-75.50;2683.15
1379.90;1306.73;-73.17;2686.63
1381.58;1296.82;-84.76;2678.39
1380.57;1309.02;-71.55;2689.59
1378.62;1305.69;-72.94;2684.31
1380.59;1303.75;-76.85;2684.34
1381.55;1297.46;-84.09;2679.01
1380.40;1309.09;-71.31;2689.49
1380.13;1307.90;-72.23;2688.03
1380.58;1300.52;-80.06;2681.09
1380.02;1300.49;-79.54;2680.51
1381.26;1305.01;-76.26;2686.27
1378.37;1310.25;-68.12;2688.62
1380.92;1302.46;-78.46;2683.38
1381.58;1303.76;-77.82;2685.34
1380.75;1302.87;-77.88;2683.62
1376.45;1309.46;-66.99;2685.91
1380.37;1307.55;-72.82;2687.92
1381.49;1299.58;-81.91;2681.06
1379.89;1302.89;-77.00;2682.79
1377.31;1312.71;-64.59;2690.02
1380.34;1304.73;-75.61;2685.06
1383.92;1300.18;-83.75;2684.10
1381.94;1302.62;-79.32;2684.56
1380.56;1304.79;-75.78;2685.35
1380.76;1301.66;-79.09;2682.42
1381.79;1305.98;-75.81;2687.76
1380.15;1307.84;-72.31;2687.98
1378.52;1302.94;-75.58;2681.46
1379.63;1306.21;-73.42;2685.84
1382.73;1300.04;-82.69;2682.77
1381.37;1302.64;-78.73;2684.01
1379.65;1311.64;-68.01;2691.28
1380.08;1303.42;-76.65;2683.50
1381.46;1300.66;-80.80;2682.12
1380.72;1301.25;-79.46;2681.97
1379.69;1307.13;-72.56;2686.82
1379.76;1309.43;-70.33;2689.19
1382.57;1304.31;-78.26;2686.88
1380.12;1311.29;-68.84;2691.41
1379.11;1306.35;-72.75;2685.46
1379.88;1300.26;-79.62;2680.14
1381.61;1298.78;-82.84;2680.39
1379.92;1301.37;-78.55;2681.29
1380.05;1311.78;-68.27;2691.84
1380.33;1302.05;-78.28;2682.38
1381.14;1298.35;-82.79;2679.49
1380.92;1307.35;-73.58;2688.27
1380.34;1304.36;-75.97;2684.70
1382.75;1308.60;-74.15;2691.35
1381.32;1304.49;-76.84;2685.81
1382.59;1300.35;-82.24;2682.94
1378.91;1310.19;-68.71;2689.10
1379.85;1305.51;-74.35;2685.36
1382.64;1298.16;-84.48;2680.79
1380.25;1306.08;-74.17;2686.34
1378.59;1304.88;-73.71;2683.48
1379.88;1298.54;-81.35;2678.42
1381.39;1303.94;-77.46;2685.33
1380.81;1302.60;-78.21;2683.41
1379.01;1306.08;-72.93;2685.09
1379.81;1300.97;-78.84;2680.78
1381.80;1298.36;-83.44;2680.16
1381.45;1303.16;-78.29;2684.61
1378.66;1308.64;-70.02;2687.31
1379.90;1299.52;-80.38;2679.42
1381.47;1298.88;-82.59;2680.35
1379.20;1307.86;-71.34;2687.06
1379.60;1305.91;-73.69;2685.51
1380.22;1305.42;-74.80;2685.64
1382.90;1304.15;-78.75;2687.05
1381.05;1303.01;-78.04;2684.06
1379.44;1311.99;-67.45;2691.42
1380.67;1298.33;-82.34;2679.00
1382.67;1296.21;-86.46;2678.88
1380.79;1302.06;-78.73;2682.85
1380.52;1310.58;-69.94;2691.10
1382.12;1300.59;-81.53;2682.72
1383.39;1304.32;-79.07;2687.71
1382.58;1301.62;-80.96;2684.20
1379.74;1304.06;-75.68;2683.80
1380.86;1307.59;-73.27;2688.45
1383.51;1300.73;-82.78;2684.24
1381.29;1305.97;-75.32;2687.26
1379.42;1305.31;-74.12;2684.73
1379.26;1301.19;-78.06;2680.45
1381.78;1306.95;-74.84;2688.73
1381.70;1306.49;-75.21;2688.19
1379.84;1306.98;-72.86;2686.82
1380.23;1300.16;-80.06;2680.39
1382.79;1299.49;-83.31;2682.28
1380.34;1307.39;-72.94;2687.73
1380.02;1313.32;-66.70;2693.35
1382.24;1302.34;-79.91;2684.58
1380.72;1300.22;-80.51;2680.94
1381.24;1310.60;-70.64;2691.84
1379.84;1307.81;-72.03;2687.64
1382.20;1306.51;-75.69;2688.71
1381.91;1297.20;-84.71;2679.11
1380.92;1301.81;-79.11;2682.74
1379.21;1309.76;-69.44;2688.97
1381.69;1302.39;-79.30;2684.09
1381.34;1306.89;-74.45;2688.24
1380.58;1304.68;-75.90;2685.25
1379.40;1310.07;-69.33;2689.47
1380.11;1302.18;-77.93;2682.29
1381.31;1304.98;-76.32;2686.29
1380.89;1304.68;-76.21;2685.57
1378.48;1306.91;-71.56;2685.39
1380.92;1301.85;-79.07;2682.76
1382.61;1302.88;-79.72;2685.49
1380.03;1300.56;-79.46;2680.59
1379.74;1302.25;-77.49;2681.99
1380.69;1299.87;-80.82;2680.56
1381.11;1299.89;-81.21;2681.00
1380.89;1310.94;-69.96;2691.83
1380.28;1302.44;-77.84;2682.72
1379.76;1301.92;-77.85;2681.68
1381.85;1306.11;-75.74;2687.96
1381.67;1309.33;-72.34;2691.00
1379.07;1304.41;-74.66;2683.48
1382.28;1303.12;-79.16;2685.40
1382.56;1299.92;-82.65;2682.48
1381.82;1305.53;-76.29;2687.35
1379.71;1303.31;-76.39;2683.02
1380.76;1308.17;-72.59;2688.93
1381.18;1299.35;-81.84;2680.53
1382.49;1299.89;-82.60;2682.38
1379.98;1307.74;-72.24;2687.71
1379.49;1305.65;-73.84;2685.15
1382.14;1297.31;-84.83;2679.45
1380.89;1310.42;-70.46;2691.31
1379.29;1303.28;-76.01;2682.58
1379.66;1301.99;-77.67;2681.65
1380.89;1303.21;-77.68;2684.11
1380.57;1302.84;-77.74;2683.41
1380.69;1305.43;-75.26;2686.12
1380.54;1308.16;-72.37;2688.70
1381.61;1302.46;-79.15;2684.07
1381.82;1301.48;-80.34;2683.29
1380.77;1307.31;-73.46;2688.08
1379.72;1301.55;-78.16;2681.27
1381.81;1300.55;-81.26;2682.35
1379.97;1302.60;-77.37;2682.57
1378.48;1310.67;-67.81;2689.15
1381.07;1299.55;-81.52;2680.62
1382.57;1304.31;-78.26;2686.88
1380.44;1302.25;-78.19;2682.68
1379.61;1305.04;-74.57;2684.65
1380.57;1301.84;-78.74;2682.41
1381.54;1298.99;-82.55;2680.54
1381.01;1302.82;-78.19;2683.84
1380.95;1302.67;-78.28;2683.62
1381.20;1309.81;-71.39;2691.01
1381.36;1300.93;-80.43;2682.29
1380.14;1303.29;-76.85;2683.43
1380.40;1310.02;-70.38;2690.42
1379.88;1299.16;-80.71;2679.04
1382.87;1297.08;-85.79;2679.95
1381.94;1301.99;-79.95;2683.94
1379.70;1305.42;-74.28;2685.12
1380.71;1299.12;-81.58;2679.83
1381.99;1299.72;-82.28;2681.71
1381.84;1304.71;-77.13;2686.55
1379.41;1308.72;-70.69;2688.14
1381.59;1301.67;-79.92;2683.26
1382.99;1301.06;-81.94;2684.05
1381.33;1308.26;-73.07;2689.59
1378.99;1306.04;-72.95;2685.04
1381.47;1307.34;-74.13;2688.81
1381.35;1297.17;-84.18;2678.52
1382.15;1304.16;-77.99;2686.31
1378.95;1306.95;-72.00;2685.91
1380.93;1306.51;-74.42;2687.44
1382.26;1301.91;-80.35;2684.17
1381.64;1300.25;-81.39;2681.89
1380.25;1308.29;-71.96;2688.54
1381.95;1302.02;-79.92;2683.97
1380.73;1307.31;-73.42;2688.04
1382.11;1307.45;-74.66;2689.55
1378.47;1311.99;-66.48;2690.46
1379.99;1298.41;-81.59;2678.40
1381.74;1300.07;-81.67;2681.81
1381.05;1302.89;-78.15;2683.94
1380.81;1306.45;-74.36;2687.26
1379.92;1301.31;-78.61;2681.22
1382.52;1299.73;-82.79;2682.25
1381.18;1302.38;-78.80;2683.56
1379.57;1304.47;-75.10;2684.04
1380.69;1306.32;-74.36;2687.01
1381.26;1303.81;-77.45;2685.06
1380.68;1307.79;-72.89;2688.48
1380.61;1304.37;-76.24;2684.98
1380.27;1303.41;-76.86;2683.68
1382.65;1298.94;-83.72;2681.59
1381.68;1306.34;-75.34;2688.01
1379.39;1302.38;-77.02;2681.77
1380.50;1305.63;-74.87;2686.13
1383.24;1299.24;-84.00;2682.47
1382.52;1307.74;-74.78;2690.26
1380.44;1304.85;-75.59;2685.29
1381.88;1308.21;-73.67;2690.08
1382.52;1304.39;-78.12;2686.91
1381.19;1303.41;-77.78;2684.59
1379.21;1307.81;-71.40;2687.02
1380.23;1301.06;-79.16;2681.29
1382.84;1305.61;-77.24;2688.45
1380.91;1309.82;-71.09;2690.74
1379.70;1305.19;-74.51;2684.89
1380.82;1301.73;-79.09;2682.55
1382.96;1301.99;-80.96;2684.95
1381.41;1303.82;-77.59;2685.22
1378.57;1313.64;-64.94;2692.21
1380.25;1301.53;-78.72;2681.78
1382.36;1304.87;-77.49;2687.23
1381.41;1305.19;-76.22;2686.60
1381.35;1306.18;-75.17;2687.52
1381.92;1304.08;-77.84;2686.01
1383.08;1304.68;-78.40;2687.76
1380.97;1300.07;-80.90;2681.04
1379.04;1303.50;-75.54;2682.54
1381.72;1306.17;-75.55;2687.89
1382.78;1302.57;-80.21;2685.35
1380.90;1302.89;-78.01;2683.79
1379.85;1308.90;-70.95;2688.75
1381.95;1301.01;-80.94;2682.96
1382.81;1296.94;-85.86;2679.75
1381.09;1300.29;-80.81;2681.38
1379.95;1305.66;-74.29;2685.61
1381.73;1300.86;-80.86;2682.59
1383.36;1295.91;-87.46;2679.27
1382.45;1301.58;-80.87;2684.04
1379.06;1306.06;-73.00;2685.12
1383.15;1306.39;-76.76;2689.54
1380.78;1301.64;-79.14;2682.42
1382.01;1303.76;-78.25;2685.76
1380.86;1306.72;-74.14;2687.58
1381.09;1301.30;-79.79;2682.39
1383.71;1300.83;-82.88;2684.54
1380.91;1309.29;-71.62;2690.20
1380.88;1305.16;-75.72;2686.05
1380.46;1302.66;-77.80;2683.13
1382.24;1305.66;-76.58;2687.91
1382.92;1309.14;-73.78;2692.06
1379.42;1312.24;-67.18;2691.66
1381.15;1299.55;-81.61;2680.70
1382.61;1302.48;-80.14;2685.09
1381.23;1302.59;-78.64;2683.82
1380.21;1305.85;-74.35;2686.06
1380.80;1301.27;-79.53;2682.07
1383.25;1303.66;-79.59;2686.91
1380.65;1300.09;-80.56;2680.74
1379.56;1304.97;-74.59;2684.54
1382.05;1298.94;-83.11;2680.99
1381.71;1302.14;-79.57;2683.85
1382.63;1304.54;-78.09;2687.16
1380.64;1309.31;-71.33;2689.94
1381.40;1306.25;-75.15;2687.65
1382.62;1303.01;-79.62;2685.63
1381.26;1303.39;-77.88;2684.65
1380.07;1305.18;-74.89;2685.25
1379.24;1306.58;-72.65;2685.82
1381.60;1299.24;-82.36;2680.84
1380.68;1302.52;-78.16;2683.21
1378.84;1308.71;-70.12;2687.55
1380.47;1301.21;-79.26;2681.68
1381.42;1304.99;-76.43;2686.41
1380.75;1301.78;-78.97;2682.54
1379.21;1310.57;-68.64;2689.78
1380.18;1307.12;-73.06;2687.30
1382.99;1299.99;-83.00;2682.98
1380.77;1299.74;-81.04;2680.51
1379.51;1304.88;-74.62;2684.39
1382.37;1302.05;-80.32;2684.42
1383.26;1302.87;-80.39;2686.14
1382.21;1304.48;-77.74;2686.69
1379.04;1309.92;-69.11;2688.96
1382.31;1301.36;-80.95;2683.68
1383.58;1300.93;-82.65;2684.51
1381.06;1300.44;-80.62;2681.51
1381.38;1306.54;-74.84;2687.92
1381.10;1300.41;-80.69;2681.51
1382.61;1305.85;-76.76;2688.46
1379.86;1303.66;-76.20;2683.53
1378.08;1310.16;-67.92;2688.24
1381.22;1299.28;-81.94;2680.50
1382.04;1302.51;-79.53;2684.54
1381.27;1310.02;-71.25;2691.29
1381.61;1310.48;-71.13;2692.08
1379.91;1305.49;-74.41;2685.40
1382.26;1298.99;-83.28;2681.25
1381.52;1303.19;-78.32;2684.71
1380.59;1304.18;-76.41;2684.78
1380.19;1301.85;-78.35;2682.04
1382.34;1305.17;-77.16;2687.51
1380.22;1302.98;-77.24;2683.21
1379.69;1303.38;-76.31;2683.06
1380.85;1302.84;-78.02;2683.69
1382.59;1301.11;-81.48;2683.69
1381.08;1302.98;-78.10;2684.05
1379.74;1305.12;-74.62;2684.86
1379.31;1302.75;-76.55;2682.06
1382.94;1301.24;-81.70;2684.18
1381.35;1309.30;-72.05;2690.65
1380.44;1302.17;-78.26;2682.61
1381.35;1301.29;-80.06;2682.64
1383.98;1299.05;-84.92;2683.03
1380.33;1310.28;-70.05;2690.61
1379.42;1304.75;-74.66;2684.17
1380.39;1306.79;-73.61;2687.18
1382.29;1300.58;-81.72;2682.87
1379.78;1310.99;-68.79;2690.76
1379.66;1303.00;-76.66;2682.66
1380.45;1299.48;-80.98;2679.93
1383.13;1300.54;-82.59;2683.67
1379.89;1303.22;-76.67;2683.11
1381.81;1305.83;-75.98;2687.64
1381.52;1302.56;-78.95;2684.08
1381.44;1300.96;-80.48;2682.40
1380.85;1300.38;-80.48;2681.23
1378.66;1304.34;-74.32;2682.99
1381.14;1301.61;-79.52;2682.75
1381.48;1303.34;-78.14;2684.82
1381.19;1303.65;-77.54;2684.84
1379.30;1312.19;-67.11;2691.49
1380.20;1302.90;-77.30;2683.10
1381.42;1298.47;-82.95;2679.89
1381.16;1303.45;-77.72;2684.61
1379.76;1306.22;-73.55;2685.98
1380.71;1301.12;-79.58;2681.83
1383.05;1304.15;-78.91;2687.20
1380.18;1303.33;-76.85;2683.51
1379.45;1307.80;-71.65;2687.25
1380.80;1302.58;-78.22;2683.38
1380.42;1300.73;-79.69;2681.15
1382.63;1302.98;-79.65;2685.61
1378.87;1303.68;-75.19;2682.55
1381.62;1306.66;-74.96;2688.28
1382.16;1305.19;-76.98;2687.35
1381.23;1304.80;-76.43;2686.03
1379.72;1309.88;-69.85;2689.60
1380.55;1302.84;-77.71;2683.39
1382.13;1305.70;-76.43;2687.83
1382.24;1306.91;-75.33;2689.14
1380.04;1303.49;-76.55;2683.53
1380.65;1300.35;-80.31;2681.00
1382.95;1294.75;-88.19;2677.70
1381.44;1303.05;-78.38;2684.49
1379.00;1305.54;-73.46;2684.54
1380.20;1300.58;-79.62;2680.78
1382.94;1297.68;-85.26;2680.62
1380.65;1300.79;-79.86;2681.45
1379.51;1302.69;-76.82;2682.19
1379.91;1301.40;-78.51;2681.31
1383.73;1303.03;-80.70;2686.76
1382.01;1302.52;-79.49;2684.52
1379.94;1307.32;-72.62;2687.25
1380.74;1301.40;-79.34;2682.14
1382.06;1297.79;-84.27;2679.86
1382.28;1307.16;-75.12;2689.45
1380.32;1307.18;-73.15;2687.50
1382.41;1299.21;-83.20;2681.62
1381.06;1299.11;-81.95;2680.18
1380.32;1301.95;-78.36;2682.27
1382.11;1310.17;-71.94;2692.28
1380.60;1307.67;-72.93;2688.27
1380.91;1298.56;-82.35;2679.46
1380.52;1305.37;-75.15;2685.89
1378.60;1304.01;-74.59;2682.61
1380.34;1303.56;-76.78;2683.89
1382.16;1304.54;-77.62;2686.69
1382.23;1302.27;-79.96;2684.50
1378.83;1304.39;-74.44;2683.22
1381.75;1302.56;-79.18;2684.31
1381.31;1303.01;-78.31;2684.32
1382.11;1302.81;-79.31;2684.92
1379.57;1304.65;-74.92;2684.22
1379.76;1306.45;-73.31;2686.22
1382.45;1299.42;-83.03;2681.88
1382.09;1300.81;-81.28;2682.90
1379.45;1311.63;-67.82;2691.08
1380.09;1302.18;-77.91;2682.26
1382.46;1301.81;-80.65;2684.28
1380.46;1302.15;-78.32;2682.61
1379.09;1309.52;-69.56;2688.61
1380.27;1303.05;-77.22;2683.32
1382.75;1301.18;-81.56;2683.93
1382.61;1307.58;-75.04;2690.19
1378.50;1305.69;-72.81;2684.19
1381.09;1308.10;-72.99;2689.19
1382.52;1303.92;-78.60;2686.44
1381.84;1306.38;-75.46;2688.21
1380.65;1312.94;-67.71;2693.58
1379.38;1299.06;-80.32;2678.44
1383.06;1306.69;-76.37;2689.75
1380.19;1303.01;-77.18;2683.19
1380.55;1306.91;-73.64;2687.46
1380.32;1300.66;-79.65;2680.98
1382.38;1301.84;-80.54;2684.22
1382.59;1307.08;-75.51;2689.67
1380.41;1304.48;-75.93;2684.89
1380.25;1303.27;-76.98;2683.52
1382.69;1304.34;-78.36;2687.03
1382.47;1304.24;-78.23;2686.71
1380.26;1304.63;-75.63;2684.89
1379.95;1301.51;-78.44;2681.45
1381.11;1297.15;-83.96;2678.25
1381.92;1300.04;-81.88;2681.96
1378.32;1310.96;-67.36;2689.29
1381.65;1299.95;-81.70;2681.59
1380.30;1305.31;-74.99;2685.61
1380.56;1303.16;-77.40;2683.72
1378.41;1303.98;-74.42;2682.39
1379.84;1308.27;-71.56;2688.11
1381.13;1299.59;-81.54;2680.72
1381.09;1307.05;-74.04;2688.14
1381.69;1308.72;-72.97;2690.41
1381.53;1308.12;-73.41;2689.65
1383.26;1299.81;-83.45;2683.08
1380.28;1302.13;-78.15;2682.41
1379.36;1303.97;-75.39;2683.34
1380.58;1301.54;-79.04;2682.12
1383.24;1307.85;-75.39;2691.08
1380.68;1307.53;-73.15;2688.21
1381.82;1304.39;-77.44;2686.21
1380.21;1306.47;-73.74;2686.68
1383.59;1306.26;-77.32;2689.85
1380.80;1308.36;-72.44;2689.16
1378.50;1308.51;-69.99;2687.01
1381.35;1305.31;-76.05;2686.66
1381.52;1301.08;-80.44;2682.60
1381.16;1302.46;-78.70;2683.62
1379.31;1307.18;-72.13;2686.48
1380.67;1303.31;-77.36;2683.98
1381.58;1304.73;-76.85;2686.31
1380.78;1308.51;-72.27;2689.29
1380.01;1302.74;-77.26;2682.75
1381.21;1305.36;-75.84;2686.57
1381.74;1300.73;-81.01;2682.47
1380.22;1303.20;-77.02;2683.42
1380.46;1303.24;-77.22;2683.70
1381.17;1300.61;-80.56;2681.78
1381.70;1298.34;-83.36;2680.04
1381.34;1302.66;-78.68;2684.00
1379.81;1311.89;-67.92;2691.70
1381.91;1309.33;-72.58;2691.24
1384.42;1296.72;-87.71;2681.14
1380.32;1301.05;-79.26;2681.37
1379.66;1303.04;-76.63;2682.70
1380.58;1307.27;-73.31;2687.85
1382.08;1300.29;-81.79;2682.37
1381.72;1304.92;-76.79;2686.64
1379.41;1304.52;-74.88;2683.93
1380.47;1301.82;-78.65;2682.29
1381.09;1304.12;-76.97;2685.22
1379.81;1301.73;-78.08;2681.54
1379.85;1305.54;-74.31;2685.39
1380.68;1302.22;-78.46;2682.91
1382.04;1298.77;-83.26;2680.81
1380.06;1302.06;-78.01;2682.12
1379.51;1306.27;-73.24;2685.78
1380.03;1301.81;-78.22;2681.84
1382.58;1299.89;-82.69;2682.46
1380.44;1303.69;-76.74;2684.13
1377.65;1305.98;-71.66;2683.63
1380.44;1306.35;-74.08;2686.79
1380.89;1301.36;-79.54;2682.25
1380.74;1303.58;-77.15;2684.32
1379.25;1307.15;-72.10;2686.39
1380.25;1298.96;-81.29;2679.21
1379.98;1298.68;-81.30;2678.66
1381.18;1302.41;-78.78;2683.59
1378.22;1302.49;-75.74;2680.71
1379.61;1301.24;-78.37;2680.85
1381.71;1298.74;-82.97;2680.44
1381.26;1304.09;-77.16;2685.35
1381.44;1308.37;-73.06;2689.81
1380.10;1306.54;-73.56;2686.64
1381.14;1306.96;-74.18;2688.09
1380.41;1303.12;-77.29;2683.54
1381.74;1308.03;-73.71;2689.76
1380.45;1304.56;-75.88;2685.01
1381.18;1298.00;-83.18;2679.18
1381.11;1308.24;-72.88;2689.35
1380.45;1304.81;-75.65;2685.26
1379.85;1301.12;-78.73;2680.98
1382.15;1304.52;-77.63;2686.66
1382.66;1305.22;-77.44;2687.88
1379.08;1305.76;-73.32;2684.85
1380.14;1308.65;-71.49;2688.79
1381.88;1306.98;-74.89;2688.86
1381.84;1304.94;-76.89;2686.78
1379.87;1303.72;-76.15;2683.59
1382.02;1301.09;-80.93;2683.11
1383.10;1298.75;-84.35;2681.85
1381.77;1303.08;-78.69;2684.85
1380.22;1304.66;-75.56;2684.88
1380.39;1301.06;-79.32;2681.45
1383.34;1305.69;-77.65;2689.04
1381.01;1306.31;-74.70;2687.31
1379.12;1310.24;-68.88;2689.35
1380.52;1307.54;-72.99;2688.06
1383.42;1303.43;-79.99;2686.85
1381.49;1301.36;-80.13;2682.85
1380.29;1306.72;-73.56;2687.01
1379.86;1306.61;-73.26;2686.47
1382.08;1298.04;-84.04;2680.11
1382.33;1300.24;-82.09;2682.57
1378.56;1304.51;-74.05;2683.06
1380.18;1302.26;-77.91;2682.44
1383.25;1300.45;-82.80;2683.71
1382.78;1302.06;-80.72;2684.84
1379.84;1305.79;-74.04;2685.63
1379.74;1302.26;-77.48;2682.00
1381.63;1298.27;-83.36;2679.90
1382.14;1300.47;-81.66;2682.61
1378.98;1307.22;-71.75;2686.20
1380.39;1308.44;-71.95;2688.82
1381.01;1300.84;-80.17;2681.85
1382.51;1304.18;-78.34;2686.69
1379.74;1309.49;-70.24;2689.23
1380.26;1301.84;-78.42;2682.09
1382.35;1299.83;-82.52;2682.18
1381.40;1306.96;-74.44;2688.36
1378.63;1307.90;-70.73;2686.53
1381.80;1302.46;-79.34;2684.26
1384.05;1299.19;-84.85;2683.24
1381.52;1305.86;-75.66;2687.39
1381.52;1303.26;-78.26;2684.79
1381.22;1304.11;-77.11;2685.33
1381.69;1297.63;-84.06;2679.32
1381.74;1303.65;-78.09;2685.38
1379.29;1301.26;-78.03;2680.56
1380.18;1302.39;-77.79;2682.56
1383.19;1298.46;-84.73;2681.66
1381.65;1307.99;-73.66;2689.64
1378.62;1308.31;-70.31;2686.94
1381.12;1302.43;-78.69;2683.55
1382.08;1299.90;-82.18;2681.98
1380.99;1303.74;-77.25;2684.72
1380.08;1306.06;-74.02;2686.14
1381.73;1302.76;-78.97;2684.49
1384.00;1305.42;-78.58;2689.42
1382.48;1306.69;-75.79;2689.18
1380.70;1302.90;-77.80;2683.60
1381.56;1303.13;-78.43;2684.69
1383.15;1299.50;-83.65;2682.65
1382.64;1298.59;-84.04;2681.23
1379.58;1302.61;-76.96;2682.19
1380.37;1300.61;-79.76;2680.98
1382.01;1298.35;-83.66;2680.36
1380.78;1298.96;-81.82;2679.74
1379.18;1309.68;-69.51;2688.86
1379.52;1302.90;-76.62;2682.42
1382.11;1303.23;-78.88;2685.34
1381.22;1301.01;-80.22;2682.23
1381.50;1308.95;-72.55;2690.45
1381.49;1300.71;-80.78;2682.19
1381.16;1297.86;-83.31;2679.02
1383.00;1302.36;-80.64;2685.36
1378.60;1306.09;-72.51;2684.69
1379.66;1301.62;-78.05;2681.28
1381.58;1299.91;-81.67;2681.48
1381.25;1311.00;-70.25;2692.25
1378.52;1301.74;-76.78;2680.26
1381.04;1307.00;-74.04;2688.04
1381.84;1301.56;-80.27;2683.40
1380.68;1301.54;-79.14;2682.22
1379.89;1304.49;-75.41;2684.38
1381.16;1299.18;-81.99;2680.34
1383.55;1299.40;-84.15;2682.95
1380.48;1306.82;-73.66;2687.29
1380.76;1304.79;-75.97;2685.55
1380.88;1308.29;-72.59;2689.17
1381.55;1304.38;-77.17;2685.94
1380.97;1309.33;-71.64;2690.30
1381.82;1312.46;-69.36;2694.28
1381.31;1302.22;-79.09;2683.52
1383.58;1301.42;-82.16;2684.99
1381.15;1309.13;-72.02;2690.28
1380.56;1305.13;-75.43;2685.69
1381.90;1299.88;-82.02;2681.78
1382.26;1299.11;-83.15;2681.37
1381.74;1306.33;-75.41;2688.07
1380.44;1310.06;-70.38;2690.49
1381.14;1306.01;-75.14;2687.15
1381.92;1305.97;-75.95;2687.89
1381.85;1302.38;-79.47;2684.24
1379.43;1303.11;-76.32;2682.54
1378.85;1304.11;-74.75;2682.96
1381.92;1300.48;-81.44;2682.39
1381.78;1308.21;-73.56;2689.99
1379.27;1301.84;-77.44;2681.11
1380.02;1309.71;-70.31;2689.74
1383.32;1304.14;-79.18;2687.46
1380.93;1304.89;-76.04;2685.82
