1349.39;1271.13;-78.26;2620.52
1344.11;1271.56;-72.55;2615.68
1348.46;1268.67;-79.79;2617.13
1350.06;1269.31;-80.75;2619.37
1347.09;1271.09;-76.00;2618.18
1347.56;1271.01;-76.55;2618.56
1349.68;1268.96;-80.72;2618.65
1352.20;1268.35;-83.85;2620.55
1346.72;1270.36;-76.36;2617.09
1347.45;1270.66;-76.79;2618.11
1348.06;1268.37;-79.69;2616.43
1349.22;1268.28;-80.94;2617.49
1347.81;1270.21;-77.61;2618.02
1344.99;1270.56;-74.44;2615.55
1348.06;1268.75;-79.31;2616.81
1350.75;1268.50;-82.25;2619.25
1346.95;1270.63;-76.32;2617.58
1344.92;1271.15;-73.77;2616.06
1350.60;1268.88;-81.72;2619.48
1349.51;1268.89;-80.62;2618.39
1346.76;1270.79;-75.97;2617.55
1346.03;1271.04;-74.99;2617.07
1348.41;1269.14;-79.27;2617.55
1348.75;1268.71;-80.04;2617.46
1348.13;1271.05;-77.08;2619.18
1344.51;1270.65;-73.85;2615.16
1348.98;1268.92;-80.06;2617.90
1352.58;1268.99;-83.59;2621.56
1348.98;1271.11;-77.88;2620.09
1347.61;1271.21;-76.41;2618.82
1351.78;1268.80;-82.98;2620.58
1349.69;1268.98;-80.71;2618.67
1347.48;1270.73;-76.75;2618.21
1345.99;1271.14;-74.85;2617.13
1347.11;1269.09;-78.02;2616.20
1350.35;1268.91;-81.44;2619.25
1346.45;1270.88;-75.57;2617.34
1345.21;1271.64;-73.56;2616.85
1347.39;1269.27;-78.12;2616.66
1349.85;1268.99;-80.86;2618.84
1346.12;1271.20;-74.92;2617.32
1346.44;1271.55;-74.88;2617.99
1347.44;1269.23;-78.21;2616.67
1350.66;1268.81;-81.85;2619.47
1348.95;1270.83;-78.12;2619.78
1345.46;1270.87;-74.59;2616.33
1347.73;1268.81;-78.92;2616.54
1350.04;1268.49;-81.54;2618.53
1348.42;1271.15;-77.26;2619.57
1345.88;1271.22;-74.66;2617.11
1350.24;1269.04;-81.21;2619.28
1349.59;1268.39;-81.19;2617.98
1346.06;1271.01;-75.05;2617.06
1347.14;1270.98;-76.16;2618.12
1347.59;1269.17;-78.42;2616.76
1350.35;1269.11;-81.24;2619.46
1346.86;1271.11;-75.75;2617.96
1344.89;1270.92;-73.98;2615.81
1347.25;1268.91;-78.34;2616.15
1349.14;1268.81;-80.33;2617.94
1346.99;1271.06;-75.92;2618.05
1345.24;1271.44;-73.79;2616.68
1347.44;1269.60;-77.84;2617.04
1348.34;1269.14;-79.20;2617.47
1347.24;1271.22;-76.02;2618.46
1347.82;1271.31;-76.51;2619.13
1347.64;1269.07;-78.57;2616.71
1349.72;1268.95;-80.77;2618.68
1348.28;1270.64;-77.64;2618.92
1344.97;1271.14;-73.84;2616.11
1347.74;1269.13;-78.61;2616.86
1350.19;1269.25;-80.95;2619.44
1348.25;1271.35;-76.90;2619.61
1346.15;1271.38;-74.77;2617.54
1347.68;1269.08;-78.60;2616.75
1350.32;1269.10;-81.22;2619.42
1347.72;1270.91;-76.81;2618.64
1346.36;1271.01;-75.36;2617.37
1347.91;1269.01;-78.90;2616.92
1349.42;1269.25;-80.16;2618.67
1346.38;1271.48;-74.89;2617.86
1344.56;1271.45;-73.11;2616.01
1347.88;1269.11;-78.77;2616.98
1350.01;1268.98;-81.03;2618.98
1347.66;1270.49;-77.17;2618.15
1345.06;1270.72;-74.34;2615.78
1347.89;1268.74;-79.16;2616.63
1350.09;1268.54;-81.55;2618.63
1346.64;1270.89;-75.74;2617.53
1345.34;1271.48;-73.86;2616.81
1349.75;1268.85;-80.90;2618.61
1350.91;1269.01;-81.91;2619.92
1349.91;1275.35;-74.56;2625.25
1344.63;1271.22;-73.41;2615.85
1347.36;1269.28;-78.08;2616.65
1349.10;1269.22;-79.88;2618.32
1347.07;1271.25;-75.82;2618.32
1344.76;1271.59;-73.16;2616.35
1348.91;1268.97;-79.94;2617.88
1350.96;1268.82;-82.14;2619.78
1347.21;1271.00;-76.21;2618.21
1346.02;1271.34;-74.69;2617.36
1347.24;1269.05;-78.19;2616.29
1349.74;1268.95;-80.79;2618.69
1348.18;1270.66;-77.52;2618.84
1344.99;1271.10;-73.89;2616.09
1348.70;1269.11;-79.59;2617.81
1349.25;1268.69;-80.56;2617.94
1348.25;1270.48;-77.77;2618.74
1347.02;1270.73;-76.29;2617.75
1348.72;1268.51;-80.21;2617.22
1349.95;1268.33;-81.62;2618.28
1348.09;1270.19;-77.91;2618.28
1349.44;1270.55;-78.88;2619.99
1349.58;1268.62;-80.96;2618.21
1349.30;1268.69;-80.61;2617.99
1346.85;1270.73;-76.12;2617.58
1346.26;1270.97;-75.29;2617.24
1350.03;1268.96;-81.06;2618.99
1349.72;1268.28;-81.44;2618.00
1347.62;1270.36;-77.26;2617.98
1346.35;1270.86;-75.49;2617.21
1348.32;1268.84;-79.48;2617.15
1348.71;1269.46;-79.25;2618.16
1346.57;1270.94;-75.63;2617.51
1344.67;1270.77;-73.90;2615.44
1348.06;1268.49;-79.58;2616.55
1349.10;1269.32;-79.78;2618.42
1345.72;1271.11;-74.61;2616.84
1347.28;1270.70;-76.58;2617.98
1349.78;1268.99;-80.79;2618.78
1350.31;1269.11;-81.20;2619.42
1346.61;1271.28;-75.32;2617.89
1345.57;1270.71;-74.86;2616.28
1346.82;1269.16;-77.65;2615.98
1349.51;1269.06;-80.44;2618.57
1347.88;1271.26;-76.62;2619.14
1345.11;1271.25;-73.86;2616.36
1348.36;1268.72;-79.64;2617.08
1350.76;1269.02;-81.75;2619.78
1348.52;1270.72;-77.80;2619.25
1346.64;1270.55;-76.09;2617.19
1349.02;1268.64;-80.39;2617.66
1349.45;1269.42;-80.04;2618.87
1348.45;1270.92;-77.53;2619.36
1346.85;1270.82;-76.03;2617.68
1348.48;1268.97;-79.51;2617.45
1350.86;1269.08;-81.78;2619.94
1346.17;1270.52;-75.65;2616.69
1344.81;1271.24;-73.57;2616.04
1348.48;1269.01;-79.46;2617.49
1351.71;1268.48;-83.24;2620.19
1346.91;1271.20;-75.71;2618.11
1344.85;1271.39;-73.46;2616.24
1348.39;1269.51;-78.89;2617.90
1351.08;1269.15;-81.93;2620.24
1346.12;1271.07;-75.05;2617.19
1345.33;1271.35;-73.98;2616.68
1346.78;1269.12;-77.66;2615.91
1349.58;1269.05;-80.53;2618.64
1348.79;1271.66;-77.13;2620.46
1345.58;1270.79;-74.78;2616.37
1347.01;1268.84;-78.17;2615.85
1350.64;1268.94;-81.69;2619.58
1347.47;1270.60;-76.87;2618.07
1345.04;1270.62;-74.42;2615.65
1347.49;1268.55;-78.94;2616.04
1350.53;1268.58;-81.95;2619.11
1347.53;1270.70;-76.83;2618.23
1346.13;1270.55;-75.58;2616.68
1350.65;1268.51;-82.14;2619.16
1350.45;1268.75;-81.70;2619.21
1348.06;1271.12;-76.94;2619.18
1346.63;1271.08;-75.55;2617.71
1347.11;1269.66;-77.44;2616.77
1349.25;1269.09;-80.16;2618.34
1346.57;1270.72;-75.85;2617.29
1343.94;1271.34;-72.59;2615.28
1347.75;1269.56;-78.19;2617.32
1350.46;1269.54;-80.92;2619.99
1347.81;1271.35;-76.46;2619.16
1346.52;1271.51;-75.01;2618.02
1346.62;1269.31;-77.31;2615.93
1350.33;1269.46;-80.86;2619.79
1346.32;1271.23;-75.09;2617.55
1347.85;1271.15;-76.71;2619.00
1347.48;1269.05;-78.43;2616.52
1350.53;1269.92;-80.61;2620.45
1345.63;1271.47;-74.16;2617.10
1344.51;1271.12;-73.39;2615.63
1346.40;1269.59;-76.81;2615.99
1349.64;1274.01;-75.63;2623.65
1345.72;1271.48;-74.24;2617.19
1344.48;1271.47;-73.01;2615.95
1350.04;1269.24;-80.80;2619.27
1348.87;1269.63;-79.24;2618.50
1349.57;1271.75;-77.82;2621.32
1343.71;1271.42;-72.28;2615.13
1348.86;1268.99;-79.86;2617.85
1349.49;1269.27;-80.22;2618.76
1346.75;1271.47;-75.28;2618.22
1344.29;1270.98;-73.31;2615.26
1350.73;1268.88;-81.85;2619.61
1349.83;1269.09;-80.74;2618.92
1346.65;1271.32;-75.33;2617.98
1344.78;1270.91;-73.86;2615.69
1347.22;1273.33;-73.89;2620.55
1351.10;1269.54;-81.56;2620.64
1347.62;1274.45;-73.17;2622.08
1345.62;1270.77;-74.85;2616.39
1346.91;1268.79;-78.12;2615.70
1350.92;1269.28;-81.65;2620.20
1346.26;1271.72;-74.55;2617.98
1345.54;1271.29;-74.24;2616.83
1345.92;1269.52;-76.41;2615.44
1349.13;1270.03;-79.10;2619.16
1345.68;1271.75;-73.92;2617.43
1344.05;1271.86;-72.19;2615.91
1346.75;1269.32;-77.43;2616.06
1349.40;1269.66;-79.74;2619.06
1347.08;1271.29;-75.78;2618.37
1344.13;1271.37;-72.76;2615.50
1349.34;1269.26;-80.08;2618.60
1348.92;1269.06;-79.86;2617.98
1347.46;1271.16;-76.29;2618.62
1345.72;1271.02;-74.70;2616.75
1349.24;1268.92;-80.32;2618.16
1350.01;1269.19;-80.82;2619.21
1347.37;1271.16;-76.21;2618.53
1345.71;1270.59;-75.12;2616.30
1347.46;1268.90;-78.56;2616.36
1350.21;1268.88;-81.34;2619.09
1346.81;1270.86;-75.94;2617.67
1344.83;1270.91;-73.92;2615.74
1349.21;1269.09;-80.12;2618.29
1348.72;1269.46;-79.25;2618.18
1347.62;1271.34;-76.28;2618.96
1344.20;1271.19;-73.01;2615.39
1347.96;1269.62;-78.34;2617.58
1349.78;1269.42;-80.36;2619.19
1346.39;1271.49;-74.91;2617.88
1344.36;1270.66;-73.71;2615.02
1347.68;1268.89;-78.79;2616.56
1349.48;1269.19;-80.29;2618.66
1346.62;1270.68;-75.94;2617.30
1345.32;1270.44;-74.88;2615.76
1348.75;1268.81;-79.94;2617.56
1352.32;1269.58;-82.74;2621.89
1345.93;1271.35;-74.58;2617.28
1345.92;1271.37;-74.55;2617.29
1348.79;1269.15;-79.64;2617.94
1350.74;1269.19;-81.55;2619.93
1347.68;1271.38;-76.30;2619.05
1344.39;1271.14;-73.26;2615.53
1347.01;1269.19;-77.82;2616.21
1350.91;1269.14;-81.76;2620.05
1346.53;1271.13;-75.40;2617.66
1344.96;1270.51;-74.45;2615.47
1348.12;1269.05;-79.08;2617.17
1351.93;1269.78;-82.15;2621.71
1346.47;1271.31;-75.16;2617.78
1343.52;1270.94;-72.58;2614.46
1348.37;1269.18;-79.19;2617.55
1348.75;1269.62;-79.13;2618.38
1348.09;1271.23;-76.86;2619.32
1346.12;1270.98;-75.14;2617.10
1348.35;1268.36;-79.99;2616.71
1349.56;1269.04;-80.52;2618.61
1346.24;1271.06;-75.17;2617.30
1345.28;1270.89;-74.39;2616.18
1349.62;1268.81;-80.81;2618.44
1350.36;1269.42;-80.94;2619.79
1347.99;1271.06;-76.93;2619.06
1344.24;1270.97;-73.26;2615.21
1348.88;1269.10;-79.78;2617.98
1351.31;1269.54;-81.78;2620.85
1346.60;1271.08;-75.52;2617.68
1345.52;1270.86;-74.66;2616.39
1348.38;1268.92;-79.46;2617.29
1349.20;1272.45;-76.75;2621.65
1346.51;1270.72;-75.79;2617.24
1346.72;1270.56;-76.16;2617.29
1349.04;1268.47;-80.56;2617.51
1349.95;1268.77;-81.18;2618.72
1348.14;1270.58;-77.56;2618.71
1344.93;1270.52;-74.41;2615.45
1347.66;1268.78;-78.89;2616.44
1350.18;1269.21;-80.98;2619.39
1347.48;1271.22;-76.26;2618.70
1345.41;1273.19;-72.22;2618.61
1348.02;1269.87;-78.15;2617.89
1351.30;1269.00;-82.30;2620.30
1347.82;1271.35;-76.47;2619.16
1345.94;1270.31;-75.64;2616.25
1349.40;1268.40;-81.00;2617.80
1351.75;1268.94;-82.81;2620.68
1347.44;1270.88;-76.56;2618.32
1344.41;1270.34;-74.06;2614.75
1347.59;1268.65;-78.95;2616.24
1350.09;1269.51;-80.58;2619.59
1349.04;1271.02;-78.02;2620.06
1344.91;1271.11;-73.80;2616.01
1347.35;1269.31;-78.04;2616.66
1349.02;1269.75;-79.27;2618.76
1345.99;1271.91;-74.09;2617.90
1344.44;1271.60;-72.84;2616.04
1348.72;1269.32;-79.40;2618.05
1348.52;1269.62;-78.90;2618.14
1348.21;1271.54;-76.66;2619.75
1344.39;1270.98;-73.41;2615.37
1348.13;1269.26;-78.87;2617.39
1351.54;1269.54;-82.00;2621.08
1349.01;1271.40;-77.61;2620.41
1344.52;1271.08;-73.45;2615.60
1347.94;1269.52;-78.42;2617.45
1349.22;1269.86;-79.35;2619.08
1346.24;1271.18;-75.06;2617.41
1344.01;1271.04;-72.97;2615.05
1347.33;1269.39;-77.94;2616.72
1349.77;1269.55;-80.22;2619.32
1346.56;1271.81;-74.76;2618.37
1344.22;1271.49;-72.73;2615.72
1347.14;1269.98;-77.16;2617.12
1348.85;1270.01;-78.85;2618.86
1346.19;1271.68;-74.51;2617.87
1344.56;1271.69;-72.87;2616.26
1349.66;1270.11;-79.56;2619.77
1350.14;1270.38;-79.75;2620.52
1345.95;1271.61;-74.35;2617.56
1344.38;1270.92;-73.45;2615.30
1348.15;1269.52;-78.62;2617.67
1349.78;1269.05;-80.73;2618.84
1346.40;1272.26;-74.14;2618.66
1344.86;1271.13;-73.73;2615.99
1348.55;1269.71;-78.84;2618.26
1349.50;1269.93;-79.57;2619.43
1347.18;1271.48;-75.70;2618.65
1344.56;1271.50;-73.06;2616.06
1348.33;1269.88;-78.45;2618.21
1350.95;1270.12;-80.83;2621.06
1349.88;1271.62;-78.26;2621.50
1345.80;1271.09;-74.71;2616.89
1348.08;1269.01;-79.06;2617.09
1351.14;1269.30;-81.84;2620.44
1346.99;1271.15;-75.84;2618.15
1345.48;1270.62;-74.86;2616.09
1348.09;1269.02;-79.06;2617.11
1351.74;1269.23;-82.51;2620.97
1346.42;1271.16;-75.26;2617.59
1347.32;1270.76;-76.56;2618.08
1347.01;1268.75;-78.26;2615.76
1352.02;1269.93;-82.09;2621.95
1348.15;1271.71;-76.45;2619.86
1344.16;1270.95;-73.21;2615.12
1349.91;1269.21;-80.71;2619.12
1349.64;1269.42;-80.21;2619.06
1348.02;1271.54;-76.48;2619.56
1348.04;1270.94;-77.10;2618.98
1348.58;1269.22;-79.36;2617.80
1349.63;1269.17;-80.46;2618.80
1346.60;1271.22;-75.38;2617.82
1344.96;1271.23;-73.74;2616.19
1350.49;1269.08;-81.41;2619.57
1350.46;1269.50;-80.96;2619.96
1346.62;1271.61;-75.01;2618.23
1344.50;1270.34;-74.16;2614.84
1348.23;1268.85;-79.38;2617.08
1349.97;1269.51;-80.46;2619.48
1346.01;1271.38;-74.62;2617.39
1344.22;1270.59;-73.62;2614.81
1347.91;1269.38;-78.52;2617.29
1351.17;1269.76;-81.41;2620.94
1347.19;1271.61;-75.58;2618.80
1344.12;1270.88;-73.24;2615.00
1347.08;1269.35;-77.73;2616.42
1350.04;1269.79;-80.25;2619.82
1348.48;1270.98;-77.49;2619.46
1344.81;1270.98;-73.82;2615.79
1347.92;1268.82;-79.10;2616.74
1351.25;1269.01;-82.24;2620.26
1347.47;1270.85;-76.62;2618.32
1345.78;1271.14;-74.64;2616.91
1349.35;1269.10;-80.25;2618.45
1353.24;1269.20;-84.04;2622.44
1346.86;1270.96;-75.91;2617.82
1344.09;1270.82;-73.28;2614.91
1347.55;1269.81;-77.74;2617.36
1351.82;1269.69;-82.14;2621.51
1345.75;1271.66;-74.09;2617.41
1343.06;1271.01;-72.05;2614.07
1348.04;1269.46;-78.58;2617.49
1349.24;1269.92;-79.32;2619.16
1346.82;1271.69;-75.13;2618.51
1346.01;1271.27;-74.74;2617.28
1347.11;1269.56;-77.54;2616.67
1349.05;1269.95;-79.11;2619.00
1346.31;1272.06;-74.25;2618.37
1346.29;1271.10;-75.19;2617.39
1347.06;1269.49;-77.58;2616.55
1350.41;1270.39;-80.01;2620.80
1347.19;1272.32;-74.88;2619.51
1345.46;1271.53;-73.93;2616.99
1347.16;1270.15;-77.01;2617.31
1348.95;1270.38;-78.57;2619.34
1345.70;1272.28;-73.42;2617.98
1343.87;1271.23;-72.64;2615.10
1347.43;1272.43;-75.00;2619.86
1348.54;1270.57;-77.97;2619.11
1345.69;1271.89;-73.80;2617.59
1346.73;1271.06;-75.66;2617.79
1350.46;1269.54;-80.93;2620.00
1349.32;1269.59;-79.73;2618.92
1347.07;1271.62;-75.45;2618.69
1344.89;1271.23;-73.66;2616.12
1347.56;1269.42;-78.14;2616.98
1348.60;1270.01;-78.59;2618.61
1346.84;1271.66;-75.18;2618.49
1344.32;1270.72;-73.60;2615.05
1350.42;1269.75;-80.68;2620.17
1350.68;1270.17;-80.51;2620.85
1345.64;1271.68;-73.96;2617.31
1344.81;1271.47;-73.34;2616.28
1346.71;1269.65;-77.06;2616.36
1350.95;1270.29;-80.66;2621.25
1345.84;1271.94;-73.90;2617.78
1344.25;1271.27;-72.98;2615.52
1348.40;1269.67;-78.73;2618.07
1349.76;1270.27;-79.49;2620.03
1345.75;1271.78;-73.96;2617.53
1346.32;1271.55;-74.77;2617.86
1346.50;1269.51;-76.99;2616.01
1349.16;1270.21;-78.96;2619.37
1348.29;1272.09;-76.20;2620.39
1345.11;1271.45;-73.65;2616.56
1346.46;1270.06;-76.40;2616.52
1349.98;1270.93;-79.05;2620.91
1345.41;1272.30;-73.11;2617.71
1345.18;1271.74;-73.44;2616.92
1346.69;1270.21;-76.48;2616.90
1348.51;1270.37;-78.14;2618.88
1345.22;1272.22;-72.99;2617.44
1346.11;1271.58;-74.53;2617.69
1346.74;1269.79;-76.95;2616.52
1350.78;1270.58;-80.21;2621.36
1345.65;1272.06;-73.59;2617.71
1343.29;1271.54;-71.76;2614.83
1346.87;1269.89;-76.98;2616.76
1350.36;1270.28;-80.08;2620.64
1346.50;1272.12;-74.38;2618.62
1344.16;1271.79;-72.37;2615.95
1348.78;1269.36;-79.42;2618.14
1348.97;1270.04;-78.94;2619.01
1345.65;1271.99;-73.66;2617.65
1345.89;1271.32;-74.56;2617.21
1347.47;1269.67;-77.80;2617.14
1349.86;1270.33;-79.53;2620.19
1347.58;1272.05;-75.53;2619.64
1343.92;1271.33;-72.59;2615.25
1348.22;1269.97;-78.25;2618.19
1348.16;1270.74;-77.43;2618.90
1346.55;1271.97;-74.58;2618.52
1343.81;1271.74;-72.07;2615.54
1348.09;1269.91;-78.18;2617.99
1349.26;1270.46;-78.79;2619.72
1345.90;1272.15;-73.75;2618.05
1346.14;1271.40;-74.74;2617.54
1349.35;1269.85;-79.50;2619.19
1350.39;1270.39;-80.00;2620.79
1347.60;1272.33;-75.27;2619.93
1343.92;1271.13;-72.79;2615.05
1346.44;1269.38;-77.06;2615.81
1349.16;1270.03;-79.14;2619.19
1345.54;1271.61;-73.94;2617.15
1343.99;1270.91;-73.09;2614.90
1347.41;1268.96;-78.45;2616.37
1351.78;1269.86;-81.92;2621.64
1346.59;1271.27;-75.32;2617.86
1343.64;1270.51;-73.13;2614.14
1347.21;1269.22;-77.99;2616.44
1352.55;1269.96;-82.59;2622.52
1347.82;1272.05;-75.76;2619.87
1346.09;1271.18;-74.91;2617.27
1347.84;1269.47;-78.36;2617.31
1352.57;1270.16;-82.41;2622.73
1346.29;1271.62;-74.68;2617.91
1343.74;1271.65;-72.08;2615.39
1349.29;1269.51;-79.78;2618.81
1348.95;1270.08;-78.86;2619.03
1345.93;1271.80;-74.13;2617.73
1343.98;1271.46;-72.51;2615.44
1349.76;1269.73;-80.03;2619.49
1350.74;1269.95;-80.79;2620.69
1346.16;1271.82;-74.34;2617.98
1345.03;1271.05;-73.98;2616.08
1350.95;1269.18;-81.77;2620.12
1349.64;1270.21;-79.44;2619.85
1346.64;1271.85;-74.78;2618.49
1344.24;1270.93;-73.31;2615.17
1346.95;1269.72;-77.23;2616.66
1349.92;1270.03;-79.89;2619.95
1345.78;1271.44;-74.34;2617.22
1345.12;1271.28;-73.84;2616.40
1346.64;1269.69;-76.95;2616.32
1351.38;1270.16;-81.22;2621.54
1346.68;1271.41;-75.28;2618.09
1344.91;1270.67;-74.24;2615.58
1346.77;1269.09;-77.68;2615.86
1350.35;1269.75;-80.60;2620.11
1349.35;1271.46;-77.89;2620.81
1344.18;1270.88;-73.31;2615.06
1347.04;1269.08;-77.95;2616.12
1349.96;1270.05;-79.91;2620.02
1346.15;1271.08;-75.08;2617.23
1344.52;1270.78;-73.74;2615.30
1347.02;1269.11;-77.91;2616.13
1349.68;1270.01;-79.67;2619.68
1345.87;1271.28;-74.59;2617.15
1346.36;1270.44;-75.92;2616.81
1348.58;1269.04;-79.55;2617.62
1351.72;1269.93;-81.79;2621.65
1347.75;1272.36;-75.38;2620.11
1343.30;1271.14;-72.16;2614.44
1347.03;1269.41;-77.62;2616.44
1348.56;1270.08;-78.48;2618.64
1345.71;1272.24;-73.47;2617.95
1344.54;1271.38;-73.16;2615.92
1347.66;1270.05;-77.61;2617.71
1350.64;1270.58;-80.06;2621.22
1347.89;1271.70;-76.19;2619.59
1343.72;1270.95;-72.76;2614.67
1347.46;1269.69;-77.78;2617.15
1348.93;1270.16;-78.77;2619.09
1348.55;1271.48;-77.07;2620.02
1344.31;1271.03;-73.28;2615.34
1347.65;1273.05;-74.59;2620.70
1348.71;1270.33;-78.38;2619.04
1346.96;1271.64;-75.32;2618.60
1344.00;1271.21;-72.79;2615.21
1348.02;1269.46;-78.56;2617.48
1351.67;1269.84;-81.83;2621.51
1346.06;1271.78;-74.28;2617.84
1345.72;1271.42;-74.31;2617.14
1349.02;1269.26;-79.76;2618.29
1353.08;1270.04;-83.04;2623.12
1346.95;1271.46;-75.48;2618.41
1344.38;1270.70;-73.68;2615.08
1347.45;1268.71;-78.74;2616.16
1349.81;1270.04;-79.77;2619.84
1347.88;1271.39;-76.49;2619.28
1344.29;1270.82;-73.47;2615.11
1347.79;1269.08;-78.71;2616.88
1349.81;1270.12;-79.69;2619.92
1345.25;1274.92;-70.32;2620.17
1343.24;1271.35;-71.88;2614.59
1349.05;1269.11;-79.94;2618.16
1350.80;1270.27;-80.53;2621.07
1347.47;1272.04;-75.43;2619.51
1344.12;1270.88;-73.24;2614.99
1349.77;1269.36;-80.41;2619.14
1351.78;1269.98;-81.80;2621.75
1346.83;1271.14;-75.69;2617.97
1343.75;1271.07;-72.68;2614.82
1349.87;1268.69;-81.18;2618.56
1350.00;1270.01;-79.99;2620.01
1346.29;1271.09;-75.20;2617.39
1344.31;1270.67;-73.64;2614.98
1347.68;1269.04;-78.64;2616.72
1350.51;1269.48;-81.04;2619.99
1348.26;1271.71;-76.55;2619.96
1346.71;1270.56;-76.15;2617.26
1347.69;1268.94;-78.76;2616.63
1351.15;1269.50;-81.65;2620.65
1348.71;1271.75;-76.96;2620.46
1344.29;1270.52;-73.77;2614.81
1347.65;1269.07;-78.58;2616.72
1351.15;1269.87;-81.28;2621.02
1347.11;1271.36;-75.75;2618.47
1344.12;1270.64;-73.48;2614.76
1349.02;1269.25;-79.76;2618.27
1349.79;1270.06;-79.72;2619.85
1345.38;1271.35;-74.03;2616.74
1344.01;1270.79;-73.21;2614.80
1351.02;1269.41;-81.61;2620.44
1349.95;1270.31;-79.65;2620.26
1347.48;1271.21;-76.27;2618.68
1344.07;1271.17;-72.90;2615.24
1346.68;1269.62;-77.05;2616.30
1351.65;1270.64;-81.01;2622.28
1347.21;1271.74;-75.47;2618.95
1344.74;1271.00;-73.74;2615.74
1347.64;1269.44;-78.19;2617.08
1351.89;1270.87;-81.02;2622.76
1345.61;1271.67;-73.94;2617.28
1344.55;1275.66;-68.88;2620.21
1347.25;1269.14;-78.11;2616.39
1351.44;1269.81;-81.62;2621.25
1346.16;1271.37;-74.79;2617.54
1344.91;1270.64;-74.27;2615.55
1350.29;1268.92;-81.37;2619.21
1349.62;1270.14;-79.49;2619.76
1347.49;1271.62;-75.88;2619.11
1343.78;1271.01;-72.77;2614.79
1348.34;1269.30;-79.04;2617.64
1352.09;1270.26;-81.83;2622.35
1348.32;1271.76;-76.55;2620.08
1343.64;1271.22;-72.42;2614.85
1347.65;1269.48;-78.18;2617.13
1349.58;1269.97;-79.61;2619.55
1345.81;1271.75;-74.06;2617.56
1343.96;1271.05;-72.92;2615.01
1350.09;1269.62;-80.48;2619.71
1350.67;1270.32;-80.35;2620.99
1346.85;1271.79;-75.05;2618.64
1344.57;1270.92;-73.65;2615.49
1347.98;1269.54;-78.44;2617.52
1349.13;1270.33;-78.80;2619.46
1346.88;1272.17;-74.71;2619.05
1343.89;1270.73;-73.16;2614.62
1347.21;1269.54;-77.66;2616.75
1350.66;1270.09;-80.58;2620.75
1346.86;1271.52;-75.35;2618.38
1346.58;1270.69;-75.89;2617.26
1348.43;1268.95;-79.48;2617.38
1349.25;1270.25;-79.00;2619.49
1346.81;1271.71;-75.11;2618.52
1344.95;1270.99;-73.95;2615.94
1349.41;1269.26;-80.15;2618.68
1349.78;1270.82;-78.96;2620.60
1345.99;1271.69;-74.30;2617.68
1343.82;1271.48;-72.34;2615.31
1348.33;1269.75;-78.58;2618.08
1348.87;1270.40;-78.47;2619.27
1346.74;1272.11;-74.63;2618.85
1344.08;1271.33;-72.75;2615.41
1349.64;1269.58;-80.06;2619.22
1349.30;1270.89;-78.41;2620.19
1346.75;1271.76;-74.99;2618.51
1345.47;1271.10;-74.37;2616.57
1347.11;1269.60;-77.51;2616.71
1349.68;1269.82;-79.85;2619.50
1345.77;1271.62;-74.15;2617.39
1343.56;1271.14;-72.42;2614.69
1347.02;1269.33;-77.69;2616.35
1349.36;1270.11;-79.25;2619.47
1345.38;1272.13;-73.25;2617.51
1345.59;1271.16;-74.44;2616.75
1348.80;1269.41;-79.39;2618.21
1353.05;1269.76;-83.29;2622.82
1346.68;1271.71;-74.96;2618.39
1344.61;1270.56;-74.05;2615.16
1347.28;1269.62;-77.66;2616.89
1349.60;1269.99;-79.61;2619.59
1347.38;1272.08;-75.29;2619.46
1343.89;1271.00;-72.89;2614.89
1347.38;1269.66;-77.71;2617.04
1348.86;1270.68;-78.19;2619.54
1346.15;1271.63;-74.52;2617.78
1345.02;1270.76;-74.26;2615.79
1348.23;1269.22;-79.01;2617.45
1349.79;1270.32;-79.48;2620.11
1348.28;1271.56;-76.72;2619.84
1344.21;1270.93;-73.28;2615.14
1348.00;1269.38;-78.62;2617.38
1350.52;1270.11;-80.42;2620.63
1346.26;1271.42;-74.84;2617.68
1344.05;1270.85;-73.20;2614.91
1348.54;1269.75;-78.79;2618.28
1349.15;1270.52;-78.63;2619.68
1345.88;1272.34;-73.54;2618.21
1343.66;1270.69;-72.97;2614.36
1347.35;1269.34;-78.01;2616.69
1351.60;1270.13;-81.47;2621.73
1347.52;1271.36;-76.15;2618.88
1344.54;1270.94;-73.60;2615.48
1347.75;1269.12;-78.63;2616.88
1348.79;1270.37;-78.42;2619.16
1345.93;1272.10;-73.83;2618.03
1347.35;1271.21;-76.14;2618.56
1347.77;1269.73;-78.04;2617.50
1352.49;1270.17;-82.32;2622.66
1346.79;1271.81;-74.99;2618.60
1344.24;1270.65;-73.58;2614.89
1348.39;1269.56;-78.83;2617.96
1348.38;1269.87;-78.51;2618.25
1347.15;1272.08;-75.08;2619.23
1345.41;1270.71;-74.71;2616.12
1347.24;1268.96;-78.28;2616.19
1348.91;1270.35;-78.56;2619.26
1347.41;1272.04;-75.38;2619.45
1343.81;1270.96;-72.85;2614.77
1347.61;1269.18;-78.43;2616.78
1349.86;1269.96;-79.90;2619.82
1348.20;1271.96;-76.24;2620.16
1345.71;1269.90;-75.81;2615.61
1349.79;1268.70;-81.09;2618.49
1350.87;1269.62;-81.25;2620.49
1346.87;1271.19;-75.68;2618.06
1344.26;1270.78;-73.49;2615.04
1348.36;1268.76;-79.60;2617.12
1350.18;1269.83;-80.35;2620.01
1348.46;1270.93;-77.53;2619.39
1344.90;1270.35;-74.55;2615.25
1347.47;1268.62;-78.85;2616.09
1350.18;1269.63;-80.55;2619.81
1347.20;1271.24;-75.96;2618.44
1344.26;1269.98;-74.28;2614.25
1347.36;1269.06;-78.30;2616.42
1350.88;1269.58;-81.30;2620.46
1347.71;1271.12;-76.59;2618.83
1344.66;1270.05;-74.61;2614.72
1349.47;1268.70;-80.77;2618.17
1352.78;1269.98;-82.80;2622.76
1345.90;1271.45;-74.45;2617.35
1343.88;1270.54;-73.34;2614.41
1348.23;1269.28;-78.95;2617.51
1350.54;1269.86;-80.67;2620.40
1347.67;1271.63;-76.04;2619.30
1344.66;1270.62;-74.05;2615.28
1347.17;1269.25;-77.92;2616.42
1348.95;1270.36;-78.58;2619.31
1345.84;1272.08;-73.75;2617.92
1344.34;1271.04;-73.29;2615.38
1347.72;1269.48;-78.24;2617.20
1349.36;1270.01;-79.35;2619.37
1347.45;1271.66;-75.79;2619.11
1346.03;1270.88;-75.15;2616.91
1347.41;1268.78;-78.63;2616.18
1349.85;1269.91;-79.94;2619.76
1346.04;1271.40;-74.64;2617.44
1345.35;1270.33;-75.02;2615.68
1348.25;1269.09;-79.16;2617.34
1350.11;1270.07;-80.04;2620.18
1348.79;1271.06;-77.74;2619.85
1347.63;1270.13;-77.50;2617.76
1347.74;1269.48;-78.26;2617.21
1349.76;1269.72;-80.04;2619.49
1346.51;1270.88;-75.63;2617.38
1345.09;1270.16;-74.93;2615.26
1348.26;1268.64;-79.62;2616.89
1350.92;1269.39;-81.53;2620.32
1348.52;1270.56;-77.96;2619.09
1344.88;1269.87;-75.01;2614.75
1348.46;1268.64;-79.82;2617.09
1352.24;1269.51;-82.73;2621.74
1346.90;1271.39;-75.51;2618.29
1345.99;1269.73;-76.26;2615.72
1347.85;1268.51;-79.35;2616.36
1351.64;1269.76;-81.88;2621.41
1346.99;1271.12;-75.86;2618.11
1346.39;1270.31;-76.09;2616.70
1351.69;1268.60;-83.09;2620.29
1349.95;1269.75;-80.21;2619.70
1347.10;1270.48;-76.62;2617.58
1344.91;1270.05;-74.86;2614.96
1347.17;1268.39;-78.78;2615.56
1350.40;1269.74;-80.66;2620.14
1346.78;1270.71;-76.07;2617.48
1344.96;1270.04;-74.93;2615.00
1347.72;1268.75;-78.96;2616.47
1350.85;1269.64;-81.21;2620.49
1346.66;1271.35;-75.31;2618.01
1345.31;1270.06;-75.24;2615.37
1348.08;1268.50;-79.58;2616.58
1352.39;1269.38;-83.02;2621.77
1349.12;1270.92;-78.19;2620.04
1346.68;1270.24;-76.44;2616.92
1347.88;1268.32;-79.56;2616.20
1349.51;1269.96;-79.55;2619.46
1348.94;1270.73;-78.21;2619.66
1345.93;1269.45;-76.48;2615.38
1348.40;1268.16;-80.24;2616.56
1351.38;1269.47;-81.91;2620.85
1350.19;1270.84;-79.35;2621.04
1344.35;1270.06;-74.28;2614.41
1348.54;1268.06;-80.48;2616.60
1350.58;1269.40;-81.18;2619.98
1348.69;1270.64;-78.05;2619.32
1345.69;1270.17;-75.52;2615.86
1349.08;1268.27;-80.81;2617.35
1350.90;1269.13;-81.77;2620.03
1346.32;1271.03;-75.29;2617.35
1346.25;1269.83;-76.42;2616.08
1347.69;1268.77;-78.92;2616.46
1349.91;1269.50;-80.41;2619.41
1347.20;1271.17;-76.03;2618.37
1345.06;1269.96;-75.09;2615.02
1347.76;1268.98;-78.78;2616.74
1350.14;1270.31;-79.84;2620.45
1346.59;1271.33;-75.26;2617.92
1344.60;1270.28;-74.32;2614.88
1348.72;1268.60;-80.12;2617.32
1349.60;1269.56;-80.04;2619.16
1345.75;1271.39;-74.36;2617.15
1344.93;1270.33;-74.60;2615.26
1351.28;1268.44;-82.85;2619.72
1352.13;1269.59;-82.54;2621.72
1347.37;1271.07;-76.30;2618.44
1344.28;1273.11;-71.18;2617.39
1348.94;1269.12;-79.82;2618.05
1351.16;1270.64;-80.52;2621.80
1345.41;1271.72;-73.68;2617.13
1343.74;1270.72;-73.02;2614.46
1348.00;1269.49;-78.51;2617.49
1351.06;1270.28;-80.79;2621.34
1346.73;1271.78;-74.95;2618.51
1343.65;1270.64;-73.01;2614.29
1346.84;1269.59;-77.25;2616.43
1351.08;1271.58;-79.50;2622.66
1348.89;1271.61;-77.28;2620.49
1343.14;1270.79;-72.35;2613.92
1347.33;1269.28;-78.05;2616.61
1350.41;1270.82;-79.59;2621.23
1346.24;1271.85;-74.39;2618.09
1345.68;1271.04;-74.64;2616.72
1348.88;1269.12;-79.75;2618.00
1350.71;1270.44;-80.26;2621.15
1345.64;1271.97;-73.66;2617.61
1343.87;1270.88;-72.99;2614.75
1346.65;1269.45;-77.21;2616.10
1349.56;1270.71;-78.85;2620.26
1345.53;1271.89;-73.64;2617.42
1344.46;1271.21;-73.25;2615.68
1348.37;1269.70;-78.67;2618.07
1348.83;1270.26;-78.57;2619.09
1346.41;1271.96;-74.45;2618.38
1344.48;1270.72;-73.76;2615.19
1348.86;1269.34;-79.52;2618.20
1349.71;1270.09;-79.62;2619.81
1345.24;1271.88;-73.36;2617.11
1344.68;1270.74;-73.94;2615.42
1348.61;1269.18;-79.43;2617.79
1350.56;1270.61;-79.95;2621.17
1345.85;1271.78;-74.06;2617.63
1345.91;1270.95;-74.96;2616.86
1348.61;1268.85;-79.75;2617.46
1349.44;1270.17;-79.26;2619.61
1348.94;1271.47;-77.46;2620.41
1344.83;1270.52;-74.31;2615.35
1351.67;1268.72;-82.95;2620.39
1350.42;1269.72;-80.69;2620.14
1346.28;1271.22;-75.05;2617.50
1345.54;1270.25;-75.29;2615.79
1347.95;1268.49;-79.46;2616.44
1349.50;1269.76;-79.74;2619.26
1346.35;1271.49;-74.86;2617.84
1346.32;1269.79;-76.53;2616.12
1347.56;1268.72;-78.84;2616.29
1352.94;1269.42;-83.51;2622.36
1346.36;1271.11;-75.25;2617.48
1346.69;1269.95;-76.74;2616.65
1347.86;1269.49;-78.36;2617.35
1351.29;1269.90;-81.39;2621.19
1348.64;1271.91;-76.73;2620.54
1345.40;1274.06;-71.34;2619.46
1347.20;1269.24;-77.96;2616.44
1351.91;1270.14;-81.77;2622.04
1345.16;1271.59;-73.58;2616.75
1344.68;1270.25;-74.43;2614.94
1348.44;1268.59;-79.85;2617.03
1349.89;1270.11;-79.79;2620.00
1350.01;1271.52;-78.49;2621.53
1345.12;1270.54;-74.58;2615.66
1347.45;1269.30;-78.15;2616.75
1351.12;1270.29;-80.83;2621.41
1346.38;1272.01;-74.37;2618.38
1345.05;1270.24;-74.81;2615.29
1348.47;1269.24;-79.23;2617.71
1349.88;1270.08;-79.80;2619.96
1348.29;1271.45;-76.85;2619.74
1344.39;1270.35;-74.04;2614.75
1348.18;1269.19;-78.99;2617.37
1350.09;1270.45;-79.64;2620.55
1347.70;1271.98;-75.72;2619.68
1344.12;1270.26;-73.86;2614.39
1348.35;1268.98;-79.38;2617.33
1349.73;1270.61;-79.12;2620.34
1347.12;1271.96;-75.16;2619.08
1344.69;1270.81;-73.88;2615.50
1347.69;1269.07;-78.62;2616.76
1348.95;1270.54;-78.41;2619.48
1346.16;1272.26;-73.90;2618.43
1343.77;1270.85;-72.92;2614.62
1348.29;1269.51;-78.78;2617.81
1350.17;1270.49;-79.68;2620.66
1347.29;1271.72;-75.57;2619.02
1346.44;1271.14;-75.31;2617.58
1347.12;1269.24;-77.89;2616.36
1349.76;1270.41;-79.36;2620.17
1345.99;1271.82;-74.17;2617.82
1346.48;1270.82;-75.66;2617.29
1346.85;1269.29;-77.56;2616.14
1350.51;1270.34;-80.17;2620.85
1347.41;1271.99;-75.41;2619.40
1345.33;1270.87;-74.46;2616.20
1346.35;1268.99;-77.36;2615.35
1349.62;1270.18;-79.45;2619.80
1345.17;1271.80;-73.37;2616.97
1344.64;1270.88;-73.76;2615.52
1349.84;1269.39;-80.44;2619.23
1348.85;1270.79;-78.06;2619.65
1345.39;1271.99;-73.41;2617.38
1345.16;1270.50;-74.66;2615.66
1348.43;1268.85;-79.58;2617.28
1349.41;1270.42;-78.99;2619.84
1347.88;1271.62;-76.26;2619.50
1346.39;1270.43;-75.96;2616.82
1347.86;1269.01;-78.86;2616.87
1348.84;1270.85;-77.98;2619.69
1345.27;1272.08;-73.19;2617.35
1347.37;1270.68;-76.69;2618.05
1348.37;1269.48;-78.89;2617.85
1349.89;1270.56;-79.34;2620.45
1345.77;1272.20;-73.57;2617.97
1344.56;1271.16;-73.41;2615.72
1347.38;1269.36;-78.01;2616.74
1350.15;1271.04;-79.12;2621.19
1346.70;1272.15;-74.55;2618.85
1346.28;1270.38;-75.90;2616.66
1346.48;1269.29;-77.19;2615.78
1351.73;1270.15;-81.58;2621.88
1348.39;1271.61;-76.78;2619.99
1345.41;1270.27;-75.14;2615.68
1350.25;1268.70;-81.55;2618.95
1352.20;1270.09;-82.11;2622.29
1347.09;1271.81;-75.29;2618.90
1345.84;1270.43;-75.41;2616.27
1348.56;1269.02;-79.55;2617.58
1349.24;1271.02;-78.22;2620.25
1345.67;1271.59;-74.08;2617.26
1343.97;1270.12;-73.85;2614.09
1348.54;1268.94;-79.60;2617.47
1351.86;1270.07;-81.79;2621.94
1348.52;1271.21;-77.32;2619.73
1344.34;1270.24;-74.11;2614.58
1349.02;1268.65;-80.37;2617.66
1350.04;1269.83;-80.21;2619.87
1348.84;1271.19;-77.64;2620.03
1348.13;1269.49;-78.64;2617.62
1349.64;1268.24;-81.40;2617.88
1349.38;1269.53;-79.85;2618.91
1348.35;1271.26;-77.09;2619.62
1344.65;1269.74;-74.91;2614.39
1347.90;1268.63;-79.27;2616.53
1351.33;1270.02;-81.31;2621.35
1346.35;1271.62;-74.72;2617.97
1345.62;1269.96;-75.66;2615.59
1348.82;1268.79;-80.03;2617.62
1349.05;1270.16;-78.88;2619.21
1347.08;1271.79;-75.29;2618.88
1344.79;1271.12;-73.67;2615.92
1348.54;1269.22;-79.32;2617.76
1348.76;1271.06;-77.69;2619.82
1347.23;1272.38;-74.85;2619.61
1345.16;1271.21;-73.95;2616.36
1347.39;1269.91;-77.49;2617.30
1350.42;1271.24;-79.18;2621.66
1346.65;1272.28;-74.38;2618.93
1344.42;1271.29;-73.14;2615.71
1346.44;1269.45;-76.99;2615.88
1348.69;1271.26;-77.43;2619.95
1344.61;1272.42;-72.18;2617.03
1343.70;1271.58;-72.12;2615.28
1347.83;1269.68;-78.15;2617.51
1348.36;1271.30;-77.06;2619.66
1345.84;1273.26;-72.58;2619.09
1344.33;1271.28;-73.05;2615.61
1345.96;1269.86;-76.11;2615.82
1348.24;1271.46;-76.77;2619.70
1346.44;1272.66;-73.78;2619.09
1345.54;1271.26;-74.28;2616.79
1348.32;1269.94;-78.38;2618.25
1349.41;1271.04;-78.37;2620.45
1346.56;1271.74;-74.82;2618.29
1344.46;1270.44;-74.03;2614.90
1349.89;1269.35;-80.54;2619.24
1349.12;1270.55;-78.57;2619.66
1348.26;1271.87;-76.39;2620.13
1344.07;1270.11;-73.96;2614.18
1347.85;1268.78;-79.08;2616.63
1351.09;1270.37;-80.72;2621.46
1346.04;1271.54;-74.50;2617.57
1345.29;1269.55;-75.75;2614.84
1348.94;1268.55;-80.38;2617.49
1349.44;1269.96;-79.48;2619.40
1348.19;1271.39;-76.80;2619.59
1346.06;1270.10;-75.96;2616.16
1349.36;1268.87;-80.49;2618.23
1350.92;1270.46;-80.46;2621.38
1349.08;1271.42;-77.66;2620.51
1345.59;1270.43;-75.16;2616.02
1347.00;1268.84;-78.16;2615.84
1348.86;1270.41;-78.45;2619.26
1347.31;1271.68;-75.64;2618.99
1344.86;1270.44;-74.42;2615.30
1346.59;1269.34;-77.25;2615.93
1350.40;1270.40;-80.00;2620.80
1345.31;1272.20;-73.11;2617.51
1343.71;1270.70;-73.01;2614.41
1347.00;1269.24;-77.76;2616.24
1351.43;1270.42;-81.01;2621.85
1346.68;1271.62;-75.05;2618.30
1346.29;1270.08;-76.21;2616.36
1349.15;1269.28;-79.87;2618.42
1349.02;1270.14;-78.88;2619.16
1346.21;1272.05;-74.16;2618.25
1346.58;1270.66;-75.92;2617.25
1347.71;1269.36;-78.35;2617.06
1351.00;1275.42;-75.58;2626.42
1346.78;1272.18;-74.60;2618.95
1344.24;1270.54;-73.71;2614.78
1346.95;1269.11;-77.85;2616.06
1350.61;1269.99;-80.61;2620.60
1347.42;1271.78;-75.64;2619.21
1344.98;1270.16;-74.82;2615.14
1348.55;1268.53;-80.02;2617.08
1351.00;1270.43;-80.57;2621.43
1347.02;1271.72;-75.30;2618.75
1344.55;1269.87;-74.68;2614.42
1347.55;1269.15;-78.39;2616.70
1349.15;1270.07;-79.08;2619.22
1348.05;1271.70;-76.35;2619.75
1344.35;1270.61;-73.75;2614.96
1349.45;1269.15;-80.30;2618.59
1349.08;1270.27;-78.81;2619.35
1348.23;1271.49;-76.74;2619.72
1344.74;1269.54;-75.20;2614.27
1348.12;1268.28;-79.85;2616.40
1349.78;1269.86;-79.92;2619.64
1347.84;1271.32;-76.52;2619.16
1346.34;1269.76;-76.58;2616.11
1348.25;1268.12;-80.13;2616.36
1351.68;1270.33;-81.35;2622.01
1346.33;1271.75;-74.58;2618.08
1345.14;1269.91;-75.24;2615.05
1347.51;1268.42;-79.09;2615.92
1349.19;1269.98;-79.21;2619.17
1347.68;1271.44;-76.24;2619.12
1345.76;1269.62;-76.14;2615.38
1348.99;1268.17;-80.82;2617.16
1349.57;1269.95;-79.62;2619.52
1346.73;1271.46;-75.27;2618.19
1344.43;1270.28;-74.15;2614.71
1347.05;1268.57;-78.48;2615.62
1350.59;1269.94;-80.65;2620.52
1348.82;1271.89;-76.92;2620.71
1345.25;1270.11;-75.14;2615.35
1347.63;1268.81;-78.82;2616.44
1352.51;1270.21;-82.30;2622.72
1346.69;1271.44;-75.25;2618.12
1345.51;1269.99;-75.52;2615.50
1347.10;1269.05;-78.05;2616.15
1350.76;1270.20;-80.56;2620.96
1348.07;1271.72;-76.35;2619.79
1346.11;1270.74;-75.38;2616.85
1347.98;1269.44;-78.54;2617.41
1350.08;1270.52;-79.55;2620.60
1348.85;1271.94;-76.91;2620.79
1344.59;1270.09;-74.51;2614.68
1347.36;1268.99;-78.37;2616.36
1349.28;1270.27;-79.01;2619.55
1345.71;1271.41;-74.30;2617.11
1346.91;1270.20;-76.71;2617.11
1350.39;1268.54;-81.86;2618.93
1350.30;1269.71;-80.59;2620.01
1345.45;1271.81;-73.64;2617.26
1343.57;1270.24;-73.34;2613.81
1349.28;1268.68;-80.60;2617.95
1351.13;1270.06;-81.07;2621.19
1346.17;1271.73;-74.44;2617.90
1345.21;1270.12;-75.08;2615.33
1347.88;1269.03;-78.85;2616.91
1351.56;1270.16;-81.40;2621.73
1347.94;1271.86;-76.08;2619.80
1345.41;1270.08;-75.34;2615.49
1348.37;1268.53;-79.84;2616.90
1350.43;1270.35;-80.08;2620.78
1348.04;1271.96;-76.08;2619.99
1346.07;1270.15;-75.92;2616.22
1350.47;1269.11;-81.36;2619.58
1349.95;1270.47;-79.48;2620.42
1348.21;1271.98;-76.23;2620.18
1344.04;1270.68;-73.36;2614.72
1349.61;1269.24;-80.36;2618.85
1349.96;1270.59;-79.36;2620.55
1347.06;1275.08;-71.98;2622.14
1347.79;1270.97;-76.82;2618.76
1347.89;1268.66;-79.22;2616.55
1349.44;1270.39;-79.05;2619.82
1346.58;1271.69;-74.89;2618.26
1344.89;1270.01;-74.88;2614.89
1347.44;1268.95;-78.49;2616.39
1349.46;1270.42;-79.05;2619.88
1346.61;1271.94;-74.67;2618.54
1344.74;1270.28;-74.46;2615.02
1348.16;1268.96;-79.19;2617.12
1352.52;1270.48;-82.04;2623.00
1345.65;1272.06;-73.58;2617.71
1344.39;1270.98;-73.41;2615.38
1347.79;1269.26;-78.54;2617.05
1348.79;1270.69;-78.10;2619.49
1346.41;1272.54;-73.87;2618.94
1346.47;1270.32;-76.15;2616.79
1350.26;1269.85;-80.41;2620.11
1351.28;1271.01;-80.27;2622.29
1346.13;1272.76;-73.37;2618.89
1347.02;1270.98;-76.04;2618.01
1346.10;1269.58;-76.52;2615.68
1351.31;1275.10;-76.21;2626.41
1345.71;1272.77;-72.94;2618.48
1344.18;1271.06;-73.12;2615.25
1346.96;1269.88;-77.09;2616.84
1348.69;1270.98;-77.71;2619.67
1346.46;1272.16;-74.30;2618.63
1344.94;1270.76;-74.18;2615.70
1348.61;1269.44;-79.18;2618.05
1348.90;1270.56;-78.34;2619.46
1347.62;1271.84;-75.78;2619.45
1345.61;1270.29;-75.32;2615.89
1347.75;1269.30;-78.45;2617.05
1348.96;1270.86;-78.10;2619.83
1348.14;1272.24;-75.89;2620.38
1346.91;1270.44;-76.48;2617.35
1347.59;1268.93;-78.66;2616.52
1350.10;1270.71;-79.39;2620.81
1346.31;1271.96;-74.35;2618.27
1345.09;1270.09;-75.00;2615.18
1348.00;1268.68;-79.32;2616.68
1349.12;1270.19;-78.92;2619.31
1347.65;1271.51;-76.14;2619.15
1345.45;1270.24;-75.21;2615.69
1347.47;1268.76;-78.71;2616.24
1350.57;1270.03;-80.54;2620.60
1346.49;1271.52;-74.97;2618.01
1345.85;1270.17;-75.68;2616.02
1349.29;1268.31;-80.98;2617.60
1349.36;1270.12;-79.24;2619.48
1346.06;1271.86;-74.19;2617.92
1343.83;1270.14;-73.69;2613.96
1347.39;1268.88;-78.51;2616.26
1350.12;1270.41;-79.72;2620.53
1346.10;1272.06;-74.04;2618.16
1343.71;1270.59;-73.12;2614.31
1347.01;1269.13;-77.88;2616.14
1349.38;1270.55;-78.82;2619.93
1345.64;1272.21;-73.44;2617.85
1344.49;1270.63;-73.86;2615.12
1346.90;1269.09;-77.81;2615.99
1351.43;1270.68;-80.75;2622.11
1346.01;1271.69;-74.32;2617.70
1343.69;1270.02;-73.68;2613.71
1347.66;1268.42;-79.24;2616.08
1349.91;1270.19;-79.72;2620.11
1346.26;1271.45;-74.82;2617.71
1346.11;1270.30;-75.81;2616.41
1347.68;1268.69;-78.99;2616.36
1349.28;1270.33;-78.95;2619.61
1346.21;1271.76;-74.45;2617.97
1345.29;1270.28;-75.02;2615.57
1350.16;1268.56;-81.61;2618.72
1349.89;1269.66;-80.22;2619.55
1347.77;1271.25;-76.52;2619.02
1344.55;1269.88;-74.67;2614.44
1349.04;1268.73;-80.31;2617.77
1349.42;1270.49;-78.94;2619.91
1349.17;1272.32;-76.85;2621.49
1344.58;1270.44;-74.14;2615.02
1348.28;1268.67;-79.61;2616.95
1350.39;1270.75;-79.64;2621.15
1346.69;1271.75;-74.94;2618.44
1344.08;1270.69;-73.39;2614.77
1348.58;1268.69;-79.89;2617.27
1350.51;1271.01;-79.50;2621.52
1348.90;1272.22;-76.68;2621.12
1345.36;1270.34;-75.02;2615.70
1347.93;1268.95;-78.98;2616.88
1351.06;1270.87;-80.19;2621.94
1344.64;1272.44;-72.21;2617.08
1346.36;1271.23;-75.14;2617.59
1346.66;1269.15;-77.51;2615.82
1349.25;1271.08;-78.17;2620.34
1345.02;1272.92;-72.11;2617.94
1345.00;1270.99;-74.01;2615.99
1348.52;1269.15;-79.36;2617.67
1347.84;1271.25;-76.59;2619.08
1345.89;1272.04;-73.85;2617.93
1343.68;1270.94;-72.74;2614.62
1346.36;1269.24;-77.13;2615.60
1351.48;1271.28;-80.21;2622.76
1346.70;1272.42;-74.28;2619.12
1344.64;1270.58;-74.06;2615.22
1347.51;1269.41;-78.10;2616.92
1351.38;1270.98;-80.41;2622.36
1349.49;1272.57;-76.92;2622.06
1343.69;1270.99;-72.70;2614.69
1348.22;1269.64;-78.58;2617.86
1347.71;1271.97;-75.74;2619.68
1345.00;1272.91;-72.09;2617.91
1344.54;1271.41;-73.13;2615.94
1346.29;1269.85;-76.45;2616.14
1347.25;1271.37;-75.88;2618.62
1345.79;1273.18;-72.61;2618.97
1343.26;1271.34;-71.92;2614.60
1348.94;1269.48;-79.46;2618.41
1348.97;1272.16;-76.81;2621.13
1344.78;1273.09;-71.68;2617.87
1344.72;1271.24;-73.48;2615.95
1346.62;1269.86;-76.76;2616.48
1348.01;1271.32;-76.68;2619.33
1345.48;1272.61;-72.88;2618.09
1343.86;1270.92;-72.95;2614.78
1346.64;1269.53;-77.11;2616.16
1350.40;1270.77;-79.63;2621.17
1346.75;1272.83;-73.92;2619.58
1347.46;1270.75;-76.72;2618.21
1348.38;1269.36;-79.02;2617.74
1350.05;1271.07;-78.98;2621.12
1348.52;1272.81;-75.72;2621.33
1343.80;1271.00;-72.80;2614.80
1348.96;1269.27;-79.69;2618.24
1349.61;1271.54;-78.07;2621.15
1346.21;1272.19;-74.02;2618.39
1344.74;1270.72;-74.02;2615.45
1348.36;1269.54;-78.82;2617.91
1348.12;1271.03;-77.09;2619.15
1346.82;1272.42;-74.41;2619.24
1346.65;1270.95;-75.69;2617.60
1349.64;1269.28;-80.36;2618.91
1350.44;1271.36;-79.08;2621.79
1345.66;1272.59;-73.08;2618.25
1345.55;1270.77;-74.78;2616.32
1346.56;1269.93;-76.63;2616.49
1351.01;1271.33;-79.68;2622.34
1345.47;1272.38;-73.09;2617.85
1345.24;1271.05;-74.19;2616.29
1346.71;1269.16;-77.55;2615.87
1349.28;1271.52;-77.76;2620.81
1345.38;1272.54;-72.84;2617.91
1344.77;1271.02;-73.75;2615.79
1346.86;1269.11;-77.75;2615.98
1350.54;1271.05;-79.48;2621.59
1347.27;1274.94;-72.33;2622.21
1344.13;1270.69;-73.44;2614.82
1347.01;1269.64;-77.36;2616.65
1347.70;1271.75;-75.95;2619.45
1344.69;1272.55;-72.14;2617.25
1344.94;1270.66;-74.27;2615.60
1349.77;1269.45;-80.32;2619.22
1349.51;1271.60;-77.91;2621.11
1346.59;1272.62;-73.97;2619.21
1345.14;1270.51;-74.63;2615.64
1346.28;1269.80;-76.48;2616.08
1347.37;1271.02;-76.35;2618.39
1344.75;1272.65;-72.11;2617.40
1343.61;1270.91;-72.70;2614.51
1348.02;1269.36;-78.66;2617.38
1347.94;1270.88;-77.06;2618.81
1345.08;1272.47;-72.61;2617.55
1346.65;1271.08;-75.56;2617.73
1346.88;1269.40;-77.48;2616.28
1348.79;1271.21;-77.58;2620.00
1346.31;1272.95;-73.36;2619.26
1343.25;1271.29;-71.96;2614.55
1346.35;1269.73;-76.62;2616.08
1350.30;1271.26;-79.04;2621.56
1345.25;1273.22;-72.03;2618.48
1343.70;1271.31;-72.39;2615.01
1347.88;1269.95;-77.92;2617.83
1348.16;1271.45;-76.71;2619.61
1345.35;1272.81;-72.54;2618.16
1346.10;1271.46;-74.64;2617.56
1349.62;1269.91;-79.71;2619.53
1349.32;1274.30;-75.02;2623.62
1346.22;1272.98;-73.24;2619.19
1343.79;1271.56;-72.24;2615.35
1346.93;1269.90;-77.03;2616.83
1349.37;1271.77;-77.60;2621.14
1346.92;1272.88;-74.04;2619.81
1345.79;1270.82;-74.97;2616.61
1346.21;1268.98;-77.23;2615.18
1350.30;1271.07;-79.23;2621.37
1346.88;1272.49;-74.39;2619.37
1344.19;1271.20;-72.99;2615.39
1348.92;1269.55;-79.36;2618.47
1349.53;1270.63;-78.90;2620.16
1345.25;1272.38;-72.87;2617.62
1344.83;1270.51;-74.32;2615.34
1346.26;1269.05;-77.22;2615.31
1349.35;1271.33;-78.02;2620.68
1348.81;1272.48;-76.33;2621.28
1344.17;1270.44;-73.73;2614.61
1346.91;1269.44;-77.46;2616.35
1349.99;1270.86;-79.13;2620.86
1346.24;1272.64;-73.61;2618.88
1345.16;1270.68;-74.49;2615.84
1350.01;1269.27;-80.74;2619.28
1348.98;1271.26;-77.71;2620.24
1345.71;1273.16;-72.55;2618.88
1343.84;1271.05;-72.79;2614.89
1347.99;1269.36;-78.63;2617.35
1348.11;1271.15;-76.95;2619.26
1346.35;1272.84;-73.51;2619.19
1346.63;1270.40;-76.23;2617.03
1349.17;1269.79;-79.38;2618.96
1348.44;1271.54;-76.90;2619.98
1345.13;1272.52;-72.61;2617.65
1343.75;1270.96;-72.79;2614.72
1346.37;1269.95;-76.42;2616.32
1349.55;1271.82;-77.73;2621.38
1346.98;1272.96;-74.02;2619.94
1345.85;1271.32;-74.53;2617.16
1347.48;1269.51;-77.96;2616.99
1351.09;1271.50;-79.59;2622.59
1347.99;1273.04;-74.95;2621.02
1343.18;1271.24;-71.94;2614.42
1348.60;1269.79;-78.81;2618.39
1348.24;1271.42;-76.82;2619.66
1345.39;1273.33;-72.06;2618.72
1344.16;1271.43;-72.73;2615.59
1348.44;1270.12;-78.32;2618.56
1348.05;1271.52;-76.54;2619.57
1345.06;1273.02;-72.04;2618.08
1344.67;1271.39;-73.28;2616.06
1346.85;1270.14;-76.72;2616.99
1347.39;1271.76;-75.64;2619.15
1344.99;1273.26;-71.73;2618.26
1343.89;1271.15;-72.74;2615.04
1348.84;1269.38;-79.46;2618.22
1347.09;1271.39;-75.70;2618.48
1345.44;1272.97;-72.46;2618.41
1344.64;1271.48;-73.15;2616.12
1347.26;1269.62;-77.65;2616.88
1349.76;1271.56;-78.21;2621.32
1345.43;1273.22;-72.21;2618.65
1343.38;1270.78;-72.59;2614.16
1347.13;1269.12;-78.01;2616.25
1348.45;1271.39;-77.06;2619.84
1347.27;1272.86;-74.41;2620.14
1346.49;1270.67;-75.82;2617.16
1348.94;1269.28;-79.66;2618.22
1349.66;1270.93;-78.74;2620.59
1345.13;1272.41;-72.72;2617.54
1343.77;1270.84;-72.94;2614.61
1347.24;1269.13;-78.11;2616.36
1349.36;1271.38;-77.99;2620.74
1347.77;1272.63;-75.14;2620.40
1344.14;1270.59;-73.55;2614.72
1349.55;1269.22;-80.33;2618.78
1347.79;1271.03;-76.76;2618.82
1344.87;1272.54;-72.33;2617.41
1345.95;1270.41;-75.54;2616.36
1348.62;1268.94;-79.68;2617.56
1351.31;1270.91;-80.40;2622.22
1345.49;1272.24;-73.26;2617.73
1346.35;1269.96;-76.39;2616.31
1349.16;1268.82;-80.34;2617.99
1348.69;1270.82;-77.87;2619.51
1347.32;1271.92;-75.40;2619.24
1345.46;1270.23;-75.24;2615.69
1347.56;1268.99;-78.57;2616.56
1348.26;1271.11;-77.15;2619.36
1347.74;1272.23;-75.51;2619.97
1346.38;1270.24;-76.14;2616.62
1346.79;1268.99;-77.80;2615.79
1351.66;1270.83;-80.83;2622.49
1344.81;1272.09;-72.72;2616.91
1346.11;1270.19;-75.92;2616.29
1346.51;1268.99;-77.51;2615.50
1350.81;1270.86;-79.94;2621.67
1346.18;1272.40;-73.78;2618.58
1344.54;1270.24;-74.30;2614.78
1348.76;1269.51;-79.26;2618.27
1349.31;1271.09;-78.22;2620.40
1345.78;1272.50;-73.28;2618.28
1344.20;1271.87;-72.33;2616.07
1346.29;1269.26;-77.04;2615.55
1348.06;1271.46;-76.60;2619.52
1346.48;1272.88;-73.60;2619.36
1345.48;1270.78;-74.70;2616.26
1346.71;1268.90;-77.81;2615.61
1347.84;1271.39;-76.45;2619.24
1344.92;1272.58;-72.34;2617.49
1344.20;1270.53;-73.67;2614.73
1349.72;1269.12;-80.60;2618.85
1350.96;1270.85;-80.11;2621.81
1345.72;1272.38;-73.34;2618.10
1345.91;1270.72;-75.19;2616.64
1349.12;1269.30;-79.82;2618.42
1348.86;1271.15;-77.71;2620.01
1346.12;1272.48;-73.65;2618.60
1346.66;1270.46;-76.21;2617.12
1347.08;1268.90;-78.18;2615.98
1349.54;1270.49;-79.04;2620.03
1346.55;1272.12;-74.43;2618.68
1344.15;1270.19;-73.96;2614.34
1349.33;1268.76;-80.56;2618.09
1349.70;1270.62;-79.08;2620.32
1346.63;1271.83;-74.80;2618.46
1345.51;1270.15;-75.35;2615.66
1347.57;1268.26;-79.31;2615.84
1351.23;1270.94;-80.29;2622.17
1345.69;1272.39;-73.29;2618.08
1345.82;1270.31;-75.52;2616.13
1348.83;1268.61;-80.22;2617.44
1348.59;1270.66;-77.93;2619.25
1347.65;1271.99;-75.66;2619.64
1347.49;1269.86;-77.63;2617.36
1348.36;1268.93;-79.44;2617.29
1349.47;1270.85;-78.62;2620.32
1346.12;1272.04;-74.08;2618.16
1346.29;1269.88;-76.42;2616.17
1348.11;1268.45;-79.66;2616.56
1350.05;1270.98;-79.08;2621.03
1346.64;1272.08;-74.55;2618.72
1345.99;1270.31;-75.68;2616.30
1349.04;1268.99;-80.05;2618.04
1347.76;1271.09;-76.68;2618.85
1347.36;1272.11;-75.25;2619.48
1345.07;1269.98;-75.09;2615.05
1348.48;1268.79;-79.69;2617.28
1348.19;1271.24;-76.95;2619.43
1349.39;1272.37;-77.02;2621.76
1345.79;1270.41;-75.38;2616.19
1350.39;1272.82;-77.57;2623.21
1348.59;1271.41;-77.19;2620.00
1347.76;1273.09;-74.68;2620.85
1343.95;1270.42;-73.53;2614.38
1350.48;1268.72;-81.76;2619.19
1348.36;1270.92;-77.44;2619.29
1345.65;1272.23;-73.42;2617.88
1346.75;1270.18;-76.56;2616.93
1349.40;1269.12;-80.28;2618.52
1348.84;1270.46;-78.38;2619.31
1349.16;1272.26;-76.90;2621.43
1345.74;1269.74;-76.00;2615.48
1347.54;1268.29;-79.24;2615.83
1349.77;1270.45;-79.32;2620.22
1346.02;1272.13;-73.89;2618.15
1348.02;1270.04;-77.98;2618.05
1349.12;1268.30;-80.82;2617.42
1348.09;1270.44;-77.65;2618.53
1346.74;1271.79;-74.94;2618.53
1344.64;1269.75;-74.89;2614.39
1348.21;1267.99;-80.22;2616.20
1351.54;1270.09;-81.45;2621.64
1346.14;1271.81;-74.32;2617.95
1346.29;1269.51;-76.78;2615.79
1347.58;1267.39;-80.19;2614.98
1349.98;1269.69;-80.29;2619.68
1347.08;1270.47;-76.61;2617.55
1347.92;1268.85;-79.07;2616.76
1349.81;1267.56;-82.24;2617.37
1350.42;1269.46;-80.95;2619.88
1348.75;1271.07;-77.68;2619.82
1346.55;1269.16;-77.38;2615.71
1350.57;1267.58;-82.99;2618.15
1349.32;1269.77;-79.55;2619.09
1346.48;1271.22;-75.25;2617.70
1345.11;1269.22;-75.89;2614.33
1349.04;1267.78;-81.26;2616.82
1351.72;1270.06;-81.66;2621.79
1346.30;1271.04;-75.26;2617.34
1345.45;1269.47;-75.98;2614.92
1350.00;1267.59;-82.41;2617.59
1348.97;1270.14;-78.83;2619.11
1346.92;1271.20;-75.72;2618.12
1349.50;1269.25;-80.25;2618.75
1348.21;1267.94;-80.27;2616.14
1349.43;1269.75;-79.68;2619.18
1349.84;1271.58;-78.25;2621.42
1345.43;1269.56;-75.86;2614.99
1350.00;1268.09;-81.91;2618.09
1350.46;1270.18;-80.29;2620.64
1346.66;1271.19;-75.46;2617.85
1348.30;1269.66;-78.64;2617.96
1348.16;1267.97;-80.19;2616.13
1351.62;1269.65;-81.97;2621.26
1349.29;1271.26;-78.04;2620.55
1346.18;1269.12;-77.06;2615.31
1348.14;1268.01;-80.13;2616.14
1350.44;1270.01;-80.44;2620.45
1348.41;1271.79;-76.62;2620.19
1345.33;1269.09;-76.24;2614.42
1351.06;1267.55;-83.51;2618.61
1350.85;1270.06;-80.79;2620.91
1346.16;1271.59;-74.57;2617.75
1345.67;1269.54;-76.14;2615.21
1349.89;1268.12;-81.77;2618.01
1349.36;1269.98;-79.38;2619.34
1347.08;1271.38;-75.69;2618.46
1345.20;1269.28;-75.92;2614.48
1348.79;1267.81;-80.99;2616.60
1349.12;1270.02;-79.09;2619.14
1347.16;1271.56;-75.60;2618.72
1346.72;1269.44;-77.28;2616.16
1349.25;1267.65;-81.60;2616.89
1351.99;1269.81;-82.18;2621.80
1349.61;1271.58;-78.04;2621.19
1345.57;1269.59;-75.98;2615.16
1348.91;1267.77;-81.14;2616.68
1348.68;1270.39;-78.29;2619.07
1348.69;1272.21;-76.48;2620.89
1344.26;1269.93;-74.34;2614.19
1348.22;1268.66;-79.55;2616.88
1349.26;1270.28;-78.98;2619.54
1349.21;1271.85;-77.36;2621.06
1346.82;1269.78;-77.04;2616.60
1348.64;1268.54;-80.11;2617.18
1349.01;1270.75;-78.26;2619.76
1347.66;1271.54;-76.12;2619.21
1348.45;1269.96;-78.48;2618.41
1350.28;1268.11;-82.17;2618.38
1349.72;1270.24;-79.48;2619.96
1348.51;1271.75;-76.75;2620.26
1346.51;1269.34;-77.17;2615.84
1349.32;1268.13;-81.19;2617.45
1349.75;1270.28;-79.48;2620.03
1346.55;1271.68;-74.88;2618.23
1346.08;1269.02;-77.06;2615.09
1348.32;1267.74;-80.58;2616.06
1350.25;1270.49;-79.76;2620.75
1347.16;1271.34;-75.82;2618.51
1347.68;1269.49;-78.19;2617.18
1348.21;1268.22;-79.99;2616.44
1349.12;1269.61;-79.51;2618.74
1347.64;1271.56;-76.08;2619.20
1348.63;1269.58;-79.05;2618.21
1349.64;1268.13;-81.51;2617.77
1350.56;1269.78;-80.78;2620.34
1346.94;1271.67;-75.27;2618.61
1347.25;1269.39;-77.86;2616.64
1348.34;1269.54;-78.80;2617.87
1351.92;1269.94;-81.98;2621.85
1346.77;1271.29;-75.48;2618.06
1347.31;1268.83;-78.48;2616.14
1349.16;1267.44;-81.73;2616.60
1350.47;1269.43;-81.04;2619.90
1347.14;1271.22;-75.92;2618.35
1348.24;1268.34;-79.90;2616.58
1349.02;1266.91;-82.12;2615.93
1352.22;1269.20;-83.02;2621.42
1347.24;1270.51;-76.73;2617.74
1346.84;1268.35;-78.49;2615.19
1351.66;1267.50;-84.16;2619.16
1350.20;1269.38;-80.82;2619.58
1347.68;1271.26;-76.41;2618.94
1347.91;1269.04;-78.88;2616.95
1349.09;1267.56;-81.53;2616.65
1351.62;1269.48;-82.14;2621.09
1347.82;1271.42;-76.41;2619.24
1346.41;1269.15;-77.26;2615.56
1348.99;1267.89;-81.09;2616.88
1350.41;1269.55;-80.85;2619.96
1347.52;1271.41;-76.11;2618.92
1346.20;1269.15;-77.05;2615.35
1349.15;1267.40;-81.75;2616.55
1350.03;1269.54;-80.49;2619.57
1346.30;1271.48;-74.82;2617.78
1347.00;1268.70;-78.30;2615.70
1348.80;1267.52;-81.28;2616.32
1352.08;1269.81;-82.26;2621.89
1346.42;1271.28;-75.14;2617.70
1346.59;1268.93;-77.66;2615.52
1349.28;1267.55;-81.74;2616.83
1350.71;1270.07;-80.64;2620.78
1348.06;1271.44;-76.62;2619.51
1346.06;1268.88;-77.18;2614.94
1348.66;1267.72;-80.94;2616.39
1350.26;1270.27;-79.99;2620.53
1346.59;1271.61;-74.98;2618.19
1346.14;1269.33;-76.81;2615.47
1349.04;1268.05;-80.98;2617.09
1348.19;1270.33;-77.86;2618.52
1347.12;1271.84;-75.28;2618.96
1347.54;1269.39;-78.15;2616.93
1348.49;1268.25;-80.24;2616.74
1348.79;1270.38;-78.41;2619.17
1349.74;1272.35;-77.39;2622.08
1345.49;1269.61;-75.89;2615.10
1349.02;1267.85;-81.16;2616.87
1348.17;1270.42;-77.75;2618.59
1347.56;1272.22;-75.34;2619.79
1347.07;1269.33;-77.74;2616.40
1347.87;1267.62;-80.25;2615.49
1348.67;1270.05;-78.62;2618.72
1346.88;1271.67;-75.21;2618.55
1346.74;1268.96;-77.77;2615.70
1349.81;1267.68;-82.14;2617.49
1351.65;1269.78;-81.88;2621.43
1346.82;1271.31;-75.51;2618.14
1346.11;1269.34;-76.78;2615.45
1351.51;1267.86;-83.65;2619.37
1349.46;1269.76;-79.70;2619.23
1347.49;1271.06;-76.43;2618.55
1346.35;1269.10;-77.25;2615.45
1348.40;1267.70;-80.70;2616.10
1350.12;1269.99;-80.13;2620.12
1347.24;1271.34;-75.91;2618.58
1346.11;1268.96;-77.15;2615.08
1351.19;1267.38;-83.82;2618.57
1350.28;1269.77;-80.51;2620.05
1346.96;1271.24;-75.72;2618.21
1348.25;1268.68;-79.56;2616.93
1348.96;1267.55;-81.41;2616.52
1349.71;1270.01;-79.70;2619.71
1346.69;1271.39;-75.30;2618.08
1348.47;1269.40;-79.07;2617.87
1350.71;1267.44;-83.28;2618.15
1350.98;1269.81;-81.17;2620.78
1346.49;1271.20;-75.29;2617.69
1346.42;1269.12;-77.31;2615.54
1350.10;1267.44;-82.66;2617.54
1349.56;1269.42;-80.14;2618.98
1346.74;1271.07;-75.66;2617.81
1348.01;1268.82;-79.19;2616.82
1348.38;1267.77;-80.61;2616.15
1350.19;1269.48;-80.71;2619.68
1347.46;1270.99;-76.47;2618.45
1346.55;1271.41;-75.14;2617.95
1351.79;1266.90;-84.89;2618.69
1349.10;1269.29;-79.81;2618.39
1348.86;1270.78;-78.08;2619.64
1347.84;1272.19;-75.65;2620.03
1349.08;1267.04;-82.05;2616.12
1350.17;1269.41;-80.76;2619.58
1350.61;1270.68;-79.94;2621.29
1347.20;1268.43;-78.77;2615.63
1351.69;1266.85;-84.85;2618.54
1351.24;1269.45;-81.79;2620.69
1347.72;1270.72;-76.99;2618.44
1346.52;1268.69;-77.82;2615.21
1350.46;1266.90;-83.56;2617.36
1351.26;1269.82;-81.44;2621.08
1347.32;1271.21;-76.11;2618.53
1346.56;1268.44;-78.12;2614.99
1350.89;1267.02;-83.87;2617.91
1350.96;1269.21;-81.75;2620.18
1347.87;1271.02;-76.85;2618.89
1348.05;1268.88;-79.17;2616.92
1349.71;1271.02;-78.69;2620.73
1349.43;1269.62;-79.81;2619.05
1348.56;1271.01;-77.56;2619.57
1346.39;1268.68;-77.71;2615.07
1349.61;1266.96;-82.65;2616.57
1350.51;1269.69;-80.82;2620.19
1347.80;1271.12;-76.68;2618.92
1349.25;1268.49;-80.76;2617.74
1348.84;1266.69;-82.15;2615.53
1351.25;1269.31;-81.94;2620.55
1348.84;1270.45;-78.39;2619.29
1346.15;1268.19;-77.95;2614.34
1349.98;1267.23;-82.75;2617.21
1351.78;1269.14;-82.65;2620.92
1349.84;1270.36;-79.48;2620.19
1347.25;1268.11;-79.15;2615.36
1351.94;1266.73;-85.21;2618.66
1350.41;1268.94;-81.46;2619.35
1348.02;1270.46;-77.55;2618.48
1347.82;1268.38;-79.45;2616.20
1352.85;1266.78;-86.07;2619.64
1351.85;1269.21;-82.65;2621.06
1346.81;1271.24;-75.58;2618.05
1347.77;1269.00;-78.77;2616.77
1349.31;1267.36;-81.95;2616.67
1351.30;1269.87;-81.43;2621.17
1346.84;1270.86;-75.97;2617.70
1347.15;1268.21;-78.94;2615.36
1349.23;1267.05;-82.18;2616.28
1349.59;1272.55;-77.05;2622.14
1348.29;1270.71;-77.58;2619.01
1348.25;1268.55;-79.70;2616.81
1350.34;1266.78;-83.56;2617.12
1350.24;1269.29;-80.95;2619.52
1350.13;1271.10;-79.03;2621.23
1348.85;1268.39;-80.46;2617.24
1350.28;1267.09;-83.19;2617.38
1350.09;1269.55;-80.54;2619.65
1346.82;1271.46;-75.36;2618.29
1348.86;1268.56;-80.30;2617.42
1351.59;1267.01;-84.58;2618.61
1350.96;1269.32;-81.64;2620.28
1348.23;1270.53;-77.70;2618.76
1347.89;1268.44;-79.45;2616.33
1349.21;1266.89;-82.32;2616.11
1349.28;1269.46;-79.82;2618.74
1349.14;1271.19;-77.95;2620.32
1348.21;1268.90;-79.31;2617.11
1348.28;1267.32;-80.96;2615.59
1349.26;1269.70;-79.56;2618.96
1346.11;1271.23;-74.88;2617.34
1347.14;1269.05;-78.09;2616.19
1348.47;1267.51;-80.96;2615.98
1350.74;1270.12;-80.62;2620.86
1347.19;1271.28;-75.91;2618.46
1346.57;1268.96;-77.61;2615.53
1348.55;1267.33;-81.22;2615.88
1350.88;1269.67;-81.21;2620.55
1350.87;1271.55;-79.32;2622.42
1348.22;1273.74;-74.48;2621.96
1348.86;1266.88;-81.98;2615.74
1352.29;1269.29;-82.99;2621.58
1347.38;1270.86;-76.51;2618.24
1348.38;1268.02;-80.36;2616.40
1349.09;1266.32;-82.77;2615.41
1350.57;1269.19;-81.38;2619.76
1347.86;1270.76;-77.09;2618.62
1348.30;1268.28;-80.02;2616.58
1349.56;1266.63;-82.94;2616.19
1352.35;1268.86;-83.49;2621.21
1346.82;1270.68;-76.15;2617.50
1346.76;1268.30;-78.46;2615.06
1349.45;1266.38;-83.06;2615.83
1349.86;1269.59;-80.26;2619.45
1349.76;1271.23;-78.53;2620.99
1347.32;1268.22;-79.09;2615.54
1348.78;1266.54;-82.24;2615.32
1349.81;1269.07;-80.74;2618.88
1350.57;1270.93;-79.64;2621.50
1347.34;1268.04;-79.31;2615.38
1350.49;1266.34;-84.16;2616.83
1350.04;1268.95;-81.08;2618.99
1348.52;1270.36;-78.16;2618.88
1349.42;1268.24;-81.18;2617.66
1349.21;1266.68;-82.52;2615.89
1349.81;1269.09;-80.72;2618.91
1349.54;1271.05;-78.48;2620.59
1346.43;1268.33;-78.10;2614.76
1350.02;1266.83;-83.19;2616.85
1350.34;1269.11;-81.24;2619.45
1347.32;1270.82;-76.50;2618.15
1349.11;1268.95;-80.16;2618.06
1348.93;1267.08;-81.85;2616.01
1349.27;1269.52;-79.75;2618.79
1348.24;1271.30;-76.94;2619.54
1347.11;1268.50;-78.61;2615.61
1351.48;1266.87;-84.61;2618.35
1352.16;1269.46;-82.70;2621.62
1347.78;1270.90;-76.88;2618.68
1347.85;1268.37;-79.48;2616.22
1348.26;1266.92;-81.34;2615.18
1350.52;1269.50;-81.02;2620.02
1349.59;1270.71;-78.88;2620.31
1347.94;1268.25;-79.68;2616.19
1348.70;1268.65;-80.05;2617.35
1349.77;1269.87;-79.90;2619.64
1348.32;1271.31;-77.01;2619.62
1346.20;1268.52;-77.68;2614.72
1351.45;1266.66;-84.79;2618.11
1349.22;1269.66;-79.55;2618.88
1347.45;1271.18;-76.26;2618.63
1350.95;1268.94;-82.01;2619.89
1349.13;1267.15;-81.98;2616.28
1349.64;1269.72;-79.92;2619.36
1348.34;1271.71;-76.62;2620.05
1346.96;1269.06;-77.91;2616.02
1348.55;1267.54;-81.01;2616.09
1349.64;1269.92;-79.72;2619.56
1345.96;1271.66;-74.29;2617.62
1346.26;1269.14;-77.12;2615.39
1348.20;1267.56;-80.64;2615.76
1348.56;1270.09;-78.47;2618.66
1348.02;1272.52;-75.49;2620.54
1349.24;1269.31;-79.94;2618.55
1347.64;1267.66;-79.98;2615.29
1349.05;1269.99;-79.05;2619.04
1346.34;1271.80;-74.54;2618.14
1346.72;1269.36;-77.36;2616.08
1349.28;1267.74;-81.54;2617.01
1348.28;1270.65;-77.63;2618.94
1346.41;1271.49;-74.92;2617.89
1348.34;1269.31;-79.03;2617.64
1351.44;1267.42;-84.01;2618.86
1350.85;1269.82;-81.02;2620.67
1346.32;1271.48;-74.85;2617.80
1347.62;1269.39;-78.23;2617.02
1348.35;1267.85;-80.50;2616.19
1350.55;1270.58;-79.96;2621.13
1346.10;1272.21;-73.89;2618.31
1348.10;1269.73;-78.37;2617.83
1349.98;1267.44;-82.54;2617.42
1350.32;1270.36;-79.95;2620.68
1346.94;1271.86;-75.07;2618.80
1347.63;1269.69;-77.94;2617.32
1350.45;1268.07;-82.38;2618.52
1348.81;1270.01;-78.80;2618.82
1346.88;1272.16;-74.72;2619.04
1347.14;1272.34;-74.81;2619.48
1348.05;1267.91;-80.14;2615.96
1349.86;1270.15;-79.72;2620.01
1346.82;1272.22;-74.61;2619.04
1349.09;1269.56;-79.54;2618.65
1347.64;1268.54;-79.11;2616.18
1348.95;1270.95;-77.99;2619.90
1349.12;1272.29;-76.83;2621.41
1345.65;1269.52;-76.13;2615.18
1348.22;1268.34;-79.88;2616.56
1349.27;1270.54;-78.73;2619.81
1346.23;1272.14;-74.09;2618.36
1347.51;1270.04;-77.47;2617.54
1349.25;1267.85;-81.41;2617.10
1350.08;1270.95;-79.14;2621.03
1346.36;1272.61;-73.75;2618.96
1345.84;1269.88;-75.96;2615.72
1347.99;1268.05;-79.95;2616.04
1348.79;1271.04;-77.75;2619.83
1346.15;1272.67;-73.48;2618.82
1345.17;1270.08;-75.09;2615.25
1348.59;1268.94;-79.65;2617.53
1348.29;1270.76;-77.54;2619.05
1346.04;1272.84;-73.20;2618.88
1347.75;1270.43;-77.32;2618.18
1348.63;1268.92;-79.71;2617.55
1349.98;1270.58;-79.41;2620.56
1346.15;1272.62;-73.52;2618.77
1347.04;1270.61;-76.43;2617.65
1349.28;1268.31;-80.96;2617.59
1347.92;1270.89;-77.02;2618.81
1346.24;1272.72;-73.52;2618.96
1347.66;1269.91;-77.75;2617.57
1349.91;1268.47;-81.44;2618.38
1349.35;1270.80;-78.55;2620.15
1347.43;1272.09;-75.34;2619.52
1347.73;1270.18;-77.55;2617.91
1347.88;1267.90;-79.98;2615.78
1348.03;1270.80;-77.23;2618.83
1347.33;1272.14;-75.19;2619.46
1345.23;1269.95;-75.28;2615.18
1347.74;1267.75;-79.99;2615.48
1350.31;1270.48;-79.83;2620.78
1346.14;1272.06;-74.08;2618.19
1348.36;1269.95;-78.42;2618.31
1347.74;1267.84;-79.91;2615.58
1349.83;1270.84;-78.99;2620.66
1346.90;1271.66;-75.24;2618.56
1345.87;1269.25;-76.62;2615.12
1349.06;1267.49;-81.57;2616.56
1348.16;1270.29;-77.87;2618.46
1347.51;1272.28;-75.23;2619.78
1347.60;1272.78;-74.82;2620.38
1349.45;1267.10;-82.35;2616.55
1348.51;1270.08;-78.43;2618.59
1348.43;1271.58;-76.85;2620.01
1347.21;1268.16;-79.05;2615.37
1349.24;1266.96;-82.28;2616.21
1349.09;1269.35;-79.74;2618.44
1350.54;1271.36;-79.18;2621.91
1347.95;1268.22;-79.72;2616.17
1349.27;1266.20;-83.07;2615.47
1351.07;1269.37;-81.70;2620.44
1350.50;1270.96;-79.54;2621.46
1351.32;1268.12;-83.20;2619.44
1349.42;1266.32;-83.09;2615.74
1349.24;1269.21;-80.02;2618.45
1349.24;1271.11;-78.14;2620.35
1347.62;1268.79;-78.84;2616.41
1349.56;1266.78;-82.78;2616.34
1349.86;1270.21;-79.65;2620.06
1346.49;1271.21;-75.28;2617.69
1348.64;1268.48;-80.16;2617.11
1351.33;1266.89;-84.44;2618.22
1349.79;1269.49;-80.29;2619.28
1348.52;1271.25;-77.27;2619.76
1346.56;1268.53;-78.04;2615.09
1350.34;1267.19;-83.15;2617.53
1348.59;1270.00;-78.59;2618.59
1346.50;1271.49;-75.01;2617.99
1346.68;1268.66;-78.01;2615.34
1352.40;1267.06;-85.34;2619.46
1351.06;1269.68;-81.38;2620.75
1346.79;1271.76;-75.04;2618.55
1348.69;1268.86;-79.83;2617.56
1349.96;1267.21;-82.75;2617.16
1349.22;1270.21;-79.01;2619.42
1346.84;1271.29;-75.54;2618.13
1347.46;1268.84;-78.62;2616.31
1350.00;1267.16;-82.84;2617.16
1350.53;1269.93;-80.60;2620.46
1346.91;1271.72;-75.18;2618.63
1346.59;1269.09;-77.50;2615.69
1349.91;1266.94;-82.97;2616.84
1350.06;1270.16;-79.90;2620.23
1346.63;1271.81;-74.82;2618.44
1347.97;1268.80;-79.17;2616.77
1350.24;1267.31;-82.93;2617.55
1348.05;1270.07;-77.98;2618.12
1346.57;1271.42;-75.15;2617.99
1346.89;1268.81;-78.08;2615.69
1350.08;1266.95;-83.13;2617.02
1350.66;1269.41;-81.25;2620.07
1346.95;1271.36;-75.59;2618.31
1348.92;1268.96;-79.95;2617.88
1350.20;1267.39;-82.81;2617.59
1349.31;1269.91;-79.39;2619.22
1348.04;1271.71;-76.33;2619.74
1349.33;1269.06;-80.26;2618.39
1347.77;1267.52;-80.25;2615.29
1351.39;1269.96;-81.44;2621.35
1346.48;1271.81;-74.67;2618.29
1346.38;1269.68;-76.71;2616.06
1347.81;1267.78;-80.04;2615.59
1348.23;1270.95;-77.28;2619.18
1345.73;1272.74;-72.99;2618.47
1346.06;1269.78;-76.29;2615.84
1351.68;1267.32;-84.36;2619.01
1348.55;1270.52;-78.03;2619.06
1346.49;1274.29;-72.20;2620.79
1345.91;1269.87;-76.04;2615.78
1349.44;1267.62;-81.82;2617.05
1348.86;1270.29;-78.57;2619.16
1348.74;1271.90;-76.84;2620.64
1348.60;1269.01;-79.59;2617.61
1349.05;1267.62;-81.43;2616.66
1347.55;1270.18;-77.36;2617.73
1346.04;1272.20;-73.84;2618.24
1346.18;1269.36;-76.82;2615.54
1349.71;1267.99;-81.72;2617.70
1348.42;1270.81;-77.62;2619.23
1346.06;1272.17;-73.89;2618.23
1346.98;1269.99;-76.99;2616.97
1349.98;1268.38;-81.59;2618.36
1347.41;1271.21;-76.20;2618.61
1345.32;1272.45;-72.87;2617.78
1345.43;1269.79;-75.64;2615.22
1348.92;1267.69;-81.23;2616.62
1348.82;1270.34;-78.48;2619.15
1347.46;1272.34;-75.12;2619.79
1347.55;1269.46;-78.08;2617.01
1350.19;1267.58;-82.62;2617.77
1348.20;1270.67;-77.53;2618.87
1347.71;1272.51;-75.20;2620.22
1348.19;1269.68;-78.51;2617.86
1349.82;1267.85;-81.98;2617.67
1348.55;1270.59;-77.95;2619.14
1346.08;1272.47;-73.61;2618.55
1345.36;1269.92;-75.44;2615.28
1347.44;1268.24;-79.20;2615.67
1349.71;1271.10;-78.61;2620.81
1346.69;1273.05;-73.64;2619.74
1346.48;1269.88;-76.60;2616.35
1347.24;1268.36;-78.88;2615.59
1350.07;1270.91;-79.16;2620.98
1346.21;1272.34;-73.87;2618.54
1346.02;1269.67;-76.35;2615.69
1349.16;1267.95;-81.22;2617.11
1349.18;1271.09;-78.09;2620.26
1348.18;1272.83;-75.35;2621.01
1346.04;1269.85;-76.18;2615.89
1348.07;1268.06;-80.01;2616.14
1348.01;1270.62;-77.38;2618.63
1346.29;1272.61;-73.69;2618.90
1348.71;1269.43;-79.28;2618.14
1349.25;1268.16;-81.09;2617.41
1349.59;1270.78;-78.81;2620.37
1347.14;1272.45;-74.69;2619.59
1346.27;1269.99;-76.28;2616.26
1347.79;1267.83;-79.96;2615.62
1350.68;1270.26;-80.42;2620.94
1347.88;1272.44;-75.44;2620.31
1346.26;1269.72;-76.54;2615.99
1349.75;1267.60;-82.15;2617.35
1351.24;1270.42;-80.82;2621.65
1345.67;1272.82;-72.85;2618.49
1347.42;1269.79;-77.63;2617.21
1347.38;1267.81;-79.57;2615.19
1348.34;1270.71;-77.63;2619.04
1347.48;1272.58;-74.90;2620.06
1346.48;1269.78;-76.71;2616.26
1349.06;1268.26;-80.80;2617.32
1347.90;1270.62;-77.28;2618.52
1345.80;1272.24;-73.56;2618.04
1346.15;1269.65;-76.49;2615.80
1348.69;1267.34;-81.35;2616.02
1349.45;1271.01;-78.44;2620.46
1345.72;1272.30;-73.42;2618.02
1346.75;1269.42;-77.33;2616.18
1349.55;1268.18;-81.38;2617.73
1350.36;1270.31;-80.05;2620.67
1347.37;1272.07;-75.30;2619.44
1346.14;1269.54;-76.60;2615.68
1348.89;1268.17;-80.72;2617.06
1347.44;1270.89;-76.55;2618.34
1346.40;1272.63;-73.77;2619.03
1345.81;1269.59;-76.22;2615.41
1348.14;1268.08;-80.06;2616.21
1348.88;1270.79;-78.09;2619.68
1346.26;1272.41;-73.85;2618.67
1347.73;1270.13;-77.60;2617.86
1347.56;1267.93;-79.63;2615.49
1347.27;1271.18;-76.09;2618.45
1346.34;1272.82;-73.52;2619.16
1348.10;1269.83;-78.27;2617.93
1350.09;1267.84;-82.25;2617.93
1347.44;1270.90;-76.54;2618.34
1346.38;1272.62;-73.76;2618.99
1345.82;1269.63;-76.19;2615.45
1348.91;1267.70;-81.21;2616.61
1349.96;1270.48;-79.49;2620.44
1347.48;1272.49;-74.99;2619.97
1346.74;1269.82;-76.92;2616.55
1348.14;1268.06;-80.08;2616.20
1347.78;1270.46;-77.32;2618.24
