1403.33;1335.38;-67.95;2738.71
1405.50;1345.30;-60.20;2750.80
1398.05;1344.14;-53.91;2742.19
1398.66;1342.82;-55.85;2741.48
1404.19;1343.74;-60.45;2747.94
1402.37;1344.54;-57.83;2746.91
1396.89;1331.94;-64.96;2728.83
1402.65;1343.57;-59.08;2746.22
1402.55;1343.65;-58.90;2746.21
1400.76;1346.09;-54.67;2746.86
1400.19;1335.28;-64.91;2735.46
1402.39;1342.82;-59.57;2745.22
1402.58;1343.67;-58.91;2746.25
1403.26;1343.46;-59.80;2746.73
1401.01;1341.73;-59.28;2742.74
1401.82;1342.91;-58.92;2744.73
1401.67;1342.44;-59.24;2744.11
1399.91;1345.14;-54.76;2745.05
1401.11;1345.08;-56.02;2746.19
1401.21;1342.65;-58.55;2743.86
1404.52;1342.76;-61.76;2747.28
1401.95;1344.50;-57.45;2746.45
1400.08;1337.94;-62.14;2738.01
1403.40;1335.75;-67.65;2739.15
1404.88;1343.67;-61.21;2748.55
1402.76;1331.32;-71.45;2734.08
1398.47;1345.18;-53.29;2743.65
1402.77;1336.03;-66.74;2738.80
1404.69;1343.78;-60.91;2748.46
1402.38;1344.64;-57.74;2747.02
1400.25;1346.02;-54.23;2746.28
1403.23;1343.88;-59.35;2747.11
1400.99;1343.29;-57.70;2744.28
1398.92;1342.64;-56.29;2741.56
1401.94;1344.15;-57.79;2746.09
1399.21;1329.15;-70.06;2728.36
1404.55;1343.85;-60.71;2748.40
1401.16;1345.25;-55.91;2746.42
1410.66;1339.46;-71.21;2750.12
1401.99;1344.58;-57.41;2746.58
1404.69;1343.94;-60.75;2748.63
1400.69;1344.89;-55.80;2745.59
1402.38;1346.18;-56.19;2748.56
1402.95;1344.08;-58.88;2747.03
1403.94;1341.21;-62.73;2745.14
1402.55;1333.69;-68.86;2736.24
1398.28;1345.05;-53.23;2743.34
1401.88;1342.82;-59.05;2744.70
1404.56;1344.16;-60.39;2748.72
1401.28;1342.71;-58.57;2743.99
1400.88;1330.21;-70.68;2731.09
1399.96;1342.13;-57.84;2742.09
1404.75;1344.13;-60.62;2748.88
1402.32;1344.42;-57.89;2746.74
1401.09;1344.94;-56.16;2746.03
1402.27;1344.21;-58.06;2746.48
1404.62;1343.32;-61.30;2747.94
1401.00;1344.75;-56.25;2745.75
1398.78;1345.50;-53.28;2744.28
1401.69;1343.85;-57.84;2745.55
1402.06;1343.94;-58.12;2746.00
1401.94;1345.62;-56.32;2747.55
1400.30;1332.74;-67.56;2733.04
1399.03;1343.83;-55.20;2742.86
1403.04;1344.41;-58.63;2747.44
1402.62;1345.84;-56.78;2748.46
1403.02;1345.18;-57.85;2748.20
1402.02;1342.88;-59.14;2744.91
1400.48;1343.73;-56.75;2744.21
1399.06;1345.69;-53.37;2744.76
1399.76;1345.23;-54.53;2744.99
1404.12;1341.23;-62.89;2745.35
1401.86;1344.61;-57.25;2746.47
1401.12;1344.44;-56.69;2745.56
1399.08;1332.71;-66.36;2731.79
1402.26;1341.29;-60.97;2743.55
1403.14;1335.11;-68.02;2738.25
1401.54;1345.80;-55.74;2747.34
1397.49;1343.50;-53.99;2740.99
1403.96;1342.58;-61.38;2746.54
1406.25;1343.60;-62.65;2749.85
1401.66;1345.13;-56.54;2746.79
1401.29;1344.35;-56.95;2745.64
1403.38;1342.58;-60.81;2745.96
1404.31;1343.04;-61.27;2747.34
1399.26;1345.25;-54.01;2744.51
1398.56;1342.52;-56.04;2741.08
1400.81;1343.18;-57.62;2743.99
1405.69;1341.47;-64.22;2747.16
1402.86;1342.52;-60.34;2745.38
1401.34;1342.20;-59.14;2743.54
1401.12;1341.99;-59.14;2743.11
1404.56;1343.01;-61.55;2747.57
1399.35;1345.60;-53.75;2744.95
1398.88;1338.42;-60.45;2737.30
1401.86;1342.79;-59.07;2744.66
1405.40;1332.38;-73.02;2737.78
1402.91;1345.25;-57.66;2748.15
1400.45;1343.48;-56.97;2743.92
1401.97;1341.85;-60.12;2743.82
1404.96;1331.49;-73.48;2736.45
1401.26;1345.65;-55.62;2746.91
1400.14;1344.79;-55.34;2744.93
1402.81;1344.06;-58.75;2746.88
1404.42;1342.28;-62.14;2746.70
1399.26;1345.66;-53.60;2744.92
1400.64;1346.91;-53.73;2747.54
1400.72;1343.21;-57.51;2743.93
1402.18;1343.59;-58.59;2745.77
1401.67;1331.85;-69.82;2733.52
1400.11;1345.47;-54.64;2745.58
1403.44;1343.86;-59.58;2747.29
1404.25;1330.54;-73.71;2734.78
1397.04;1345.10;-51.94;2742.14
1401.26;1344.72;-56.54;2745.98
1401.20;1337.83;-63.37;2739.03
1404.97;1343.92;-61.05;2748.89
1401.42;1338.56;-62.86;2739.99
1400.50;1344.42;-56.08;2744.92
1402.56;1343.97;-58.59;2746.53
1411.01;1343.75;-67.26;2754.75
1401.85;1344.81;-57.04;2746.66
1398.26;1344.80;-53.46;2743.06
1402.25;1343.35;-58.90;2745.59
1404.63;1342.96;-61.67;2747.59
1401.71;1345.68;-56.04;2747.39
1399.89;1343.91;-55.99;2743.80
1404.20;1330.48;-73.72;2734.68
1404.71;1343.90;-60.81;2748.61
1401.65;1346.06;-55.59;2747.72
1403.91;1344.96;-58.94;2748.87
1400.89;1337.18;-63.71;2738.07
1404.60;1343.65;-60.95;2748.25
1400.69;1345.75;-54.95;2746.44
1398.92;1336.14;-62.78;2735.06
1401.69;1343.32;-58.37;2745.01
1406.76;1343.11;-63.65;2749.86
1401.63;1345.68;-55.95;2747.31
1400.36;1344.66;-55.70;2745.03
1403.95;1344.20;-59.75;2748.15
1405.22;1344.36;-60.86;2749.59
1401.57;1346.19;-55.38;2747.76
1400.58;1338.93;-61.65;2739.51
1404.10;1343.46;-60.64;2747.56
1404.87;1342.78;-62.09;2747.65
1402.68;1345.46;-57.21;2748.14
1401.14;1342.21;-58.93;2743.34
1401.62;1343.29;-58.34;2744.91
1404.41;1336.62;-67.78;2741.03
1402.47;1339.92;-62.55;2742.39
1400.35;1343.48;-56.87;2743.82
1401.73;1343.53;-58.20;2745.26
1403.50;1342.19;-61.31;2745.69
1400.88;1344.21;-56.67;2745.09
1403.54;1332.49;-71.05;2736.02
1404.65;1339.84;-64.81;2744.49
1401.70;1336.91;-64.79;2738.61
1399.99;1345.37;-54.62;2745.36
1401.98;1341.38;-60.60;2743.36
1405.52;1342.73;-62.79;2748.25
1403.91;1343.31;-60.60;2747.22
1400.81;1343.20;-57.61;2744.01
1401.17;1332.56;-68.61;2733.74
1401.58;1343.70;-57.88;2745.28
1404.84;1340.06;-64.77;2744.90
1401.83;1346.41;-55.42;2748.24
1400.20;1345.58;-54.62;2745.78
1404.37;1341.29;-63.08;2745.66
1404.35;1343.61;-60.75;2747.96
1402.68;1346.03;-56.65;2748.71
1400.28;1343.68;-56.60;2743.96
1408.51;1342.27;-66.24;2750.78
1405.19;1342.88;-62.31;2748.07
1401.86;1344.56;-57.30;2746.43
1403.88;1344.27;-59.61;2748.15
1402.54;1343.96;-58.57;2746.50
1402.15;1344.26;-57.89;2746.41
1398.36;1345.26;-53.10;2743.62
1400.50;1340.87;-59.63;2741.37
1403.83;1342.45;-61.38;2746.28
1405.40;1341.26;-64.14;2746.66
1402.25;1345.92;-56.34;2748.17
1402.49;1342.17;-60.32;2744.66
1403.20;1343.06;-60.14;2746.26
1405.23;1343.61;-61.62;2748.84
1400.96;1344.66;-56.29;2745.62
1403.45;1345.72;-57.72;2749.17
1400.13;1343.66;-56.46;2743.79
1404.65;1343.71;-60.94;2748.35
1399.64;1345.41;-54.23;2745.04
1400.41;1343.61;-56.80;2744.02
1403.58;1344.08;-59.49;2747.66
1404.20;1338.72;-65.48;2742.92
1401.64;1342.68;-58.96;2744.32
1397.32;1344.76;-52.56;2742.08
1403.86;1343.26;-60.60;2747.13
1402.46;1332.57;-69.89;2735.04
1400.56;1345.65;-54.91;2746.21
1399.52;1345.75;-53.76;2745.27
1401.47;1342.58;-58.89;2744.05
1403.54;1339.59;-63.95;2743.12
1398.99;1344.81;-54.18;2743.81
1398.52;1345.08;-53.44;2743.60
1404.98;1342.91;-62.08;2747.89
1404.34;1343.27;-61.07;2747.61
1403.01;1345.89;-57.12;2748.90
1400.00;1343.85;-56.15;2743.85
1402.46;1343.34;-59.12;2745.80
1403.93;1342.90;-61.03;2746.83
1402.29;1344.15;-58.14;2746.44
1399.39;1345.22;-54.18;2744.61
1405.02;1342.08;-62.94;2747.09
1403.36;1343.28;-60.08;2746.65
1401.32;1345.35;-55.98;2746.67
1401.34;1344.66;-56.68;2746.00
1401.96;1343.38;-58.58;2745.34
1405.36;1331.65;-73.71;2737.02
1404.74;1345.04;-59.70;2749.77
1399.91;1341.24;-58.67;2741.14
1402.04;1343.09;-58.95;2745.14
1403.91;1341.54;-62.37;2745.45
1402.23;1342.44;-59.79;2744.66
1398.41;1343.41;-55.00;2741.81
1401.85;1341.35;-60.51;2743.20
1404.29;1337.53;-66.76;2741.82
1403.37;1345.75;-57.62;2749.12
1400.71;1343.85;-56.86;2744.56
1401.79;1341.82;-59.97;2743.61
1404.54;1343.66;-60.88;2748.21
1401.59;1345.25;-56.34;2746.85
1397.04;1344.59;-52.45;2741.64
1401.45;1343.22;-58.23;2744.66
1403.71;1345.29;-58.41;2749.00
1399.06;1343.30;-55.76;2742.36
1397.71;1345.74;-51.97;2743.45
1405.85;1343.64;-62.21;2749.49
1404.61;1344.14;-60.47;2748.74
1401.78;1332.24;-69.54;2734.02
1395.59;1344.62;-50.97;2740.22
1399.12;1343.33;-55.79;2742.45
1401.69;1345.36;-56.33;2747.05
1401.55;1344.55;-57.00;2746.11
1401.30;1344.06;-57.24;2745.36
1401.63;1342.85;-58.78;2744.48
1404.79;1342.94;-61.85;2747.72
1403.52;1335.61;-67.91;2739.14
1398.40;1345.04;-53.36;2743.44
1402.14;1341.80;-60.34;2743.94
1403.60;1344.18;-59.42;2747.78
1399.17;1345.50;-53.67;2744.67
1400.90;1330.44;-70.46;2731.34
1404.68;1343.02;-61.66;2747.71
1404.67;1343.31;-61.36;2747.98
1402.46;1344.26;-58.19;2746.72
1400.84;1344.07;-56.77;2744.91
1402.93;1340.82;-62.11;2743.75
1405.62;1343.58;-62.04;2749.19
1399.95;1344.89;-55.06;2744.84
1403.03;1343.97;-59.06;2747.00
1402.02;1343.08;-58.94;2745.11
1406.33;1341.41;-64.92;2747.74
1403.61;1342.86;-60.75;2746.46
1402.09;1343.55;-58.54;2745.65
1400.86;1344.10;-56.76;2744.96
1405.21;1340.22;-64.99;2745.44
1401.76;1343.31;-58.45;2745.08
1400.09;1344.71;-55.38;2744.79
1409.79;1341.92;-67.87;2751.72
1402.49;1343.21;-59.29;2745.70
1401.36;1345.61;-55.75;2746.96
1401.22;1344.44;-56.78;2745.66
1401.40;1342.78;-58.62;2744.18
1402.87;1342.78;-60.09;2745.65
1399.76;1331.56;-68.20;2731.32
1398.95;1345.02;-53.93;2743.98
1403.54;1345.02;-58.52;2748.56
1405.86;1344.32;-61.54;2750.18
1401.45;1344.52;-56.94;2745.97
1397.08;1345.12;-51.96;2742.19
1402.36;1340.04;-62.32;2742.41
1402.32;1344.47;-57.85;2746.79
1400.61;1346.07;-54.54;2746.68
1400.48;1330.76;-69.72;2731.24
1401.02;1341.21;-59.81;2742.24
1400.43;1344.60;-55.83;2745.03
1402.42;1334.96;-67.46;2737.38
1401.25;1344.50;-56.75;2745.75
1403.30;1336.54;-66.76;2739.84
1403.31;1332.19;-71.12;2735.49
1398.44;1333.33;-65.11;2731.77
1399.19;1344.64;-54.56;2743.83
1399.55;1343.77;-55.78;2743.32
1404.93;1344.31;-60.62;2749.24
1398.47;1344.75;-53.72;2743.22
1398.94;1344.96;-53.98;2743.90
1402.96;1341.74;-61.22;2744.70
1401.26;1342.28;-58.98;2743.55
1400.39;1346.34;-54.05;2746.73
1397.28;1343.53;-53.75;2740.81
1402.62;1343.90;-58.72;2746.52
1403.42;1343.78;-59.64;2747.19
1400.45;1345.58;-54.87;2746.02
1402.59;1345.49;-57.11;2748.08
1401.28;1344.46;-56.82;2745.74
1404.76;1344.86;-59.90;2749.63
1401.20;1334.34;-66.86;2735.54
1400.89;1346.12;-54.76;2747.01
1402.81;1343.94;-58.88;2746.75
1403.74;1344.22;-59.52;2747.96
1402.75;1344.79;-57.96;2747.54
1400.42;1344.42;-55.99;2744.84
1403.06;1343.38;-59.69;2746.44
1400.61;1344.42;-56.18;2745.03
1401.99;1342.73;-59.26;2744.72
1397.32;1338.64;-58.69;2735.96
1400.46;1341.52;-58.94;2741.98
1404.71;1345.16;-59.55;2749.87
1402.89;1344.68;-58.22;2747.57
1398.78;1344.71;-54.07;2743.48
1402.94;1344.05;-58.89;2746.98
1405.06;1343.96;-61.09;2749.02
1400.95;1346.15;-54.80;2747.09
1398.72;1345.12;-53.60;2743.84
1401.52;1326.20;-75.32;2727.72
1406.54;1330.71;-75.83;2737.24
1401.45;1344.34;-57.11;2745.79
1408.14;1344.21;-63.93;2752.35
1403.46;1340.12;-63.34;2743.58
1404.12;1343.48;-60.64;2747.61
1402.96;1342.86;-60.10;2745.83
1395.22;1344.46;-50.75;2739.68
1404.04;1342.09;-61.95;2746.12
1402.22;1343.22;-59.01;2745.44
1403.01;1345.20;-57.81;2748.21
1400.12;1344.62;-55.50;2744.75
1403.44;1342.82;-60.62;2746.25
1405.69;1343.69;-61.99;2749.38
1401.26;1344.66;-56.61;2745.92
1400.52;1337.28;-63.24;2737.80
1403.13;1336.85;-66.28;2739.98
1402.22;1343.21;-59.01;2745.43
1400.75;1344.24;-56.52;2744.99
1398.92;1343.98;-54.94;2742.90
1400.92;1330.99;-69.93;2731.91
1403.29;1344.25;-59.05;2747.54
1400.17;1344.62;-55.55;2744.79
1400.64;1343.88;-56.76;2744.52
1403.42;1343.82;-59.59;2747.24
1404.86;1329.92;-74.94;2734.79
1399.95;1344.54;-55.41;2744.48
1398.94;1344.62;-54.32;2743.55
1400.95;1343.74;-57.21;2744.68
1404.25;1329.61;-74.64;2733.86
1403.50;1344.81;-58.69;2748.31
1397.21;1344.82;-52.39;2742.03
1402.61;1343.64;-58.97;2746.25
1403.14;1344.02;-59.12;2747.16
1400.37;1344.25;-56.12;2744.62
1401.41;1343.95;-57.46;2745.36
1403.87;1344.04;-59.84;2747.91
1405.20;1344.96;-60.24;2750.16
1399.99;1346.31;-53.68;2746.29
1398.31;1342.64;-55.67;2740.95
1403.16;1343.67;-59.49;2746.84
1404.55;1342.01;-62.55;2746.56
1400.61;1345.36;-55.25;2745.96
1400.39;1342.83;-57.56;2743.22
1402.95;1343.46;-59.49;2746.42
1406.21;1343.75;-62.46;2749.96
1403.09;1344.18;-58.91;2747.26
1400.01;1346.08;-53.94;2746.09
1402.58;1343.77;-58.81;2746.35
1405.40;1343.56;-61.84;2748.96
1402.35;1345.08;-57.27;2747.42
1400.15;1344.09;-56.05;2744.24
1401.89;1342.73;-59.16;2744.62
1402.63;1344.16;-58.47;2746.79
1401.62;1343.61;-58.02;2745.23
1398.03;1342.07;-55.96;2740.10
1401.75;1342.76;-58.99;2744.51
1404.16;1342.87;-61.29;2747.03
1402.88;1344.77;-58.11;2747.65
1398.75;1332.19;-66.55;2730.94
1404.72;1342.91;-61.81;2747.62
1402.92;1344.48;-58.44;2747.40
1402.36;1345.21;-57.15;2747.58
1397.42;1343.92;-53.49;2741.34
1399.71;1340.35;-59.36;2740.06
1403.64;1342.59;-61.05;2746.22
1401.59;1345.50;-56.09;2747.09
1397.57;1345.76;-51.81;2743.33
1400.48;1343.93;-56.55;2744.41
1402.31;1345.48;-56.83;2747.79
1397.82;1346.70;-51.12;2744.52
1398.86;1339.65;-59.21;2738.51
1402.52;1343.02;-59.51;2745.54
1404.66;1330.68;-73.99;2735.34
1399.76;1345.43;-54.33;2745.19
1400.73;1343.75;-56.98;2744.48
1401.32;1341.63;-59.69;2742.95
1405.51;1343.74;-61.77;2749.24
1400.54;1342.39;-58.15;2742.94
1400.51;1344.08;-56.43;2744.58
1402.74;1342.80;-59.94;2745.54
1404.21;1343.23;-60.98;2747.44
1402.37;1344.36;-58.01;2746.74
1398.28;1340.38;-57.90;2738.65
1401.86;1341.03;-60.84;2742.89
1405.52;1340.38;-65.14;2745.91
1399.56;1345.05;-54.51;2744.61
1399.86;1343.89;-55.96;2743.75
1402.89;1342.62;-60.27;2745.51
1404.00;1341.06;-62.94;2745.06
1397.55;1346.61;-50.95;2744.16
1399.32;1342.17;-57.15;2741.49
1400.11;1343.10;-57.01;2743.21
1403.97;1343.43;-60.54;2747.40
1400.89;1338.81;-62.08;2739.71
1400.14;1343.95;-56.19;2744.09
1402.68;1342.75;-59.93;2745.44
1405.02;1343.81;-61.21;2748.83
1399.21;1346.11;-53.11;2745.32
1401.65;1344.04;-57.61;2745.69
1399.88;1334.75;-65.14;2734.63
1404.55;1344.48;-60.07;2749.04
1399.75;1341.93;-57.82;2741.68
1396.96;1343.37;-53.59;2740.33
1402.99;1328.13;-74.86;2731.12
1403.19;1343.57;-59.62;2746.76
1402.09;1345.55;-56.54;2747.65
1398.61;1327.54;-71.06;2726.15
1402.85;1343.61;-59.24;2746.46
1402.15;1343.48;-58.67;2745.64
1401.66;1344.96;-56.71;2746.62
1399.62;1340.81;-58.81;2740.43
1403.25;1331.08;-72.17;2734.34
1403.67;1344.89;-58.78;2748.56
1401.95;1345.84;-56.11;2747.79
1399.80;1343.65;-56.15;2743.45
1402.29;1342.62;-59.67;2744.91
1405.10;1345.01;-60.09;2750.11
1403.04;1345.26;-57.78;2748.31
1399.79;1343.75;-56.04;2743.54
1403.14;1343.14;-60.00;2746.27
1403.76;1344.84;-58.93;2748.60
1401.03;1345.73;-55.30;2746.76
1398.86;1345.22;-53.64;2744.08
1403.16;1331.46;-71.70;2734.62
1402.96;1345.94;-57.02;2748.90
1402.46;1346.06;-56.40;2748.52
1400.10;1346.04;-54.06;2746.14
1400.81;1344.19;-56.62;2744.99
1404.28;1344.84;-59.44;2749.11
1400.72;1346.11;-54.62;2746.83
1399.88;1345.24;-54.64;2745.12
1403.01;1343.99;-59.02;2747.00
1404.50;1343.78;-60.72;2748.28
1401.03;1345.42;-55.61;2746.45
1399.61;1344.89;-54.72;2744.49
1402.69;1344.11;-58.59;2746.80
1404.30;1343.17;-61.13;2747.47
1401.91;1333.89;-68.02;2735.81
1399.28;1344.81;-54.47;2744.08
1402.15;1342.94;-59.21;2745.09
1405.35;1343.54;-61.81;2748.89
1401.99;1345.94;-56.05;2747.94
1401.52;1344.84;-56.69;2746.36
1402.61;1326.47;-76.14;2729.08
1405.26;1344.96;-60.29;2750.22
1403.60;1341.74;-61.86;2745.34
1398.93;1344.62;-54.31;2743.55
1403.04;1343.60;-59.44;2746.64
1404.02;1343.34;-60.68;2747.35
1402.39;1345.48;-56.91;2747.86
1398.24;1343.62;-54.62;2741.85
1399.76;1344.50;-55.26;2744.26
1403.42;1345.11;-58.31;2748.54
1402.76;1345.38;-57.38;2748.14
1403.24;1344.26;-58.98;2747.49
1400.84;1342.71;-58.12;2743.55
1401.21;1345.52;-55.69;2746.73
1403.95;1345.56;-58.39;2749.52
1396.68;1340.93;-55.75;2737.61
1403.84;1343.81;-60.04;2747.65
1404.57;1345.46;-59.11;2750.03
1408.44;1346.92;-61.52;2755.35
1400.39;1345.13;-55.26;2745.52
1401.75;1341.65;-60.10;2743.41
1405.36;1345.63;-59.73;2750.99
1400.46;1345.91;-54.55;2746.38
1398.12;1341.62;-56.50;2739.75
1402.99;1343.47;-59.52;2746.46
1403.90;1344.79;-59.11;2748.69
1400.45;1347.09;-53.35;2747.54
1398.87;1341.91;-56.96;2740.78
1402.30;1344.16;-58.14;2746.46
1403.39;1338.36;-65.02;2741.75
1401.59;1346.31;-55.29;2747.90
1400.36;1343.85;-56.51;2744.21
1404.01;1343.67;-60.34;2747.68
1402.75;1344.80;-57.95;2747.55
1400.29;1345.29;-55.01;2745.58
1400.13;1344.03;-56.10;2744.16
1403.55;1344.58;-58.97;2748.14
1402.70;1343.93;-58.77;2746.63
1400.66;1345.42;-55.24;2746.08
1398.99;1345.78;-53.21;2744.78
1402.51;1343.19;-59.32;2745.71
1403.21;1337.52;-65.69;2740.74
1402.24;1345.83;-56.41;2748.06
1400.97;1339.98;-60.99;2740.95
1402.48;1342.16;-60.31;2744.64
1404.62;1343.41;-61.21;2748.02
1400.29;1345.40;-54.89;2745.69
1400.19;1330.16;-70.02;2730.35
1403.01;1343.32;-59.69;2746.32
1403.56;1344.39;-59.18;2747.95
1401.74;1346.27;-55.46;2748.01
1400.53;1344.24;-56.29;2744.76
1402.03;1343.01;-59.02;2745.04
1401.16;1345.56;-55.60;2746.73
1401.61;1342.92;-58.69;2744.52
1399.50;1344.46;-55.04;2743.96
1406.09;1343.12;-62.96;2749.21
1404.53;1343.18;-61.35;2747.71
1398.32;1345.93;-52.39;2744.25
1400.79;1342.62;-58.16;2743.41
1403.66;1343.01;-60.65;2746.66
1401.09;1332.05;-69.04;2733.15
1401.66;1346.36;-55.30;2748.02
1402.19;1344.98;-57.21;2747.18
1403.26;1339.24;-64.02;2742.50
1403.19;1344.89;-58.30;2748.09
1404.43;1345.18;-59.25;2749.61
1399.89;1345.19;-54.71;2745.08
1402.69;1342.35;-60.34;2745.05
1404.06;1344.05;-60.01;2748.11
1399.63;1345.31;-54.32;2744.94
1400.94;1344.23;-56.71;2745.16
1401.54;1335.20;-66.34;2736.74
1403.17;1328.52;-74.65;2731.69
1400.09;1346.48;-53.61;2746.58
1401.32;1336.24;-65.08;2737.55
1403.57;1343.92;-59.65;2747.49
1403.71;1344.96;-58.74;2748.67
1400.34;1344.76;-55.58;2745.10
1402.34;1344.11;-58.22;2746.45
1404.36;1341.45;-62.91;2745.82
1405.27;1344.15;-61.12;2749.42
1401.46;1346.37;-55.09;2747.83
1400.77;1343.83;-56.94;2744.60
1401.22;1343.80;-57.42;2745.02
1404.44;1344.44;-60.01;2748.88
1401.07;1347.10;-53.97;2748.17
1398.59;1345.05;-53.54;2743.64
1399.60;1341.31;-58.29;2740.91
1401.56;1342.44;-59.12;2743.99
1398.74;1346.30;-52.44;2745.04
1400.02;1333.38;-66.64;2733.40
1401.59;1330.55;-71.04;2732.14
1403.39;1345.45;-57.94;2748.85
1399.79;1340.41;-59.39;2740.20
1398.21;1344.79;-53.42;2743.01
1400.35;1342.05;-58.29;2742.40
1404.09;1344.48;-59.61;2748.57
1399.49;1347.07;-52.42;2746.56
1398.41;1345.45;-52.95;2743.86
1402.70;1343.72;-58.98;2746.42
1403.14;1344.69;-58.45;2747.82
1402.25;1346.09;-56.16;2748.34
1401.14;1344.84;-56.30;2745.97
1399.93;1343.16;-56.76;2743.09
1400.61;1343.31;-57.31;2743.92
1407.09;1345.92;-61.17;2753.01
1398.98;1344.06;-54.92;2743.04
1401.91;1338.16;-63.75;2740.07
1403.80;1346.90;-56.90;2750.70
1400.89;1345.10;-55.79;2745.99
1400.59;1343.44;-57.15;2744.02
1401.46;1344.37;-57.09;2745.84
1403.74;1345.02;-58.71;2748.76
1399.28;1346.82;-52.46;2746.10
1399.09;1342.90;-56.19;2741.99
1401.49;1342.87;-58.62;2744.36
1401.62;1345.88;-55.74;2747.51
1399.64;1345.87;-53.77;2745.51
1399.59;1335.32;-64.26;2734.91
1401.50;1342.55;-58.95;2744.05
1403.89;1344.49;-59.41;2748.38
1396.09;1346.06;-50.02;2742.15
1400.42;1345.04;-55.38;2745.46
1403.82;1344.02;-59.80;2747.85
1402.91;1338.39;-64.52;2741.30
1400.01;1345.85;-54.15;2745.86
1399.74;1344.75;-54.99;2744.49
1403.30;1342.57;-60.73;2745.87
1401.95;1343.15;-58.79;2745.10
1401.39;1344.94;-56.45;2746.33
1401.39;1343.62;-57.76;2745.01
1401.33;1343.85;-57.48;2745.18
1404.33;1344.19;-60.14;2748.52
1401.74;1346.73;-55.01;2748.47
1399.46;1331.88;-67.58;2731.34
1402.79;1334.20;-68.59;2736.99
1402.94;1331.61;-71.33;2734.54
1403.39;1345.29;-58.10;2748.68
1401.36;1343.79;-57.56;2745.15
1402.76;1342.65;-60.12;2745.41
1404.22;1344.30;-59.92;2748.52
1401.34;1347.63;-53.71;2748.97
1401.12;1343.94;-57.18;2745.05
1402.25;1342.44;-59.82;2744.69
1400.61;1344.10;-56.51;2744.71
1407.56;1343.22;-64.34;2750.78
1397.89;1344.31;-53.58;2742.19
1402.02;1342.90;-59.12;2744.92
1404.48;1344.79;-59.69;2749.26
1400.80;1346.82;-53.98;2747.62
1400.21;1344.01;-56.20;2744.21
1400.67;1344.05;-56.62;2744.72
1405.24;1344.09;-61.15;2749.33
1398.74;1346.45;-52.28;2745.19
1399.75;1345.25;-54.51;2745.00
1402.41;1343.30;-59.11;2745.71
1403.12;1331.89;-71.24;2735.01
1400.46;1346.58;-53.89;2747.04
1398.99;1344.44;-54.55;2743.44
1403.88;1342.80;-61.08;2746.68
1404.03;1344.73;-59.30;2748.76
1400.15;1346.67;-53.48;2746.82
1397.99;1344.19;-53.79;2742.18
1400.44;1341.02;-59.42;2741.46
1404.65;1343.65;-60.99;2748.30
1400.52;1346.26;-54.26;2746.78
1402.29;1343.45;-58.85;2745.74
1401.07;1343.62;-57.45;2744.69
1404.19;1344.96;-59.23;2749.16
1402.51;1344.82;-57.69;2747.32
1400.84;1342.31;-58.53;2743.14
1403.75;1341.65;-62.11;2745.40
1403.98;1345.55;-58.43;2749.52
1399.39;1345.34;-54.06;2744.73
1398.42;1343.16;-55.26;2741.58
1401.14;1341.62;-59.52;2742.76
1404.52;1344.46;-60.06;2748.99
1402.43;1346.68;-55.75;2749.11
1401.19;1343.72;-57.46;2744.91
1403.34;1342.54;-60.79;2745.88
1406.00;1344.51;-61.49;2750.51
1400.12;1344.22;-55.90;2744.34
1400.02;1343.44;-56.59;2743.46
1403.40;1339.71;-63.69;2743.11
1400.68;1345.13;-55.55;2745.81
1401.53;1345.18;-56.35;2746.71
1402.21;1345.15;-57.06;2747.36
1401.49;1342.67;-58.82;2744.16
1404.30;1345.29;-59.01;2749.59
1400.31;1345.68;-54.63;2745.98
1399.89;1344.20;-55.69;2744.09
1402.76;1343.18;-59.58;2745.94
1404.80;1344.57;-60.23;2749.37
1400.50;1345.90;-54.60;2746.40
1397.37;1342.48;-54.89;2739.85
1404.58;1343.41;-61.17;2747.99
1404.07;1343.95;-60.12;2748.02
1400.06;1331.25;-68.81;2731.32
1399.25;1344.78;-54.46;2744.03
1403.77;1341.63;-62.14;2745.40
1403.08;1345.55;-57.53;2748.62
1400.41;1347.02;-53.39;2747.43
1399.59;1344.73;-54.86;2744.32
1400.95;1343.05;-57.89;2744.00
1405.48;1345.38;-60.10;2750.86
1400.72;1346.08;-54.64;2746.79
1402.46;1344.75;-57.71;2747.22
1402.75;1342.69;-60.06;2745.44
1403.15;1345.26;-57.89;2748.41
1400.40;1346.17;-54.23;2746.57
1400.96;1336.77;-64.19;2737.74
1397.76;1341.41;-56.35;2739.18
1404.26;1345.30;-58.96;2749.56
1402.09;1346.66;-55.43;2748.75
1402.61;1345.16;-57.45;2747.78
1403.68;1343.59;-60.09;2747.26
1401.16;1345.99;-55.17;2747.15
1400.18;1347.52;-52.66;2747.69
1401.03;1346.08;-54.95;2747.11
1401.95;1343.68;-58.27;2745.64
1402.29;1345.31;-56.99;2747.60
1401.66;1345.74;-55.92;2747.41
1400.89;1345.22;-55.67;2746.12
1397.91;1342.81;-55.10;2740.71
1403.34;1337.66;-65.67;2741.00
1402.29;1347.25;-55.04;2749.55
1400.33;1333.72;-66.61;2734.05
1402.92;1339.58;-63.34;2742.50
1404.95;1332.61;-72.34;2737.56
1398.99;1336.65;-62.34;2735.64
1400.53;1344.65;-55.88;2745.18
1402.25;1341.21;-61.04;2743.45
1398.77;1345.05;-53.72;2743.82
1406.31;1347.32;-58.98;2753.63
1404.27;1343.39;-60.88;2747.66
1406.09;1342.56;-63.53;2748.65
1407.58;1344.05;-63.52;2751.63
1400.79;1346.40;-54.39;2747.19
1401.36;1344.49;-56.87;2745.86
1402.69;1342.03;-60.66;2744.72
1402.41;1344.40;-58.01;2746.81
1399.63;1346.16;-53.47;2745.79
1399.42;1345.55;-53.87;2744.96
1406.98;1342.94;-64.04;2749.91
1403.51;1343.08;-60.43;2746.58
1401.79;1344.62;-57.18;2746.41
1401.32;1332.10;-69.22;2733.42
1402.75;1334.91;-67.84;2737.66
1402.75;1344.71;-58.04;2747.45
1401.10;1346.31;-54.79;2747.41
1397.99;1343.49;-54.50;2741.48
1403.32;1341.78;-61.54;2745.10
1402.72;1343.64;-59.09;2746.36
1399.64;1345.05;-54.59;2744.69
1397.64;1341.93;-55.71;2739.56
1404.25;1341.58;-62.67;2745.82
1405.12;1336.85;-68.26;2741.97
1400.67;1342.14;-58.54;2742.81
1397.39;1345.06;-52.33;2742.45
1400.76;1334.94;-65.82;2735.71
1404.10;1346.03;-58.07;2750.13
1402.04;1346.94;-55.09;2748.98
1401.77;1339.72;-62.05;2741.49
1405.29;1342.24;-63.05;2747.54
1401.84;1342.06;-59.78;2743.90
1401.61;1345.21;-56.39;2746.82
1401.59;1343.99;-57.61;2745.58
1402.28;1341.78;-60.50;2744.06
1404.66;1344.36;-60.30;2749.03
1402.29;1345.17;-57.12;2747.46
1397.76;1329.89;-67.88;2727.65
1401.87;1341.69;-60.18;2743.56
1402.86;1345.41;-57.45;2748.27
1402.68;1345.39;-57.29;2748.07
1400.05;1342.65;-57.40;2742.69
1400.55;1335.86;-64.69;2736.41
1403.37;1327.81;-75.56;2731.18
1401.90;1344.84;-57.06;2746.74
1399.13;1329.61;-69.52;2728.74
1402.45;1339.91;-62.54;2742.35
1404.20;1343.57;-60.63;2747.77
1403.41;1345.48;-57.93;2748.88
1401.72;1335.34;-66.39;2737.06
1401.20;1343.48;-57.72;2744.68
1404.83;1344.41;-60.42;2749.24
1401.16;1332.37;-68.79;2733.53
1401.08;1342.90;-58.18;2743.98
1403.26;1342.49;-60.78;2745.75
1402.44;1330.15;-72.29;2732.59
1398.36;1345.92;-52.44;2744.28
1400.62;1345.06;-55.56;2745.69
1401.38;1335.32;-66.06;2736.70
1400.29;1344.65;-55.65;2744.94
1402.25;1346.65;-55.61;2748.90
1405.81;1344.96;-60.85;2750.78
1403.78;1342.72;-61.05;2746.50
1404.64;1343.15;-61.48;2747.79
1400.04;1346.47;-53.56;2746.51
1401.65;1343.85;-57.80;2745.51
1403.39;1342.51;-60.88;2745.89
1403.86;1340.64;-63.22;2744.50
1401.61;1346.66;-54.95;2748.26
1399.44;1343.91;-55.53;2743.34
1403.55;1342.87;-60.68;2746.42
1403.69;1330.81;-72.88;2734.50
1401.79;1345.84;-55.95;2747.64
1401.46;1336.25;-65.22;2737.71
1401.94;1341.45;-60.49;2743.38
1402.86;1345.83;-57.03;2748.69
1399.71;1345.75;-53.95;2745.46
1402.47;1341.88;-60.59;2744.35
1403.77;1342.66;-61.11;2746.44
1402.88;1340.49;-62.39;2743.38
1402.74;1344.49;-58.25;2747.23
1398.31;1344.06;-54.25;2742.36
1400.58;1340.36;-60.22;2740.94
1410.88;1344.68;-66.21;2755.56
1399.81;1345.05;-54.76;2744.85
1399.45;1343.82;-55.64;2743.27
1401.84;1339.55;-62.28;2741.39
1402.74;1343.44;-59.31;2746.18
1401.29;1344.43;-56.86;2745.72
1401.34;1343.90;-57.44;2745.24
1404.14;1334.43;-69.71;2738.57
1403.06;1343.61;-59.45;2746.66
1401.28;1335.96;-65.32;2737.24
1401.21;1343.61;-57.59;2744.82
1400.89;1339.32;-61.58;2740.21
1403.91;1340.75;-63.16;2744.66
1401.96;1341.88;-60.08;2743.84
1400.92;1338.49;-62.43;2739.41
1403.29;1342.75;-60.54;2746.04
1404.77;1341.85;-62.92;2746.62
1401.23;1345.95;-55.28;2747.18
1398.91;1329.91;-68.99;2728.82
1401.98;1343.88;-58.09;2745.86
1399.21;1345.72;-53.49;2744.93
1402.01;1345.19;-56.82;2747.21
1401.31;1343.89;-57.42;2745.21
1402.12;1335.43;-66.69;2737.55
1402.57;1343.54;-59.03;2746.11
1398.92;1346.66;-52.25;2745.58
1403.74;1343.85;-59.89;2747.59
1403.84;1336.32;-67.52;2740.16
1403.81;1345.16;-58.65;2748.96
1403.59;1347.18;-56.41;2750.77
1398.23;1328.26;-69.97;2726.49
1401.26;1343.49;-57.77;2744.76
1403.22;1343.40;-59.82;2746.62
1400.07;1346.22;-53.85;2746.29
1401.65;1344.11;-57.54;2745.76
1401.83;1343.37;-58.46;2745.20
1402.89;1345.31;-57.58;2748.21
1402.25;1346.69;-55.56;2748.94
1405.01;1344.14;-60.87;2749.14
1399.29;1341.96;-57.33;2741.25
1403.06;1345.36;-57.70;2748.43
1399.96;1345.57;-54.39;2745.54
1399.75;1342.86;-56.89;2742.62
1402.32;1341.96;-60.36;2744.28
1402.98;1344.06;-58.91;2747.04
1401.41;1332.51;-68.91;2733.92
1400.25;1341.10;-59.15;2741.35
1401.38;1342.84;-58.55;2744.22
1402.98;1344.61;-58.38;2747.59
1401.05;1346.34;-54.71;2747.39
1403.28;1343.95;-59.32;2747.23
1401.11;1342.42;-58.69;2743.54
1400.95;1345.23;-55.72;2746.18
1398.03;1345.89;-52.14;2743.92
1399.61;1344.51;-55.09;2744.12
1402.72;1342.38;-60.35;2745.10
1402.15;1344.32;-57.83;2746.48
1400.11;1342.88;-57.22;2742.99
1400.22;1344.52;-55.70;2744.74
1403.22;1341.78;-61.45;2745.00
1403.76;1344.20;-59.56;2747.96
1404.71;1332.65;-72.05;2737.36
1400.54;1343.76;-56.77;2744.30
1401.81;1343.35;-58.45;2745.16
1405.81;1344.55;-61.26;2750.36
1402.58;1346.01;-56.56;2748.59
1400.09;1327.72;-72.38;2727.81
1402.95;1342.72;-60.24;2745.67
1404.30;1343.93;-60.37;2748.23
1403.11;1346.85;-56.26;2749.95
1398.39;1344.19;-54.21;2742.58
1403.48;1341.66;-61.82;2745.14
1404.66;1337.01;-67.65;2741.68
1399.52;1346.40;-53.12;2745.92
1405.36;1343.68;-61.68;2749.05
1399.84;1343.01;-56.82;2742.85
1405.02;1337.56;-67.46;2742.58
1398.17;1345.24;-52.93;2743.41
1400.71;1344.05;-56.66;2744.76
1402.90;1337.58;-65.32;2740.48
1411.58;1344.91;-66.66;2756.49
1399.70;1344.71;-54.99;2744.41
1405.62;1343.93;-61.69;2749.55
1402.47;1331.57;-70.90;2734.04
1405.37;1340.96;-64.41;2746.33
1404.02;1346.76;-57.26;2750.78
1399.98;1343.96;-56.02;2743.94
1404.06;1344.27;-59.79;2748.33
1406.75;1330.02;-76.73;2736.78
1401.32;1346.53;-54.79;2747.85
1399.58;1344.91;-54.67;2744.49
1402.62;1343.49;-59.12;2746.11
1403.55;1345.09;-58.46;2748.64
1398.06;1347.88;-50.18;2745.95
1400.68;1344.61;-56.07;2745.28
1402.24;1342.78;-59.46;2745.02
1399.57;1345.42;-54.15;2744.99
1400.34;1336.46;-63.87;2736.80
1397.88;1338.08;-59.80;2735.96
1402.35;1341.50;-60.85;2743.85
1403.61;1344.39;-59.22;2748.01
1401.46;1332.83;-68.64;2734.29
1398.27;1344.18;-54.09;2742.45
1400.41;1342.92;-57.49;2743.34
1403.54;1345.22;-58.31;2748.76
1400.11;1336.56;-63.55;2736.67
1398.22;1344.56;-53.66;2742.79
1401.80;1343.17;-58.63;2744.97
1402.64;1339.35;-63.29;2741.98
1400.24;1346.33;-53.91;2746.57
1400.51;1345.45;-55.06;2745.96
1402.19;1329.30;-72.89;2731.49
1403.08;1345.86;-57.22;2748.94
1402.31;1341.44;-60.88;2743.75
1401.04;1343.44;-57.60;2744.47
1403.59;1342.15;-61.44;2745.75
1402.20;1344.99;-57.21;2747.19
1399.08;1347.09;-51.99;2746.17
1398.07;1344.70;-53.37;2742.77
1399.66;1341.64;-58.03;2741.30
1404.42;1344.18;-60.25;2748.60
1398.52;1332.92;-65.60;2731.45
1402.52;1337.01;-65.51;2739.54
1402.45;1340.83;-61.62;2743.28
1399.98;1343.05;-56.93;2743.02
1399.87;1344.81;-55.06;2744.68
1402.54;1342.73;-59.81;2745.26
1402.34;1326.66;-75.68;2729.01
1404.23;1345.34;-58.89;2749.56
1402.55;1333.92;-68.62;2736.47
1401.61;1343.29;-58.32;2744.91
1402.54;1342.52;-60.01;2745.06
1405.78;1343.26;-62.52;2749.04
1401.84;1343.18;-58.66;2745.02
1402.77;1341.89;-60.88;2744.66
1403.56;1341.25;-62.32;2744.81
1403.51;1344.57;-58.94;2748.08
1400.34;1344.59;-55.75;2744.92
1400.13;1342.94;-57.19;2743.07
1403.22;1341.00;-62.22;2744.22
1404.71;1343.71;-61.00;2748.41
1405.26;1346.41;-58.85;2751.66
1401.62;1343.86;-57.76;2745.49
1401.82;1341.84;-59.98;2743.66
1403.29;1340.01;-63.28;2743.29
1400.53;1343.31;-57.22;2743.84
1403.28;1343.14;-60.14;2746.42
1404.78;1341.62;-63.16;2746.41
1403.43;1344.12;-59.31;2747.55
1400.87;1344.60;-56.27;2745.47
1401.69;1343.89;-57.80;2745.59
1403.62;1339.98;-63.64;2743.59
1401.42;1343.09;-58.34;2744.51
1401.06;1345.56;-55.50;2746.62
1400.15;1344.04;-56.11;2744.19
1401.99;1341.61;-60.38;2743.61
1403.93;1344.14;-59.79;2748.06
1400.82;1345.59;-55.23;2746.41
1402.25;1343.28;-58.97;2745.52
1401.95;1341.26;-60.68;2743.21
1400.28;1343.35;-56.93;2743.62
1402.84;1344.78;-58.06;2747.62
1401.85;1344.44;-57.42;2746.29
1403.19;1341.99;-61.20;2745.18
1403.47;1343.76;-59.71;2747.23
1400.23;1345.91;-54.32;2746.14
1401.39;1344.29;-57.11;2745.68
1402.12;1342.58;-59.54;2744.71
1403.26;1343.98;-59.29;2747.24
1402.98;1346.68;-56.31;2749.66
1395.87;1332.13;-63.74;2728.00
1402.92;1342.91;-60.02;2745.83
1407.18;1344.66;-62.52;2751.85
1401.11;1345.78;-55.34;2746.89
1400.89;1344.84;-56.05;2745.72
1401.35;1343.47;-57.88;2744.82
1399.49;1340.70;-58.79;2740.19
1401.52;1345.19;-56.33;2746.72
1399.59;1344.13;-55.46;2743.72
1403.39;1341.61;-61.79;2745.00
1402.16;1345.01;-57.15;2747.16
1402.15;1347.72;-54.43;2749.86
1397.29;1341.60;-55.69;2738.89
1401.71;1334.89;-66.82;2736.59
1403.34;1344.21;-59.12;2747.55
1399.59;1345.53;-54.06;2745.12
1399.65;1343.54;-56.11;2743.19
1398.05;1333.10;-64.95;2731.15
1405.12;1344.31;-60.82;2749.43
1399.51;1345.99;-53.52;2745.49
1398.43;1344.18;-54.25;2742.61
1402.35;1341.16;-61.19;2743.52
1404.83;1344.12;-60.71;2748.95
1402.49;1346.52;-55.98;2749.01
1400.54;1343.75;-56.79;2744.29
1402.46;1341.81;-60.65;2744.27
1403.65;1344.50;-59.15;2748.15
1401.00;1346.09;-54.91;2747.09
1407.39;1344.42;-62.96;2751.81
1401.46;1342.29;-59.16;2743.75
1402.15;1345.92;-56.23;2748.06
1399.29;1347.48;-51.81;2746.78
1398.17;1342.10;-56.07;2740.27
1405.14;1342.89;-62.24;2748.03
1402.21;1345.39;-56.82;2747.61
1400.71;1346.86;-53.84;2747.57
1400.44;1330.31;-70.12;2730.75
1402.49;1343.27;-59.22;2745.76
1403.34;1344.93;-58.41;2748.27
1400.46;1346.47;-53.99;2746.94
1396.76;1339.66;-57.10;2736.43
1402.19;1344.46;-57.74;2746.65
1404.19;1344.83;-59.36;2749.02
1402.99;1334.68;-68.32;2737.67
1400.76;1344.51;-56.26;2745.27
1400.69;1342.80;-57.89;2743.49
1401.13;1344.66;-56.47;2745.79
1399.01;1332.40;-66.61;2731.41
1398.76;1345.11;-53.65;2743.86
1401.34;1342.31;-59.02;2743.65
1401.71;1341.96;-59.74;2743.67
1401.05;1342.28;-58.77;2743.32
1399.96;1344.90;-55.06;2744.86
1404.65;1342.56;-62.09;2747.21
1402.64;1344.38;-58.26;2747.02
1403.38;1344.15;-59.22;2747.53
1401.58;1342.96;-58.62;2744.55
1402.19;1341.55;-60.65;2743.74
1402.71;1344.89;-57.82;2747.60
1400.88;1346.43;-54.45;2747.31
1402.09;1342.56;-59.52;2744.65
1402.06;1342.44;-59.62;2744.50
1401.94;1345.64;-56.31;2747.58
1400.36;1343.54;-56.82;2743.91
1399.61;1343.49;-56.11;2743.10
1402.41;1343.14;-59.28;2745.55
1403.32;1345.06;-58.26;2748.38
1401.67;1334.93;-66.74;2736.60
1401.46;1339.72;-61.74;2741.19
1400.04;1341.82;-58.21;2741.86
1401.33;1346.00;-55.33;2747.33
1395.67;1346.16;-49.51;2741.84
1400.78;1343.77;-57.01;2744.55
1403.33;1342.44;-60.89;2745.77
1403.64;1344.83;-58.81;2748.46
1399.58;1346.52;-53.06;2746.11
1400.41;1335.69;-64.71;2736.10
1401.81;1338.42;-63.39;2740.23
1399.56;1342.84;-56.72;2742.41
1398.28;1347.02;-51.26;2745.30
1400.11;1333.26;-66.85;2733.38
1402.62;1342.57;-60.05;2745.19
1401.79;1344.06;-57.72;2745.85
1402.92;1347.30;-55.62;2750.22
1399.01;1332.03;-66.98;2731.04
1403.06;1342.91;-60.15;2745.96
1398.01;1344.50;-53.51;2742.51
1401.04;1346.08;-54.96;2747.11
1399.32;1343.78;-55.55;2743.10
1403.45;1341.98;-61.48;2745.43
1402.99;1343.91;-59.08;2746.91
1401.71;1333.16;-68.54;2734.87
1399.22;1344.12;-55.10;2743.34
1406.98;1328.94;-78.04;2735.92
1399.91;1344.01;-55.90;2743.92
1398.71;1346.40;-52.31;2745.11
1401.45;1342.88;-58.57;2744.32
1401.78;1332.76;-69.02;2734.55
1403.18;1345.22;-57.95;2748.40
1401.28;1346.13;-55.15;2747.41
1400.55;1337.25;-63.30;2737.81
1403.02;1338.94;-64.08;2741.96
1402.88;1344.74;-58.14;2747.62
1399.38;1347.05;-52.32;2746.43
1402.93;1341.31;-61.62;2744.24
1404.32;1343.58;-60.74;2747.91
1401.61;1344.87;-56.74;2746.48
1401.14;1339.96;-61.17;2741.10
1400.34;1344.61;-55.72;2744.95
1398.62;1342.06;-56.56;2740.68
1403.40;1345.59;-57.81;2748.99
1400.46;1346.60;-53.86;2747.06
1402.24;1342.21;-60.02;2744.45
1401.49;1342.67;-58.82;2744.16
1400.44;1345.18;-55.26;2745.62
1400.43;1347.86;-52.57;2748.29
1397.03;1344.84;-52.19;2741.87
1402.97;1343.15;-59.82;2746.12
1401.39;1345.71;-55.68;2747.11
1400.73;1342.04;-58.69;2742.76
1404.18;1344.90;-59.28;2749.08
1402.62;1342.52;-60.11;2745.14
1402.90;1343.66;-59.24;2746.56
1400.87;1346.84;-54.04;2747.71
1400.82;1344.69;-56.13;2745.51
1402.53;1342.19;-60.34;2744.72
1403.26;1338.44;-64.83;2741.70
1401.58;1346.20;-55.38;2747.78
1401.32;1346.39;-54.93;2747.72
1399.17;1341.42;-57.75;2740.59
1402.81;1343.55;-59.26;2746.36
1402.44;1345.68;-56.76;2748.11
1402.60;1344.25;-58.35;2746.85
1403.01;1344.77;-58.24;2747.78
1402.81;1343.07;-59.74;2745.88
1400.79;1334.38;-66.41;2735.17
1401.24;1340.49;-60.75;2741.73
1404.11;1342.89;-61.22;2747.00
1401.24;1332.64;-68.61;2733.88
1401.45;1342.71;-58.74;2744.16
1402.75;1344.39;-58.35;2747.14
1402.38;1342.57;-59.81;2744.95
1400.05;1344.85;-55.20;2744.91
1401.18;1346.51;-54.66;2747.69
1402.62;1344.09;-58.53;2746.72
1402.11;1340.72;-61.39;2742.82
1402.35;1343.36;-58.99;2745.72
1397.45;1331.25;-66.19;2728.70
1401.27;1344.90;-56.37;2746.17
1402.59;1340.67;-61.92;2743.26
1402.32;1343.54;-58.78;2745.86
1401.68;1346.35;-55.33;2748.02
1400.19;1345.30;-54.89;2745.49
1402.03;1342.39;-59.64;2744.42
1402.43;1344.19;-58.24;2746.62
1403.43;1345.48;-57.95;2748.91
1400.91;1342.02;-58.88;2742.93
1404.19;1343.55;-60.64;2747.75
1398.13;1343.51;-54.62;2741.64
1402.66;1346.53;-56.13;2749.19
1401.66;1341.85;-59.81;2743.52
1403.19;1343.54;-59.65;2746.73
1403.32;1345.37;-57.95;2748.69
1403.53;1347.19;-56.34;2750.72
1399.53;1344.82;-54.71;2744.35
1402.68;1343.42;-59.26;2746.10
1404.14;1345.15;-58.98;2749.29
1402.02;1346.47;-55.55;2748.49
1403.01;1344.67;-58.34;2747.68
1403.49;1329.18;-74.31;2732.66
1402.37;1344.69;-57.68;2747.06
1398.70;1346.73;-51.97;2745.43
1401.99;1344.27;-57.72;2746.26
1400.44;1341.62;-58.81;2742.06
1403.28;1345.51;-57.78;2748.79
1401.91;1345.06;-56.85;2746.96
1401.60;1342.94;-58.66;2744.54
1403.29;1342.32;-60.97;2745.61
1398.82;1345.07;-53.75;2743.89
1400.48;1346.95;-53.53;2747.44
1399.71;1341.73;-57.98;2741.44
1404.30;1341.61;-62.69;2745.91
1402.64;1343.72;-58.91;2746.36
1399.99;1345.89;-54.09;2745.88
1401.69;1338.45;-63.24;2740.14
1401.24;1342.92;-58.32;2744.15
1401.89;1343.95;-57.94;2745.85
1398.94;1346.07;-52.86;2745.01
1401.91;1343.40;-58.51;2745.31
1401.85;1340.87;-60.98;2742.72
1403.57;1340.55;-63.02;2744.12
1401.06;1342.45;-58.61;2743.52
1401.72;1343.72;-58.00;2745.45
1400.63;1337.96;-62.66;2738.59
1398.54;1340.70;-57.84;2739.24
1402.01;1341.79;-60.22;2743.80
1401.25;1342.97;-58.28;2744.22
1405.86;1341.11;-64.75;2746.98
1401.05;1339.03;-62.02;2740.08
1400.52;1334.36;-66.15;2734.88
1402.14;1343.09;-59.04;2745.23
1402.90;1342.25;-60.65;2745.15
1402.66;1344.51;-58.15;2747.17
1401.26;1346.40;-54.86;2747.66
1401.89;1344.79;-57.09;2746.68
1401.89;1335.92;-65.98;2737.81
1403.31;1340.54;-62.76;2743.85
1402.52;1333.32;-69.19;2735.84
1401.95;1343.88;-58.06;2745.83
1402.66;1328.88;-73.78;2731.54
1401.77;1344.49;-57.28;2746.26
1400.68;1347.88;-52.80;2748.56
1401.89;1340.92;-60.98;2742.81
1403.81;1341.18;-62.63;2744.99
1401.59;1344.70;-56.89;2746.29
1399.56;1347.19;-52.38;2746.75
1400.89;1343.32;-57.57;2744.21
1404.01;1342.14;-61.87;2746.14
1400.57;1344.78;-55.79;2745.35
1402.33;1346.12;-56.21;2748.45
1400.63;1345.54;-55.09;2746.16
1402.21;1342.26;-59.95;2744.47
1402.71;1345.24;-57.47;2747.95
1401.15;1346.39;-54.75;2747.54
1401.28;1344.33;-56.95;2745.61
1403.87;1341.71;-62.16;2745.58
1402.34;1339.84;-62.49;2742.18
1399.46;1338.36;-61.10;2737.82
1403.01;1343.95;-59.06;2746.96
1403.02;1341.29;-61.73;2744.32
1402.32;1344.69;-57.62;2747.01
1400.79;1346.78;-54.01;2747.57
1401.02;1343.14;-57.88;2744.16
1404.84;1342.35;-62.49;2747.19
1403.13;1344.71;-58.42;2747.84
1398.15;1343.28;-54.86;2741.43
1397.54;1343.16;-54.37;2740.70
1403.41;1342.89;-60.51;2746.30
1403.93;1330.99;-72.94;2734.92
1401.03;1347.05;-53.98;2748.08
1401.53;1345.32;-56.21;2746.85
1401.35;1342.49;-58.86;2743.84
1402.83;1345.03;-57.80;2747.86
1398.84;1346.85;-51.98;2745.69
1401.45;1339.62;-61.83;2741.08
1401.08;1341.82;-59.26;2742.89
1404.46;1345.98;-58.48;2750.44
1401.74;1347.89;-53.85;2749.62
1401.24;1343.83;-57.41;2745.07
1402.49;1344.28;-58.21;2746.76
1405.23;1345.33;-59.90;2750.56
1400.45;1347.35;-53.10;2747.79
1402.56;1344.14;-58.42;2746.71
1404.40;1340.52;-63.88;2744.92
1400.47;1343.78;-56.69;2744.25
1401.86;1346.89;-54.98;2748.75
1402.74;1342.02;-60.72;2744.76
1405.02;1341.55;-63.47;2746.56
1401.01;1344.42;-56.58;2745.43
1400.80;1345.99;-54.81;2746.79
1400.28;1342.90;-57.38;2743.18
1401.06;1341.15;-59.91;2742.22
1400.23;1344.57;-55.66;2744.80
1403.22;1345.94;-57.28;2749.16
1403.01;1341.29;-61.72;2744.30
1402.76;1341.13;-61.64;2743.89
1401.73;1344.32;-57.41;2746.05
1402.49;1344.75;-57.75;2747.24
1400.59;1343.62;-56.96;2744.21
1402.82;1341.35;-61.46;2744.17
1402.52;1343.84;-58.68;2746.36
1400.62;1344.62;-56.00;2745.24
1408.88;1336.33;-72.55;2745.21
1406.35;1341.28;-65.07;2747.64
1403.16;1344.38;-58.78;2747.55
1400.84;1347.04;-53.79;2747.88
1401.21;1343.15;-58.06;2744.35
1403.77;1341.45;-62.32;2745.22
1401.97;1344.23;-57.74;2746.20
1400.76;1339.91;-60.86;2740.67
1402.41;1340.38;-62.02;2742.79
1401.11;1341.92;-59.18;2743.03
1403.89;1345.24;-58.65;2749.12
1402.36;1344.94;-57.42;2747.30
1400.30;1339.57;-60.73;2739.87
1404.51;1341.34;-63.16;2745.85
1404.78;1343.89;-60.89;2748.68
1403.24;1345.66;-57.58;2748.91
1402.38;1342.93;-59.45;2745.31
1405.24;1341.69;-63.55;2746.94
1403.69;1345.09;-58.61;2748.78
1400.07;1344.81;-55.26;2744.88
1400.68;1341.06;-59.62;2741.74
1404.16;1342.64;-61.52;2746.79
1403.34;1345.15;-58.19;2748.48
1395.18;1345.19;-49.99;2740.36
1401.66;1342.71;-58.95;2744.36
1402.26;1341.61;-60.65;2743.87
1402.22;1342.50;-59.72;2744.72
1399.78;1347.56;-52.22;2747.35
1402.05;1329.28;-72.77;2731.32
1402.16;1339.78;-62.38;2741.95
1401.27;1345.75;-55.52;2747.02
1399.98;1347.76;-52.22;2747.74
1401.65;1343.11;-58.54;2744.76
1400.94;1342.41;-58.53;2743.35
1403.22;1346.06;-57.16;2749.28
1399.89;1344.21;-55.68;2744.09
1402.31;1342.71;-59.59;2745.02
1403.33;1342.59;-60.74;2745.92
1402.49;1344.52;-57.97;2747.01
1401.05;1342.15;-58.90;2743.19
1402.86;1344.20;-58.66;2747.06
1403.80;1342.25;-61.55;2746.05
1401.82;1344.44;-57.38;2746.26
1397.77;1346.92;-50.85;2744.69
1399.95;1336.67;-63.28;2736.62
1402.48;1331.41;-71.07;2733.89
1402.01;1344.09;-57.92;2746.09
1405.06;1347.83;-57.23;2752.89
1401.11;1342.46;-58.65;2743.58
1401.38;1342.65;-58.73;2744.04
1402.15;1345.37;-56.78;2747.52
1401.47;1346.41;-55.06;2747.88
1400.38;1344.49;-55.89;2744.86
1402.30;1341.38;-60.92;2743.68
1401.60;1346.31;-55.29;2747.91
1401.84;1346.97;-54.87;2748.81
1401.45;1345.62;-55.82;2747.07
1402.56;1340.28;-62.28;2742.84
1402.46;1345.86;-56.61;2748.32
1402.33;1344.07;-58.26;2746.40
1401.78;1343.83;-57.95;2745.61
1400.44;1340.05;-60.39;2740.48
1401.63;1345.21;-56.42;2746.84
1401.32;1346.78;-54.54;2748.11
1403.49;1345.00;-58.49;2748.49
1404.65;1330.24;-74.41;2734.89
1402.53;1330.19;-72.34;2732.72
1400.91;1347.09;-53.81;2748.00
1402.11;1331.71;-70.41;2733.82
1403.85;1328.43;-75.42;2732.28
1400.96;1344.54;-56.42;2745.51
1402.04;1345.02;-57.02;2747.05
1401.57;1342.78;-58.79;2744.35
1404.51;1341.11;-63.40;2745.62
1402.51;1343.81;-58.69;2746.32
1401.13;1345.88;-55.25;2747.01
1401.21;1336.15;-65.05;2737.36
1403.53;1331.91;-71.62;2735.44
1404.50;1337.44;-67.06;2741.94
1401.83;1347.13;-54.70;2748.96
1403.03;1344.66;-58.36;2747.69
1402.08;1341.76;-60.31;2743.84
1404.12;1344.44;-59.68;2748.56
1401.01;1345.87;-55.14;2746.88
1403.72;1343.84;-59.89;2747.56
1403.29;1342.15;-61.14;2745.44
1402.27;1344.88;-57.39;2747.15
1398.66;1346.24;-52.42;2744.91
1399.42;1343.69;-55.74;2743.11
1404.75;1341.53;-63.22;2746.28
1399.67;1335.19;-64.48;2734.86
1398.36;1346.32;-52.05;2744.68
1401.00;1343.61;-57.39;2744.61
1403.58;1331.35;-72.23;2734.94
1402.88;1338.06;-64.82;2740.94
1401.95;1347.81;-54.14;2749.76
1402.58;1339.29;-63.28;2741.87
1403.64;1339.32;-64.32;2742.96
1398.85;1345.48;-53.37;2744.32
1402.11;1346.73;-55.38;2748.84
1403.37;1340.77;-62.60;2744.14
1403.42;1342.28;-61.14;2745.71
1404.02;1344.75;-59.26;2748.77
1401.02;1331.82;-69.20;2732.84
1401.32;1344.17;-57.15;2745.49
1404.15;1342.61;-61.54;2746.76
1405.03;1332.11;-72.92;2737.14
1401.00;1346.50;-54.50;2747.50
1400.74;1342.55;-58.18;2743.29
1402.18;1341.99;-60.19;2744.16
1403.92;1332.04;-71.88;2735.96
1399.81;1346.18;-53.63;2745.99
1401.35;1344.25;-57.10;2745.59
1403.60;1342.34;-61.26;2745.94
1402.45;1344.49;-57.96;2746.94
1401.06;1344.91;-56.15;2745.96
1399.62;1342.76;-56.86;2742.38
1403.61;1335.27;-68.34;2738.88
1402.04;1344.66;-57.38;2746.70
1401.55;1344.31;-57.24;2745.86
1401.38;1344.10;-57.28;2745.48
1398.34;1338.86;-59.48;2737.19
1400.09;1344.77;-55.32;2744.86
1401.48;1346.92;-54.55;2748.40
1401.86;1343.56;-58.31;2745.42
1403.16;1329.88;-73.28;2733.04
1402.91;1344.68;-58.22;2747.59
1401.35;1346.82;-54.52;2748.17
1401.10;1344.19;-56.91;2745.29
1402.38;1342.41;-59.97;2744.78
1403.69;1345.05;-58.65;2748.74
1401.96;1347.11;-54.85;2749.08
1398.36;1327.08;-71.28;2725.44
1401.82;1342.11;-59.71;2743.92
1404.35;1344.92;-59.44;2749.27
1401.03;1333.90;-67.13;2734.93
1400.49;1344.38;-56.11;2744.88
1402.62;1341.38;-61.24;2743.99
1401.35;1344.76;-56.59;2746.12
1401.55;1345.84;-55.72;2747.39
1403.80;1343.66;-60.14;2747.46
1402.67;1341.28;-61.39;2743.95
1402.32;1335.46;-66.85;2737.78
1400.19;1347.56;-52.62;2747.75
1402.57;1339.49;-63.08;2742.06
1405.16;1342.18;-62.98;2747.34
1404.87;1329.36;-75.51;2734.24
1399.68;1346.44;-53.25;2746.12
1400.42;1344.27;-56.15;2744.69
1401.55;1342.84;-58.71;2744.39
1401.85;1344.19;-57.65;2746.04
1402.66;1343.98;-58.68;2746.65
1402.11;1341.38;-60.72;2743.49
1403.93;1342.01;-61.92;2745.94
1402.11;1344.36;-57.75;2746.47
1400.84;1346.91;-53.94;2747.75
1402.60;1344.13;-58.47;2746.73
1401.04;1338.62;-62.41;2739.66
1402.31;1344.46;-57.85;2746.77
1400.34;1345.56;-54.78;2745.90
1400.67;1343.38;-57.29;2744.05
1402.96;1342.08;-60.88;2745.04
1396.94;1344.80;-52.14;2741.74
1399.28;1346.65;-52.64;2745.93
1404.31;1340.64;-63.67;2744.94
1402.35;1343.08;-59.28;2745.43
1403.54;1339.22;-64.32;2742.76
1408.10;1345.33;-62.77;2753.43
1404.17;1341.05;-63.12;2745.22
1402.91;1340.52;-62.39;2743.42
1401.74;1344.26;-57.48;2746.00
1398.68;1347.36;-51.32;2746.05
1400.86;1344.62;-56.24;2745.48
1403.11;1342.68;-60.42;2745.79
1402.42;1345.20;-57.22;2747.62
1401.28;1346.71;-54.56;2747.99
1400.19;1343.79;-56.39;2743.98
1401.18;1342.42;-58.76;2743.60
1402.55;1345.61;-56.94;2748.16
1400.26;1346.77;-53.49;2747.04
1400.58;1344.07;-56.51;2744.65
1402.66;1342.55;-60.11;2745.21
1402.41;1345.49;-56.92;2747.89
1400.95;1346.45;-54.50;2747.41
1399.00;1330.82;-68.18;2729.82
1402.77;1342.91;-59.86;2745.68
1402.29;1334.19;-68.10;2736.49
1399.58;1345.68;-53.91;2745.26
1401.65;1344.18;-57.46;2745.83
1403.38;1340.76;-62.62;2744.14
1398.50;1345.35;-53.15;2743.85
1401.10;1346.35;-54.75;2747.45
1398.54;1331.69;-66.85;2730.22
1402.45;1341.59;-60.86;2744.04
1401.11;1344.92;-56.19;2746.03
1405.18;1346.85;-58.32;2752.03
1401.06;1343.83;-57.23;2744.89
1402.21;1342.66;-59.55;2744.88
1402.18;1345.20;-56.98;2747.38
1399.33;1347.30;-52.03;2746.63
1402.66;1344.78;-57.89;2747.44
1400.72;1343.31;-57.41;2744.02
1402.20;1340.43;-61.77;2742.63
1397.55;1345.94;-51.61;2743.48
1401.72;1343.78;-57.94;2745.50
1401.17;1341.99;-59.18;2743.16
1405.95;1342.63;-63.32;2748.58
1401.06;1336.31;-64.75;2737.36
1400.88;1343.44;-57.45;2744.32
1403.57;1342.80;-60.77;2746.37
1403.05;1344.85;-58.19;2747.90
1400.60;1346.76;-53.84;2747.36
1402.06;1343.96;-58.09;2746.02
1399.49;1336.29;-63.21;2735.78
1400.27;1345.91;-54.36;2746.18
1401.78;1333.54;-68.24;2735.31
1400.48;1340.74;-59.74;2741.22
1405.54;1342.68;-62.86;2748.21
1402.92;1345.74;-57.18;2748.66
1404.44;1346.63;-57.81;2751.06
1403.86;1344.44;-59.42;2748.31
1401.30;1341.35;-59.95;2742.65
1399.08;1345.77;-53.31;2744.85
1401.05;1346.72;-54.33;2747.78
1402.76;1343.41;-59.35;2746.17
1401.88;1328.71;-73.16;2730.59
1400.66;1345.72;-54.95;2746.38
1401.51;1345.47;-56.04;2746.98
1399.49;1344.04;-55.45;2743.54
1403.29;1342.19;-61.10;2745.48
1400.91;1345.96;-54.94;2746.87
1399.34;1347.69;-51.65;2747.04
1399.30;1344.01;-55.29;2743.31
1404.14;1342.09;-62.05;2746.23
1400.65;1344.36;-56.29;2745.02
1400.48;1343.88;-56.61;2744.36
1400.74;1338.86;-61.88;2739.59
1399.05;1342.06;-56.99;2741.11
1403.59;1346.54;-57.05;2750.13
1399.68;1334.31;-65.37;2733.98
1398.17;1344.82;-53.35;2742.99
1405.42;1342.43;-62.99;2747.85
1399.29;1347.39;-51.90;2746.69
1400.02;1346.33;-53.69;2746.35
1399.38;1343.41;-55.97;2742.78
1402.79;1342.94;-59.86;2745.73
1401.91;1344.69;-57.22;2746.61
1400.43;1345.32;-55.11;2745.75
1403.06;1344.90;-58.16;2747.96
1403.51;1341.96;-61.55;2745.46
1403.04;1345.62;-57.42;2748.66
1401.50;1341.72;-59.78;2743.22
1401.26;1343.34;-57.93;2744.60
1405.78;1341.99;-63.78;2747.77
1400.74;1340.25;-60.48;2740.99
1401.37;1346.98;-54.39;2748.35
1398.64;1341.32;-57.32;2739.96
1401.76;1342.18;-59.58;2743.94
1402.54;1342.89;-59.65;2745.44
1398.99;1346.32;-52.67;2745.32
1401.10;1344.08;-57.02;2745.18
1400.41;1342.38;-58.04;2742.79
1400.92;1344.78;-56.15;2745.70
1398.87;1347.90;-50.97;2746.77
1401.85;1343.89;-57.95;2745.74
1404.64;1341.84;-62.81;2746.48
1402.38;1345.58;-56.81;2747.96
1400.23;1334.06;-66.17;2734.29
1400.83;1343.81;-57.02;2744.64
1401.82;1342.49;-59.33;2744.31
1402.89;1344.36;-58.53;2747.26
1402.25;1347.04;-55.21;2749.28
1400.09;1343.47;-56.62;2743.56
1403.93;1343.50;-60.43;2747.43
1402.15;1344.44;-57.71;2746.59
1401.75;1345.59;-56.16;2747.34
1402.79;1343.99;-58.80;2746.79
1402.44;1342.14;-60.29;2744.58
1401.16;1345.13;-56.03;2746.29
1401.84;1346.23;-55.61;2748.07
1401.06;1343.97;-57.09;2745.04
1399.84;1341.98;-57.85;2741.82
1399.15;1345.06;-54.09;2744.22
1399.52;1345.55;-53.97;2745.08
1401.91;1343.32;-58.59;2745.22
1404.43;1338.35;-66.08;2742.78
1400.58;1344.84;-55.75;2745.42
1400.36;1346.64;-53.72;2747.00
1401.62;1345.29;-56.33;2746.91
1403.97;1333.90;-70.07;2737.87
1402.02;1346.31;-55.72;2748.33
1399.79;1346.89;-52.90;2746.68
1407.37;1343.38;-63.99;2750.75
1401.54;1342.56;-58.98;2744.09
1401.46;1343.94;-57.52;2745.40
1399.61;1346.79;-52.82;2746.39
1401.72;1344.29;-57.43;2746.01
1401.04;1341.21;-59.83;2742.25
1401.74;1337.79;-63.95;2739.53
1401.42;1347.16;-54.26;2748.59
1405.98;1341.72;-64.26;2747.71
1404.58;1341.26;-63.32;2745.84
1399.14;1345.26;-53.88;2744.39
1399.74;1346.01;-53.74;2745.75
1401.01;1342.74;-58.26;2743.75
1405.36;1340.20;-65.16;2745.56
1403.34;1338.53;-64.81;2741.86
1400.29;1347.35;-52.94;2747.64
1401.19;1333.20;-67.99;2734.39
1402.96;1341.98;-60.98;2744.95
1402.58;1345.91;-56.68;2748.49
1399.92;1334.21;-65.72;2734.13
1402.82;1343.17;-59.65;2745.99
1401.78;1342.08;-59.70;2743.86
1401.24;1344.35;-56.89;2745.58
1397.99;1347.17;-50.82;2745.16
1401.30;1345.04;-56.26;2746.34
1402.31;1343.09;-59.21;2745.40
1401.52;1330.32;-71.20;2731.85
1400.70;1345.12;-55.58;2745.82
1401.87;1330.22;-71.65;2732.09
1402.41;1340.41;-62.01;2742.82
1399.56;1345.19;-54.38;2744.75
1399.73;1345.68;-54.05;2745.41
1399.59;1345.10;-54.49;2744.69
1400.71;1341.75;-58.96;2742.46
1402.02;1333.06;-68.95;2735.08
1398.65;1348.09;-50.56;2746.74
1402.44;1344.52;-57.92;2746.96
1401.14;1342.26;-58.88;2743.41
1401.94;1344.05;-57.89;2745.99
1400.75;1345.95;-54.80;2746.69
1403.06;1344.21;-58.86;2747.27
1400.83;1338.66;-62.17;2739.49
1400.42;1347.71;-52.71;2748.12
1402.48;1346.88;-55.60;2749.36
1402.22;1344.92;-57.31;2747.14
1403.82;1342.74;-61.08;2746.56
1403.17;1345.45;-57.72;2748.62
1400.64;1345.99;-54.65;2746.62
1399.63;1341.13;-58.50;2740.76
1403.28;1338.51;-64.77;2741.79
1405.60;1337.28;-68.32;2742.88
1400.41;1345.41;-55.00;2745.81
1400.14;1344.70;-55.44;2744.84
1404.98;1342.59;-62.39;2747.57
1401.82;1344.90;-56.92;2746.72
1397.13;1347.52;-49.61;2744.65
1401.01;1339.05;-61.95;2740.06
1402.16;1328.34;-73.82;2730.51
1402.86;1344.97;-57.89;2747.84
1400.82;1348.51;-52.32;2749.33
1399.46;1344.26;-55.19;2743.72
1402.43;1342.71;-59.72;2745.14
1399.13;1345.50;-53.63;2744.63
1399.12;1346.01;-53.11;2745.13
1402.39;1345.87;-56.52;2748.26
1408.61;1342.42;-66.19;2751.04
1400.93;1344.99;-55.94;2745.92
1401.63;1334.84;-66.79;2736.46
1401.76;1343.61;-58.15;2745.36
1401.09;1341.39;-59.69;2742.48
1402.71;1345.94;-56.76;2748.65
1400.50;1347.25;-53.25;2747.75
1402.68;1343.45;-59.24;2746.13
1403.61;1342.46;-61.14;2746.07
1402.35;1346.34;-56.02;2748.69
1400.15;1347.21;-52.94;2747.36
1400.36;1345.70;-54.66;2746.06
1403.95;1341.64;-62.31;2745.59
1399.91;1343.65;-56.26;2743.56
1395.28;1346.68;-48.60;2741.96
1400.49;1344.61;-55.88;2745.11
1404.43;1341.76;-62.66;2746.19
1401.83;1343.61;-58.22;2745.44
1398.37;1347.25;-51.12;2745.62
1401.35;1331.66;-69.69;2733.02
1405.25;1341.97;-63.28;2747.22
1402.27;1344.81;-57.46;2747.08
1399.95;1347.15;-52.80;2747.11
1402.07;1343.84;-58.24;2745.91
1405.43;1344.43;-61.00;2749.86
1400.82;1342.62;-58.20;2743.44
1398.74;1347.47;-51.27;2746.21
1402.42;1340.52;-61.90;2742.94
1403.08;1342.32;-60.75;2745.40
1400.98;1330.31;-70.67;2731.29
1399.74;1347.28;-52.46;2747.02
1400.18;1341.61;-58.57;2741.79
1402.28;1342.25;-60.03;2744.52
1398.12;1332.16;-65.96;2730.29
1400.65;1347.19;-53.46;2747.85
1399.99;1340.62;-59.36;2740.61
1403.71;1334.71;-69.00;2738.42
1401.70;1344.99;-56.71;2746.69
1401.61;1346.69;-54.91;2748.30
1404.34;1343.56;-60.77;2747.90
1403.53;1341.98;-61.55;2745.51
1398.05;1340.09;-57.96;2738.15
1401.02;1346.51;-54.51;2747.54
1402.93;1340.40;-62.53;2743.33
1402.63;1342.09;-60.54;2744.72
1400.85;1344.09;-56.75;2744.94
1400.44;1342.07;-58.36;2742.51
1400.19;1344.96;-55.23;2745.15
1402.31;1337.62;-64.69;2739.94
1402.14;1341.91;-60.22;2744.05
1400.08;1347.68;-52.40;2747.75
1401.25;1343.67;-57.58;2744.92
1403.09;1337.28;-65.81;2740.38
1400.23;1342.26;-57.97;2742.49
1398.71;1345.54;-53.17;2744.24
1406.17;1344.10;-62.07;2750.27
1403.60;1342.56;-61.04;2746.16
1407.70;1345.28;-62.42;2752.98
1400.39;1346.81;-53.59;2747.20
1401.67;1342.82;-58.85;2744.49
1404.88;1340.66;-64.22;2745.55
1403.55;1341.58;-61.98;2745.13
1395.29;1345.96;-49.32;2741.25
1400.36;1343.46;-56.90;2743.83
1399.38;1343.73;-55.65;2743.11
1401.94;1345.95;-55.99;2747.88
1399.94;1346.51;-53.43;2746.44
1402.22;1342.99;-59.24;2745.21
1405.08;1342.79;-62.29;2747.88
1400.85;1343.11;-57.74;2743.96
1400.62;1343.81;-56.81;2744.43
1402.82;1344.09;-58.73;2746.92
1404.44;1328.25;-76.19;2732.69
1401.43;1345.41;-56.02;2746.84
1399.73;1347.76;-51.96;2747.49
1404.99;1344.51;-60.48;2749.50
1402.91;1342.51;-60.40;2745.42
1402.49;1329.56;-72.93;2732.05
1399.68;1347.13;-52.55;2746.81
1399.64;1335.18;-64.46;2734.82
1403.39;1343.62;-59.78;2747.01
1401.91;1343.89;-58.01;2745.80
1398.90;1334.15;-64.75;2733.05
1397.35;1333.86;-63.49;2731.22
1403.44;1342.39;-61.04;2745.83
1403.79;1344.38;-59.42;2748.17
1401.20;1346.88;-54.32;2748.08
1402.25;1329.66;-72.59;2731.91
1403.75;1339.07;-64.68;2742.82
1402.16;1333.54;-68.62;2735.70
1399.99;1345.81;-54.18;2745.80
1401.82;1343.53;-58.29;2745.35
1402.46;1342.19;-60.27;2744.65
1402.65;1344.79;-57.86;2747.45
1400.59;1345.99;-54.61;2746.58
1402.04;1339.91;-62.14;2741.95
1403.75;1343.34;-60.41;2747.08
1401.28;1335.15;-66.12;2736.43
1399.79;1347.45;-52.34;2747.24
1402.41;1344.14;-58.26;2746.55
1404.29;1330.49;-73.80;2734.78
1399.74;1345.05;-54.69;2744.79
1397.29;1345.13;-52.16;2742.42
1401.82;1344.08;-57.74;2745.89
1402.63;1342.08;-60.55;2744.71
1401.59;1344.25;-57.34;2745.84
1401.46;1347.41;-54.05;2748.86
1404.57;1345.21;-59.36;2749.78
1403.78;1341.76;-62.02;2745.55
1405.29;1345.22;-60.07;2750.51
1400.95;1347.05;-53.90;2748.01
1404.19;1343.32;-60.86;2747.51
1406.70;1340.97;-65.73;2747.67
1403.86;1343.42;-60.45;2747.28
1400.55;1344.98;-55.57;2745.52
1402.29;1340.58;-61.71;2742.87
1402.89;1342.86;-60.03;2745.76
1402.29;1335.09;-67.19;2737.38
1401.45;1345.94;-55.51;2747.38
1403.19;1343.67;-59.52;2746.86
1402.27;1343.17;-59.10;2745.44
1401.97;1339.22;-62.75;2741.19
1401.65;1346.04;-55.61;2747.69
1399.39;1343.90;-55.49;2743.29
1404.10;1342.62;-61.48;2746.72
1400.24;1345.25;-54.98;2745.49
1400.15;1346.53;-53.62;2746.68
1400.38;1344.57;-55.81;2744.95
1402.34;1342.32;-60.02;2744.66
1403.88;1344.16;-59.71;2748.04
1400.93;1346.90;-54.03;2747.83
1400.64;1342.68;-57.95;2743.32
1400.14;1343.39;-56.75;2743.54
1402.92;1329.41;-73.52;2732.33
1399.57;1346.04;-53.54;2745.61
1401.31;1343.94;-57.37;2745.24
1401.40;1342.55;-58.85;2743.95
1402.89;1344.84;-58.05;2747.74
1401.12;1345.45;-55.67;2746.58
1402.82;1344.92;-57.90;2747.74
1400.53;1341.98;-58.55;2742.51
1401.43;1346.99;-54.44;2748.42
1398.16;1345.79;-52.37;2743.95
1399.15;1344.34;-54.81;2743.49
1404.29;1342.88;-61.41;2747.18
1405.04;1344.71;-60.33;2749.74
1402.39;1344.75;-57.64;2747.14
1404.55;1338.99;-65.56;2743.55
1401.30;1341.78;-59.52;2743.08
1400.89;1345.21;-55.68;2746.10
1401.81;1347.43;-54.38;2749.24
1399.25;1344.91;-54.35;2744.16
1402.06;1342.82;-59.24;2744.89
1398.80;1345.15;-53.65;2743.95
1401.66;1345.34;-56.32;2747.00
1397.70;1342.37;-55.33;2740.07
1403.42;1339.93;-63.49;2743.35
1402.30;1343.87;-58.43;2746.17
1397.03;1347.22;-49.81;2744.25
1402.16;1337.44;-64.72;2739.59
1403.76;1343.46;-60.30;2747.22
1400.32;1345.59;-54.74;2745.91
1400.53;1346.44;-54.09;2746.96
1402.61;1343.58;-59.04;2746.19
1403.74;1342.54;-61.20;2746.28
1402.86;1343.28;-59.58;2746.14
1400.59;1346.83;-53.76;2747.42
1403.72;1344.23;-59.49;2747.95
1403.55;1342.31;-61.25;2745.86
1402.10;1345.50;-56.60;2747.60
1398.58;1346.81;-51.77;2745.39
1402.99;1342.69;-60.30;2745.68
1403.12;1341.69;-61.43;2744.82
1401.69;1344.84;-56.86;2746.53
1400.48;1347.55;-52.93;2748.04
1404.43;1344.08;-60.35;2748.51
1410.94;1343.11;-67.84;2754.05
1402.52;1344.34;-58.18;2746.85
1399.04;1345.26;-53.78;2744.29
1400.61;1328.96;-71.65;2729.56
1405.31;1326.55;-78.76;2731.86
1400.92;1329.49;-71.43;2730.41
1396.84;1347.03;-49.81;2743.86
1402.71;1344.41;-58.31;2747.12
1402.04;1342.34;-59.70;2744.37
1402.86;1332.00;-70.86;2734.86
1401.75;1345.15;-56.60;2746.89
1401.17;1341.39;-59.78;2742.56
1404.10;1341.11;-62.99;2745.21
1403.08;1344.24;-58.84;2747.32
1397.70;1345.14;-52.56;2742.84
1403.84;1343.32;-60.52;2747.15
1404.52;1339.71;-64.81;2744.22
1404.26;1343.35;-60.92;2747.61
1402.22;1344.86;-57.36;2747.09
1405.01;1339.41;-65.60;2744.42
1405.63;1331.88;-73.75;2737.51
1401.92;1345.14;-56.78;2747.05
1407.70;1337.71;-69.99;2745.41
1401.21;1343.59;-57.62;2744.80
1403.54;1342.60;-60.94;2746.14
1407.21;1344.88;-62.33;2752.08
1400.01;1344.59;-55.41;2744.60
1403.51;1343.56;-59.95;2747.07
1404.01;1341.07;-62.94;2745.08
1401.27;1343.16;-58.11;2744.44
1401.39;1330.33;-71.06;2731.72
1400.52;1342.11;-58.41;2742.63
1404.29;1342.36;-61.94;2746.65
1400.95;1345.16;-55.79;2746.11
1401.25;1343.77;-57.48;2745.02
1401.84;1344.74;-57.09;2746.58
1399.78;1342.58;-57.19;2742.36
1401.62;1343.99;-57.64;2745.61
1401.43;1346.91;-54.52;2748.34
1403.64;1340.46;-63.18;2744.11
1405.01;1342.36;-62.65;2747.38
1402.07;1345.09;-56.98;2747.16
1400.46;1345.61;-54.85;2746.07
1399.87;1343.70;-56.17;2743.57
1404.31;1341.86;-62.44;2746.17
1401.94;1333.12;-68.82;2735.05
1401.46;1347.12;-54.34;2748.58
1402.34;1343.82;-58.52;2746.16
1405.09;1343.72;-61.37;2748.82
1402.22;1345.15;-57.07;2747.36
1402.17;1345.39;-56.78;2747.56
1400.34;1343.11;-57.23;2743.44
1404.18;1342.32;-61.86;2746.50
1399.39;1342.49;-56.91;2741.88
1399.75;1346.27;-53.48;2746.02
1402.12;1341.92;-60.20;2744.05
1403.54;1343.02;-60.52;2746.55
1398.87;1345.07;-53.80;2743.94
1401.64;1345.95;-55.69;2747.59
1401.36;1343.91;-57.45;2745.27
1403.48;1342.75;-60.72;2746.23
1404.97;1346.19;-58.78;2751.16
1400.67;1346.24;-54.43;2746.91
1398.81;1343.88;-54.92;2742.69
1403.79;1343.36;-60.43;2747.15
1401.21;1345.14;-56.07;2746.35
1399.58;1347.28;-52.31;2746.86
1401.71;1342.94;-58.78;2744.65
1401.41;1331.74;-69.66;2733.15
1400.87;1345.86;-55.01;2746.73
1400.31;1346.99;-53.32;2747.29
1400.18;1341.85;-58.32;2742.03
1402.26;1343.38;-58.88;2745.65
1399.11;1346.50;-52.61;2745.61
1400.59;1347.05;-53.54;2747.64
1402.22;1342.04;-60.18;2744.25
1401.25;1343.26;-57.98;2744.51
1402.19;1345.78;-56.41;2747.97
1399.84;1331.05;-68.79;2730.89
1399.86;1343.25;-56.61;2743.11
1403.15;1341.05;-62.09;2744.20
1402.38;1345.55;-56.83;2747.94
1400.14;1345.53;-54.61;2745.67
1403.22;1343.75;-59.47;2746.98
1404.11;1341.99;-62.12;2746.11
1401.70;1345.22;-56.48;2746.92
1399.81;1345.74;-54.07;2745.55
1401.88;1331.06;-70.82;2732.94
1403.90;1337.66;-66.24;2741.56
1404.01;1344.41;-59.60;2748.42
1399.52;1344.96;-54.56;2744.49
1402.61;1343.98;-58.62;2746.59
1403.48;1340.90;-62.58;2744.38
1402.49;1329.25;-73.24;2731.74
1397.19;1342.85;-54.34;2740.05
1402.40;1343.57;-58.83;2745.97
1403.42;1342.43;-60.99;2745.85
1401.03;1344.52;-56.51;2745.55
1400.52;1345.96;-54.56;2746.49
1401.75;1343.18;-58.57;2744.92
1404.75;1342.34;-62.41;2747.09
1397.64;1345.34;-52.29;2742.98
1403.82;1345.48;-58.34;2749.30
1400.08;1344.08;-55.99;2744.16
1403.53;1342.81;-60.72;2746.34
1401.65;1344.68;-56.96;2746.33
1400.87;1345.65;-55.22;2746.52
1402.38;1342.65;-59.74;2745.03
1405.24;1338.02;-67.21;2743.26
1402.69;1344.56;-58.12;2747.25
1400.19;1345.82;-54.38;2746.01
1399.79;1344.15;-55.65;2743.94
1404.89;1336.03;-68.86;2740.92
1404.60;1344.94;-59.66;2749.54
1400.66;1345.29;-55.37;2745.95
1402.99;1344.33;-58.66;2747.32
1402.81;1342.82;-59.98;2745.63
1399.21;1344.44;-54.77;2743.65
1399.77;1344.91;-54.86;2744.68
1401.58;1343.40;-58.18;2744.98
1402.83;1342.27;-60.56;2745.10
1401.68;1330.85;-70.83;2732.54
1400.88;1346.89;-53.99;2747.78
1401.21;1344.28;-56.93;2745.49
1401.91;1341.38;-60.52;2743.29
1400.40;1344.98;-55.42;2745.38
1400.75;1340.82;-59.92;2741.57
1402.83;1344.26;-58.57;2747.09
1403.67;1332.95;-70.72;2736.62
1400.74;1345.30;-55.44;2746.04
1399.48;1346.66;-52.81;2746.14
1402.23;1343.73;-58.50;2745.96
1403.71;1343.21;-60.50;2746.91
1399.97;1346.11;-53.86;2746.08
1399.32;1346.01;-53.31;2745.34
1399.04;1343.81;-55.23;2742.84
1405.25;1344.12;-61.12;2749.37
1398.32;1344.57;-53.75;2742.89
1398.33;1332.38;-65.95;2730.71
1401.19;1342.26;-58.93;2743.46
1404.12;1343.54;-60.58;2747.66
1402.34;1345.71;-56.63;2748.05
1397.25;1345.59;-51.66;2742.84
1403.05;1344.46;-58.58;2747.51
1400.27;1341.71;-58.56;2741.98
1408.64;1345.75;-62.88;2754.39
1399.32;1346.01;-53.31;2745.32
1401.56;1342.92;-58.65;2744.48
1403.61;1342.70;-60.91;2746.31
1401.82;1346.04;-55.78;2747.85
1400.45;1346.86;-53.59;2747.31
1402.25;1341.41;-60.84;2743.66
1403.31;1337.92;-65.39;2741.22
1401.94;1345.86;-56.07;2747.80
1398.94;1345.26;-53.68;2744.20
1400.92;1343.55;-57.37;2744.46
1406.12;1343.40;-62.72;2749.52
1401.89;1338.35;-63.54;2740.25
1400.79;1345.51;-55.28;2746.31
1405.94;1342.28;-63.66;2748.21
1407.51;1339.63;-67.88;2747.14
1401.92;1345.96;-55.96;2747.89
1401.26;1344.51;-56.75;2745.78
1401.01;1343.29;-57.71;2744.30
1403.68;1344.04;-59.64;2747.72
1399.83;1340.72;-59.11;2740.55
1398.92;1344.94;-53.98;2743.86
1400.15;1343.93;-56.22;2744.08
1402.95;1343.15;-59.79;2746.10
1401.26;1345.14;-56.12;2746.39
1401.59;1345.74;-55.85;2747.32
1402.22;1343.00;-59.22;2745.22
1402.98;1342.71;-60.28;2745.69
1400.96;1345.84;-55.12;2746.80
1397.47;1346.12;-51.35;2743.59
1401.98;1343.20;-58.78;2745.18
1403.31;1343.01;-60.30;2746.32
1402.92;1345.69;-57.23;2748.62
1399.36;1345.03;-54.34;2744.39
1399.51;1331.72;-67.79;2731.23
1403.48;1343.44;-60.04;2746.92
1399.18;1345.61;-53.56;2744.79
1400.51;1346.48;-54.03;2746.99
1405.14;1329.78;-75.36;2734.92
1404.09;1344.05;-60.04;2748.14
1402.65;1346.04;-56.61;2748.69
1399.41;1346.08;-53.33;2745.49
1402.90;1332.06;-70.84;2734.96
1406.55;1343.84;-62.71;2750.39
1401.77;1343.33;-58.44;2745.10
1399.38;1335.24;-64.14;2734.62
1403.14;1343.36;-59.77;2746.50
1403.69;1343.77;-59.92;2747.46
1403.49;1343.46;-60.03;2746.96
1406.26;1345.52;-60.74;2751.79
1400.51;1342.67;-57.84;2743.18
1403.90;1342.56;-61.34;2746.46
1402.19;1344.94;-57.25;2747.12
1399.59;1344.76;-54.84;2744.35
1403.10;1340.47;-62.63;2743.57
1402.84;1342.69;-60.15;2745.53
1404.98;1344.56;-60.42;2749.54
1397.66;1345.54;-52.12;2743.19
1404.17;1343.38;-60.79;2747.55
1404.72;1343.26;-61.45;2747.98
1401.41;1345.97;-55.44;2747.38
1398.05;1346.73;-51.32;2744.78
1401.34;1344.25;-57.08;2745.59
1403.89;1342.42;-61.46;2746.31
1400.84;1345.20;-55.64;2746.04
1397.84;1345.87;-51.96;2743.71
1402.46;1343.81;-58.65;2746.28
1404.89;1334.24;-70.65;2739.12
1401.59;1345.52;-56.06;2747.11
1399.15;1347.64;-51.51;2746.79
1402.62;1343.21;-59.41;2745.82
1408.98;1343.66;-65.31;2752.64
1407.24;1345.81;-61.43;2753.05
1400.60;1346.86;-53.74;2747.46
1400.10;1344.43;-55.67;2744.53
1403.88;1329.69;-74.19;2733.56
1402.91;1346.02;-56.89;2748.93
1398.68;1346.34;-52.34;2745.02
1402.03;1342.46;-59.57;2744.49
1403.27;1344.53;-58.74;2747.80
1401.14;1337.04;-64.09;2738.18
1400.75;1346.28;-54.47;2747.04
1400.16;1344.26;-55.91;2744.42
1403.19;1340.55;-62.64;2743.75
1400.60;1339.39;-61.21;2739.99
1399.35;1345.08;-54.27;2744.44
1398.54;1343.38;-55.16;2741.92
1401.19;1344.15;-57.04;2745.35
1401.36;1345.66;-55.70;2747.02
1399.81;1345.25;-54.55;2745.06
1402.40;1343.09;-59.31;2745.49
1401.69;1341.08;-60.62;2742.77
1398.94;1345.94;-53.00;2744.87
1403.04;1346.13;-56.91;2749.16
1402.34;1340.66;-61.67;2743.00
1401.75;1337.54;-64.21;2739.29
