1352.58;1288.48;-64.10;2641.06
1351.56;1287.89;-63.67;2639.46
1351.88;1286.70;-65.18;2638.58
1353.79;1284.37;-69.42;2638.16
1351.48;1290.67;-60.81;2642.15
1350.94;1288.49;-62.45;2639.44
1352.53;1286.82;-65.71;2639.35
1353.62;1281.91;-71.71;2635.53
1351.45;1287.80;-63.65;2639.25
1350.64;1289.26;-61.38;2639.89
1351.80;1288.15;-63.65;2639.95
1352.28;1285.87;-66.41;2638.15
1351.55;1286.36;-65.19;2637.92
1352.01;1286.10;-65.91;2638.11
1350.84;1284.53;-66.31;2635.36
1354.02;1283.21;-70.81;2637.24
1351.55;1286.76;-64.79;2638.31
1350.41;1288.88;-61.54;2639.29
1352.16;1284.57;-67.59;2636.73
1354.04;1284.51;-69.52;2638.55
1351.81;1288.94;-62.86;2640.75
1350.81;1290.06;-60.75;2640.88
1351.30;1283.45;-67.85;2634.75
1352.35;1285.05;-67.29;2637.40
1352.27;1288.60;-63.67;2640.87
1350.63;1291.36;-59.27;2641.99
1353.08;1288.55;-64.54;2641.63
1352.95;1284.99;-67.96;2637.94
1353.71;1286.43;-67.28;2640.14
1350.72;1288.64;-62.08;2639.35
1351.07;1286.61;-64.46;2637.68
1353.41;1283.29;-70.12;2636.70
1352.35;1290.14;-62.21;2642.48
1351.02;1287.53;-63.49;2638.55
1350.94;1286.42;-64.52;2637.36
1352.75;1279.32;-73.43;2632.06
1351.73;1286.65;-65.08;2638.38
1349.95;1285.68;-64.26;2635.63
1350.78;1287.00;-63.78;2637.78
1352.23;1286.09;-66.14;2638.32
1351.31;1287.47;-63.84;2638.78
1351.64;1286.16;-65.48;2637.81
1351.45;1288.06;-63.39;2639.52
1351.60;1282.78;-68.82;2634.38
1351.16;1284.62;-66.54;2635.79
1351.08;1288.79;-62.29;2639.88
1350.90;1287.53;-63.37;2638.43
1352.16;1284.90;-67.26;2637.06
1352.09;1285.64;-66.46;2637.73
1352.01;1287.15;-64.86;2639.16
1351.39;1288.15;-63.25;2639.54
1353.00;1286.53;-66.47;2639.53
1351.86;1286.91;-64.95;2638.78
1350.73;1290.13;-60.60;2640.86
1350.92;1286.64;-64.28;2637.56
1352.29;1287.23;-65.06;2639.52
1352.65;1290.32;-62.34;2642.97
1352.24;1289.79;-62.45;2642.03
1351.96;1286.24;-65.72;2638.21
1354.01;1286.92;-67.09;2640.93
1351.11;1286.69;-64.42;2637.81
1350.62;1285.69;-64.94;2636.31
1350.69;1287.32;-63.37;2638.01
1352.12;1287.51;-64.61;2639.64
1351.99;1287.88;-64.12;2639.87
1350.62;1290.96;-59.66;2641.58
1351.08;1287.18;-63.91;2638.26
1352.59;1282.19;-70.41;2634.78
1351.93;1287.35;-64.58;2639.28
1350.19;1286.37;-63.82;2636.56
1350.48;1286.42;-64.06;2636.90
1353.68;1284.61;-69.07;2638.29
1351.33;1288.75;-62.58;2640.08
1349.75;1292.07;-57.68;2641.82
1350.36;1284.16;-66.20;2634.53
1351.80;1284.76;-67.04;2636.56
1350.94;1289.24;-61.71;2640.18
1350.10;1289.72;-60.38;2639.82
1352.33;1287.53;-64.80;2639.86
1352.79;1287.51;-65.29;2640.30
1351.09;1287.14;-63.95;2638.24
1349.92;1287.12;-62.81;2637.04
1351.15;1285.19;-65.96;2636.34
1351.44;1285.52;-65.92;2636.96
1350.76;1289.32;-61.44;2640.09
1349.60;1288.73;-60.87;2638.33
1351.31;1288.21;-63.11;2639.52
1351.47;1286.46;-65.01;2637.93
1351.92;1288.69;-63.23;2640.62
1350.60;1289.88;-60.72;2640.48
1349.98;1287.91;-62.07;2637.88
1352.88;1287.36;-65.51;2640.24
1350.58;1289.35;-61.24;2639.93
1349.91;1291.42;-58.49;2641.33
1350.44;1288.94;-61.50;2639.38
1352.71;1283.11;-69.59;2635.82
1352.02;1287.93;-64.09;2639.95
1350.75;1290.95;-59.80;2641.71
1350.65;1287.21;-63.44;2637.85
1351.39;1288.88;-62.51;2640.26
1351.18;1288.92;-62.26;2640.11
1350.07;1287.69;-62.38;2637.76
1352.11;1284.35;-67.76;2636.46
1351.05;1284.58;-66.47;2635.64
1352.02;1287.24;-64.78;2639.26
1350.49;1291.20;-59.29;2641.69
1351.45;1286.03;-65.42;2637.48
1351.99;1282.67;-69.32;2634.66
1352.57;1289.16;-63.41;2641.74
1351.87;1291.54;-60.34;2643.41
1351.97;1290.06;-61.91;2642.03
1353.79;1286.38;-67.41;2640.16
1351.56;1287.55;-64.02;2639.11
1350.94;1291.17;-59.76;2642.11
1350.84;1280.97;-69.86;2631.81
1352.31;1282.14;-70.16;2634.45
1351.68;1288.27;-63.41;2639.95
1351.28;1288.25;-63.02;2639.53
1350.11;1290.98;-59.14;2641.09
1351.74;1285.89;-65.85;2637.64
1353.81;1285.15;-68.66;2638.95
1350.58;1287.95;-62.63;2638.52
1351.18;1287.55;-63.62;2638.73
1351.84;1287.99;-63.85;2639.83
1352.45;1288.10;-64.35;2640.55
1350.39;1286.45;-63.94;2636.84
1350.54;1288.78;-61.76;2639.32
1351.50;1286.53;-64.97;2638.03
1352.44;1288.79;-63.64;2641.23
1351.57;1288.94;-62.64;2640.51
1351.55;1287.80;-63.75;2639.35
1353.40;1285.74;-67.66;2639.14
1351.50;1287.82;-63.68;2639.32
1350.68;1286.50;-64.18;2637.18
1351.22;1280.77;-70.45;2631.99
1353.21;1286.22;-66.98;2639.43
1351.42;1287.67;-63.75;2639.09
1349.54;1291.08;-58.45;2640.62
1350.14;1284.12;-66.01;2634.26
1351.26;1283.35;-67.91;2634.61
1351.71;1288.90;-62.81;2640.61
1350.95;1289.63;-61.32;2640.58
1350.67;1288.75;-61.92;2639.42
1351.36;1286.21;-65.15;2637.57
1352.74;1284.85;-67.89;2637.59
1349.27;1292.55;-56.72;2641.82
1350.10;1287.28;-62.82;2637.38
1351.58;1288.89;-62.68;2640.47
1352.01;1290.71;-61.29;2642.72
1351.35;1290.99;-60.36;2642.35
1350.15;1290.02;-60.13;2640.18
1351.35;1285.35;-65.99;2636.70
1351.01;1290.39;-60.62;2641.41
1349.91;1289.79;-60.12;2639.69
1349.92;1287.29;-62.64;2637.21
1351.16;1289.37;-61.79;2640.53
1350.51;1289.06;-61.44;2639.57
1349.51;1288.35;-61.15;2637.86
1350.00;1285.01;-64.99;2635.01
1350.96;1283.68;-67.28;2634.64
1350.99;1288.96;-62.03;2639.95
1349.48;1288.21;-61.28;2637.69
1349.59;1289.43;-60.16;2639.02
1351.69;1286.92;-64.77;2638.62
1350.69;1292.08;-58.61;2642.77
1349.67;1292.75;-56.92;2642.42
1350.90;1288.96;-61.94;2639.86
1352.41;1289.31;-63.10;2641.72
1350.33;1291.42;-58.91;2641.75
1351.09;1292.01;-59.09;2643.10
1350.23;1291.41;-58.82;2641.64
1351.81;1288.65;-63.16;2640.46
1351.59;1288.90;-62.69;2640.49
1349.04;1290.80;-58.24;2639.84
1351.10;1286.89;-64.21;2637.99
1350.62;1285.32;-65.31;2635.94
1351.44;1289.77;-61.66;2641.21
1350.55;1289.85;-60.70;2640.41
1349.05;1290.74;-58.32;2639.79
1351.28;1286.34;-64.94;2637.62
1350.53;1287.53;-63.00;2638.06
1349.89;1289.25;-60.64;2639.15
1349.98;1290.84;-59.14;2640.82
1352.85;1287.95;-64.91;2640.80
1352.22;1290.42;-61.81;2642.64
1350.37;1289.70;-60.67;2640.07
1350.83;1286.98;-63.85;2637.81
1351.56;1287.29;-64.26;2638.85
1351.28;1286.22;-65.05;2637.50
1351.71;1287.13;-64.58;2638.84
1350.11;1284.68;-65.44;2634.79
1352.07;1284.75;-67.32;2636.82
1351.12;1287.28;-63.84;2638.39
1351.36;1285.82;-65.54;2637.19
1350.05;1285.31;-64.74;2635.36
1351.59;1285.75;-65.84;2637.35
1352.73;1287.60;-65.13;2640.33
1350.33;1290.49;-59.84;2640.82
1351.68;1287.69;-63.99;2639.36
1352.35;1286.58;-65.77;2638.92
1351.66;1286.89;-64.78;2638.55
1350.53;1291.35;-59.18;2641.88
1350.58;1287.24;-63.34;2637.82
1351.91;1282.72;-69.19;2634.63
1351.77;1287.96;-63.81;2639.73
1350.12;1286.48;-63.64;2636.61
1351.03;1289.14;-61.89;2640.17
1351.76;1288.21;-63.55;2639.98
1351.39;1288.67;-62.72;2640.06
1350.08;1290.71;-59.37;2640.79
1350.22;1286.06;-64.15;2636.28
1352.98;1289.52;-63.46;2642.49
1352.46;1285.48;-66.98;2637.94
1351.41;1292.75;-58.65;2644.16
1351.11;1287.73;-63.38;2638.84
1352.96;1287.29;-65.67;2640.25
1352.69;1287.50;-65.19;2640.19
1351.57;1287.44;-64.14;2639.01
1352.63;1288.84;-63.79;2641.47
1352.68;1285.81;-66.86;2638.49
1351.35;1286.15;-65.20;2637.49
1350.72;1286.46;-64.25;2637.18
1351.91;1285.59;-66.32;2637.49
1352.25;1284.82;-67.43;2637.08
1352.98;1287.98;-65.00;2640.95
1350.62;1290.12;-60.50;2640.74
1351.98;1286.69;-65.29;2638.66
1351.75;1284.74;-67.01;2636.48
1351.68;1284.45;-67.24;2636.13
1351.04;1289.96;-61.07;2641.00
1350.39;1289.68;-60.72;2640.07
1351.56;1285.82;-65.75;2637.38
1352.32;1287.99;-64.33;2640.31
1351.49;1282.54;-68.95;2634.02
1351.06;1286.30;-64.76;2637.36
1353.06;1285.52;-67.54;2638.59
1352.57;1287.36;-65.21;2639.93
1351.09;1288.14;-62.95;2639.23
1350.42;1286.44;-63.99;2636.86
1352.18;1282.09;-70.09;2634.27
1353.06;1290.71;-62.35;2643.77
1352.11;1291.58;-60.53;2643.69
1350.79;1287.31;-63.48;2638.09
1352.46;1287.81;-64.65;2640.26
1351.69;1285.12;-66.58;2636.81
1351.10;1292.09;-59.01;2643.19
1351.14;1286.99;-64.15;2638.14
1351.66;1287.35;-64.31;2639.02
1352.96;1285.16;-67.80;2638.13
1350.56;1290.58;-59.98;2641.15
1351.68;1286.60;-65.08;2638.28
1352.48;1284.85;-67.64;2637.33
1352.35;1285.75;-66.60;2638.09
1351.98;1288.99;-62.99;2640.96
1350.13;1286.52;-63.61;2636.65
1353.39;1287.92;-65.47;2641.31
1351.69;1289.15;-62.54;2640.85
1350.94;1289.94;-61.00;2640.88
1351.68;1289.20;-62.48;2640.88
1351.25;1285.32;-65.93;2636.56
1351.72;1288.81;-62.91;2640.52
1350.94;1288.89;-62.05;2639.82
1350.49;1290.09;-60.40;2640.59
1351.71;1285.84;-65.87;2637.55
1351.95;1287.59;-64.36;2639.54
1351.81;1291.61;-60.19;2643.42
1350.46;1287.02;-63.45;2637.48
1351.66;1286.65;-65.02;2638.31
1353.31;1286.84;-66.48;2640.15
1350.58;1286.71;-63.88;2637.29
1351.89;1287.44;-64.45;2639.32
1352.02;1286.96;-65.06;2638.99
1351.91;1287.08;-64.83;2638.99
1350.41;1287.14;-63.28;2637.55
1351.58;1290.27;-61.31;2641.85
1353.37;1286.44;-66.93;2639.81
1353.00;1287.05;-65.95;2640.05
1351.63;1288.88;-62.75;2640.51
1352.58;1288.73;-63.85;2641.31
1351.96;1285.46;-66.51;2637.42
1351.95;1285.84;-66.11;2637.79
1350.25;1288.82;-61.42;2639.07
1350.92;1289.85;-61.07;2640.76
1352.80;1286.81;-65.99;2639.61
1352.77;1289.70;-63.07;2642.47
1350.69;1292.36;-58.33;2643.06
1350.74;1285.26;-65.48;2636.01
1351.62;1285.88;-65.74;2637.49
1353.01;1289.25;-63.76;2642.26
1352.02;1293.82;-58.21;2645.84
1351.85;1286.59;-65.26;2638.44
1352.03;1285.63;-66.40;2637.66
1351.74;1288.12;-63.61;2639.86
1349.99;1290.57;-59.42;2640.56
1349.81;1289.18;-60.63;2638.98
1352.26;1286.73;-65.54;2638.99
1352.21;1290.57;-61.64;2642.78
1350.04;1284.35;-65.69;2634.39
1349.92;1288.36;-61.56;2638.28
1352.42;1282.58;-69.85;2635.00
1353.95;1290.42;-63.53;2644.38
1350.12;1289.94;-60.18;2640.06
1352.06;1290.22;-61.84;2642.28
1351.96;1288.30;-63.66;2640.26
1352.27;1288.72;-63.55;2640.99
1350.04;1288.40;-61.64;2638.44
1350.04;1286.51;-63.54;2636.55
1352.22;1285.75;-66.48;2637.97
1351.81;1289.41;-62.40;2641.22
1350.68;1290.29;-60.38;2640.97
1351.01;1287.44;-63.57;2638.45
1353.13;1286.12;-67.01;2639.25
1352.45;1289.67;-62.78;2642.12
1350.81;1291.79;-59.01;2642.60
1350.78;1284.97;-65.81;2635.75
1353.35;1285.58;-67.77;2638.92
1352.15;1287.36;-64.79;2639.51
1350.55;1290.21;-60.34;2640.76
1352.19;1283.62;-68.57;2635.81
1352.49;1288.11;-64.38;2640.59
1353.09;1288.34;-64.76;2641.43
1350.02;1289.38;-60.64;2639.41
1351.86;1287.04;-64.82;2638.90
1352.56;1284.74;-67.82;2637.31
1352.62;1287.46;-65.16;2640.08
1351.55;1291.66;-59.89;2643.22
1351.93;1286.04;-65.89;2637.97
1352.67;1284.92;-67.75;2637.59
1351.53;1288.25;-63.28;2639.78
1351.04;1289.74;-61.30;2640.78
1350.92;1283.99;-66.92;2634.91
1351.39;1288.58;-62.81;2639.96
1351.35;1288.29;-63.05;2639.64
1349.69;1289.56;-60.14;2639.25
1352.99;1287.98;-65.02;2640.97
1352.30;1289.31;-62.99;2641.61
1352.44;1288.44;-64.00;2640.88
1350.55;1290.08;-60.47;2640.62
1350.35;1289.09;-61.26;2639.44
1352.18;1283.80;-68.38;2635.98
1351.66;1285.98;-65.69;2637.64
1351.66;1287.89;-63.76;2639.55
1350.55;1288.01;-62.55;2638.56
1353.10;1285.05;-68.05;2638.15
1352.98;1289.58;-63.40;2642.56
1351.71;1291.25;-60.46;2642.96
1350.11;1287.57;-62.54;2637.68
1353.32;1287.87;-65.45;2641.19
1351.31;1288.20;-63.11;2639.51
1350.69;1288.95;-61.74;2639.64
1350.19;1289.25;-60.95;2639.44
1351.91;1286.10;-65.81;2638.01
1352.36;1286.94;-65.42;2639.31
1350.94;1290.56;-60.37;2641.50
1350.65;1288.81;-61.84;2639.46
1352.59;1284.77;-67.82;2637.36
1353.04;1284.86;-68.18;2637.90
1352.07;1292.42;-59.65;2644.49
1352.72;1287.24;-65.49;2639.96
1352.21;1287.24;-64.98;2639.45
1352.04;1288.51;-63.53;2640.54
1350.16;1288.06;-62.11;2638.22
1352.28;1288.82;-63.46;2641.11
1351.99;1282.87;-69.12;2634.86
1352.99;1287.14;-65.85;2640.14
1350.65;1290.08;-60.57;2640.74
1351.09;1284.38;-66.71;2635.47
1351.92;1286.68;-65.24;2638.60
1352.32;1288.06;-64.26;2640.38
1350.62;1286.26;-64.36;2636.89
1352.50;1287.92;-64.58;2640.42
1352.12;1288.59;-63.52;2640.71
1353.74;1286.59;-67.15;2640.32
1351.06;1288.18;-62.89;2639.24
1350.50;1289.75;-60.75;2640.25
1352.69;1285.74;-66.95;2638.44
1353.55;1287.69;-65.86;2641.25
1352.61;1287.68;-64.93;2640.29
1351.68;1287.98;-63.70;2639.66
1352.78;1286.30;-66.48;2639.08
1353.31;1287.27;-66.04;2640.58
1352.45;1288.59;-63.86;2641.04
1351.14;1287.43;-63.71;2638.57
1353.47;1283.28;-70.19;2636.75
1351.98;1289.78;-62.21;2641.76
1350.37;1293.45;-56.92;2643.82
1350.31;1285.91;-64.40;2636.22
1353.68;1287.92;-65.76;2641.59
1352.06;1285.17;-66.89;2637.24
1351.24;1286.92;-64.31;2638.16
1351.18;1285.46;-65.71;2636.64
1351.48;1284.65;-66.83;2636.14
1353.61;1287.98;-65.63;2641.59
1350.86;1288.18;-62.68;2639.05
1349.50;1287.18;-62.32;2636.68
1351.34;1284.56;-66.78;2635.89
1351.11;1286.13;-64.98;2637.24
1350.08;1289.99;-60.08;2640.07
1349.90;1287.20;-62.70;2637.10
1351.63;1286.44;-65.19;2638.07
1352.45;1289.28;-63.17;2641.72
1351.34;1289.16;-62.17;2640.50
1351.50;1286.85;-64.65;2638.35
1351.09;1288.14;-62.95;2639.22
1351.44;1288.92;-62.51;2640.36
1350.16;1291.74;-58.42;2641.90
1350.06;1285.52;-64.54;2635.58
1351.88;1286.42;-65.46;2638.30
1353.14;1287.08;-66.06;2640.22
1350.87;1289.49;-61.38;2640.36
1351.72;1287.22;-64.49;2638.94
1352.86;1288.62;-64.25;2641.48
1351.59;1284.74;-66.85;2636.33
1351.75;1287.40;-64.35;2639.15
1350.66;1288.21;-62.45;2638.88
1353.66;1285.88;-67.78;2639.54
1352.41;1289.51;-62.91;2641.92
1350.92;1289.77;-61.15;2640.69
1350.57;1286.48;-64.09;2637.05
1352.05;1287.56;-64.49;2639.61
1352.54;1287.71;-64.83;2640.24
1353.07;1286.44;-66.64;2639.51
1350.87;1286.15;-64.72;2637.02
1353.25;1285.88;-67.37;2639.14
1352.26;1288.36;-63.89;2640.62
1351.44;1288.29;-63.14;2639.73
1350.63;1283.82;-66.81;2634.45
1351.44;1285.12;-66.32;2636.56
1351.62;1287.38;-64.25;2639.00
1350.45;1288.05;-62.40;2638.51
1350.28;1287.78;-62.49;2638.06
1352.86;1285.61;-67.25;2638.48
1352.56;1287.71;-64.85;2640.27
1349.34;1285.86;-63.48;2635.21
1350.22;1290.18;-60.04;2640.39
1351.28;1286.21;-65.08;2637.49
1351.44;1288.01;-63.42;2639.45
1350.14;1291.08;-59.05;2641.22
1349.79;1287.04;-62.76;2636.83
1351.26;1285.88;-65.38;2637.14
1351.54;1286.23;-65.31;2637.77
1351.04;1290.24;-60.80;2641.27
1351.06;1286.34;-64.73;2637.40
1351.09;1287.42;-63.67;2638.51
1351.51;1285.52;-65.99;2637.04
1351.23;1290.32;-60.91;2641.55
1348.95;1286.19;-62.76;2635.14
1351.97;1286.95;-65.02;2638.92
1353.52;1286.84;-66.68;2640.36
1350.49;1286.77;-63.72;2637.26
1351.11;1284.40;-66.71;2635.51
1351.56;1287.37;-64.19;2638.94
1351.13;1288.22;-62.91;2639.35
1350.87;1292.62;-58.25;2643.49
1349.57;1286.44;-63.14;2636.01
1352.54;1285.96;-66.58;2638.51
1353.23;1287.21;-66.02;2640.44
1351.74;1289.00;-62.74;2640.74
1349.88;1284.62;-65.26;2634.50
1351.50;1289.00;-62.50;2640.50
1352.64;1289.05;-63.59;2641.69
1350.15;1289.45;-60.69;2639.60
1350.01;1286.81;-63.20;2636.82
1351.94;1287.53;-64.41;2639.46
1352.53;1285.49;-67.04;2638.02
1349.70;1286.70;-63.00;2636.40
1350.89;1288.87;-62.02;2639.76
1351.10;1283.95;-67.15;2635.05
1351.49;1291.20;-60.29;2642.69
1351.41;1289.42;-61.99;2640.82
1350.95;1284.18;-66.76;2635.13
1351.85;1287.76;-64.09;2639.61
1351.33;1286.94;-64.39;2638.26
1350.01;1286.56;-63.45;2636.58
1350.45;1284.81;-65.64;2635.26
1350.85;1288.30;-62.55;2639.15
1351.02;1289.90;-61.12;2640.92
1350.25;1288.39;-61.85;2638.64
1350.76;1288.72;-62.04;2639.48
1352.59;1285.75;-66.84;2638.34
1353.33;1287.81;-65.52;2641.14
1349.55;1288.49;-61.06;2638.05
1350.41;1286.90;-63.51;2637.31
1352.41;1286.52;-65.89;2638.94
1352.16;1290.85;-61.32;2643.01
1351.79;1289.58;-62.21;2641.36
1349.64;1289.79;-59.85;2639.42
1351.24;1285.51;-65.73;2636.75
1353.89;1288.90;-64.99;2642.79
1351.58;1291.39;-60.19;2642.98
1349.62;1286.78;-62.84;2636.41
1352.26;1288.81;-63.45;2641.06
1352.42;1289.22;-63.20;2641.65
1350.54;1286.46;-64.08;2637.01
1349.17;1290.95;-58.22;2640.12
1351.82;1288.21;-63.61;2640.02
1351.72;1289.25;-62.46;2640.97
1350.69;1292.19;-58.51;2642.88
1351.61;1287.59;-64.02;2639.19
1353.24;1286.65;-66.59;2639.89
1352.90;1291.91;-60.99;2644.81
1349.48;1289.14;-60.34;2638.62
1350.41;1287.43;-62.98;2637.84
1351.63;1288.59;-63.04;2640.22
1353.85;1288.43;-65.42;2642.28
1350.17;1292.11;-58.06;2642.28
1349.60;1286.92;-62.68;2636.52
1352.31;1283.11;-69.20;2635.41
1351.32;1288.12;-63.20;2639.44
1350.92;1290.09;-60.84;2641.01
1350.44;1288.09;-62.35;2638.53
1351.33;1283.88;-67.45;2635.21
1352.68;1288.15;-64.53;2640.82
1349.98;1289.42;-60.56;2639.41
1349.82;1285.29;-64.54;2635.11
1351.52;1286.32;-65.20;2637.84
1352.12;1289.04;-63.08;2641.16
1349.21;1289.07;-60.14;2638.28
1349.73;1286.15;-63.58;2635.88
1352.26;1288.81;-63.46;2641.07
1351.74;1289.71;-62.02;2641.45
1349.27;1287.94;-61.33;2637.21
1350.24;1287.32;-62.92;2637.55
1352.25;1285.24;-67.01;2637.49
1353.22;1288.70;-64.52;2641.92
1351.85;1291.11;-60.74;2642.95
1349.98;1287.35;-62.63;2637.32
1351.45;1285.15;-66.30;2636.59
1351.69;1286.64;-65.05;2638.34
1350.22;1288.98;-61.24;2639.19
1349.89;1288.94;-60.96;2638.83
1353.16;1286.73;-66.43;2639.89
1353.38;1287.66;-65.72;2641.04
1350.44;1288.06;-62.38;2638.49
1349.65;1290.66;-58.99;2640.31
1352.25;1283.58;-68.68;2635.83
1353.24;1286.89;-66.35;2640.12
1351.45;1289.88;-61.56;2641.33
1350.74;1284.01;-66.73;2634.74
1353.28;1285.65;-67.63;2638.94
1353.99;1286.38;-67.61;2640.37
1350.91;1288.27;-62.64;2639.18
1351.26;1287.27;-63.99;2638.53
1352.08;1285.94;-66.14;2638.02
1353.92;1289.74;-64.19;2643.66
1352.11;1290.19;-61.91;2642.30
1350.32;1284.65;-65.66;2634.97
1353.14;1285.89;-67.25;2639.04
1355.74;1287.35;-68.39;2643.09
1351.08;1288.95;-62.12;2640.03
1351.83;1288.27;-63.56;2640.10
1352.34;1286.78;-65.56;2639.12
1351.65;1288.69;-62.95;2640.34
1350.19;1291.61;-58.58;2641.79
1349.91;1288.13;-61.78;2638.04
1351.88;1288.16;-63.71;2640.04
1353.55;1289.65;-63.90;2643.19
1351.09;1290.39;-60.69;2641.48
1350.16;1286.02;-64.14;2636.18
1353.25;1287.32;-65.94;2640.57
1352.29;1286.06;-66.23;2638.35
1349.94;1289.29;-60.65;2639.23
1350.52;1284.16;-66.35;2634.68
1353.09;1285.29;-67.80;2638.38
1353.37;1287.99;-65.38;2641.36
1350.48;1288.42;-62.06;2638.90
1351.30;1284.61;-66.69;2635.91
1352.98;1284.92;-68.05;2637.90
1353.21;1285.79;-67.42;2638.99
1350.74;1288.52;-62.22;2639.26
1350.22;1288.86;-61.36;2639.08
1351.99;1283.51;-68.48;2635.49
1353.95;1286.28;-67.66;2640.23
1352.13;1291.51;-60.62;2643.64
1350.62;1287.58;-63.05;2638.20
1351.96;1286.29;-65.66;2638.25
1353.95;1288.18;-65.78;2642.13
1350.84;1290.74;-60.10;2641.58
1351.64;1287.19;-64.45;2638.83
1352.92;1285.52;-67.40;2638.44
1354.30;1287.81;-66.49;2642.11
1351.59;1288.60;-62.99;2640.19
1349.52;1285.91;-63.62;2635.43
1351.84;1287.66;-64.18;2639.49
1352.98;1288.39;-64.59;2641.38
1349.92;1285.89;-64.04;2635.81
1349.51;1290.51;-59.00;2640.01
1352.53;1286.05;-66.48;2638.58
1353.43;1288.74;-64.69;2642.16
1350.14;1287.16;-62.97;2637.30
1349.47;1287.52;-61.95;2636.99
1350.85;1286.49;-64.36;2637.35
1351.87;1290.48;-61.39;2642.35
1350.65;1287.97;-62.68;2638.62
1350.00;1287.69;-62.31;2637.69
1352.74;1286.25;-66.48;2638.99
1352.45;1290.21;-62.24;2642.66
1350.49;1291.48;-59.02;2641.97
1349.58;1289.80;-59.78;2639.38
1351.04;1288.99;-62.05;2640.03
1353.49;1291.02;-62.47;2644.51
1352.29;1288.15;-64.14;2640.44
1352.42;1286.72;-65.70;2639.14
1353.03;1286.23;-66.80;2639.26
1352.78;1287.46;-65.31;2640.24
1350.56;1288.31;-62.26;2638.87
1350.42;1289.31;-61.11;2639.72
1352.01;1282.51;-69.51;2634.52
1352.65;1286.78;-65.87;2639.44
1350.66;1289.55;-61.11;2640.22
1350.14;1289.12;-61.02;2639.25
1353.58;1287.11;-66.47;2640.69
1352.13;1292.55;-59.58;2644.68
1351.71;1289.73;-61.98;2641.44
1349.89;1287.38;-62.51;2637.26
1352.20;1286.29;-65.91;2638.49
1353.42;1288.40;-65.02;2641.82
1350.98;1289.12;-61.85;2640.10
1350.28;1284.56;-65.72;2634.84
1351.41;1288.63;-62.78;2640.04
1353.63;1289.66;-63.96;2643.29
1350.38;1287.49;-62.88;2637.87
1350.29;1286.90;-63.39;2637.19
1353.24;1283.52;-69.71;2636.76
1352.54;1285.23;-67.31;2637.76
1352.05;1287.13;-64.92;2639.18
1352.04;1289.29;-62.75;2641.32
1352.18;1286.64;-65.54;2638.82
1352.23;1287.19;-65.04;2639.42
1351.08;1291.32;-59.76;2642.41
1350.42;1288.46;-61.96;2638.89
1351.31;1286.06;-65.25;2637.38
1353.99;1286.82;-67.17;2640.82
1352.15;1288.04;-64.12;2640.19
1351.83;1284.38;-67.45;2636.21
1352.85;1284.69;-68.16;2637.54
1352.00;1285.81;-66.19;2637.81
1351.78;1286.14;-65.64;2637.91
1350.95;1288.90;-62.05;2639.85
1351.53;1286.45;-65.08;2637.98
1351.89;1287.43;-64.46;2639.32
1350.98;1289.01;-61.97;2639.98
1351.01;1286.73;-64.28;2637.74
1351.45;1286.72;-64.74;2638.17
1351.99;1286.54;-65.45;2638.53
1351.86;1290.25;-61.61;2642.11
1350.24;1289.38;-60.86;2639.62
1352.33;1286.86;-65.46;2639.19
1351.62;1290.28;-61.34;2641.91
1351.91;1290.52;-61.39;2642.42
1350.16;1286.69;-63.47;2636.85
1352.14;1287.54;-64.60;2639.67
1352.59;1287.66;-64.92;2640.25
1350.07;1288.98;-61.09;2639.05
1349.68;1284.48;-65.20;2634.16
1352.09;1285.61;-66.48;2637.70
1352.72;1283.72;-68.99;2636.44
1350.27;1286.27;-64.00;2636.54
1351.26;1286.61;-64.65;2637.88
1352.78;1288.15;-64.62;2640.93
1353.87;1289.81;-64.06;2643.68
1350.88;1283.91;-66.97;2634.78
1350.78;1287.92;-62.86;2638.70
1352.83;1285.78;-67.05;2638.61
1352.76;1288.25;-64.52;2641.01
1351.56;1289.03;-62.54;2640.59
1350.24;1283.81;-66.43;2634.05
1352.75;1282.89;-69.86;2635.65
1353.44;1284.45;-68.99;2637.88
1350.43;1291.32;-59.11;2641.75
1349.92;1285.54;-64.38;2635.46
1352.88;1285.28;-67.61;2638.16
1352.02;1282.41;-69.61;2634.43
1351.14;1288.64;-62.50;2639.77
1350.15;1286.91;-63.24;2637.05
1351.89;1287.11;-64.78;2639.00
1352.75;1285.29;-67.45;2638.04
1350.81;1289.24;-61.58;2640.05
1350.02;1289.62;-60.40;2639.65
1351.88;1286.22;-65.66;2638.11
1352.50;1286.57;-65.93;2639.07
1352.35;1287.37;-64.98;2639.72
1350.08;1289.41;-60.67;2639.49
1352.22;1282.81;-69.41;2635.04
1353.26;1287.41;-65.85;2640.66
1350.05;1286.90;-63.15;2636.95
1350.62;1288.15;-62.47;2638.76
1353.41;1289.04;-64.36;2642.45
1353.05;1287.93;-65.12;2640.98
1351.28;1285.22;-66.06;2636.50
1350.08;1285.05;-65.02;2635.13
1351.94;1285.64;-66.30;2637.57
1352.40;1289.75;-62.65;2642.15
1351.51;1288.71;-62.80;2640.21
1350.92;1286.65;-64.27;2637.56
1352.99;1285.82;-67.17;2638.82
1353.99;1287.62;-66.36;2641.61
1351.29;1284.01;-67.28;2635.30
1351.36;1286.28;-65.08;2637.64
1352.19;1290.38;-61.81;2642.57
1354.80;1289.44;-65.36;2644.24
1351.69;1286.04;-65.65;2637.74
1350.24;1284.79;-65.44;2635.03
1353.00;1288.17;-64.83;2641.17
1352.24;1289.25;-62.99;2641.48
1351.53;1286.80;-64.73;2638.33
1349.27;1287.61;-61.66;2636.88
1353.56;1286.12;-67.45;2639.68
1353.66;1284.49;-69.17;2638.15
1350.24;1288.39;-61.85;2638.63
1349.95;1283.96;-65.98;2633.91
1351.74;1284.08;-67.66;2635.82
1352.45;1290.21;-62.25;2642.66
1350.71;1288.11;-62.59;2638.82
1349.82;1285.00;-64.82;2634.82
1353.82;1288.63;-65.19;2642.45
1353.36;1290.57;-62.79;2643.93
1349.81;1291.92;-57.89;2641.72
1350.51;1286.81;-63.71;2637.32
1353.02;1288.89;-64.12;2641.91
1352.36;1288.76;-63.59;2641.12
1352.09;1289.31;-62.78;2641.41
1352.05;1286.66;-65.39;2638.71
1352.76;1284.76;-68.00;2637.52
1352.59;1290.37;-62.22;2642.96
1350.52;1289.38;-61.14;2639.90
1350.39;1286.15;-64.25;2636.54
1351.92;1285.58;-66.34;2637.49
1352.71;1288.72;-63.99;2641.43
1352.51;1289.20;-63.31;2641.71
1351.44;1284.51;-66.92;2635.95
1352.92;1287.06;-65.86;2639.98
1353.18;1286.36;-66.81;2639.54
1351.91;1285.79;-66.12;2637.69
1350.14;1285.78;-64.36;2635.92
1353.20;1287.80;-65.40;2641.00
1353.10;1284.04;-69.06;2637.14
1351.04;1291.19;-59.85;2642.24
1350.20;1287.06;-63.14;2637.26
1351.85;1288.42;-63.43;2640.28
1352.75;1286.67;-66.08;2639.42
1351.45;1289.74;-61.71;2641.18
1349.85;1287.56;-62.29;2637.41
1352.69;1283.08;-69.61;2635.77
1351.67;1287.31;-64.36;2638.98
1352.06;1287.19;-64.87;2639.26
1350.46;1286.12;-64.34;2636.59
1351.68;1283.25;-68.44;2634.93
1353.31;1287.75;-65.55;2641.06
1351.68;1285.72;-65.96;2637.40
1350.94;1286.56;-64.37;2637.50
1351.82;1285.45;-66.36;2637.27
1353.95;1284.29;-69.66;2638.24
1350.16;1287.01;-63.15;2637.16
1350.52;1285.74;-64.79;2636.26
1352.52;1288.95;-63.57;2641.48
1353.53;1290.04;-63.49;2643.57
1350.95;1283.36;-67.59;2634.31
1350.69;1284.36;-66.32;2635.05
1353.04;1286.21;-66.82;2639.25
1354.19;1284.67;-69.52;2638.86
1351.16;1290.22;-60.94;2641.39
1350.17;1285.80;-64.37;2635.97
1353.76;1287.86;-65.90;2641.62
1352.65;1288.32;-64.33;2640.98
1351.96;1287.01;-64.95;2638.97
1349.65;1285.94;-63.72;2635.59
1353.86;1284.22;-69.64;2638.09
1353.85;1291.21;-62.64;2645.06
1352.52;1288.21;-64.32;2640.73
1350.86;1288.58;-62.28;2639.44
1352.22;1285.74;-66.48;2637.96
1353.46;1288.35;-65.11;2641.82
1352.21;1290.12;-62.09;2642.34
1349.91;1284.19;-65.72;2634.10
1352.47;1285.66;-66.81;2638.13
1354.43;1284.99;-69.44;2639.42
1350.69;1289.28;-61.41;2639.97
1351.90;1286.85;-65.05;2638.75
1352.25;1282.82;-69.43;2635.08
1353.39;1289.45;-63.94;2642.85
1350.79;1289.25;-61.54;2640.05
1350.55;1286.12;-64.43;2636.68
1353.61;1282.54;-71.07;2636.15
1354.55;1285.34;-69.22;2639.89
1352.26;1287.44;-64.82;2639.69
1351.48;1290.41;-61.07;2641.88
1353.56;1285.59;-67.97;2639.16
1353.51;1287.15;-66.36;2640.65
1351.34;1288.87;-62.46;2640.21
1349.85;1281.55;-68.30;2631.39
1351.71;1287.32;-64.39;2639.03
1353.66;1288.85;-64.81;2642.51
1351.01;1286.55;-64.46;2637.55
1350.61;1283.55;-67.06;2634.15
1351.42;1287.28;-64.14;2638.70
1352.14;1289.55;-62.59;2641.69
1350.69;1283.54;-67.15;2634.22
1352.42;1286.46;-65.95;2638.88
1353.29;1285.09;-68.20;2638.39
1354.54;1284.21;-70.33;2638.75
1350.59;1288.68;-61.91;2639.28
1351.77;1287.38;-64.39;2639.15
1352.52;1288.09;-64.44;2640.61
1352.88;1284.78;-68.11;2637.66
1352.51;1290.48;-62.03;2642.99
1352.34;1284.51;-67.82;2636.85
1352.02;1286.61;-65.41;2638.64
1355.34;1068.59;-286.75;2423.93
1350.62;1286.99;-63.62;2637.61
1350.17;1287.71;-62.46;2637.88
1353.13;1287.08;-66.05;2640.21
1352.73;1287.51;-65.22;2640.24
1351.17;1287.60;-63.57;2638.77
1349.95;1288.01;-61.94;2637.96
1352.09;1285.12;-66.96;2637.21
1352.65;1284.56;-68.09;2637.22
1350.17;1288.32;-61.85;2638.49
1350.74;1286.71;-64.04;2637.45
1351.22;1286.29;-64.94;2637.51
1352.22;1285.25;-66.97;2637.46
1350.29;1287.11;-63.18;2637.41
1349.28;1287.06;-62.22;2636.35
1351.68;1287.42;-64.26;2639.11
1352.46;1288.25;-64.22;2640.71
1353.65;1286.46;-67.18;2640.11
1349.65;1285.75;-63.90;2635.41
1352.58;1283.26;-69.32;2635.84
1353.76;1285.59;-68.18;2639.35
1351.96;1287.88;-64.08;2639.84
1349.95;1286.49;-63.46;2636.44
1352.92;1283.51;-69.41;2636.44
1354.20;1289.21;-64.99;2643.41
1351.91;1289.28;-62.62;2641.19
1351.25;1283.89;-67.36;2635.15
1352.08;1284.46;-67.61;2636.54
1352.62;1284.45;-68.17;2637.08
1351.40;1291.61;-59.79;2643.01
1350.02;1287.22;-62.79;2637.24
1352.90;1285.96;-66.94;2638.86
1352.95;1285.17;-67.78;2638.12
1350.52;1288.18;-62.35;2638.70
1351.19;1287.29;-63.90;2638.48
1352.43;1283.62;-68.81;2636.05
1353.00;1284.55;-68.45;2637.55
1352.39;1289.15;-63.25;2641.54
1350.63;1286.16;-64.47;2636.79
1352.84;1288.32;-64.52;2641.16
1352.62;1287.57;-65.05;2640.19
1351.32;1285.26;-66.06;2636.58
1350.10;1284.79;-65.31;2634.89
1352.51;1282.98;-69.52;2635.49
1354.37;1288.30;-66.07;2642.67
1350.76;1287.17;-63.59;2637.94
1352.05;1285.38;-66.67;2637.44
1353.83;1287.95;-65.88;2641.78
1353.50;1289.05;-64.45;2642.55
1351.28;1288.94;-62.35;2640.22
1350.07;1284.66;-65.41;2634.73
1353.55;1285.58;-67.98;2639.13
1353.29;1288.90;-64.39;2642.19
1350.69;1285.76;-64.93;2636.46
1349.84;1289.26;-60.58;2639.11
1350.76;1288.17;-62.59;2638.93
1354.50;1289.54;-64.96;2644.04
1350.61;1288.93;-61.68;2639.54
1349.58;1286.35;-63.22;2635.93
1354.30;1286.21;-68.09;2640.51
1352.89;1286.25;-66.64;2639.14
1350.64;1287.85;-62.79;2638.49
1351.35;1288.49;-62.86;2639.84
1351.88;1283.44;-68.44;2635.32
1352.33;1288.72;-63.61;2641.05
1350.14;1290.21;-59.92;2640.35
1350.90;1286.56;-64.34;2637.46
1352.76;1284.61;-68.15;2637.37
1353.11;1284.61;-68.49;2637.72
1352.24;1291.07;-61.17;2643.31
1350.37;1288.79;-61.58;2639.16
1353.15;1285.89;-67.26;2639.05
1354.37;1286.94;-67.43;2641.31
1352.17;1290.74;-61.44;2642.91
1350.95;1286.81;-64.15;2637.76
1352.44;1282.54;-69.91;2634.98
1353.91;1286.41;-67.50;2640.32
1352.41;1291.05;-61.35;2643.46
1351.63;1286.08;-65.55;2637.71
1352.58;1285.26;-67.31;2637.84
1352.92;1291.06;-61.86;2643.98
1350.93;1287.99;-62.94;2638.92
1350.26;1288.80;-61.46;2639.06
1352.26;1288.83;-63.43;2641.09
1353.61;1284.98;-68.63;2638.59
1352.34;1287.58;-64.76;2639.91
1352.37;1289.74;-62.63;2642.11
1353.47;1289.91;-63.56;2643.38
1353.66;1287.63;-66.04;2641.29
1351.39;1288.44;-62.95;2639.83
1349.82;1287.67;-62.15;2637.49
1353.46;1288.82;-64.64;2642.29
1354.12;1286.98;-67.15;2641.10
1353.32;1285.66;-67.66;2638.98
1350.07;1287.97;-62.10;2638.04
1352.61;1284.81;-67.80;2637.42
1353.36;1287.17;-66.19;2640.53
1351.73;1285.26;-66.47;2636.99
1351.17;1286.86;-64.31;2638.04
1353.08;1282.64;-70.44;2635.72
1353.39;1284.96;-68.42;2638.35
1352.67;1284.78;-67.89;2637.45
1350.34;1288.33;-62.01;2638.66
1353.28;1284.52;-68.75;2637.80
1353.16;1289.09;-64.06;2642.25
1350.66;1289.87;-60.79;2640.53
1350.69;1286.18;-64.51;2636.88
1352.66;1285.44;-67.22;2638.10
1353.13;1285.82;-67.31;2638.95
1351.86;1291.91;-59.95;2643.77
1350.42;1288.39;-62.04;2638.81
1353.53;1287.39;-66.14;2640.92
1353.86;1289.12;-64.74;2642.99
1351.58;1291.31;-60.27;2642.88
1349.77;1286.59;-63.18;2636.36
1353.02;1285.54;-67.49;2638.56
1352.75;1285.04;-67.71;2637.79
1352.13;1285.00;-67.13;2637.13
1351.35;1284.28;-67.07;2635.64
1352.01;1287.30;-64.71;2639.31
1354.74;1287.04;-67.69;2641.78
1351.05;1287.47;-63.58;2638.52
1349.88;1287.91;-61.97;2637.79
1352.16;1288.41;-63.75;2640.58
1353.18;1284.61;-68.57;2637.79
1351.35;1288.65;-62.69;2640.00
1350.72;1287.98;-62.74;2638.70
1352.79;1284.64;-68.15;2637.42
1353.39;1287.89;-65.50;2641.29
1351.74;1285.56;-66.18;2637.30
1350.68;1288.05;-62.63;2638.74
1351.75;1285.48;-66.27;2637.24
1354.02;1283.99;-70.03;2638.02
1351.39;1288.92;-62.47;2640.31
1352.16;1288.88;-63.28;2641.04
1353.52;1285.48;-68.05;2639.00
1353.77;1289.35;-64.42;2643.12
1351.40;1288.88;-62.52;2640.28
1352.28;1284.04;-68.25;2636.32
1352.51;1282.45;-70.06;2634.96
1353.42;1285.79;-67.63;2639.21
1353.04;1286.90;-66.14;2639.94
1350.45;1287.51;-62.95;2637.96
1353.41;1282.77;-70.64;2636.18
1354.38;1284.47;-69.91;2638.85
1350.93;1281.61;-69.32;2632.54
1349.92;1288.22;-61.70;2638.15
1351.67;1286.69;-64.98;2638.36
1353.46;1286.31;-67.15;2639.77
1351.31;1286.76;-64.55;2638.08
1349.81;1283.49;-66.31;2633.30
1351.76;1286.36;-65.39;2638.12
1353.62;1287.21;-66.41;2640.83
1352.91;1283.08;-69.83;2635.98
1349.96;1289.55;-60.41;2639.52
1353.19;1283.11;-70.08;2636.31
1353.36;1289.09;-64.27;2642.46
1353.53;1288.27;-65.26;2641.80
1350.02;1289.21;-60.82;2639.23
1352.35;1287.15;-65.20;2639.51
1354.44;1287.19;-67.25;2641.63
1350.71;1288.75;-61.96;2639.46
1350.97;1287.34;-63.63;2638.31
1352.32;1283.30;-69.02;2635.62
1353.05;1287.18;-65.86;2640.23
1350.89;1285.26;-65.62;2636.15
1350.85;1287.95;-62.90;2638.79
1353.69;1287.17;-66.52;2640.86
1353.95;1287.65;-66.30;2641.59
1350.96;1289.38;-61.58;2640.35
1351.04;1287.03;-64.01;2638.06
1352.37;1285.45;-66.92;2637.82
1354.18;1288.89;-65.29;2643.08
1351.10;1290.07;-61.03;2641.17
1349.76;1287.19;-62.58;2636.95
1352.32;1286.04;-66.28;2638.35
1352.61;1287.49;-65.12;2640.10
1351.78;1287.11;-64.67;2638.89
1350.58;1287.70;-62.88;2638.28
1352.83;1285.48;-67.35;2638.31
1353.19;1288.48;-64.71;2641.68
1350.62;1289.95;-60.68;2640.57
1350.72;1283.63;-67.09;2634.35
1352.09;1287.80;-64.29;2639.89
1353.29;1287.16;-66.13;2640.45
1352.19;1289.59;-62.61;2641.78
1349.69;1287.48;-62.22;2637.17
1352.67;1284.68;-67.99;2637.35
1353.68;1287.83;-65.85;2641.51
1351.81;1288.79;-63.02;2640.60
1351.21;1287.81;-63.40;2639.01
1352.35;1285.94;-66.41;2638.28
1354.66;1287.98;-66.68;2642.64
1351.47;1287.01;-64.46;2638.48
1351.61;1289.47;-62.14;2641.08
1352.82;1285.22;-67.60;2638.04
1355.47;1288.86;-66.61;2644.34
1350.99;1288.04;-62.96;2639.03
1350.84;1289.45;-61.39;2640.28
1352.09;1288.06;-64.02;2640.15
1353.24;1287.01;-66.24;2640.25
1351.89;1289.93;-61.96;2641.82
1349.93;1288.65;-61.28;2638.58
1351.41;1287.24;-64.18;2638.65
1354.06;1284.87;-69.19;2638.93
1350.68;1287.59;-63.08;2638.27
1348.65;1289.89;-58.76;2638.54
1352.61;1285.63;-66.98;2638.24
1352.75;1284.88;-67.86;2637.63
1351.25;1290.57;-60.68;2641.82
1350.65;1287.30;-63.35;2637.95
1351.54;1287.56;-63.98;2639.10
1354.54;1289.56;-64.98;2644.09
1351.28;1285.62;-65.66;2636.90
1350.58;1288.56;-62.02;2639.15
1352.49;1285.62;-66.86;2638.11
1353.27;1288.58;-64.69;2641.85
1351.96;1287.65;-64.31;2639.61
1349.98;1288.55;-61.42;2638.53
1351.64;1289.70;-61.94;2641.34
1353.21;1288.03;-65.18;2641.24
1351.38;1286.20;-65.18;2637.58
1350.56;1286.26;-64.30;2636.82
1352.11;1286.85;-65.26;2638.96
1353.59;1287.39;-66.20;2640.98
1351.64;1288.18;-63.46;2639.82
1349.94;1287.08;-62.86;2637.02
1351.81;1286.71;-65.09;2638.52
1355.09;1287.93;-67.16;2643.02
1350.85;1289.04;-61.81;2639.88
1349.86;1288.41;-61.45;2638.27
1351.96;1286.42;-65.54;2638.39
1354.24;1286.58;-67.66;2640.81
1351.11;1285.17;-65.94;2636.28
1349.31;1286.68;-62.63;2635.99
1351.94;1287.59;-64.35;2639.52
1353.41;1287.11;-66.30;2640.51
1352.09;1290.25;-61.84;2642.34
1350.94;1281.04;-69.90;2631.97
1351.67;1285.78;-65.89;2637.45
1353.82;1287.04;-66.78;2640.86
1351.51;1288.25;-63.26;2639.76
1351.26;1285.21;-66.05;2636.46
1351.40;1286.69;-64.71;2638.09
1352.68;1287.82;-64.85;2640.50
1350.36;1288.59;-61.77;2638.95
1348.98;1290.56;-58.41;2639.54
1351.29;1284.06;-67.22;2635.35
1353.45;1287.59;-65.85;2641.04
1351.11;1290.35;-60.76;2641.46
1349.85;1289.37;-60.48;2639.22
1350.91;1290.54;-60.37;2641.45
1352.89;1286.87;-66.02;2639.76
1350.29;1286.66;-63.62;2636.95
1349.16;1290.87;-58.29;2640.04
1350.51;1288.83;-61.68;2639.34
1353.52;1287.61;-65.91;2641.12
1351.84;1288.65;-63.19;2640.49
1349.41;1289.47;-59.94;2638.88
1350.82;1287.68;-63.14;2638.50
1354.61;1288.41;-66.19;2643.02
1350.63;1288.11;-62.52;2638.74
1348.88;1290.32;-58.56;2639.19
1352.18;1288.19;-63.98;2640.37
1353.80;1288.85;-64.95;2642.65
1350.23;1288.53;-61.70;2638.76
1348.94;1287.41;-61.53;2636.34
1353.02;1289.00;-64.02;2642.02
1353.41;1287.42;-65.98;2640.83
1351.94;1291.07;-60.86;2643.01
1349.96;1285.46;-64.50;2635.42
1352.52;1284.59;-67.93;2637.11
1352.38;1284.99;-67.39;2637.38
1349.88;1285.88;-64.01;2635.76
1348.91;1288.44;-60.47;2637.34
1351.88;1287.38;-64.50;2639.26
1353.46;1284.90;-68.56;2638.36
1350.05;1285.59;-64.46;2635.65
1350.04;1288.36;-61.68;2638.39
1351.04;1286.70;-64.34;2637.74
1352.83;1286.50;-66.33;2639.33
1350.88;1289.24;-61.64;2640.12
1348.69;1285.73;-62.96;2634.42
1350.79;1290.09;-60.71;2640.88
1354.12;1287.68;-66.44;2641.81
1349.76;1289.71;-60.05;2639.48
1348.61;1286.09;-62.52;2634.69
1350.40;1290.77;-59.63;2641.17
1353.18;1289.02;-64.16;2642.20
1349.90;1288.64;-61.26;2638.54
1348.98;1287.66;-61.32;2636.64
1350.95;1286.93;-64.02;2637.88
1352.78;1288.31;-64.46;2641.09
1349.67;1289.39;-60.28;2639.06
1349.31;1290.61;-58.69;2639.92
1351.08;1287.66;-63.41;2638.74
1352.57;1288.33;-64.24;2640.90
1349.48;1287.61;-61.86;2637.09
1348.86;1288.04;-60.83;2636.90
1351.01;1284.82;-66.19;2635.83
1353.51;1285.81;-67.70;2639.31
1350.69;1288.88;-61.81;2639.57
1349.33;1288.15;-61.18;2637.48
1352.93;1286.31;-66.62;2639.24
1353.11;1288.38;-64.74;2641.49
1350.84;1289.84;-61.00;2640.67
1350.14;1288.16;-61.98;2638.30
1352.50;1287.95;-64.55;2640.45
1353.82;1284.33;-69.49;2638.15
1351.31;1286.40;-64.91;2637.71
1349.49;1289.02;-60.48;2638.51
1351.13;1285.38;-65.75;2636.51
1352.48;1286.65;-65.83;2639.12
1350.28;1289.35;-60.92;2639.63
1350.73;1287.14;-63.59;2637.87
1350.71;1285.39;-65.32;2636.10
1352.89;1287.26;-65.63;2640.15
1350.09;1290.92;-59.18;2641.01
1350.79;1285.62;-65.17;2636.42
1351.51;1286.71;-64.80;2638.22
1354.66;1289.99;-64.66;2644.65
1351.87;1286.01;-65.86;2637.88
1349.64;1287.38;-62.26;2637.01
1351.88;1283.39;-68.48;2635.27
1352.99;1290.18;-62.81;2643.16
1351.86;1286.78;-65.09;2638.64
1349.06;1285.42;-63.64;2634.49
1351.91;1285.88;-66.04;2637.79
1354.14;1288.73;-65.41;2642.86
1351.69;1289.39;-62.29;2641.08
1350.08;1288.63;-61.45;2638.71
1353.62;1286.04;-67.58;2639.66
1353.25;1286.75;-66.51;2640.00
1350.22;1290.26;-59.96;2640.49
1348.87;1287.70;-61.17;2636.57
1351.44;1286.69;-64.75;2638.12
1352.37;1291.58;-60.79;2643.95
1349.84;1290.13;-59.71;2639.96
1349.18;1286.79;-62.38;2635.97
1352.33;1284.71;-67.62;2637.04
1351.92;1288.27;-63.65;2640.19
1349.79;1288.24;-61.56;2638.03
1350.34;1285.94;-64.39;2636.28
1351.06;1289.27;-61.79;2640.34
1352.84;1289.86;-62.98;2642.71
1352.26;1291.94;-60.32;2644.19
1349.42;1287.35;-62.07;2636.78
1352.67;1282.88;-69.79;2635.55
1353.35;1287.68;-65.67;2641.04
1351.10;1290.14;-60.96;2641.24
1349.45;1285.65;-63.79;2635.10
1352.37;1289.93;-62.44;2642.30
1352.45;1288.32;-64.14;2640.77
1351.77;1287.97;-63.80;2639.74
1348.66;1288.15;-60.51;2636.81
1351.80;1287.86;-63.94;2639.66
1351.94;1287.50;-64.44;2639.44
1349.86;1289.08;-60.79;2638.94
1348.92;1288.71;-60.21;2637.62
1351.02;1283.75;-67.27;2634.76
1354.01;1288.01;-65.99;2642.02
1350.77;1286.58;-64.19;2637.35
1348.94;1290.19;-58.75;2639.14
1352.33;1286.48;-65.85;2638.81
1355.26;1287.75;-67.51;2643.02
1350.98;1287.46;-63.52;2638.44
1349.48;1286.36;-63.11;2635.84
1352.79;1283.62;-69.17;2636.41
1354.84;1284.58;-70.26;2639.42
1351.15;1287.82;-63.32;2638.97
1349.98;1286.65;-63.32;2636.63
1351.72;1288.64;-63.08;2640.35
1354.41;1285.47;-68.94;2639.88
1350.86;1288.28;-62.58;2639.14
1350.72;1287.24;-63.49;2637.96
1351.66;1285.86;-65.80;2637.52
1353.21;1286.94;-66.26;2640.15
1351.75;1286.72;-65.03;2638.48
1349.95;1285.98;-63.98;2635.93
1352.09;1285.93;-66.16;2638.02
1355.29;1284.26;-71.02;2639.55
1351.44;1286.30;-65.14;2637.74
1350.56;1288.39;-62.16;2638.95
1352.08;1285.73;-66.35;2637.81
1353.55;1286.59;-66.95;2640.14
1351.74;1286.56;-65.17;2638.30
1350.08;1286.13;-63.95;2636.21
1353.15;1285.88;-67.27;2639.04
1354.88;1287.32;-67.55;2642.20
1352.68;1289.91;-62.77;2642.59
1349.70;1286.94;-62.76;2636.64
1354.24;1283.84;-70.40;2638.07
1354.07;1283.66;-70.41;2637.74
1352.39;1289.79;-62.61;2642.18
1350.66;1287.12;-63.54;2637.78
1351.89;1283.46;-68.43;2635.35
1353.90;1287.94;-65.96;2641.84
1352.49;1284.60;-67.89;2637.09
1349.58;1286.68;-62.90;2636.26
1352.95;1286.66;-66.28;2639.61
1353.49;1284.23;-69.26;2637.72
1351.34;1287.46;-63.87;2638.80
1351.59;1287.06;-64.52;2638.65
1352.22;1288.65;-63.56;2640.87
1355.08;1286.24;-68.84;2641.32
1352.27;1287.67;-64.60;2639.94
1349.39;1290.63;-58.76;2640.02
1351.52;1284.69;-66.84;2636.21
1352.69;1287.75;-64.94;2640.44
1351.94;1286.11;-65.83;2638.04
1351.50;1287.12;-64.38;2638.62
1351.91;1283.38;-68.52;2635.29
1353.62;1287.15;-66.47;2640.76
1351.78;1287.69;-64.09;2639.48
1348.99;1287.47;-61.52;2636.46
1353.22;1285.64;-67.58;2638.86
1355.08;1288.54;-66.54;2643.62
1350.93;1291.31;-59.62;2642.24
1348.99;1287.21;-61.78;2636.19
1352.88;1286.11;-66.78;2638.99
1353.57;1286.48;-67.09;2640.05
1352.02;1288.25;-63.77;2640.28
1349.20;1282.16;-67.04;2631.36
1351.95;1287.15;-64.80;2639.09
1353.22;1287.07;-66.15;2640.29
1351.82;1284.56;-67.26;2636.38
1350.71;1284.96;-65.75;2635.68
1351.10;1287.17;-63.93;2638.27
1353.13;1288.22;-64.91;2641.35
1351.39;1288.42;-62.97;2639.82
1350.77;1287.94;-62.84;2638.71
1351.29;1284.31;-66.98;2635.59
1352.42;1285.75;-66.67;2638.18
1351.70;1292.06;-59.64;2643.76
1349.51;1286.46;-63.05;2635.97
1350.99;1287.59;-63.39;2638.58
1352.30;1288.33;-63.97;2640.63
1350.35;1286.86;-63.49;2637.21
1350.17;1289.23;-60.94;2639.40
1351.09;1285.64;-65.45;2636.72
1352.73;1286.79;-65.94;2639.52
1349.36;1289.09;-60.26;2638.45
1348.31;1291.27;-57.04;2639.58
1350.95;1289.26;-61.69;2640.22
1354.45;1289.28;-65.17;2643.74
1350.59;1286.60;-63.99;2637.19
1350.07;1289.77;-60.30;2639.84
1352.60;1286.88;-65.72;2639.48
1353.01;1288.84;-64.17;2641.85
1350.61;1288.91;-61.70;2639.51
1350.32;1287.95;-62.38;2638.27
1351.38;1284.14;-67.24;2635.52
1352.38;1290.02;-62.36;2642.40
1350.78;1285.37;-65.41;2636.15
1349.14;1287.04;-62.09;2636.18
1351.28;1287.66;-63.62;2638.94
1352.75;1290.95;-61.80;2643.71
1351.71;1290.82;-60.89;2642.53
1349.11;1287.05;-62.05;2636.16
1352.31;1284.51;-67.79;2636.82
1353.96;1287.44;-66.52;2641.39
1350.47;1288.55;-61.92;2639.02
1348.74;1287.35;-61.38;2636.09
1352.64;1286.27;-66.37;2638.91
1354.81;1286.86;-67.94;2641.67
1351.82;1283.12;-68.70;2634.95
1350.31;1286.72;-63.59;2637.03
1353.12;1284.34;-68.78;2637.45
1354.69;1284.10;-70.59;2638.79
1352.31;1289.85;-62.46;2642.16
1350.88;1284.00;-66.88;2634.88
1352.17;1288.28;-63.89;2640.45
1352.87;1285.73;-67.14;2638.60
1352.32;1287.85;-64.46;2640.17
1351.40;1287.70;-63.70;2639.10
1352.33;1287.44;-64.89;2639.77
1354.45;1286.22;-68.24;2640.67
1350.63;1288.18;-62.45;2638.81
1349.06;1287.91;-61.15;2636.98
1351.41;1283.84;-67.58;2635.25
1354.33;1287.91;-66.42;2642.24
1350.65;1289.39;-61.26;2640.04
1349.44;1284.98;-64.46;2634.41
1351.32;1289.23;-62.09;2640.55
1354.40;1288.25;-66.15;2642.65
1351.92;1288.06;-63.86;2639.98
1349.92;1286.39;-63.53;2636.31
1353.14;1287.58;-65.56;2640.72
1354.76;1287.20;-67.56;2641.96
1350.78;1287.88;-62.90;2638.66
1349.14;1287.59;-61.55;2636.73
1352.28;1286.74;-65.54;2639.01
1352.91;1287.29;-65.62;2640.21
1350.33;1289.99;-60.34;2640.32
1348.58;1284.76;-63.82;2633.35
1350.97;1287.20;-63.77;2638.17
1352.59;1287.29;-65.30;2639.89
1351.18;1291.53;-59.65;2642.71
1350.25;1287.92;-62.33;2638.16
1351.65;1286.11;-65.54;2637.76
1352.82;1287.05;-65.76;2639.87
1350.54;1290.61;-59.93;2641.15
1350.12;1285.40;-64.72;2635.52
1351.32;1283.73;-67.59;2635.05
1353.78;1289.01;-64.77;2642.79
1351.91;1288.15;-63.76;2640.05
1349.15;1285.78;-63.36;2634.93
1351.40;1286.39;-65.01;2637.79
1352.86;1290.00;-62.86;2642.86
1350.06;1289.82;-60.24;2639.88
1348.75;1289.20;-59.55;2637.95
1352.82;1287.42;-65.40;2640.24
1352.52;1287.00;-65.52;2639.52
1351.90;1288.52;-63.38;2640.42
1349.61;1285.59;-64.02;2635.21
1352.18;1285.48;-66.70;2637.66
1353.13;1285.13;-68.00;2638.26
1351.92;1285.77;-66.15;2637.69
1349.41;1284.55;-64.86;2633.95
1351.48;1288.54;-62.95;2640.02
1353.81;1285.38;-68.44;2639.19
1350.70;1289.01;-61.69;2639.71
1349.11;1287.44;-61.68;2636.55
1352.69;1288.06;-64.63;2640.76
1352.99;1287.09;-65.89;2640.08
1351.52;1289.80;-61.72;2641.32
1349.32;1285.55;-63.76;2634.87
1352.27;1286.58;-65.69;2638.85
1353.08;1287.40;-65.68;2640.48
1352.11;1290.63;-61.48;2642.74
1349.54;1287.34;-62.20;2636.88
1351.43;1289.14;-62.29;2640.56
1353.62;1289.17;-64.45;2642.79
1351.44;1287.71;-63.73;2639.15
1349.85;1289.12;-60.74;2638.97
1351.92;1282.95;-68.97;2634.88
1354.88;1285.83;-69.05;2640.71
1350.40;1286.41;-63.99;2636.81
1349.04;1285.44;-63.61;2634.48
1351.51;1286.45;-65.06;2637.96
1353.86;1285.63;-68.24;2639.49
1350.28;1289.54;-60.74;2639.82
1349.70;1288.71;-60.99;2638.41
1350.68;1289.51;-61.17;2640.18
1354.38;1286.55;-67.82;2640.93
1350.99;1289.73;-61.26;2640.72
1348.80;1289.39;-59.41;2638.19
1352.24;1287.31;-64.93;2639.54
1352.55;1286.61;-65.94;2639.15
1351.22;1291.26;-59.96;2642.48
1349.99;1288.84;-61.16;2638.83
1351.46;1286.30;-65.16;2637.76
1352.70;1290.02;-62.68;2642.72
1351.66;1287.65;-64.01;2639.32
1348.43;1287.69;-60.74;2636.12
1352.68;1287.14;-65.54;2639.82
1353.18;1287.39;-65.78;2640.57
1351.48;1288.74;-62.74;2640.21
1348.90;1289.88;-59.02;2638.78
1350.97;1286.59;-64.38;2637.56
1354.15;1286.98;-67.18;2641.13
1350.33;1289.98;-60.35;2640.31
1349.76;1287.79;-61.96;2637.55
1350.92;1289.24;-61.68;2640.16
1352.75;1288.26;-64.49;2641.01
1351.39;1286.21;-65.19;2637.60
1350.74;1287.09;-63.65;2637.84
1352.65;1286.98;-65.68;2639.63
1354.04;1286.18;-67.86;2640.22
1351.08;1285.60;-65.48;2636.68
1350.49;1289.78;-60.72;2640.27
1353.01;1288.18;-64.83;2641.18
1354.22;1287.68;-66.54;2641.90
1350.58;1289.25;-61.33;2639.82
1348.90;1286.84;-62.06;2635.74
1350.96;1288.91;-62.05;2639.86
1354.37;1289.72;-64.65;2644.09
1350.38;1290.01;-60.37;2640.38
1349.55;1285.56;-63.99;2635.12
1350.46;1288.94;-61.52;2639.40
1354.14;1285.05;-69.09;2639.19
1350.08;1289.81;-60.28;2639.89
1348.59;1286.22;-62.38;2634.81
1350.64;1286.62;-64.02;2637.25
1352.61;1289.56;-63.05;2642.17
1349.96;1288.02;-61.94;2637.99
1348.88;1286.64;-62.24;2635.51
1352.39;1281.92;-70.46;2634.31
1353.58;1284.15;-69.42;2637.73
1351.81;1287.93;-63.88;2639.74
1349.74;1289.71;-60.02;2639.45
1350.90;1288.44;-62.46;2639.34
1352.75;1287.49;-65.26;2640.24
1351.38;1290.62;-60.76;2642.00
1348.51;1286.84;-61.68;2635.35
1351.82;1284.58;-67.24;2636.41
1352.99;1284.81;-68.18;2637.81
1351.31;1286.21;-65.09;2637.52
1349.73;1286.32;-63.41;2636.05
1351.35;1289.18;-62.17;2640.52
1353.58;1288.23;-65.35;2641.81
1349.73;1289.39;-60.34;2639.12
1347.75;1288.29;-59.45;2636.04
1351.25;1285.42;-65.83;2636.68
1353.91;1286.98;-66.92;2640.89
1351.32;1291.35;-59.96;2642.67
1349.45;1291.27;-58.18;2640.72
1351.94;1287.55;-64.39;2639.48
1352.21;1289.74;-62.48;2641.95
1350.99;1288.99;-62.00;2639.98
1349.14;1287.42;-61.71;2636.56
1351.74;1290.62;-61.11;2642.36
1353.39;1289.94;-63.45;2643.34
1350.83;1288.03;-62.80;2638.86
1348.60;1286.51;-62.09;2635.11
1350.74;1285.21;-65.54;2635.95
1354.05;1289.15;-64.90;2643.21
1351.80;1287.72;-64.08;2639.52
1350.34;1285.90;-64.44;2636.24
1350.98;1286.71;-64.27;2637.69
1353.19;1286.80;-66.39;2639.99
1351.69;1290.74;-60.96;2642.43
1350.15;1287.86;-62.29;2638.02
1350.92;1287.10;-63.82;2638.02
1353.52;1286.64;-66.88;2640.15
1351.61;1285.97;-65.64;2637.58
1349.10;1287.72;-61.38;2636.82
1351.84;1289.04;-62.80;2640.87
1352.21;1288.20;-64.01;2640.41
1351.05;1291.76;-59.29;2642.81
1348.62;1285.79;-62.83;2634.41
1352.06;1286.76;-65.30;2638.82
1353.16;1287.64;-65.52;2640.81
1351.31;1290.60;-60.71;2641.91
1348.69;1288.64;-60.06;2637.33
1352.01;1286.15;-65.85;2638.16
1354.38;1290.38;-63.99;2644.76
1350.39;1290.01;-60.38;2640.41
1348.54;1291.25;-57.29;2639.79
1350.88;1284.25;-66.63;2635.14
1352.61;1287.78;-64.83;2640.38
1351.68;1288.28;-63.40;2639.95
1348.64;1290.06;-58.57;2638.70
1351.54;1283.50;-68.04;2635.04
1352.49;1289.46;-63.03;2641.96
1350.49;1288.46;-62.04;2638.95
1349.57;1291.14;-58.43;2640.71
1353.14;1286.43;-66.71;2639.57
1353.31;1285.58;-67.73;2638.88
1351.84;1286.27;-65.56;2638.11
1350.00;1288.15;-61.85;2638.15
1350.86;1287.05;-63.81;2637.91
1353.29;1289.26;-64.03;2642.56
1350.51;1286.03;-64.48;2636.54
1349.10;1287.31;-61.79;2636.41
1352.82;1284.06;-68.76;2636.88
1352.85;1290.49;-62.36;2643.34
1350.76;1291.87;-58.89;2642.63
1349.29;1287.79;-61.50;2637.09
1351.69;1285.05;-66.64;2636.74
1354.10;1290.22;-63.88;2644.32
1352.25;1288.89;-63.36;2641.14
1350.12;1287.43;-62.69;2637.55
1352.41;1289.48;-62.93;2641.89
1353.55;1285.99;-67.56;2639.54
1351.81;1285.87;-65.94;2637.68
1349.92;1285.20;-64.72;2635.12
1351.74;1288.74;-63.00;2640.47
1354.91;1287.64;-67.27;2642.55
1351.42;1283.11;-68.31;2634.53
1350.28;1284.86;-65.42;2635.14
1352.35;1287.01;-65.35;2639.36
1353.84;1286.95;-66.89;2640.78
1351.26;1285.69;-65.58;2636.95
1349.16;1287.92;-61.25;2637.08
1352.76;1283.29;-69.46;2636.05
1354.05;1288.21;-65.84;2642.25
1351.76;1289.96;-61.79;2641.72
1350.76;1285.24;-65.52;2636.01
1352.04;1290.16;-61.88;2642.20
1353.16;1284.29;-68.87;2637.45
1351.12;1285.36;-65.76;2636.49
1349.31;1288.22;-61.09;2637.52
1353.53;1286.61;-66.92;2640.14
1353.23;1289.42;-63.81;2642.65
1350.45;1286.38;-64.06;2636.83
1350.25;1287.41;-62.84;2637.66
1352.08;1286.52;-65.56;2638.61
1354.12;1284.19;-69.93;2638.31
1350.84;1287.44;-63.41;2638.28
1349.78;1287.67;-62.11;2637.45
1353.52;1283.56;-69.96;2637.08
1353.56;1290.48;-63.08;2644.04
1351.26;1288.74;-62.52;2639.99
1350.79;1287.42;-63.37;2638.22
1352.18;1285.74;-66.45;2637.92
1352.82;1286.86;-65.96;2639.69
1351.36;1288.37;-62.99;2639.74
1349.69;1287.16;-62.52;2636.85
1354.06;1288.46;-65.60;2642.53
1353.79;1287.56;-66.22;2641.35
1350.95;1287.95;-63.00;2638.91
1350.68;1285.89;-64.79;2636.56
1352.72;1285.05;-67.67;2637.78
1353.22;1285.17;-68.05;2638.39
1351.27;1289.57;-61.70;2640.84
1350.97;1289.66;-61.31;2640.63
1352.01;1285.44;-66.56;2637.45
1353.97;1287.65;-66.32;2641.62
1352.43;1291.65;-60.78;2644.08
1349.89;1286.73;-63.16;2636.62
1353.04;1284.42;-68.61;2637.46
1354.98;1286.92;-68.06;2641.90
1351.29;1289.39;-61.89;2640.68
1351.86;1287.11;-64.75;2638.98
1352.41;1283.11;-69.29;2635.52
1355.54;1285.74;-69.79;2641.28
1352.83;1289.14;-63.69;2641.97
1350.54;1285.80;-64.74;2636.34
1354.09;1285.18;-68.91;2639.28
1354.69;1286.59;-68.11;2641.28
1352.65;1288.90;-63.75;2641.55
1350.78;1287.72;-63.06;2638.49
1352.46;1285.07;-67.39;2637.53
1355.53;1286.36;-69.17;2641.89
1351.65;1287.28;-64.36;2638.93
1350.69;1286.67;-64.02;2637.36
1352.31;1286.60;-65.71;2638.91
1353.44;1288.30;-65.14;2641.74
1354.01;1288.78;-65.24;2642.79
1349.45;1289.61;-59.84;2639.05
1352.28;1282.39;-69.89;2634.68
1354.65;1288.99;-65.65;2643.64
1352.48;1287.50;-64.98;2639.98
1349.79;1287.48;-62.31;2637.27
1352.94;1289.55;-63.39;2642.48
1352.93;1286.51;-66.42;2639.44
1352.92;1289.45;-63.48;2642.37
1349.78;1285.82;-63.95;2635.60
1351.99;1286.89;-65.10;2638.89
1352.77;1284.15;-68.62;2636.92
1351.71;1284.54;-67.17;2636.25
1350.62;1287.48;-63.14;2638.09
1351.82;1287.18;-64.64;2638.99
1353.04;1286.65;-66.38;2639.69
1352.82;1286.96;-65.86;2639.78
1349.95;1284.65;-65.31;2634.60
1351.58;1288.69;-62.88;2640.27
1353.06;1286.86;-66.20;2639.92
1351.62;1290.18;-61.44;2641.80
1348.98;1288.98;-60.00;2637.95
1351.51;1285.03;-66.48;2636.54
1352.68;1283.62;-69.05;2636.30
1350.31;1288.62;-61.69;2638.92
1349.19;1290.78;-58.41;2639.96
1351.26;1284.05;-67.21;2635.31
1353.83;1287.26;-66.57;2641.09
1350.86;1285.28;-65.58;2636.14
1349.96;1288.95;-61.01;2638.92
1353.15;1284.83;-68.32;2637.98
1354.06;1290.05;-64.01;2644.12
1350.68;1287.39;-63.29;2638.07
1349.61;1286.91;-62.69;2636.52
1351.44;1285.74;-65.69;2637.18
1352.81;1289.34;-63.47;2642.15
1351.39;1288.40;-62.99;2639.79
1351.23;1287.94;-63.29;2639.16
1353.01;1288.08;-64.92;2641.09
1352.92;1286.47;-66.45;2639.39
1350.45;1287.98;-62.47;2638.44
1349.78;1289.01;-60.77;2638.79
1351.22;1289.44;-61.79;2640.66
1353.42;1284.74;-68.69;2638.16
1350.24;1288.76;-61.48;2639.01
1350.28;1291.13;-59.15;2641.41
1351.02;1283.64;-67.39;2634.66
1353.69;1290.95;-62.74;2644.64
1350.24;1285.98;-64.25;2636.22
1350.24;1289.05;-61.19;2639.29
1351.55;1284.23;-67.32;2635.78
1353.31;1286.56;-66.75;2639.87
1350.69;1291.65;-59.04;2642.34
1350.22;1288.87;-61.35;2639.09
1353.28;1288.69;-64.58;2641.97
1352.86;1288.15;-64.72;2641.01
1351.97;1289.58;-62.39;2641.55
1350.63;1288.27;-62.36;2638.90
1351.75;1285.60;-66.15;2637.35
1352.79;1286.79;-66.00;2639.59
1350.45;1286.04;-64.42;2636.49
1349.90;1287.90;-62.00;2637.80
1352.55;1289.07;-63.48;2641.62
1354.06;1288.19;-65.88;2642.25
1351.75;1287.69;-64.06;2639.44
1350.72;1287.10;-63.62;2637.82
1353.16;1285.85;-67.31;2639.01
1354.57;1287.25;-67.32;2641.82
1351.41;1287.98;-63.43;2639.38
1350.89;1287.88;-63.01;2638.78
1352.46;1286.61;-65.85;2639.06
1353.36;1288.10;-65.26;2641.46
1351.01;1282.78;-68.23;2633.78
1350.42;1286.56;-63.86;2636.98
1352.36;1285.88;-66.48;2638.24
1353.35;1284.89;-68.46;2638.25
1350.96;1287.46;-63.51;2638.42
1350.95;1284.32;-66.62;2635.27
1352.14;1287.08;-65.06;2639.22
1354.16;1289.77;-64.39;2643.93
1352.41;1290.25;-62.16;2642.66
1350.02;1288.42;-61.60;2638.45
1352.07;1286.06;-66.01;2638.14
1353.78;1283.82;-69.95;2637.60
1350.65;1288.09;-62.56;2638.74
1348.91;1291.79;-57.12;2640.71
1352.19;1286.58;-65.61;2638.77
1354.33;1286.59;-67.74;2640.92
1352.60;1289.50;-63.10;2642.10
1350.04;1287.68;-62.36;2637.71
1352.74;1289.35;-63.39;2642.09
1352.57;1285.83;-66.74;2638.40
1350.79;1284.75;-66.04;2635.55
1349.21;1287.10;-62.11;2636.31
1351.25;1285.62;-65.64;2636.87
1353.06;1286.73;-66.34;2639.79
1352.12;1285.76;-66.36;2637.88
1350.96;1284.86;-66.09;2635.82
1351.46;1287.26;-64.19;2638.72
1352.98;1287.33;-65.65;2640.31
1351.00;1285.43;-65.57;2636.43
1351.31;1289.90;-61.41;2641.21
1352.78;1284.05;-68.72;2636.83
1354.43;1283.96;-70.47;2638.39
1350.52;1287.12;-63.41;2637.64
1349.71;1287.21;-62.50;2636.92
1351.88;1286.55;-65.32;2638.43
1354.06;1286.30;-67.76;2640.36
1350.74;1287.84;-62.91;2638.58
1350.24;1286.34;-63.91;2636.58
1352.75;1286.22;-66.53;2638.98
1352.62;1284.15;-68.47;2636.78
1352.38;1290.24;-62.14;2642.61
1350.12;1290.50;-59.62;2640.62
1351.08;1289.44;-61.64;2640.51
1353.15;1290.04;-63.11;2643.19
1350.48;1290.57;-59.91;2641.05
1350.02;1287.36;-62.66;2637.38
1351.05;1285.98;-65.07;2637.04
1354.41;1286.24;-68.17;2640.65
1350.50;1288.35;-62.15;2638.85
1349.78;1289.89;-59.89;2639.66
1351.21;1288.42;-62.78;2639.63
1352.22;1287.04;-65.18;2639.26
1351.70;1289.51;-62.19;2641.21
1350.46;1291.09;-59.37;2641.55
1351.24;1284.40;-66.84;2635.64
1352.72;1284.60;-68.12;2637.32
1351.59;1288.41;-63.18;2640.00
1348.52;1289.65;-58.87;2638.16
1350.99;1285.15;-65.84;2636.14
1352.51;1287.04;-65.47;2639.55
1350.52;1290.19;-60.32;2640.71
1349.81;1288.10;-61.71;2637.91
1352.19;1284.76;-67.43;2636.95
1352.87;1287.69;-65.18;2640.56
1350.20;1289.01;-61.19;2639.21
1348.91;1289.92;-58.98;2638.83
1350.94;1287.06;-63.88;2637.99
1351.91;1289.97;-61.94;2641.88
1350.55;1289.10;-61.45;2639.65
1348.69;1289.02;-59.68;2637.71
1350.66;1289.23;-61.44;2639.89
1353.25;1285.35;-67.90;2638.61
1350.36;1288.19;-62.17;2638.55
1349.33;1289.36;-59.97;2638.69
1352.24;1288.98;-63.25;2641.22
1353.89;1287.86;-66.02;2641.75
1350.92;1289.37;-61.55;2640.29
1349.51;1285.54;-63.98;2635.05
1350.58;1286.55;-64.02;2637.13
1353.09;1283.99;-69.10;2637.09
1350.59;1290.82;-59.76;2641.41
1349.36;1283.96;-65.39;2633.32
1351.89;1287.35;-64.54;2639.24
1352.51;1286.61;-65.89;2639.12
1351.01;1287.32;-63.69;2638.32
1350.95;1288.81;-62.15;2639.76
1351.56;1285.83;-65.74;2637.39
1352.59;1286.37;-66.22;2638.96
1350.19;1285.66;-64.53;2635.86
1349.62;1290.28;-59.35;2639.90
1352.31;1286.08;-66.23;2638.39
1352.14;1284.48;-67.65;2636.62
1352.13;1290.48;-61.65;2642.61
1350.26;1286.99;-63.27;2637.25
1351.39;1289.72;-61.66;2641.11
1354.04;1287.66;-66.38;2641.69
1350.45;1287.43;-63.02;2637.88
1350.00;1287.94;-62.06;2637.94
1351.17;1286.76;-64.41;2637.94
1352.96;1281.01;-71.95;2633.97
1350.81;1287.25;-63.56;2638.05
1350.34;1285.55;-64.78;2635.89
1352.10;1288.34;-63.76;2640.44
1355.14;1288.26;-66.88;2643.41
1351.42;1290.69;-60.72;2642.11
1350.14;1285.62;-64.52;2635.76
1351.32;1286.75;-64.57;2638.06
1353.01;1283.25;-69.75;2636.26
1351.96;1285.36;-66.59;2637.32
1350.40;1288.72;-61.68;2639.12
1352.93;1286.05;-66.88;2638.98
1353.38;1283.57;-69.81;2636.95
1350.34;1289.41;-60.92;2639.75
1349.10;1290.27;-58.83;2639.37
1352.71;1288.84;-63.87;2641.55
1352.14;1287.31;-64.83;2639.44
1350.26;1289.26;-60.99;2639.52
1350.72;1290.17;-60.55;2640.89
1350.93;1289.62;-61.31;2640.55
1352.55;1288.15;-64.40;2640.71
1351.08;1288.56;-62.52;2639.64
1350.84;1291.35;-59.49;2642.18
1351.19;1288.56;-62.63;2639.76
1353.24;1286.38;-66.86;2639.62
1350.66;1287.61;-63.05;2638.28
1351.70;1289.29;-62.41;2640.99
1351.74;1289.39;-62.35;2641.12
1352.48;1287.56;-64.92;2640.04
1351.32;1290.42;-60.89;2641.74
1348.88;1289.33;-59.55;2638.21
1352.32;1289.61;-62.71;2641.92
1352.98;1288.65;-64.33;2641.64
1351.38;1290.21;-61.17;2641.59
1349.09;1288.45;-60.64;2637.54
1351.70;1286.26;-65.44;2637.96
1352.64;1287.62;-65.02;2640.25
1351.31;1290.98;-60.33;2642.29
1350.89;1288.28;-62.61;2639.16
1353.42;1286.86;-66.56;2640.29
1352.83;1287.11;-65.72;2639.94
1350.61;1286.97;-63.64;2637.58
1350.56;1285.42;-65.14;2635.98
1352.04;1290.46;-61.58;2642.51
1354.31;1284.43;-69.88;2638.74
1351.31;1285.72;-65.59;2637.04
1349.61;1286.06;-63.55;2635.66
1351.05;1285.89;-65.15;2636.94
1354.05;1286.41;-67.65;2640.46
1350.77;1287.61;-63.16;2638.38
1349.45;1289.18;-60.27;2638.64
1350.42;1284.46;-65.95;2634.88
1352.39;1287.72;-64.67;2640.11
1350.32;1289.29;-61.04;2639.61
1348.11;1286.81;-61.30;2634.92
1350.63;1284.94;-65.69;2635.56
1351.96;1285.34;-66.63;2637.30
1351.57;1286.12;-65.45;2637.69
1349.91;1288.34;-61.57;2638.24
1352.39;1288.74;-63.65;2641.12
1351.73;1287.32;-64.41;2639.05
1350.21;1287.76;-62.44;2637.97
1348.51;1288.56;-59.95;2637.06
1350.66;1288.56;-62.10;2639.23
1353.11;1285.84;-67.27;2638.95
1352.29;1288.44;-63.86;2640.73
1348.79;1291.92;-56.88;2640.71
1352.24;1289.07;-63.16;2641.31
1352.26;1287.17;-65.09;2639.44
1351.72;1291.19;-60.53;2642.92
1348.76;1288.95;-59.81;2637.72
1350.29;1289.76;-60.53;2640.06
1353.33;1288.89;-64.44;2642.22
1349.75;1288.38;-61.38;2638.13
1348.97;1289.97;-59.00;2638.94
1350.58;1285.94;-64.64;2636.52
1352.82;1288.23;-64.59;2641.05
1350.09;1289.02;-61.07;2639.11
1349.96;1289.85;-60.12;2639.81
1350.05;1285.44;-64.61;2635.48
1353.55;1290.97;-62.58;2644.52
1351.12;1288.76;-62.36;2639.88
1349.64;1289.22;-60.41;2638.86
1350.49;1285.60;-64.89;2636.09
1352.14;1289.75;-62.39;2641.89
1349.95;1291.04;-58.92;2640.99
1349.72;1291.22;-58.49;2640.94
1350.84;1284.92;-65.92;2635.76
1352.55;1284.37;-68.18;2636.92
1350.47;1291.81;-58.66;2642.28
1349.41;1289.64;-59.77;2639.04
1350.74;1288.42;-62.32;2639.16
1352.33;1287.88;-64.45;2640.21
1351.73;1285.45;-66.28;2637.18
1349.56;1288.44;-61.12;2638.00
1350.85;1288.54;-62.31;2639.38
1352.58;1287.14;-65.44;2639.72
1352.23;1288.49;-63.74;2640.72
1349.94;1288.45;-61.49;2638.39
1350.66;1287.14;-63.52;2637.80
1352.69;1285.06;-67.63;2637.76
1350.19;1290.22;-59.97;2640.41
1348.74;1289.91;-58.84;2638.65
1350.73;1289.46;-61.27;2640.19
1351.88;1292.10;-59.78;2643.98
1350.22;1290.57;-59.65;2640.79
1350.88;1289.90;-60.98;2640.78
1350.75;1287.72;-63.02;2638.47
1352.02;1286.77;-65.25;2638.79
1350.46;1289.09;-61.36;2639.55
1350.58;1288.09;-62.49;2638.68
1351.27;1290.22;-61.05;2641.49
1352.07;1287.69;-64.38;2639.76
1350.87;1288.80;-62.07;2639.67
1349.02;1290.88;-58.14;2639.90
1350.84;1287.54;-63.30;2638.38
1352.02;1288.01;-64.01;2640.03
1350.30;1287.51;-62.79;2637.81
1350.66;1290.40;-60.26;2641.06
1351.21;1290.96;-60.25;2642.17
1351.96;1288.17;-63.79;2640.13
1352.35;1290.69;-61.66;2643.05
1349.74;1288.89;-60.85;2638.64
1351.01;1285.19;-65.81;2636.20
1352.27;1286.77;-65.50;2639.04
1350.53;1286.78;-63.75;2637.31
1349.14;1287.58;-61.55;2636.72
1352.23;1289.55;-62.68;2641.78
1354.16;1290.40;-63.76;2644.56
1350.85;1287.71;-63.15;2638.56
1349.91;1287.04;-62.87;2636.94
1351.11;1284.76;-66.35;2635.87
1352.05;1290.39;-61.65;2642.44
1349.88;1288.40;-61.48;2638.28
1348.68;1291.43;-57.25;2640.11
1351.16;1287.19;-63.97;2638.35
1352.43;1288.42;-64.01;2640.85
1349.74;1290.54;-59.20;2640.28
1348.37;1289.07;-59.30;2637.44
1351.32;1284.04;-67.28;2635.36
1352.95;1284.98;-67.98;2637.93
1350.55;1290.18;-60.36;2640.73
1349.10;1288.99;-60.11;2638.09
1351.87;1285.13;-66.74;2637.00
1354.74;1287.92;-66.82;2642.66
1351.65;1291.26;-60.38;2642.91
1349.04;1286.53;-62.51;2635.57
1351.49;1288.04;-63.45;2639.54
1351.85;1284.47;-67.38;2636.32
1351.39;1287.32;-64.07;2638.72
1348.51;1286.11;-62.40;2634.61
1351.48;1289.32;-62.15;2640.80
1351.64;1285.92;-65.72;2637.56
1349.54;1289.38;-60.16;2638.92
1349.35;1288.27;-61.08;2637.62
1350.34;1286.91;-63.42;2637.25
1353.07;1285.42;-67.65;2638.49
1350.79;1288.84;-61.95;2639.62
1348.65;1289.28;-59.38;2637.93
1352.68;1289.31;-63.37;2641.98
1354.65;1287.72;-66.92;2642.37
1351.21;1288.64;-62.58;2639.85
1349.86;1291.08;-58.79;2640.94
1351.17;1288.94;-62.24;2640.11
1353.28;1287.09;-66.19;2640.36
1350.71;1283.18;-67.54;2633.89
1350.21;1286.34;-63.88;2636.55
1352.08;1289.71;-62.37;2641.79
1354.26;1287.22;-67.04;2641.48
1349.74;1287.14;-62.61;2636.88
1349.36;1288.76;-60.61;2638.12
1351.09;1287.05;-64.04;2638.14
1352.05;1284.26;-67.78;2636.31
1351.36;1288.31;-63.05;2639.66
1350.10;1288.71;-61.39;2638.81
1351.06;1286.16;-64.90;2637.23
1352.28;1289.57;-62.71;2641.85
1349.82;1285.87;-63.95;2635.69
1348.75;1290.49;-58.26;2639.24
1351.52;1288.69;-62.83;2640.22
1353.00;1286.43;-66.57;2639.43
1350.27;1286.71;-63.56;2636.98
1349.21;1288.08;-61.13;2637.28
1351.43;1286.31;-65.12;2637.74
1352.46;1287.55;-64.91;2640.01
1352.05;1288.45;-63.60;2640.49
1349.28;1289.06;-60.22;2638.34
1350.35;1289.37;-60.98;2639.72
1353.68;1290.06;-63.61;2643.74
1351.92;1289.16;-62.76;2641.09
1350.09;1289.07;-61.02;2639.16
1351.68;1284.98;-66.70;2636.66
1353.32;1287.37;-65.95;2640.69
1351.89;1288.04;-63.86;2639.93
1350.52;1287.97;-62.55;2638.49
1352.23;1286.19;-66.04;2638.42
1352.79;1285.16;-67.62;2637.95
1352.09;1290.87;-61.22;2642.96
1349.14;1290.32;-58.81;2639.46
1351.81;1289.29;-62.51;2641.10
1351.96;1286.24;-65.72;2638.20
1351.17;1289.68;-61.49;2640.85
1349.34;1291.31;-58.03;2640.65
1352.72;1289.97;-62.75;2642.69
1352.17;1286.76;-65.41;2638.94
1350.37;1290.85;-59.52;2641.22
1349.39;1288.09;-61.30;2637.48
1351.28;1285.01;-66.26;2636.29
1352.08;1286.45;-65.62;2638.53
1350.32;1284.14;-66.19;2634.46
1349.70;1289.42;-60.28;2639.12
1351.69;1290.92;-60.77;2642.62
1352.60;1287.69;-64.91;2640.29
1351.21;1288.28;-62.92;2639.49
1351.01;1290.81;-60.19;2641.82
1352.95;1287.36;-65.59;2640.32
1353.52;1285.78;-67.74;2639.30
1352.36;1289.95;-62.41;2642.32
1350.26;1288.01;-62.26;2638.27
1352.79;1288.65;-64.14;2641.44
1352.51;1286.02;-66.49;2638.54
1352.14;1289.37;-62.76;2641.51
1350.59;1288.88;-61.71;2639.46
1353.51;1284.46;-69.05;2637.96
1352.34;1288.32;-64.02;2640.66
1352.26;1286.15;-66.11;2638.41
1349.12;1291.14;-57.98;2640.26
1350.88;1289.44;-61.45;2640.32
1351.96;1284.85;-67.12;2636.81
1352.24;1288.86;-63.38;2641.10
1348.97;1288.24;-60.73;2637.21
1351.42;1284.59;-66.83;2636.02
1352.21;1285.61;-66.60;2637.81
1350.63;1287.44;-63.19;2638.07
1350.52;1288.28;-62.24;2638.79
1350.67;1287.41;-63.26;2638.08
1352.65;1287.71;-64.94;2640.36
1351.82;1286.15;-65.67;2637.96
1349.29;1289.16;-60.13;2638.45
1351.97;1289.57;-62.40;2641.54
1354.13;1284.03;-70.10;2638.16
1352.17;1290.44;-61.74;2642.61
1349.62;1287.92;-61.71;2637.54
1351.62;1288.76;-62.86;2640.38
1352.91;1287.03;-65.88;2639.94
1350.58;1288.29;-62.29;2638.87
1349.80;1288.48;-61.32;2638.28
1352.08;1286.92;-65.16;2639.00
1353.74;1287.67;-66.06;2641.41
1350.35;1288.75;-61.60;2639.09
1351.35;1288.14;-63.22;2639.49
1352.56;1289.01;-63.55;2641.58
1353.03;1284.05;-68.98;2637.08
1352.08;1291.98;-60.10;2644.05
1349.52;1287.56;-61.96;2637.09
1352.77;1285.72;-67.05;2638.49
1354.11;1286.89;-67.21;2641.00
1351.86;1284.89;-66.96;2636.75
1349.81;1290.40;-59.41;2640.21
1351.45;1287.42;-64.03;2638.88
1354.28;1285.73;-68.55;2640.01
1350.42;1288.53;-61.89;2638.95
1350.65;1288.91;-61.74;2639.56
1352.39;1288.08;-64.31;2640.46
1352.71;1288.84;-63.87;2641.54
1351.26;1288.58;-62.69;2639.84
1349.39;1287.25;-62.14;2636.65
1352.29;1281.13;-71.16;2633.42
1353.89;1285.20;-68.69;2639.09
1350.68;1288.08;-62.61;2638.76
1350.06;1288.49;-61.57;2638.56
1350.87;1284.37;-66.50;2635.24
1352.12;1286.56;-65.56;2638.68
1350.09;1288.17;-61.92;2638.26
1348.69;1291.81;-56.88;2640.51
1352.36;1288.89;-63.48;2641.25
1352.77;1290.14;-62.63;2642.91
1351.44;1289.42;-62.02;2640.86
1349.00;1287.34;-61.66;2636.34
1350.95;1287.13;-63.82;2638.08
1352.24;1287.54;-64.69;2639.78
1350.16;1289.49;-60.67;2639.66
1348.96;1287.38;-61.58;2636.35
1351.29;1290.01;-61.28;2641.31
1351.56;1286.92;-64.64;2638.49
1350.41;1289.26;-61.15;2639.68
1348.66;1286.66;-62.00;2635.32
1350.06;1287.68;-62.38;2637.74
1353.30;1284.31;-68.99;2637.61
1349.48;1290.33;-59.15;2639.81
1349.92;1289.47;-60.45;2639.39
1350.86;1288.91;-61.95;2639.77
