1401.64;1345.82;-55.82;2747.46
1399.23;1345.52;-53.71;2744.75
1400.25;1344.20;-56.05;2744.45
1405.82;1343.53;-62.29;2749.35
1402.64;1345.94;-56.71;2748.58
1401.32;1344.69;-56.63;2746.01
1399.72;1329.16;-70.56;2728.89
1404.84;1343.62;-61.22;2748.46
1401.20;1340.61;-60.59;2741.81
1398.99;1344.34;-54.65;2743.34
1404.41;1343.29;-61.12;2747.71
1404.47;1342.80;-61.67;2747.27
1403.19;1345.49;-57.70;2748.68
1400.60;1345.26;-55.34;2745.86
1404.65;1343.34;-61.31;2747.99
1402.94;1336.72;-66.21;2739.66
1399.05;1342.15;-56.89;2741.20
1401.95;1337.04;-64.91;2738.98
1401.30;1343.07;-58.23;2744.37
1405.56;1343.09;-62.46;2748.65
1400.00;1344.66;-55.34;2744.66
1399.17;1332.68;-66.49;2731.85
1402.91;1343.02;-59.89;2745.93
1402.99;1344.02;-58.98;2747.01
1400.87;1342.51;-58.36;2743.38
1399.43;1345.11;-54.32;2744.54
1403.35;1342.71;-60.65;2746.06
1402.93;1339.88;-63.05;2742.81
1401.10;1343.09;-58.01;2744.19
1399.70;1345.41;-54.29;2745.11
1402.29;1343.75;-58.55;2746.04
1405.35;1338.57;-66.78;2743.92
1400.45;1345.51;-54.94;2745.96
1401.08;1342.16;-58.92;2743.25
1401.11;1343.05;-58.05;2744.16
1402.62;1343.63;-58.99;2746.25
1398.97;1344.02;-54.95;2742.99
1400.15;1331.34;-68.81;2731.49
1401.34;1342.86;-58.48;2744.21
1405.09;1343.37;-61.72;2748.46
1405.42;1344.33;-61.09;2749.75
1398.95;1344.79;-54.16;2743.74
1405.21;1342.49;-62.72;2747.69
1401.30;1341.78;-59.52;2743.08
1405.91;1345.76;-60.15;2751.67
1401.79;1344.64;-57.15;2746.42
1403.99;1342.94;-61.06;2746.93
1404.32;1328.18;-76.14;2732.50
1403.68;1344.28;-59.41;2747.96
1399.94;1345.18;-54.75;2745.12
1404.44;1343.46;-60.97;2747.90
1405.68;1342.62;-63.06;2748.29
1398.99;1344.91;-54.09;2743.90
1399.69;1339.89;-59.80;2739.58
1406.22;1335.16;-71.05;2741.38
1403.48;1342.64;-60.84;2746.12
1403.58;1345.79;-57.79;2749.37
1398.58;1343.72;-54.86;2742.29
1403.88;1342.80;-61.08;2746.68
1407.04;1338.44;-68.60;2745.47
1402.97;1344.66;-58.31;2747.63
1402.98;1343.19;-59.79;2746.16
1404.63;1342.48;-62.15;2747.11
1405.78;1342.26;-63.52;2748.04
1402.71;1334.76;-67.94;2737.47
1400.56;1344.98;-55.59;2745.54
1404.25;1341.55;-62.69;2745.80
1402.04;1341.04;-61.00;2743.08
1404.09;1344.34;-59.75;2748.42
1402.16;1342.98;-59.19;2745.14
1401.15;1341.92;-59.23;2743.06
1405.31;1342.56;-62.75;2747.87
1403.39;1343.92;-59.46;2747.31
1400.81;1343.85;-56.95;2744.66
1404.18;1342.45;-61.73;2746.64
1405.67;1342.97;-62.70;2748.64
1403.14;1343.45;-59.69;2746.59
1401.22;1341.15;-60.08;2742.37
1403.21;1342.22;-60.99;2745.43
1403.46;1342.79;-60.68;2746.25
1400.96;1344.96;-55.99;2745.92
1398.69;1332.19;-66.49;2730.88
1402.67;1329.84;-72.83;2732.51
1405.56;1343.19;-62.37;2748.75
1401.47;1344.37;-57.10;2745.84
1402.18;1344.56;-57.61;2746.74
1403.16;1342.32;-60.84;2745.49
1405.87;1339.07;-66.80;2744.94
1402.03;1345.27;-56.76;2747.30
1400.30;1344.52;-55.78;2744.82
1402.36;1343.24;-59.13;2745.60
1405.14;1338.27;-66.87;2743.41
1404.16;1345.10;-59.06;2749.26
1396.36;1344.31;-52.05;2740.67
1403.89;1342.17;-61.72;2746.06
1403.58;1342.22;-61.36;2745.81
1404.71;1343.98;-60.73;2748.69
1400.97;1344.96;-56.01;2745.94
1403.24;1337.66;-65.57;2740.90
1404.62;1330.31;-74.31;2734.93
1401.35;1344.21;-57.14;2745.56
1401.76;1340.82;-60.95;2742.58
1405.24;1339.39;-65.85;2744.62
1405.19;1343.49;-61.70;2748.69
1401.31;1329.83;-71.48;2731.14
1400.66;1342.78;-57.89;2743.44
1401.94;1339.50;-62.44;2741.44
1402.22;1343.24;-58.98;2745.46
1401.98;1343.68;-58.29;2745.66
1399.45;1342.81;-56.64;2742.25
1402.28;1328.84;-73.44;2731.12
1404.59;1341.89;-62.70;2746.48
1403.52;1333.56;-69.95;2737.08
1400.49;1344.64;-55.85;2745.12
1401.65;1338.20;-63.45;2739.85
1404.59;1342.29;-62.30;2746.88
1400.84;1344.62;-56.22;2745.46
1398.93;1344.08;-54.85;2743.01
1402.95;1343.42;-59.53;2746.38
1411.66;1344.63;-67.03;2756.29
1402.21;1339.18;-63.02;2741.39
1402.85;1344.64;-58.22;2747.49
1402.26;1340.09;-62.17;2742.35
1410.91;1344.81;-66.11;2755.72
1401.88;1337.32;-64.56;2739.19
1399.59;1345.15;-54.44;2744.74
1403.61;1344.15;-59.46;2747.76
1401.26;1336.22;-65.05;2737.48
1400.16;1344.92;-55.24;2745.08
1400.90;1344.85;-56.05;2745.75
1403.58;1342.81;-60.77;2746.39
1402.42;1341.12;-61.31;2743.54
1403.22;1341.80;-61.42;2745.02
1401.13;1344.22;-56.91;2745.35
1404.14;1342.78;-61.36;2746.91
1405.37;1341.62;-63.75;2746.99
1402.09;1345.77;-56.32;2747.86
1398.59;1344.76;-53.82;2743.35
1401.82;1343.49;-58.33;2745.31
1403.78;1343.23;-60.55;2747.01
1409.70;1345.64;-64.06;2755.34
1401.00;1344.55;-56.45;2745.55
1402.77;1342.46;-60.31;2745.23
1404.29;1343.76;-60.52;2748.05
1399.85;1339.13;-60.72;2738.98
1400.36;1344.46;-55.91;2744.82
1402.62;1344.21;-58.42;2746.83
1404.70;1344.71;-59.99;2749.41
1401.32;1345.39;-55.92;2746.71
1400.95;1346.55;-54.41;2747.50
1403.25;1344.50;-58.75;2747.75
1403.94;1345.34;-58.59;2749.28
1400.36;1347.55;-52.81;2747.91
1399.81;1346.51;-53.30;2746.31
1398.97;1343.98;-54.99;2742.95
1404.46;1345.74;-58.72;2750.19
1400.13;1345.83;-54.30;2745.96
1400.66;1346.14;-54.52;2746.81
1402.64;1341.68;-60.95;2744.32
1401.34;1338.56;-62.78;2739.90
1401.16;1345.86;-55.31;2747.02
1396.48;1341.34;-55.14;2737.82
1401.61;1344.58;-57.04;2746.19
1401.68;1343.38;-58.29;2745.06
1399.51;1346.15;-53.36;2745.65
1400.02;1345.64;-54.38;2745.65
1402.18;1343.77;-58.41;2745.95
1404.51;1344.26;-60.24;2748.77
1405.01;1346.20;-58.81;2751.21
1400.75;1344.84;-55.91;2745.59
1403.93;1343.65;-60.28;2747.58
1402.76;1344.11;-58.65;2746.87
1401.16;1345.61;-55.55;2746.77
1396.85;1333.05;-63.80;2729.89
1400.38;1344.54;-55.84;2744.92
1402.08;1344.89;-57.19;2746.97
1399.09;1345.38;-53.72;2744.47
1398.59;1345.55;-53.04;2744.14
1403.23;1344.53;-58.70;2747.76
1402.06;1343.38;-58.68;2745.44
1401.06;1346.38;-54.68;2747.44
1399.29;1344.77;-54.52;2744.06
1403.11;1343.55;-59.56;2746.66
1403.62;1344.78;-58.84;2748.40
1400.24;1347.71;-52.53;2747.95
1397.50;1345.02;-52.48;2742.52
1402.28;1343.65;-58.63;2745.94
1405.35;1343.15;-62.21;2748.50
1398.88;1345.61;-53.26;2744.49
1400.85;1344.92;-55.93;2745.76
1402.54;1343.09;-59.45;2745.63
1400.91;1344.10;-56.81;2745.01
1402.89;1344.99;-57.89;2747.88
1398.83;1344.55;-54.28;2743.38
1404.19;1344.48;-59.71;2748.67
1404.59;1343.89;-60.70;2748.48
1402.23;1345.78;-56.45;2748.01
1402.20;1344.67;-57.53;2746.87
1402.17;1343.14;-59.04;2745.31
1402.48;1343.85;-58.64;2746.33
1402.05;1344.64;-57.42;2746.69
1399.09;1344.82;-54.28;2743.91
1403.83;1342.45;-61.38;2746.28
1404.54;1343.38;-61.15;2747.92
1404.34;1331.88;-72.45;2736.22
1399.72;1343.66;-56.06;2743.39
1404.12;1343.32;-60.80;2747.45
1404.91;1343.34;-61.58;2748.25
1402.08;1344.35;-57.74;2746.43
1398.01;1344.48;-53.52;2742.49
1403.96;1343.38;-60.59;2747.34
1400.39;1338.32;-62.07;2738.71
1401.38;1342.41;-58.98;2743.79
1400.46;1343.46;-57.00;2743.92
1405.36;1342.52;-62.85;2747.88
1405.74;1342.82;-62.92;2748.55
1402.93;1327.75;-75.18;2730.68
1398.22;1343.47;-54.75;2741.69
1402.76;1332.03;-70.73;2734.79
1403.96;1331.71;-72.26;2735.67
1402.25;1345.87;-56.38;2748.12
1399.64;1340.99;-58.65;2740.62
1402.05;1342.05;-60.00;2744.11
1405.23;1343.06;-62.16;2748.29
1401.44;1343.86;-57.57;2745.30
1401.30;1329.64;-71.66;2730.94
1403.99;1343.38;-60.61;2747.36
1406.32;1344.10;-62.22;2750.42
1403.26;1345.34;-57.92;2748.59
1398.85;1330.17;-68.68;2729.02
1403.62;1341.32;-62.30;2744.94
1402.51;1341.05;-61.46;2743.55
1399.28;1344.89;-54.39;2744.18
1399.01;1345.12;-53.88;2744.13
1403.85;1345.35;-58.51;2749.20
1408.92;1345.06;-63.86;2753.99
1401.85;1345.60;-56.25;2747.45
1398.62;1345.65;-52.96;2744.27
1406.46;1343.75;-62.71;2750.22
1402.41;1344.32;-58.09;2746.74
1405.06;1346.10;-58.96;2751.16
1404.58;1344.90;-59.68;2749.48
1402.65;1344.13;-58.52;2746.78
1403.58;1344.53;-59.05;2748.11
1402.67;1346.28;-56.39;2748.95
1400.01;1347.15;-52.86;2747.15
1402.25;1343.82;-58.43;2746.06
1404.44;1343.83;-60.61;2748.26
1403.01;1345.59;-57.41;2748.60
1398.25;1343.67;-54.58;2741.92
1401.85;1342.91;-58.94;2744.76
1404.36;1342.31;-62.06;2746.67
1402.48;1345.52;-56.95;2748.00
1396.99;1341.10;-55.89;2738.09
1401.66;1343.79;-57.87;2745.45
1404.94;1334.82;-70.12;2739.75
1404.48;1346.01;-58.46;2750.49
1398.19;1343.49;-54.70;2741.68
1403.22;1342.91;-60.31;2746.13
1405.49;1341.58;-63.91;2747.08
1397.04;1344.44;-52.60;2741.47
1401.65;1345.21;-56.44;2746.86
1399.88;1342.11;-57.77;2741.98
1404.02;1343.82;-60.20;2747.84
1401.09;1344.79;-56.31;2745.88
1399.09;1343.95;-55.14;2743.04
1402.13;1340.09;-62.04;2742.22
1406.35;1343.51;-62.85;2749.86
1404.26;1343.57;-60.69;2747.83
1400.65;1344.10;-56.55;2744.75
1402.27;1342.68;-59.59;2744.95
1405.51;1343.85;-61.65;2749.36
1403.00;1345.13;-57.87;2748.13
1400.43;1341.46;-58.97;2741.89
1402.10;1343.25;-58.85;2745.35
1403.68;1344.13;-59.55;2747.81
1400.80;1333.47;-67.33;2734.27
1401.06;1340.51;-60.55;2741.56
1403.06;1343.71;-59.35;2746.77
1404.35;1343.31;-61.04;2747.66
1401.11;1344.99;-56.12;2746.09
1399.63;1337.71;-61.92;2737.34
1402.76;1343.84;-58.92;2746.59
1406.20;1343.91;-62.29;2750.11
1400.77;1343.48;-57.29;2744.25
1400.35;1344.42;-55.93;2744.76
1403.84;1330.38;-73.46;2734.21
1403.83;1342.90;-60.93;2746.73
1402.12;1331.05;-71.06;2733.17
1401.59;1344.60;-56.99;2746.19
1402.35;1342.79;-59.56;2745.15
1404.69;1342.17;-62.52;2746.86
1399.76;1332.60;-67.16;2732.36
1403.74;1336.61;-67.13;2740.34
1403.32;1343.54;-59.78;2746.86
1403.45;1344.61;-58.84;2748.05
1401.84;1330.98;-70.85;2732.82
1400.55;1328.29;-72.26;2728.85
1403.84;1342.29;-61.55;2746.14
1402.79;1343.40;-59.39;2746.19
1400.38;1344.52;-55.86;2744.90
1400.48;1344.41;-56.06;2744.89
1401.78;1340.48;-61.31;2742.26
1406.14;1344.23;-61.91;2750.37
1401.41;1343.84;-57.58;2745.25
1402.18;1343.11;-59.07;2745.28
1403.12;1337.85;-65.27;2740.98
1400.89;1343.62;-57.26;2744.51
1403.95;1344.52;-59.44;2748.47
1401.76;1343.64;-58.12;2745.41
1404.09;1342.06;-62.04;2746.15
1406.10;1343.44;-62.66;2749.54
1402.29;1345.11;-57.18;2747.41
1403.64;1344.61;-59.03;2748.25
1400.75;1342.56;-58.19;2743.31
1405.55;1342.92;-62.63;2748.46
1400.03;1343.51;-56.52;2743.54
1402.21;1340.35;-61.86;2742.56
1405.20;1343.85;-61.35;2749.05
1402.38;1343.62;-58.76;2746.00
1403.35;1343.01;-60.34;2746.36
1402.65;1340.49;-62.15;2743.14
1402.96;1341.51;-61.45;2744.48
1406.21;1342.19;-64.02;2748.40
1401.90;1329.07;-72.83;2730.97
1401.48;1343.95;-57.53;2745.42
1404.15;1342.72;-61.42;2746.87
1403.25;1342.16;-61.09;2745.41
1401.59;1344.80;-56.79;2746.39
1404.13;1343.08;-61.05;2747.21
1400.98;1342.56;-58.42;2743.54
1405.36;1343.11;-62.26;2748.47
1403.76;1344.62;-59.14;2748.38
1399.61;1343.90;-55.71;2743.51
1405.03;1341.75;-63.28;2746.78
1405.84;1344.06;-61.78;2749.89
1401.71;1340.66;-61.05;2742.38
1400.06;1337.60;-62.46;2737.66
1404.30;1338.31;-65.99;2742.61
1404.09;1341.48;-62.61;2745.56
1401.73;1343.70;-58.03;2745.43
1399.46;1331.52;-67.94;2730.99
1401.72;1335.51;-66.22;2737.23
1407.22;1343.34;-63.89;2750.56
1402.16;1345.39;-56.78;2747.55
1398.18;1338.97;-59.21;2737.15
1402.85;1327.51;-75.34;2730.36
1406.06;1343.05;-63.01;2749.12
1400.49;1345.44;-55.05;2745.93
1401.15;1342.89;-58.26;2744.04
1405.72;1340.74;-64.98;2746.46
1406.47;1328.84;-77.63;2735.31
1402.91;1345.74;-57.18;2748.65
1402.72;1341.72;-61.00;2744.44
1405.16;1342.46;-62.70;2747.63
1404.86;1343.69;-61.17;2748.56
1400.47;1341.66;-58.81;2742.14
1399.97;1343.69;-56.28;2743.66
1401.23;1341.93;-59.30;2743.16
1405.83;1344.20;-61.63;2750.03
1401.59;1344.19;-57.40;2745.78
1397.24;1344.69;-52.54;2741.93
1403.41;1341.99;-61.42;2745.41
1407.38;1343.96;-63.42;2751.34
1400.75;1345.16;-55.59;2745.91
1399.09;1343.09;-56.00;2742.18
1403.06;1343.68;-59.39;2746.74
1404.89;1344.88;-60.02;2749.77
1401.18;1345.59;-55.59;2746.76
1398.38;1338.35;-60.03;2736.72
1403.60;1343.11;-60.49;2746.71
1405.18;1331.95;-73.22;2737.13
1403.09;1342.65;-60.44;2745.74
1400.17;1344.36;-55.81;2744.53
1402.99;1342.40;-60.59;2745.39
1399.41;1338.80;-60.61;2738.21
1402.72;1337.28;-65.44;2739.99
1402.09;1330.61;-71.48;2732.71
1403.46;1343.21;-60.25;2746.67
1406.92;1343.69;-63.23;2750.61
1403.52;1343.61;-59.92;2747.13
1402.02;1343.51;-58.52;2745.53
1404.61;1343.35;-61.26;2747.96
1405.04;1341.81;-63.23;2746.84
1400.88;1344.56;-56.32;2745.45
1399.54;1344.18;-55.35;2743.72
1402.46;1342.45;-60.01;2744.91
1404.05;1343.71;-60.34;2747.76
1402.25;1345.94;-56.31;2748.18
1399.44;1344.04;-55.40;2743.47
1402.86;1341.96;-60.89;2744.82
1405.62;1343.41;-62.22;2749.03
1403.16;1338.90;-64.26;2742.06
1400.99;1343.42;-57.56;2744.41
1402.68;1342.44;-60.24;2745.12
1403.96;1342.32;-61.65;2746.28
1402.14;1344.75;-57.39;2746.89
1401.19;1342.51;-58.68;2743.69
1404.51;1342.85;-61.66;2747.36
1407.52;1342.22;-65.29;2749.74
1403.16;1345.43;-57.73;2748.59
1401.18;1344.38;-56.80;2745.55
1399.62;1343.06;-56.56;2742.68
1404.68;1343.34;-61.35;2748.02
1403.59;1345.05;-58.54;2748.64
1400.64;1344.07;-56.57;2744.71
1402.36;1342.04;-60.32;2744.41
1405.06;1343.06;-62.00;2748.12
1402.80;1344.79;-58.01;2747.59
1401.86;1343.29;-58.56;2745.15
1403.18;1343.59;-59.59;2746.77
1410.65;1342.98;-67.67;2753.62
1400.69;1345.64;-55.05;2746.34
1399.26;1343.94;-55.32;2743.20
1402.09;1343.99;-58.11;2746.08
1406.23;1328.38;-77.85;2734.61
1402.56;1345.56;-57.00;2748.13
1398.60;1344.01;-54.59;2742.61
1403.27;1342.49;-60.78;2745.76
1405.23;1333.78;-71.45;2739.01
1402.41;1346.17;-56.24;2748.58
1400.32;1344.44;-55.88;2744.76
1403.85;1342.59;-61.25;2746.44
1405.31;1343.92;-61.39;2749.23
1402.38;1346.61;-55.78;2748.99
1399.45;1343.57;-55.88;2743.02
1403.99;1343.83;-60.16;2747.82
1405.17;1344.86;-60.31;2750.03
1403.12;1345.15;-57.97;2748.26
1398.95;1343.99;-54.96;2742.94
1402.31;1343.04;-59.28;2745.35
1403.64;1343.28;-60.36;2746.91
1400.99;1345.52;-55.46;2746.51
1398.22;1343.46;-54.76;2741.68
1401.90;1344.79;-57.11;2746.69
1404.58;1344.82;-59.75;2749.40
1404.35;1339.88;-64.48;2744.23
1400.02;1344.26;-55.76;2744.29
1398.73;1345.09;-53.64;2743.82
1405.26;1331.81;-73.45;2737.07
1402.19;1344.15;-58.04;2746.34
1399.10;1345.96;-53.14;2745.06
1399.10;1343.22;-55.88;2742.32
1404.43;1343.93;-60.50;2748.36
1397.35;1341.69;-55.66;2739.05
1401.70;1345.51;-56.19;2747.21
1400.90;1343.92;-56.98;2744.82
1404.11;1339.87;-64.24;2743.98
1401.89;1344.28;-57.61;2746.17
1403.51;1345.01;-58.50;2748.51
1404.05;1342.75;-61.30;2746.79
1403.65;1337.44;-66.21;2741.09
1398.68;1339.53;-59.15;2738.21
1399.14;1343.71;-55.43;2742.85
1402.97;1344.02;-58.95;2746.99
1404.87;1344.91;-59.96;2749.78
1399.69;1345.11;-54.59;2744.80
1400.99;1345.12;-55.88;2746.11
1403.04;1343.59;-59.45;2746.62
1404.97;1344.10;-60.87;2749.07
1403.55;1344.32;-59.23;2747.88
1399.33;1344.63;-54.70;2743.96
1402.94;1342.28;-60.66;2745.21
1407.56;1343.43;-64.13;2750.99
1401.38;1344.95;-56.42;2746.33
1402.15;1330.09;-72.06;2732.24
1403.15;1342.79;-60.36;2745.94
1403.88;1341.41;-62.47;2745.28
1404.32;1345.24;-59.08;2749.56
1400.91;1343.50;-57.41;2744.41
1403.29;1343.06;-60.22;2746.35
1407.77;1343.16;-64.61;2750.93
1402.21;1332.17;-70.04;2734.38
1400.12;1343.99;-56.12;2744.11
1403.75;1328.69;-75.06;2732.44
1408.67;1341.45;-67.22;2750.12
1403.55;1346.32;-57.24;2749.87
1400.06;1343.94;-56.12;2744.01
1402.77;1343.71;-59.06;2746.48
1400.91;1342.85;-58.06;2743.75
1401.89;1345.75;-56.14;2747.64
1400.02;1344.10;-55.92;2744.12
1403.48;1342.79;-60.69;2746.27
1404.11;1344.62;-59.49;2748.74
1399.72;1344.64;-55.08;2744.36
1400.69;1343.94;-56.75;2744.63
1401.72;1342.55;-59.16;2744.27
1405.04;1332.03;-73.01;2737.06
1402.41;1345.39;-57.01;2747.80
1397.38;1344.75;-52.62;2742.13
1401.62;1343.47;-58.15;2745.09
1402.25;1344.40;-57.85;2746.65
1400.34;1343.42;-56.91;2743.76
1402.38;1345.22;-57.16;2747.61
1404.33;1344.22;-60.11;2748.55
1404.62;1343.09;-61.54;2747.71
1403.96;1345.73;-58.23;2749.69
1397.29;1344.03;-53.26;2741.32
1400.97;1343.03;-57.94;2744.00
1403.55;1346.06;-57.49;2749.61
1400.93;1344.93;-56.00;2745.86
1400.66;1345.00;-55.66;2745.66
1401.19;1344.51;-56.68;2745.70
1405.02;1345.45;-59.56;2750.47
1402.02;1346.93;-55.09;2748.95
1399.85;1345.40;-54.45;2745.25
1400.66;1343.01;-57.66;2743.67
1403.10;1344.86;-58.24;2747.96
1402.12;1344.33;-57.79;2746.45
1401.94;1345.53;-56.41;2747.47
1400.49;1343.28;-57.21;2743.78
1402.50;1345.42;-57.08;2747.92
1400.72;1342.94;-57.78;2743.66
1400.46;1343.18;-57.29;2743.64
1402.21;1329.80;-72.41;2732.01
1404.75;1343.90;-60.85;2748.65
1402.05;1345.35;-56.71;2747.40
1400.78;1344.74;-56.04;2745.51
1401.91;1342.51;-59.39;2744.42
1404.58;1344.24;-60.34;2748.81
1401.49;1329.35;-72.14;2730.84
1401.06;1344.38;-56.68;2745.45
1402.91;1343.72;-59.19;2746.63
1403.21;1343.50;-59.71;2746.71
1401.92;1345.65;-56.28;2747.57
1400.34;1337.69;-62.64;2738.03
1402.92;1343.27;-59.65;2746.19
1403.68;1344.99;-58.69;2748.66
1402.19;1346.03;-56.16;2748.22
1400.61;1342.44;-58.16;2743.05
1405.05;1342.57;-62.48;2747.62
1404.79;1339.42;-65.37;2744.21
1402.64;1342.57;-60.06;2745.21
1401.06;1344.16;-56.90;2745.23
1401.49;1343.10;-58.39;2744.59
1408.42;1341.30;-67.12;2749.72
1402.18;1331.91;-70.26;2734.09
1400.61;1344.53;-56.08;2745.14
1403.72;1333.34;-70.39;2737.06
1404.74;1341.40;-63.34;2746.14
1402.36;1344.56;-57.81;2746.92
1400.19;1331.49;-68.70;2731.69
1403.36;1342.68;-60.69;2746.04
1405.06;1340.92;-64.14;2745.98
1400.99;1331.24;-69.76;2732.23
1397.58;1343.66;-53.92;2741.25
1403.28;1341.48;-61.80;2744.76
1405.62;1343.06;-62.56;2748.69
1404.06;1344.28;-59.79;2748.34
1398.21;1339.39;-58.82;2737.59
1402.45;1343.42;-59.03;2745.86
1404.49;1343.48;-61.01;2747.96
1405.03;1345.22;-59.81;2750.25
1398.64;1344.46;-54.18;2743.11
1400.73;1341.98;-58.75;2742.71
1405.69;1344.19;-61.50;2749.88
1401.49;1344.74;-56.75;2746.23
1398.32;1342.67;-55.65;2740.99
1403.89;1341.60;-62.29;2745.49
1402.14;1342.79;-59.35;2744.94
1405.31;1344.16;-61.15;2749.48
1401.40;1341.20;-60.20;2742.60
1403.95;1342.84;-61.11;2746.79
1402.62;1330.26;-72.36;2732.88
1402.02;1333.44;-68.59;2735.46
1400.78;1326.99;-73.78;2727.77
1404.05;1337.27;-66.78;2741.32
1404.59;1343.13;-61.46;2747.72
1402.13;1344.40;-57.73;2746.53
1399.92;1340.22;-59.70;2740.14
1403.99;1343.85;-60.14;2747.84
1406.48;1343.22;-63.25;2749.70
1402.15;1344.39;-57.76;2746.54
1397.69;1344.02;-53.67;2741.72
1402.78;1342.99;-59.79;2745.78
1403.67;1341.74;-61.94;2745.41
1401.19;1345.47;-55.72;2746.66
1401.77;1344.32;-57.45;2746.09
1403.96;1343.36;-60.60;2747.32
1402.99;1343.04;-59.95;2746.03
1402.71;1345.14;-57.57;2747.85
1401.18;1343.61;-57.57;2744.79
1401.09;1328.38;-72.71;2729.48
1404.13;1336.47;-67.66;2740.60
1398.75;1343.69;-55.06;2742.45
1398.02;1345.01;-53.01;2743.02
1402.73;1341.84;-60.89;2744.57
1404.93;1330.57;-74.36;2735.50
1403.57;1344.54;-59.03;2748.11
1400.12;1344.70;-55.42;2744.82
1400.96;1344.16;-56.80;2745.13
1405.44;1343.33;-62.11;2748.77
1401.66;1344.23;-57.44;2745.89
1399.38;1344.42;-54.96;2743.79
1403.52;1340.74;-62.79;2744.26
1402.79;1344.97;-57.82;2747.76
1400.12;1345.19;-54.93;2745.31
1400.92;1344.28;-56.64;2745.21
1404.54;1343.68;-60.86;2748.22
1406.96;1344.48;-62.48;2751.44
1401.99;1342.39;-59.59;2744.38
1400.12;1342.55;-57.56;2742.67
1403.39;1342.37;-61.02;2745.76
1408.75;1341.37;-67.38;2750.12
1403.42;1345.67;-57.75;2749.09
1401.55;1344.49;-57.06;2746.05
1403.57;1342.90;-60.67;2746.47
1405.28;1343.81;-61.47;2749.09
1401.36;1344.29;-57.08;2745.65
1398.76;1331.25;-67.52;2730.01
1401.00;1343.76;-57.24;2744.76
1405.65;1344.65;-60.99;2750.30
1403.36;1344.96;-58.41;2748.32
1400.82;1343.88;-56.95;2744.70
1402.20;1342.62;-59.58;2744.82
1403.02;1343.10;-59.92;2746.12
1404.02;1343.74;-60.28;2747.75
1401.04;1343.44;-57.60;2744.47
1403.15;1343.69;-59.46;2746.85
1402.56;1340.75;-61.81;2743.31
1400.08;1337.38;-62.71;2737.46
1400.33;1332.09;-68.24;2732.42
1402.14;1339.04;-63.10;2741.18
1406.95;1343.62;-63.33;2750.56
1402.48;1345.01;-57.46;2747.49
1402.79;1343.74;-59.05;2746.54
1402.86;1342.05;-60.81;2744.92
1404.26;1343.32;-60.95;2747.58
1404.49;1344.45;-60.04;2748.94
1401.29;1343.58;-57.71;2744.87
1400.29;1341.61;-58.68;2741.89
1405.86;1345.36;-60.51;2751.22
1401.27;1344.61;-56.66;2745.88
1400.15;1343.23;-56.92;2743.38
1404.92;1330.24;-74.68;2735.16
1405.33;1344.47;-60.86;2749.80
1399.13;1345.80;-53.33;2744.93
1400.97;1344.50;-56.47;2745.47
1402.96;1333.45;-69.52;2736.41
1404.99;1342.41;-62.58;2747.39
1403.02;1337.85;-65.17;2740.86
1398.38;1343.41;-54.97;2741.79
1400.24;1343.33;-56.91;2743.57
1403.95;1338.01;-65.94;2741.96
1397.58;1344.05;-53.53;2741.64
1398.44;1344.31;-54.14;2742.75
1402.52;1342.83;-59.69;2745.35
1406.18;1327.53;-78.65;2733.71
1401.79;1343.58;-58.22;2745.37
1399.88;1344.79;-55.09;2744.67
1405.58;1343.32;-62.26;2748.91
1403.75;1344.60;-59.15;2748.35
1399.08;1345.84;-53.24;2744.91
1400.64;1343.62;-57.02;2744.25
1404.22;1341.99;-62.23;2746.21
1401.36;1343.81;-57.55;2745.16
1402.68;1333.11;-69.56;2735.79
1399.96;1340.94;-59.03;2740.90
1403.77;1341.27;-62.50;2745.04
1403.84;1343.90;-59.94;2747.74
1401.73;1345.86;-55.86;2747.59
1398.68;1344.78;-53.90;2743.46
1403.53;1343.10;-60.43;2746.63
1404.41;1344.62;-59.79;2749.04
1399.80;1345.75;-54.05;2745.55
1399.74;1343.97;-55.77;2743.71
1400.54;1342.95;-57.59;2743.49
1400.96;1344.44;-56.52;2745.39
1400.43;1347.26;-53.16;2747.69
1399.48;1344.73;-54.75;2744.21
1401.84;1339.68;-62.16;2741.52
1402.22;1344.12;-58.11;2746.34
1402.52;1345.45;-57.08;2747.97
1396.43;1344.43;-52.00;2740.86
1403.44;1342.51;-60.94;2745.95
1404.47;1343.00;-61.47;2747.47
1398.70;1343.44;-55.26;2742.14
1399.10;1345.41;-53.69;2744.51
1400.33;1343.08;-57.25;2743.41
1405.08;1341.62;-63.46;2746.71
1400.14;1345.59;-54.55;2745.74
1399.56;1341.68;-57.89;2741.24
1401.28;1342.45;-58.82;2743.73
1404.52;1343.79;-60.72;2748.31
1402.04;1347.45;-54.59;2749.49
1400.26;1342.44;-57.82;2742.71
1401.81;1329.52;-72.29;2731.34
1403.01;1344.74;-58.28;2747.75
1402.18;1346.12;-56.06;2748.30
1399.82;1345.19;-54.64;2745.01
1402.67;1342.13;-60.54;2744.80
1408.65;1345.12;-63.53;2753.76
1403.96;1345.29;-58.68;2749.25
1399.99;1339.61;-60.38;2739.60
1401.45;1341.89;-59.55;2743.34
1402.21;1345.48;-56.74;2747.69
1401.12;1345.77;-55.35;2746.89
1399.91;1340.98;-58.93;2740.88
1402.31;1340.55;-61.76;2742.86
1404.55;1342.36;-62.19;2746.91
1403.18;1346.80;-56.38;2749.98
1399.74;1343.79;-55.94;2743.53
1400.88;1333.08;-67.80;2733.95
1403.44;1341.62;-61.81;2745.06
1400.08;1343.60;-56.48;2743.68
1399.06;1341.32;-57.75;2740.38
1403.82;1342.87;-60.95;2746.69
1406.46;1343.56;-62.90;2750.02
1402.10;1345.66;-56.44;2747.76
1399.73;1343.82;-55.91;2743.55
1402.96;1342.71;-60.26;2745.67
1402.26;1343.94;-58.32;2746.21
1402.92;1345.69;-57.22;2748.61
1403.04;1341.56;-61.48;2744.59
1403.06;1328.62;-74.44;2731.68
1405.68;1332.86;-72.82;2738.54
1399.04;1331.22;-67.82;2730.25
1400.63;1344.99;-55.64;2745.62
1404.09;1341.30;-62.79;2745.39
1403.09;1330.29;-72.80;2733.38
1399.18;1345.90;-53.28;2745.08
1399.97;1341.86;-58.11;2741.83
1404.96;1342.54;-62.42;2747.51
1405.03;1345.06;-59.96;2750.09
1401.95;1340.76;-61.18;2742.71
1398.68;1342.59;-56.08;2741.27
1402.85;1343.66;-59.19;2746.52
1404.86;1343.15;-61.71;2748.01
1401.82;1346.04;-55.78;2747.85
1400.59;1331.94;-68.66;2732.53
1402.58;1343.93;-58.65;2746.51
1403.29;1343.89;-59.41;2747.18
1401.00;1342.37;-58.63;2743.37
1400.30;1344.26;-56.04;2744.56
1402.05;1340.08;-61.98;2742.13
1405.60;1332.59;-73.01;2738.19
1401.61;1346.16;-55.45;2747.77
1401.56;1343.96;-57.60;2745.52
1403.45;1342.77;-60.68;2746.22
1403.71;1340.87;-62.84;2744.58
1403.18;1338.91;-64.26;2742.09
1396.20;1343.82;-52.38;2740.02
1400.92;1342.44;-58.48;2743.36
1403.09;1345.43;-57.66;2748.52
1400.52;1345.51;-55.02;2746.03
1400.59;1342.64;-57.95;2743.22
1400.35;1329.95;-70.40;2730.31
1404.76;1340.85;-63.91;2745.61
1401.39;1338.03;-63.36;2739.42
1400.08;1328.91;-71.16;2728.99
1402.89;1342.79;-60.10;2745.69
1404.39;1344.09;-60.30;2748.48
1401.58;1330.89;-70.69;2732.48
1400.44;1342.85;-57.58;2743.29
1400.74;1344.09;-56.65;2744.84
1407.62;1340.96;-66.66;2748.59
1402.29;1337.75;-64.54;2740.05
1401.87;1342.68;-59.19;2744.55
1404.44;1329.39;-75.04;2733.83
1403.55;1342.67;-60.88;2746.22
1400.91;1345.39;-55.51;2746.30
1398.94;1345.07;-53.86;2744.01
1401.34;1343.10;-58.24;2744.44
1401.99;1344.98;-57.01;2746.98
1401.62;1347.52;-54.09;2749.14
1400.96;1328.84;-72.13;2729.80
1402.91;1344.36;-58.55;2747.26
1403.22;1344.62;-58.60;2747.85
1401.54;1345.01;-56.52;2746.55
1399.54;1343.12;-56.41;2742.66
1402.74;1335.56;-67.18;2738.31
1409.46;1345.12;-64.35;2754.58
1407.47;1346.42;-61.05;2753.89
1399.84;1340.55;-59.28;2740.39
1402.33;1342.58;-59.75;2744.91
1404.04;1339.79;-64.25;2743.83
1402.11;1335.26;-66.84;2737.37
1407.19;1345.06;-62.12;2752.25
1400.85;1344.12;-56.73;2744.98
1404.11;1343.81;-60.31;2747.92
1401.28;1347.57;-53.71;2748.85
1400.83;1344.64;-56.19;2745.46
1402.37;1344.01;-58.36;2746.38
1404.45;1344.65;-59.80;2749.11
1399.44;1346.72;-52.72;2746.16
1399.23;1346.36;-52.86;2745.59
1403.36;1344.05;-59.31;2747.41
1403.88;1329.34;-74.54;2733.22
1400.61;1343.67;-56.94;2744.28
1400.63;1335.78;-64.85;2736.41
1401.01;1343.72;-57.29;2744.74
1404.08;1344.74;-59.34;2748.82
1401.55;1346.31;-55.24;2747.86
1402.86;1342.96;-59.89;2745.82
1400.36;1339.18;-61.18;2739.54
1403.44;1344.74;-58.70;2748.18
1401.32;1345.79;-55.53;2747.11
1401.85;1345.28;-56.57;2747.14
1402.12;1332.35;-69.78;2734.47
1404.49;1342.34;-62.16;2746.83
1402.34;1344.85;-57.49;2747.19
1402.68;1332.84;-69.85;2735.52
1403.00;1343.45;-59.55;2746.45
1403.81;1333.06;-70.74;2736.87
1402.16;1334.69;-67.46;2736.85
1399.41;1344.88;-54.54;2744.29
1402.35;1343.02;-59.34;2745.37
1404.88;1345.25;-59.63;2750.12
1401.30;1346.49;-54.81;2747.79
1398.26;1344.64;-53.62;2742.89
1405.10;1342.58;-62.52;2747.68
1403.79;1343.42;-60.37;2747.21
1398.20;1343.32;-54.88;2741.52
1399.79;1342.94;-56.85;2742.73
1403.74;1341.02;-62.72;2744.76
1403.45;1339.92;-63.53;2743.36
1403.52;1347.15;-56.38;2750.67
1401.69;1342.91;-58.78;2744.59
1400.75;1342.95;-57.80;2743.69
1402.19;1344.98;-57.21;2747.17
1400.32;1347.46;-52.86;2747.78
1401.04;1344.05;-56.99;2745.08
1402.23;1343.47;-58.76;2745.70
1401.93;1344.42;-57.51;2746.35
1400.03;1345.78;-54.25;2745.81
1397.56;1344.72;-52.85;2742.28
1400.96;1342.35;-58.61;2743.31
1404.69;1344.58;-60.12;2749.27
1400.69;1346.36;-54.33;2747.06
1401.85;1344.35;-57.50;2746.21
1398.35;1344.87;-53.48;2743.22
1403.02;1338.00;-65.02;2741.02
1402.85;1346.55;-56.30;2749.39
1398.55;1334.96;-63.59;2733.51
1400.36;1343.19;-57.17;2743.56
1404.71;1345.68;-59.03;2750.38
1402.70;1345.81;-56.89;2748.51
1397.89;1345.52;-52.37;2743.41
1400.09;1343.77;-56.32;2743.86
1403.67;1339.38;-64.29;2743.05
1399.31;1347.60;-51.71;2746.91
1396.66;1334.80;-61.86;2731.46
1402.30;1343.66;-58.64;2745.96
1405.99;1345.30;-60.69;2751.29
1400.81;1347.69;-53.12;2748.50
1399.25;1344.41;-54.85;2743.66
1400.45;1335.68;-64.77;2736.12
1401.47;1344.71;-56.76;2746.18
1398.51;1346.39;-52.11;2744.90
1399.86;1338.10;-61.76;2737.96
1401.73;1343.22;-58.51;2744.95
1403.41;1346.17;-57.24;2749.58
1400.92;1346.69;-54.23;2747.62
1399.81;1339.09;-60.72;2738.90
1402.92;1334.93;-67.99;2737.85
1404.45;1342.35;-62.11;2746.80
1400.97;1346.20;-54.77;2747.17
1397.64;1331.83;-65.81;2729.46
1400.52;1343.50;-57.02;2744.02
1403.05;1345.29;-57.75;2748.34
1400.84;1346.85;-53.99;2747.69
1398.52;1343.93;-54.59;2742.45
1401.21;1343.02;-58.19;2744.23
1403.07;1344.28;-58.79;2747.35
1399.48;1347.08;-52.41;2746.56
1397.58;1344.68;-52.91;2742.26
1405.28;1338.38;-66.91;2743.66
1402.48;1345.45;-57.03;2747.94
1399.42;1346.21;-53.21;2745.62
1399.04;1345.31;-53.72;2744.35
1404.58;1331.04;-73.55;2735.62
1400.00;1344.57;-55.43;2744.57
1403.59;1347.15;-56.44;2750.74
1399.47;1344.24;-55.24;2743.71
1400.54;1338.04;-62.49;2738.58
1400.61;1346.11;-54.50;2746.72
1402.37;1347.21;-55.16;2749.58
1401.30;1343.36;-57.94;2744.66
1401.99;1343.72;-58.27;2745.72
1403.77;1345.83;-57.94;2749.60
1401.76;1346.72;-55.04;2748.48
1400.85;1344.28;-56.58;2745.13
1398.88;1335.16;-63.72;2734.05
1402.74;1343.48;-59.26;2746.22
1398.74;1345.63;-53.11;2744.37
1400.52;1344.94;-55.59;2745.46
1403.07;1343.12;-59.95;2746.19
1404.46;1344.52;-59.95;2748.98
1401.45;1345.21;-56.24;2746.66
1402.08;1341.42;-60.66;2743.51
1401.16;1342.94;-58.23;2744.10
1402.64;1343.75;-58.88;2746.39
1396.40;1348.66;-47.74;2745.06
1405.66;1345.11;-60.56;2750.77
1402.99;1343.95;-59.04;2746.95
1404.64;1346.95;-57.69;2751.58
1400.03;1347.15;-52.88;2747.18
1398.77;1336.36;-62.41;2735.14
1399.71;1330.87;-68.84;2730.58
1402.81;1346.34;-56.47;2749.14
1400.17;1345.98;-54.19;2746.15
1400.60;1342.60;-58.00;2743.20
1401.68;1342.69;-58.98;2744.37
1403.44;1345.55;-57.89;2748.98
1400.39;1347.42;-52.97;2747.81
1400.32;1345.69;-54.64;2746.01
1401.90;1343.45;-58.45;2745.35
1404.79;1343.32;-61.46;2748.11
1398.52;1347.19;-51.33;2745.72
1395.45;1340.65;-54.80;2736.09
1402.10;1344.33;-57.77;2746.43
1402.76;1343.28;-59.49;2746.04
1402.49;1347.72;-54.77;2750.21
1396.33;1344.25;-52.08;2740.58
1402.15;1344.07;-58.08;2746.22
1401.57;1332.80;-68.77;2734.37
1401.44;1345.04;-56.40;2746.47
1400.59;1345.66;-54.94;2746.25
1402.72;1344.94;-57.78;2747.65
1402.87;1337.28;-65.59;2740.15
1398.96;1347.64;-51.32;2746.60
1398.76;1344.69;-54.07;2743.45
1402.76;1343.80;-58.96;2746.56
1403.18;1345.06;-58.12;2748.24
1400.05;1347.31;-52.74;2747.35
1399.15;1344.96;-54.19;2744.11
1401.96;1344.77;-57.19;2746.74
1403.47;1346.01;-57.46;2749.48
1398.36;1347.79;-50.56;2746.15
1404.85;1345.32;-59.53;2750.16
1403.02;1342.88;-60.15;2745.90
1401.43;1346.73;-54.70;2748.16
1401.24;1347.41;-53.83;2748.64
1400.11;1345.43;-54.68;2745.54
1402.75;1342.39;-60.35;2745.14
1402.54;1343.73;-58.81;2746.26
1400.23;1345.91;-54.32;2746.14
1399.64;1344.41;-55.23;2744.04
1401.94;1344.61;-57.34;2746.55
1401.95;1344.76;-57.19;2746.72
1399.74;1347.04;-52.71;2746.78
1402.25;1343.28;-58.97;2745.54
1401.00;1344.10;-56.90;2745.10
1402.40;1345.69;-56.71;2748.09
1399.55;1346.12;-53.43;2745.68
1400.10;1344.88;-55.22;2744.98
1402.00;1344.22;-57.78;2746.22
1404.88;1346.65;-58.22;2751.53
1401.16;1347.88;-53.29;2749.04
1399.21;1344.93;-54.28;2744.14
1402.17;1342.70;-59.47;2744.87
1400.77;1345.29;-55.48;2746.06
1400.30;1345.79;-54.51;2746.09
1399.90;1329.45;-70.45;2729.35
1401.11;1343.44;-57.67;2744.55
1404.01;1344.93;-59.08;2748.94
1403.71;1346.39;-57.32;2750.10
1399.52;1345.23;-54.29;2744.75
1403.51;1342.46;-61.05;2745.97
1401.87;1346.08;-55.79;2747.95
1396.13;1347.16;-48.97;2743.29
1400.26;1344.11;-56.16;2744.37
1399.66;1341.21;-58.45;2740.88
1403.90;1345.37;-58.53;2749.27
1400.91;1340.71;-60.21;2741.62
1398.25;1345.99;-52.25;2744.24
1403.61;1343.52;-60.09;2747.14
1403.13;1345.31;-57.82;2748.44
1397.84;1347.72;-50.12;2745.56
1400.51;1344.86;-55.65;2745.38
1402.12;1343.18;-58.95;2745.30
1407.55;1346.72;-60.84;2754.27
1401.76;1332.16;-69.60;2733.92
1401.02;1344.07;-56.95;2745.09
1403.68;1332.36;-71.32;2736.05
1404.58;1343.97;-60.61;2748.55
1402.91;1345.96;-56.95;2748.86
1400.92;1341.98;-58.94;2742.90
1401.46;1343.03;-58.43;2744.49
1403.76;1334.37;-69.39;2738.13
1401.52;1346.33;-55.19;2747.85
1402.49;1344.24;-58.25;2746.72
1401.82;1342.29;-59.54;2744.11
1405.82;1346.46;-59.36;2752.29
1401.62;1346.39;-55.24;2748.01
1400.18;1344.72;-55.45;2744.90
1402.82;1342.97;-59.85;2745.79
1402.00;1343.95;-58.05;2745.95
1402.46;1345.58;-56.88;2748.04
1401.04;1344.90;-56.14;2745.94
1403.67;1337.98;-65.69;2741.65
1403.56;1345.59;-57.97;2749.15
1399.78;1338.76;-61.01;2738.54
1401.31;1344.40;-56.91;2745.71
1402.88;1342.61;-60.27;2745.48
1403.76;1345.24;-58.52;2749.00
1400.79;1345.35;-55.44;2746.14
1401.95;1343.98;-57.97;2745.94
1403.21;1329.17;-74.04;2732.38
1406.94;1341.09;-65.85;2748.03
1402.21;1342.68;-59.53;2744.88
1399.86;1342.79;-57.06;2742.65
1403.17;1344.15;-59.02;2747.32
1402.29;1342.52;-59.77;2744.81
1403.03;1344.93;-58.10;2747.96
1400.72;1344.39;-56.33;2745.11
1399.79;1342.92;-56.88;2742.71
1403.75;1344.50;-59.25;2748.25
1402.01;1343.32;-58.69;2745.34
1401.08;1343.78;-57.30;2744.85
1402.79;1329.32;-73.47;2732.12
1400.99;1345.78;-55.21;2746.76
1401.55;1343.08;-58.47;2744.62
1398.45;1344.82;-53.63;2743.26
1402.29;1341.81;-60.49;2744.10
1402.83;1344.74;-58.09;2747.56
1402.18;1342.53;-59.65;2744.71
1401.54;1343.04;-58.49;2744.58
1404.20;1341.94;-62.26;2746.14
1402.52;1345.25;-57.27;2747.76
1404.25;1345.66;-58.59;2749.91
1398.13;1327.39;-70.74;2725.52
1405.03;1342.25;-62.78;2747.28
1402.41;1343.57;-58.84;2745.98
1401.26;1344.31;-56.96;2745.57
1399.57;1344.54;-55.04;2744.11
1401.56;1341.69;-59.88;2743.25
1403.81;1344.16;-59.64;2747.97
1401.81;1345.26;-56.54;2747.07
1399.48;1342.45;-57.03;2741.92
1402.55;1342.81;-59.74;2745.36
1402.94;1333.17;-69.77;2736.11
1402.43;1344.02;-58.41;2746.45
1401.44;1344.21;-57.24;2745.65
1403.61;1336.12;-67.49;2739.72
1402.63;1344.75;-57.88;2747.38
1400.36;1343.58;-56.79;2743.94
1400.92;1344.41;-56.51;2745.34
1402.63;1330.24;-72.39;2732.86
1400.25;1344.52;-55.74;2744.77
1401.79;1334.84;-66.95;2736.64
1401.55;1344.04;-57.52;2745.59
1406.98;1342.39;-64.59;2749.36
1402.15;1343.64;-58.51;2745.78
1401.61;1341.37;-60.24;2742.98
1402.39;1344.78;-57.61;2747.16
1403.02;1336.48;-66.54;2739.51
1402.24;1344.18;-58.06;2746.41
1400.31;1346.80;-53.51;2747.11
1400.99;1343.13;-57.86;2744.12
1403.35;1343.30;-60.05;2746.65
1404.14;1342.67;-61.46;2746.81
1401.20;1340.25;-60.95;2741.45
1401.99;1343.37;-58.62;2745.36
1402.58;1342.46;-60.11;2745.04
1403.22;1344.59;-58.64;2747.81
1401.45;1346.58;-54.86;2748.03
1401.66;1343.85;-57.81;2745.51
1400.62;1337.77;-62.85;2738.39
1403.26;1344.21;-59.05;2747.47
1401.81;1346.43;-55.38;2748.24
1402.12;1343.64;-58.48;2745.75
1402.27;1342.82;-59.45;2745.09
1400.22;1343.75;-56.47;2743.96
1401.95;1342.73;-59.22;2744.68
1400.06;1342.27;-57.79;2742.33
1402.80;1343.22;-59.58;2746.02
1404.16;1345.16;-59.00;2749.32
1401.00;1346.72;-54.28;2747.72
1400.19;1345.29;-54.90;2745.49
1402.57;1341.96;-60.61;2744.54
1403.02;1344.95;-58.07;2747.96
1401.13;1335.59;-65.54;2736.72
1400.47;1343.29;-57.18;2743.76
1402.00;1342.69;-59.31;2744.69
1403.49;1345.44;-58.06;2748.93
1402.62;1344.61;-58.01;2747.23
1400.73;1344.74;-55.99;2745.46
1403.84;1343.21;-60.62;2747.05
1399.23;1344.95;-54.28;2744.18
1407.11;1346.56;-60.54;2753.67
1398.34;1344.74;-53.60;2743.07
1402.01;1343.21;-58.80;2745.22
1402.41;1345.19;-57.21;2747.60
1400.09;1345.95;-54.14;2746.05
1401.59;1344.30;-57.29;2745.89
1401.56;1342.16;-59.40;2743.73
1403.71;1342.03;-61.68;2745.74
1401.75;1339.79;-61.96;2741.54
1398.28;1344.96;-53.32;2743.24
1400.74;1342.14;-58.60;2742.87
1402.66;1344.56;-58.10;2747.23
1403.28;1347.56;-55.72;2750.84
1401.07;1340.71;-60.36;2741.78
1403.96;1343.09;-60.87;2747.06
1401.75;1343.98;-57.76;2745.73
1401.52;1347.14;-54.39;2748.66
1400.01;1344.35;-55.66;2744.36
1403.51;1340.38;-63.12;2743.89
1401.24;1333.56;-67.67;2734.80
1402.52;1345.62;-56.90;2748.14
1402.57;1344.16;-58.41;2746.73
1400.84;1343.14;-57.70;2743.97
1403.90;1342.89;-61.01;2746.79
1401.46;1332.30;-69.16;2733.76
1402.15;1344.58;-57.58;2746.73
1402.96;1342.72;-60.24;2745.69
1400.24;1344.60;-55.64;2744.84
1399.23;1334.69;-64.54;2733.92
1398.67;1344.51;-54.16;2743.18
1402.30;1342.03;-60.27;2744.33
1404.14;1346.31;-57.83;2750.44
1401.06;1346.54;-54.53;2747.60
1400.15;1344.54;-55.61;2744.69
1400.14;1342.70;-57.44;2742.84
1402.08;1344.95;-57.13;2747.02
1402.02;1336.30;-65.72;2738.32
1403.73;1344.16;-59.57;2747.89
1401.79;1342.84;-58.95;2744.63
1402.70;1336.71;-65.99;2739.41
1401.39;1346.18;-55.22;2747.57
1400.91;1342.98;-57.94;2743.89
1403.39;1342.77;-60.62;2746.16
1402.19;1344.56;-57.64;2746.75
1401.04;1346.62;-54.42;2747.66
1404.00;1335.95;-68.05;2739.95
1403.56;1334.88;-68.68;2738.44
1401.51;1344.61;-56.91;2746.12
1402.04;1347.03;-55.01;2749.06
1404.39;1343.17;-61.22;2747.56
1401.04;1326.25;-74.79;2727.29
1401.11;1344.24;-56.86;2745.35
1402.06;1346.10;-55.96;2748.16
1403.37;1343.05;-60.32;2746.42
1402.67;1342.09;-60.58;2744.76
1404.56;1344.10;-60.46;2748.66
1405.12;1345.78;-59.34;2750.89
1400.03;1344.11;-55.92;2744.14
1402.36;1340.94;-61.43;2743.30
1404.12;1342.54;-61.58;2746.66
1402.95;1344.74;-58.21;2747.68
1403.00;1343.96;-59.04;2746.96
1404.80;1342.39;-62.41;2747.19
1406.05;1342.80;-63.25;2748.85
1399.48;1345.86;-53.62;2745.35
1400.97;1330.59;-70.38;2731.56
1401.69;1343.31;-58.38;2744.99
1402.65;1335.28;-67.37;2737.94
1401.99;1344.55;-57.44;2746.54
1400.98;1344.41;-56.56;2745.39
1402.47;1338.81;-63.66;2741.28
1402.79;1336.68;-66.12;2739.47
1399.67;1347.54;-52.13;2747.21
1400.10;1345.78;-54.32;2745.88
1403.86;1342.23;-61.64;2746.09
1404.04;1344.92;-59.12;2748.95
1401.88;1345.99;-55.89;2747.87
1402.16;1341.19;-60.97;2743.36
1404.75;1343.09;-61.66;2747.84
1403.15;1345.57;-57.58;2748.72
1399.88;1346.01;-53.87;2745.89
1401.48;1344.35;-57.13;2745.82
1402.46;1341.20;-61.26;2743.66
1402.34;1345.49;-56.85;2747.83
1398.53;1347.18;-51.35;2745.71
1397.95;1331.64;-66.31;2729.59
1403.45;1343.24;-60.21;2746.69
1403.40;1344.12;-59.28;2747.52
1403.06;1346.59;-56.47;2749.65
1398.94;1344.53;-54.41;2743.46
1400.88;1329.92;-70.96;2730.81
1402.36;1345.90;-56.46;2748.26
1400.51;1346.06;-54.45;2746.57
1402.77;1345.93;-56.84;2748.70
1402.52;1343.06;-59.46;2745.58
1401.39;1344.69;-56.70;2746.08
1401.15;1347.21;-53.94;2748.36
1401.10;1344.38;-56.72;2745.48
1402.22;1343.47;-58.75;2745.69
1402.84;1345.96;-56.88;2748.81
1401.31;1346.46;-54.85;2747.76
1402.13;1344.27;-57.86;2746.40
1402.97;1342.83;-60.14;2745.80
1402.76;1344.88;-57.88;2747.64
1401.91;1346.46;-55.44;2748.37
1402.16;1344.66;-57.50;2746.82
1402.23;1343.11;-59.12;2745.34
1402.76;1345.09;-57.67;2747.85
1401.06;1346.54;-54.52;2747.59
1401.12;1342.49;-58.62;2743.61
1402.18;1329.71;-72.47;2731.88
1400.09;1344.02;-56.07;2744.12
1397.76;1345.65;-52.12;2743.41
1403.87;1342.15;-61.72;2746.02
1403.85;1341.46;-62.39;2745.31
1401.44;1344.89;-56.55;2746.32
1396.28;1346.47;-49.81;2742.75
1401.13;1344.92;-56.21;2746.05
1404.74;1337.36;-67.38;2742.10
1402.77;1344.09;-58.68;2746.86
1400.98;1343.92;-57.06;2744.89
1402.46;1345.17;-57.29;2747.64
1402.87;1337.42;-65.45;2740.29
1403.56;1330.21;-73.35;2733.77
1401.51;1346.07;-55.44;2747.58
1402.17;1336.95;-65.22;2739.12
1402.95;1342.94;-60.02;2745.89
1401.54;1345.39;-56.14;2746.93
1400.20;1346.69;-53.51;2746.89
1403.65;1345.49;-58.16;2749.15
1400.91;1342.32;-58.59;2743.23
1402.71;1346.39;-56.32;2749.09
1397.76;1331.47;-66.29;2729.24
1402.11;1344.74;-57.36;2746.85
1401.95;1341.31;-60.65;2743.26
1400.88;1346.38;-54.51;2747.26
1399.39;1346.79;-52.61;2746.18
1401.64;1344.53;-57.11;2746.16
1399.95;1343.82;-56.13;2743.76
1400.28;1342.69;-57.59;2742.97
1398.45;1346.71;-51.74;2745.16
1398.74;1345.44;-53.29;2744.18
1402.34;1344.48;-57.85;2746.82
1401.07;1345.11;-55.96;2746.18
1398.54;1347.39;-51.15;2745.92
1400.69;1344.72;-55.97;2745.42
1401.60;1331.06;-70.54;2732.66
1402.24;1344.97;-57.27;2747.21
1400.12;1343.97;-56.15;2744.09
1399.77;1345.06;-54.71;2744.83
1404.35;1341.94;-62.42;2746.29
1400.58;1344.54;-56.04;2745.12
1399.87;1346.10;-53.77;2745.97
1401.63;1345.01;-56.62;2746.64
1403.40;1343.30;-60.10;2746.70
1401.40;1345.19;-56.21;2746.59
1401.29;1346.38;-54.92;2747.67
1402.14;1344.57;-57.57;2746.71
1404.24;1343.05;-61.19;2747.29
1403.05;1344.28;-58.78;2747.33
1403.45;1347.39;-56.05;2750.84
1401.95;1344.49;-57.46;2746.45
1403.31;1341.48;-61.84;2744.79
1402.71;1346.36;-56.35;2749.08
1400.68;1347.91;-52.77;2748.59
1402.15;1346.12;-56.02;2748.27
1401.22;1345.35;-55.87;2746.56
1401.97;1346.43;-55.54;2748.40
1399.43;1348.32;-51.11;2747.75
1405.04;1343.49;-61.54;2748.53
1402.19;1344.02;-58.17;2746.21
1401.21;1347.56;-53.65;2748.78
1397.71;1343.19;-54.52;2740.91
1398.57;1337.13;-61.44;2735.70
1400.51;1344.02;-56.49;2744.52
1401.82;1346.41;-55.41;2748.24
1400.16;1347.75;-52.41;2747.92
1399.26;1341.04;-58.22;2740.29
1398.06;1341.71;-56.36;2739.77
1399.78;1343.21;-56.57;2742.99
1399.84;1347.64;-52.19;2747.48
1401.01;1342.62;-58.39;2743.64
1398.73;1341.82;-56.91;2740.55
1400.19;1343.14;-57.06;2743.33
1401.35;1347.06;-54.29;2748.41
1401.00;1343.78;-57.22;2744.78
1400.22;1341.73;-58.49;2741.95
1402.68;1343.61;-59.06;2746.29
1401.63;1328.69;-72.94;2730.32
1402.81;1345.01;-57.80;2747.81
1402.38;1342.58;-59.80;2744.95
1401.04;1344.09;-56.95;2745.12
1402.87;1346.46;-56.41;2749.34
1400.48;1344.14;-56.34;2744.61
1403.45;1330.48;-72.96;2733.93
1400.68;1345.22;-55.45;2745.90
1398.70;1347.15;-51.55;2745.85
1402.12;1331.72;-70.40;2733.84
1402.46;1342.58;-59.89;2745.04
1401.23;1346.22;-55.01;2747.45
1400.13;1348.15;-51.98;2748.28
1400.35;1341.25;-59.11;2741.60
1401.85;1342.49;-59.36;2744.34
1398.54;1345.29;-53.25;2743.83
1397.50;1347.35;-50.15;2744.85
1401.28;1337.65;-63.64;2738.93
1402.39;1343.42;-58.97;2745.81
1402.45;1345.56;-56.89;2748.01
1399.11;1331.96;-67.15;2731.07
1398.92;1342.42;-56.49;2741.34
1401.28;1327.55;-73.74;2728.83
1402.85;1346.61;-56.24;2749.46
1402.40;1346.58;-55.82;2748.98
1398.72;1344.62;-54.10;2743.35
1401.89;1340.97;-60.92;2742.86
1400.15;1346.53;-53.62;2746.68
1400.16;1347.89;-52.27;2748.06
1404.39;1344.58;-59.82;2748.97
1402.15;1342.72;-59.44;2744.87
1402.11;1332.78;-69.33;2734.89
1398.65;1344.14;-54.52;2742.79
1399.47;1343.54;-55.93;2743.01
1404.28;1342.84;-61.44;2747.11
1402.54;1345.28;-57.26;2747.82
1401.36;1332.41;-68.95;2733.76
1398.31;1344.11;-54.21;2742.42
1402.36;1343.53;-58.84;2745.89
1399.74;1343.24;-56.49;2742.98
1397.95;1340.03;-57.92;2737.98
1399.72;1330.28;-69.45;2730.00
1398.61;1342.83;-55.78;2741.44
1403.19;1346.16;-57.04;2749.35
1403.01;1346.24;-56.78;2749.25
1400.99;1336.23;-64.76;2737.22
1404.48;1343.62;-60.86;2748.09
1402.82;1345.34;-57.48;2748.16
1401.24;1338.22;-63.02;2739.45
1401.49;1333.16;-68.33;2734.65
1403.94;1343.02;-60.92;2746.96
1400.59;1346.73;-53.86;2747.32
1398.85;1345.51;-53.34;2744.36
1400.69;1345.19;-55.50;2745.89
1402.16;1327.78;-74.39;2729.94
1402.74;1346.51;-56.22;2749.25
1399.71;1348.42;-51.29;2748.13
1402.02;1341.73;-60.29;2743.75
1402.50;1335.98;-66.52;2738.48
1400.03;1344.35;-55.68;2744.38
1400.72;1345.32;-55.39;2746.04
1400.13;1344.88;-55.25;2745.01
1401.52;1330.74;-70.78;2732.26
1402.08;1345.66;-56.42;2747.74
1399.08;1346.90;-52.18;2745.98
1400.83;1343.49;-57.34;2744.32
1402.60;1343.11;-59.49;2745.71
1400.78;1344.59;-56.19;2745.37
1398.99;1342.06;-56.93;2741.06
1401.76;1344.45;-57.31;2746.22
1402.79;1341.17;-61.62;2743.96
1402.79;1345.42;-57.37;2748.22
1402.77;1346.26;-56.51;2749.04
1401.00;1343.05;-57.95;2744.05
1401.52;1343.11;-58.41;2744.64
1405.02;1345.07;-59.95;2750.09
1400.09;1345.35;-54.74;2745.45
1401.35;1344.07;-57.28;2745.42
1402.63;1341.14;-61.49;2743.77
1402.79;1339.88;-62.91;2742.68
1400.02;1346.69;-53.34;2746.71
1400.07;1344.69;-55.38;2744.76
1404.29;1330.49;-73.80;2734.79
1400.52;1337.42;-63.10;2737.94
1400.32;1345.96;-54.36;2746.28
1402.17;1340.81;-61.36;2742.98
1404.35;1338.66;-65.69;2743.01
1404.12;1344.68;-59.45;2748.80
1400.96;1348.21;-52.75;2749.17
1401.45;1332.52;-68.93;2733.96
1403.52;1332.08;-71.44;2735.60
1401.38;1346.29;-55.08;2747.67
1398.52;1344.75;-53.78;2743.27
1401.05;1345.67;-55.38;2746.72
1401.81;1339.37;-62.44;2741.18
1401.36;1346.62;-54.74;2747.99
1407.94;1347.52;-60.42;2755.45
1398.59;1344.94;-53.66;2743.53
1407.44;1341.40;-66.04;2748.84
1400.88;1345.41;-55.47;2746.29
1398.68;1346.02;-52.65;2744.70
1397.53;1329.18;-68.35;2726.71
1401.00;1328.36;-72.64;2729.36
1402.56;1345.74;-56.82;2748.30
1400.66;1347.27;-53.39;2747.93
1401.16;1344.69;-56.48;2745.85
1409.16;1342.95;-66.22;2752.11
1399.87;1345.62;-54.25;2745.49
1401.82;1335.08;-66.74;2736.89
1399.64;1345.41;-54.23;2745.04
1403.33;1343.46;-59.87;2746.79
1399.55;1343.28;-56.27;2742.82
1398.39;1343.28;-55.11;2741.68
1401.76;1344.16;-57.60;2745.93
1401.26;1342.72;-58.54;2743.99
1403.25;1342.04;-61.21;2745.29
1400.72;1346.31;-54.41;2747.03
1402.14;1345.04;-57.11;2747.18
1405.52;1342.42;-63.09;2747.94
1404.19;1344.89;-59.29;2749.08
1401.04;1345.95;-55.09;2746.99
1400.56;1343.81;-56.75;2744.36
1402.48;1341.16;-61.31;2743.64
1403.48;1343.78;-59.71;2747.26
1404.02;1348.16;-55.86;2752.18
1401.68;1343.40;-58.28;2745.08
1401.74;1340.13;-61.61;2741.86
1402.76;1344.12;-58.65;2746.88
1401.84;1340.76;-61.07;2742.60
1402.46;1343.71;-58.75;2746.16
1403.09;1337.93;-65.16;2741.02
1401.70;1344.59;-57.11;2746.29
1401.86;1346.46;-55.41;2748.32
1404.26;1344.67;-59.59;2748.94
1403.08;1341.01;-62.06;2744.09
1403.85;1342.52;-61.33;2746.38
1401.31;1345.82;-55.49;2747.12
1402.92;1344.16;-58.76;2747.09
1403.37;1342.70;-60.67;2746.07
1403.28;1343.86;-59.42;2747.14
1401.51;1338.46;-63.05;2739.96
1404.55;1344.22;-60.34;2748.77
1402.62;1341.62;-61.00;2744.24
1401.84;1341.07;-60.76;2742.91
1399.82;1347.05;-52.78;2746.87
1400.76;1344.60;-56.16;2745.36
1403.71;1342.63;-61.08;2746.34
1400.41;1343.06;-57.35;2743.46
1405.99;1346.88;-59.11;2752.88
1402.98;1342.14;-60.85;2745.12
1400.65;1324.59;-76.05;2725.24
1403.07;1345.66;-57.41;2748.74
1402.81;1347.90;-54.91;2750.71
1399.94;1344.99;-54.95;2744.94
1403.36;1342.57;-60.79;2745.94
1402.65;1344.89;-57.76;2747.54
1400.58;1345.44;-55.14;2746.02
1405.69;1344.54;-61.15;2750.22
1403.06;1342.27;-60.79;2745.33
1402.19;1345.68;-56.51;2747.86
1399.46;1347.01;-52.46;2746.47
1402.50;1344.34;-58.16;2746.84
1403.26;1341.82;-61.44;2745.08
1402.49;1344.54;-57.95;2747.02
1401.98;1346.71;-55.28;2748.69
1401.12;1340.36;-60.75;2741.48
1403.65;1341.52;-62.12;2745.17
1403.17;1345.65;-57.52;2748.82
1402.42;1346.81;-55.61;2749.23
1403.92;1339.69;-64.23;2743.61
1404.14;1342.82;-61.32;2746.95
1404.54;1334.11;-70.44;2738.65
1400.46;1346.55;-53.92;2747.01
1401.45;1343.14;-58.32;2744.59
1403.12;1332.69;-70.44;2735.81
1401.99;1340.21;-61.79;2742.20
1400.41;1337.08;-63.32;2737.49
1402.39;1344.56;-57.83;2746.95
1402.54;1328.78;-73.75;2731.32
1402.68;1345.64;-57.05;2748.32
1401.91;1333.94;-67.98;2735.85
1402.91;1334.54;-68.36;2737.45
1403.42;1339.16;-64.26;2742.59
1402.02;1346.29;-55.73;2748.32
1399.35;1345.51;-53.85;2744.86
1398.07;1345.87;-52.20;2743.94
1403.37;1342.06;-61.31;2745.44
1402.07;1344.97;-57.10;2747.04
1400.42;1345.38;-55.04;2745.79
1401.52;1344.45;-57.06;2745.97
1403.24;1342.96;-60.27;2746.20
1403.36;1344.65;-58.71;2748.01
1401.55;1342.66;-58.88;2744.21
1400.03;1344.01;-56.02;2744.04
1403.01;1342.06;-60.95;2745.08
1401.26;1345.69;-55.58;2746.95
1399.55;1347.91;-51.64;2747.46
1398.53;1344.81;-53.72;2743.34
1402.51;1340.01;-62.50;2742.52
1402.73;1346.22;-56.51;2748.95
1402.66;1347.72;-54.94;2750.38
1401.39;1344.15;-57.24;2745.55
1401.77;1338.46;-63.31;2740.24
1397.64;1345.63;-52.01;2743.27
1400.98;1347.36;-53.61;2748.34
1399.65;1338.59;-61.06;2738.25
1401.31;1343.87;-57.44;2745.18
1401.56;1346.02;-55.54;2747.58
1401.25;1348.04;-53.21;2749.29
1397.81;1343.87;-53.94;2741.68
1401.97;1328.91;-73.06;2730.88
1401.71;1346.04;-55.66;2747.75
1401.96;1346.54;-55.42;2748.51
1400.36;1344.26;-56.09;2744.62
1403.58;1339.35;-64.23;2742.92
1399.00;1346.78;-52.22;2745.78
1401.54;1337.15;-64.39;2738.69
1399.36;1345.48;-53.88;2744.84
1400.38;1343.70;-56.68;2744.08
1400.99;1345.74;-55.26;2746.73
1402.26;1347.48;-54.79;2749.74
1398.51;1340.19;-58.32;2738.70
1405.13;1342.55;-62.58;2747.68
1401.80;1340.14;-61.66;2741.94
1398.98;1347.35;-51.64;2746.33
1401.32;1344.02;-57.31;2745.34
1403.58;1342.59;-60.99;2746.18
1402.26;1345.69;-56.57;2747.95
1399.84;1348.26;-51.58;2748.09
1399.18;1344.39;-54.78;2743.57
1402.15;1340.39;-61.76;2742.55
1400.15;1346.08;-54.07;2746.22
1401.50;1346.88;-54.62;2748.38
1401.44;1345.23;-56.21;2746.66
1402.64;1331.18;-71.46;2733.81
1401.41;1344.11;-57.31;2745.52
1400.18;1347.48;-52.70;2747.66
1400.52;1343.81;-56.72;2744.33
1403.40;1330.71;-72.69;2734.11
1401.78;1346.38;-55.39;2748.16
1401.41;1346.41;-55.01;2747.82
1401.70;1344.49;-57.21;2746.19
1403.25;1341.89;-61.36;2745.14
1402.11;1343.10;-59.01;2745.21
1401.86;1347.59;-54.27;2749.45
1403.85;1338.74;-65.11;2742.59
1402.51;1341.41;-61.11;2743.92
1401.02;1345.24;-55.79;2746.26
1399.95;1347.33;-52.62;2747.28
1400.69;1345.68;-55.02;2746.37
1402.01;1342.81;-59.20;2744.81
1399.38;1346.42;-52.96;2745.81
1399.23;1347.04;-52.19;2746.26
1398.17;1340.41;-57.76;2738.58
1401.32;1344.08;-57.24;2745.39
1398.88;1346.82;-52.06;2745.70
1401.01;1345.15;-55.86;2746.16
1401.26;1338.60;-62.66;2739.86
1402.15;1343.12;-59.03;2745.28
1401.83;1340.81;-61.02;2742.64
1400.96;1347.71;-53.25;2748.68
1400.46;1345.92;-54.54;2746.38
1403.71;1343.00;-60.71;2746.71
1399.89;1344.59;-55.30;2744.48
1401.08;1346.79;-54.29;2747.86
1401.68;1344.55;-57.12;2746.23
1404.83;1343.94;-60.89;2748.76
1401.82;1332.85;-68.96;2734.67
1399.78;1345.48;-54.30;2745.26
1402.98;1341.77;-61.21;2744.75
1400.35;1341.62;-58.73;2741.98
1401.85;1342.58;-59.27;2744.42
1400.16;1346.97;-53.19;2747.14
1402.18;1346.11;-56.07;2748.28
1402.25;1342.68;-59.57;2744.92
1402.84;1345.22;-57.62;2748.06
1400.06;1346.69;-53.37;2746.76
1402.42;1342.53;-59.89;2744.95
1402.66;1342.35;-60.31;2745.01
1401.94;1343.44;-58.50;2745.38
1399.32;1347.51;-51.81;2746.83
1408.52;1335.49;-73.04;2744.01
1404.56;1341.81;-62.76;2746.37
1403.23;1343.37;-59.86;2746.60
1403.24;1345.54;-57.71;2748.78
1402.79;1331.63;-71.16;2734.42
1405.96;1342.41;-63.56;2748.37
1402.46;1344.18;-58.29;2746.64
1401.20;1346.39;-54.81;2747.59
1403.47;1342.92;-60.55;2746.39
1403.28;1342.29;-60.99;2745.56
1402.71;1344.50;-58.21;2747.21
1400.62;1346.54;-54.08;2747.16
1403.58;1337.45;-66.12;2741.03
1401.98;1343.58;-58.40;2745.56
1403.53;1345.29;-58.24;2748.82
1402.49;1334.43;-68.06;2736.92
1401.22;1344.59;-56.63;2745.82
1404.27;1336.36;-67.91;2740.63
1400.10;1344.74;-55.36;2744.84
1400.98;1338.46;-62.52;2739.45
1402.82;1344.73;-58.09;2747.55
1403.33;1337.84;-65.49;2741.17
1402.12;1344.76;-57.35;2746.88
1402.44;1345.22;-57.22;2747.66
1401.13;1341.95;-59.18;2743.08
1401.02;1339.09;-61.92;2740.11
1402.00;1345.17;-56.83;2747.17
1398.90;1345.11;-53.79;2744.01
1401.71;1343.70;-58.01;2745.41
1404.05;1340.44;-63.61;2744.49
1402.23;1345.39;-56.84;2747.62
1402.76;1347.30;-55.46;2750.06
1401.74;1342.35;-59.39;2744.09
1404.02;1329.50;-74.52;2733.52
1403.53;1344.72;-58.81;2748.25
1401.75;1346.81;-54.94;2748.56
1403.71;1343.56;-60.15;2747.27
1405.00;1341.04;-63.96;2746.04
1401.58;1344.60;-56.98;2746.18
1399.83;1346.46;-53.36;2746.29
1402.62;1341.85;-60.76;2744.47
1404.05;1342.47;-61.58;2746.52
1401.90;1345.41;-56.49;2747.31
1401.11;1346.34;-54.77;2747.45
1401.36;1344.41;-56.95;2745.77
1404.07;1340.78;-63.29;2744.85
1401.52;1344.58;-56.94;2746.10
1399.80;1345.37;-54.43;2745.17
1403.95;1344.09;-59.86;2748.04
1401.84;1339.57;-62.26;2741.41
1398.60;1341.64;-56.96;2740.24
1402.19;1344.64;-57.55;2746.83
1400.35;1344.60;-55.75;2744.95
1401.35;1342.08;-59.27;2743.44
1401.69;1342.88;-58.81;2744.56
1399.90;1345.82;-54.08;2745.72
1402.20;1342.52;-59.68;2744.72
1402.51;1342.24;-60.27;2744.75
1401.11;1342.75;-58.36;2743.86
1401.85;1335.01;-66.84;2736.85
1404.94;1344.11;-60.84;2749.05
1401.41;1342.62;-58.79;2744.03
1400.28;1335.28;-65.00;2735.55
1401.75;1347.32;-54.43;2749.06
1402.07;1344.66;-57.41;2746.73
1403.56;1342.72;-60.84;2746.28
1402.43;1343.81;-58.62;2746.24
1401.54;1346.58;-54.96;2748.12
1399.76;1344.91;-54.85;2744.68
1404.28;1330.04;-74.24;2734.32
1398.48;1340.94;-57.55;2739.42
1400.32;1346.73;-53.59;2747.05
1401.46;1344.64;-56.82;2746.09
1401.86;1339.89;-61.98;2741.75
1402.50;1345.99;-56.51;2748.49
1399.31;1348.00;-51.31;2747.31
1400.08;1344.86;-55.22;2744.94
1403.05;1344.48;-58.57;2747.54
1400.72;1345.35;-55.37;2746.06
1401.67;1345.63;-56.04;2747.30
1400.35;1342.18;-58.17;2742.54
1404.16;1341.72;-62.44;2745.88
1402.09;1345.91;-56.19;2748.00
1399.63;1347.19;-52.44;2746.82
1402.14;1344.36;-57.78;2746.50
1403.16;1340.35;-62.82;2743.51
1402.82;1346.36;-56.46;2749.19
1400.24;1347.17;-53.06;2747.41
1398.96;1343.75;-55.21;2742.71
1402.25;1341.41;-60.84;2743.66
1402.16;1345.34;-56.82;2747.50
1400.96;1346.64;-54.32;2747.61
1401.90;1341.81;-60.09;2743.71
1403.34;1342.75;-60.59;2746.08
1402.91;1339.33;-63.58;2742.24
1400.46;1344.96;-55.50;2745.43
1409.22;1343.95;-65.27;2753.18
1403.24;1343.36;-59.87;2746.60
1404.76;1331.84;-72.92;2736.59
1403.89;1333.94;-69.95;2737.82
1403.02;1344.96;-58.06;2747.98
1402.07;1341.88;-60.19;2743.95
1401.65;1346.36;-55.29;2748.01
1399.86;1347.44;-52.43;2747.30
1404.16;1341.96;-62.20;2746.13
1402.52;1342.68;-59.85;2745.20
1404.05;1344.08;-59.97;2748.14
1401.65;1332.72;-68.92;2734.37
1402.90;1343.88;-59.02;2746.78
1404.42;1329.66;-74.76;2734.08
1401.98;1342.11;-59.88;2744.09
1402.79;1342.94;-59.85;2745.72
1403.14;1343.26;-59.88;2746.41
1404.74;1341.02;-63.72;2745.76
1402.25;1344.70;-57.55;2746.95
1400.68;1346.86;-53.81;2747.54
1402.51;1343.36;-59.15;2745.86
1403.78;1341.25;-62.53;2745.04
1402.71;1344.49;-58.22;2747.21
1399.81;1347.06;-52.74;2746.87
1402.34;1343.13;-59.21;2745.46
1404.56;1341.48;-63.08;2746.05
1405.34;1343.64;-61.70;2748.98
1403.26;1346.95;-56.31;2750.21
1399.22;1344.04;-55.19;2743.26
1402.30;1342.22;-60.08;2744.52
1403.91;1344.92;-58.99;2748.82
1399.36;1345.85;-53.51;2745.21
1402.67;1344.22;-58.45;2746.89
1403.86;1339.29;-64.57;2743.16
1401.34;1345.94;-55.39;2747.28
1400.10;1342.95;-57.15;2743.05
1402.97;1344.01;-58.96;2746.98
1403.94;1335.77;-68.16;2739.71
1401.23;1344.31;-56.92;2745.54
1400.25;1341.63;-58.62;2741.88
1402.19;1344.28;-57.91;2746.47
1405.18;1326.55;-78.64;2731.73
1399.76;1345.45;-54.31;2745.21
1400.61;1347.09;-53.51;2747.70
1403.82;1343.01;-60.81;2746.83
1409.90;1342.15;-67.75;2752.05
1402.14;1340.41;-61.73;2742.55
1400.92;1345.94;-54.98;2746.86
1402.11;1343.69;-58.42;2745.80
1403.34;1342.37;-60.96;2745.71
1401.01;1345.99;-55.02;2747.01
1400.96;1346.76;-54.21;2747.72
1401.64;1338.81;-62.83;2740.44
1403.45;1343.75;-59.71;2747.20
1398.83;1347.27;-51.56;2746.10
1399.87;1346.72;-53.15;2746.59
1404.53;1343.12;-61.41;2747.65
1401.55;1343.79;-57.76;2745.34
1401.35;1346.22;-55.13;2747.58
1399.92;1345.49;-54.42;2745.41
1398.64;1344.23;-54.41;2742.86
1403.21;1341.76;-61.44;2744.97
1402.66;1345.49;-57.18;2748.15
1397.80;1345.47;-52.33;2743.27
1401.69;1343.49;-58.20;2745.19
1405.16;1341.89;-63.28;2747.05
1402.35;1331.15;-71.21;2733.50
1397.53;1346.96;-50.56;2744.49
1402.78;1343.26;-59.51;2746.04
1403.19;1342.77;-60.42;2745.96
1399.76;1330.95;-68.82;2730.71
1401.48;1347.34;-54.14;2748.81
1401.10;1344.64;-56.46;2745.74
1404.48;1341.27;-63.21;2745.75
1403.78;1346.41;-57.37;2750.19
1399.22;1347.81;-51.41;2747.02
1398.50;1338.09;-60.41;2736.59
1404.97;1342.76;-62.21;2747.73
1401.06;1347.05;-54.01;2748.11
1401.84;1341.88;-59.96;2743.72
1404.30;1344.25;-60.05;2748.55
1402.79;1342.81;-59.99;2745.60
1401.79;1344.92;-56.86;2746.71
1401.02;1346.41;-54.61;2747.43
1399.24;1345.44;-53.80;2744.68
1404.02;1340.41;-63.61;2744.44
1400.89;1346.14;-54.75;2747.04
1400.35;1346.79;-53.56;2747.14
1402.95;1345.38;-57.56;2748.33
1403.70;1343.39;-60.31;2747.09
1402.52;1344.96;-57.56;2747.48
1396.24;1347.42;-48.82;2743.65
1401.34;1344.47;-56.86;2745.81
1402.17;1338.89;-63.28;2741.06
1408.94;1345.51;-63.43;2754.45
1401.35;1343.00;-58.35;2744.35
1397.59;1344.19;-53.39;2741.78
1403.42;1343.45;-59.98;2746.87
1401.77;1331.81;-69.96;2733.58
1398.80;1347.72;-51.08;2746.52
1401.12;1344.08;-57.04;2745.21
1401.87;1343.87;-58.00;2745.74
1402.09;1345.84;-56.25;2747.93
1398.46;1346.32;-52.14;2744.79
1403.06;1345.19;-57.88;2748.25
1403.66;1342.71;-60.96;2746.37
1402.56;1344.51;-58.06;2747.07
1399.38;1346.95;-52.42;2746.33
1400.82;1344.27;-56.55;2745.09
1404.21;1344.08;-60.12;2748.29
1401.02;1345.68;-55.35;2746.70
1401.86;1346.84;-55.02;2748.70
1401.88;1342.99;-58.89;2744.87
1403.19;1343.20;-59.99;2746.39
1399.84;1346.14;-53.71;2745.98
1399.31;1348.01;-51.30;2747.31
1403.46;1343.49;-59.98;2746.95
1402.35;1342.88;-59.48;2745.23
1404.33;1330.28;-74.05;2734.61
1399.76;1342.57;-57.19;2742.34
1402.96;1343.08;-59.88;2746.04
1403.16;1340.99;-62.16;2744.15
1400.15;1333.96;-66.18;2734.11
1399.03;1332.41;-66.62;2731.44
1401.39;1345.00;-56.39;2746.39
1403.79;1344.11;-59.69;2747.90
1401.01;1342.72;-58.29;2743.72
1399.16;1347.21;-51.95;2746.38
1400.55;1344.15;-56.39;2744.70
1401.35;1342.85;-58.49;2744.20
1400.21;1345.60;-54.61;2745.81
1400.96;1348.12;-52.84;2749.08
1401.25;1342.26;-58.98;2743.51
1400.29;1345.00;-55.29;2745.29
1401.46;1339.12;-62.35;2740.58
1401.89;1346.76;-55.13;2748.65
1403.78;1339.68;-64.10;2743.46
1404.77;1342.25;-62.52;2747.02
1402.22;1341.11;-61.11;2743.32
1403.35;1346.86;-56.49;2750.22
1401.89;1344.40;-57.49;2746.29
1403.04;1343.02;-60.02;2746.05
1400.06;1345.87;-54.19;2745.93
1400.58;1340.99;-59.59;2741.56
1405.92;1343.18;-62.75;2749.10
1403.31;1344.04;-59.27;2747.35
1402.06;1344.02;-58.04;2746.08
1400.83;1346.79;-54.04;2747.62
1401.62;1343.37;-58.25;2744.99
1403.26;1343.29;-59.96;2746.55
1399.94;1346.88;-53.05;2746.82
1402.00;1346.80;-55.20;2748.80
1401.81;1335.24;-66.58;2737.05
1404.51;1342.24;-62.28;2746.75
1401.72;1345.52;-56.20;2747.24
1400.28;1347.22;-53.05;2747.50
1402.56;1343.81;-58.76;2746.37
1403.72;1343.74;-59.98;2747.45
1400.81;1330.45;-70.35;2731.26
1399.91;1346.76;-53.15;2746.68
1401.39;1343.74;-57.65;2745.12
1401.85;1343.52;-58.33;2745.36
1401.24;1345.04;-56.19;2746.28
1399.41;1345.92;-53.48;2745.33
1404.44;1343.97;-60.47;2748.41
1405.14;1340.34;-64.81;2745.48
1400.50;1344.46;-56.04;2744.96
1400.72;1345.66;-55.06;2746.38
1397.89;1338.01;-59.89;2735.90
1403.51;1342.72;-60.78;2746.23
1402.60;1346.81;-55.79;2749.41
1401.79;1346.16;-55.62;2747.95
1402.16;1342.91;-59.25;2745.06
1408.35;1342.05;-66.29;2750.40
1399.32;1332.35;-66.96;2731.67
1396.34;1344.57;-51.76;2740.91
1402.98;1343.84;-59.14;2746.82
1403.33;1342.08;-61.25;2745.41
1399.99;1345.74;-54.25;2745.73
1400.61;1346.85;-53.75;2747.46
1401.64;1345.06;-56.58;2746.69
1403.04;1342.49;-60.54;2745.53
1400.28;1344.14;-56.14;2744.42
1400.87;1346.20;-54.67;2747.07
1400.99;1334.30;-66.69;2735.29
1403.81;1344.41;-59.39;2748.22
1404.00;1341.49;-62.51;2745.49
1402.24;1347.02;-55.22;2749.25
1402.42;1343.32;-59.10;2745.75
1403.38;1341.90;-61.48;2745.28
1403.19;1345.64;-57.55;2748.82
1398.94;1347.31;-51.63;2746.25
1402.10;1343.61;-58.49;2745.71
1403.21;1341.10;-62.11;2744.31
1401.08;1342.56;-58.52;2743.64
1397.24;1343.67;-53.57;2740.91
1402.68;1342.92;-59.76;2745.59
1402.90;1342.02;-60.88;2744.92
1403.34;1331.56;-71.78;2734.91
1398.74;1346.03;-52.71;2744.77
1402.29;1343.98;-58.31;2746.26
1404.31;1341.88;-62.42;2746.19
1401.69;1345.17;-56.52;2746.86
1400.12;1345.45;-54.68;2745.57
1401.37;1344.33;-57.04;2745.70
1403.05;1336.08;-66.96;2739.13
1400.29;1345.05;-55.24;2745.34
1401.74;1343.68;-58.05;2745.42
1401.35;1343.24;-58.12;2744.59
1401.34;1341.32;-60.02;2742.65
1404.28;1334.61;-69.67;2738.88
1399.33;1331.49;-67.84;2730.82
1404.54;1338.88;-65.66;2743.41
1405.78;1343.15;-62.63;2748.92
1401.13;1344.09;-57.04;2745.22
1401.20;1345.29;-55.91;2746.49
1402.32;1342.11;-60.21;2744.43
1404.56;1342.33;-62.23;2746.89
1402.31;1345.38;-56.93;2747.69
1401.24;1332.24;-69.00;2733.48
1402.46;1338.08;-64.38;2740.54
1403.71;1341.85;-61.86;2745.55
1402.73;1332.19;-70.54;2734.92
1408.02;1346.09;-61.93;2754.11
1400.86;1343.75;-57.11;2744.62
1404.64;1341.24;-63.40;2745.87
1402.12;1345.22;-56.90;2747.34
1398.91;1344.78;-54.13;2743.68
1402.69;1343.22;-59.47;2745.92
1404.82;1342.38;-62.44;2747.21
1397.41;1341.19;-56.22;2738.61
1401.59;1343.11;-58.48;2744.71
1402.86;1340.19;-62.67;2743.06
1405.39;1343.16;-62.23;2748.55
1401.91;1345.39;-56.51;2747.30
1404.60;1331.64;-72.96;2736.24
1403.10;1342.08;-61.02;2745.18
1403.49;1341.90;-61.59;2745.39
1401.16;1342.64;-58.52;2743.80
1398.61;1346.31;-52.30;2744.91
1402.35;1343.91;-58.44;2746.26
1403.45;1340.57;-62.88;2744.02
1403.13;1338.91;-64.22;2742.04
1401.28;1333.65;-67.64;2734.93
1401.38;1339.08;-62.30;2740.46
1404.81;1341.22;-63.59;2746.03
1401.75;1344.31;-57.45;2746.06
1401.08;1345.86;-55.22;2746.94
1403.94;1343.55;-60.39;2747.48
1406.38;1334.83;-71.55;2741.21
1401.74;1345.61;-56.12;2747.35
1401.71;1346.41;-55.31;2748.12
1403.50;1343.60;-59.90;2747.10
1405.68;1342.35;-63.33;2748.04
1403.75;1345.33;-58.42;2749.08
1399.65;1346.68;-52.97;2746.32
1402.21;1341.45;-60.76;2743.66
1404.64;1341.78;-62.86;2746.42
1402.02;1345.40;-56.62;2747.42
1398.33;1346.26;-52.06;2744.59
1398.82;1342.99;-55.84;2741.81
1403.26;1341.90;-61.36;2745.16
1402.26;1345.38;-56.89;2747.64
1399.91;1342.14;-57.76;2742.05
1407.32;1344.20;-63.12;2751.52
1401.72;1342.17;-59.55;2743.89
1400.05;1345.37;-54.68;2745.42
1400.39;1346.99;-53.40;2747.38
1401.28;1344.02;-57.26;2745.30
1403.51;1330.14;-73.36;2733.65
1402.76;1333.75;-69.02;2736.51
1400.22;1344.41;-55.81;2744.64
1400.58;1343.54;-57.04;2744.12
1403.69;1343.04;-60.65;2746.74
1400.48;1345.01;-55.48;2745.49
1402.08;1346.65;-55.44;2748.73
1400.21;1343.84;-56.37;2744.05
1402.36;1339.65;-62.72;2742.01
1401.00;1345.97;-55.03;2746.97
1400.48;1340.32;-60.15;2740.80
1408.84;1344.21;-64.62;2753.05
1405.06;1343.36;-61.71;2748.42
1404.43;1345.51;-58.92;2749.94
1398.48;1346.25;-52.22;2744.73
1401.51;1339.53;-61.98;2741.04
1404.45;1342.19;-62.26;2746.64
1403.80;1345.37;-58.43;2749.17
1401.08;1346.83;-54.25;2747.91
1402.51;1341.68;-60.83;2744.18
1403.36;1342.81;-60.55;2746.18
1402.45;1344.98;-57.46;2747.43
1401.94;1344.62;-57.31;2746.56
1403.51;1344.59;-58.91;2748.10
1404.41;1341.73;-62.68;2746.14
1403.61;1341.64;-61.98;2745.25
1398.53;1333.60;-64.93;2732.13
1402.37;1343.86;-58.51;2746.24
1405.44;1340.21;-65.22;2745.65
1403.37;1345.71;-57.66;2749.08
1401.05;1346.67;-54.38;2747.72
1402.71;1343.91;-58.81;2746.62
1406.41;1343.01;-63.39;2749.42
1401.73;1344.54;-57.19;2746.26
1400.23;1347.02;-53.21;2747.25
1402.22;1341.64;-60.59;2743.86
1404.42;1342.80;-61.62;2747.22
1401.98;1343.58;-58.40;2745.55
1401.55;1346.35;-55.21;2747.90
1401.21;1343.66;-57.55;2744.86
1400.35;1343.15;-57.20;2743.49
1402.44;1345.48;-56.95;2747.92
1398.58;1346.10;-52.48;2744.68
1401.46;1343.89;-57.58;2745.35
1401.56;1342.54;-59.02;2744.09
1402.54;1344.18;-58.36;2746.72
1400.52;1346.14;-54.38;2746.66
1403.93;1342.85;-61.08;2746.78
1404.96;1338.58;-66.38;2743.54
1401.94;1344.73;-57.21;2746.66
1401.12;1345.62;-55.49;2746.74
1401.54;1344.66;-56.88;2746.20
1405.09;1342.67;-62.42;2747.76
1401.32;1344.97;-56.35;2746.29
1400.61;1344.44;-56.16;2745.05
1402.88;1340.40;-62.48;2743.28
1405.26;1330.64;-74.62;2735.90
1401.51;1344.25;-57.26;2745.76
1399.10;1343.85;-55.25;2742.95
1403.49;1342.75;-60.74;2746.24
1403.66;1342.21;-61.45;2745.88
1402.89;1344.35;-58.55;2747.24
1399.68;1345.04;-54.65;2744.72
1403.28;1344.20;-59.08;2747.48
1406.56;1341.81;-64.75;2748.38
1403.54;1344.35;-59.19;2747.89
1400.68;1339.48;-61.21;2740.16
1404.81;1343.95;-60.86;2748.76
1404.28;1335.30;-68.98;2739.58
1400.22;1344.66;-55.56;2744.88
1399.85;1344.69;-55.16;2744.54
1401.79;1342.80;-58.99;2744.59
1403.48;1340.21;-63.28;2743.69
1402.35;1342.95;-59.40;2745.29
1403.87;1345.29;-58.58;2749.16
1401.08;1343.67;-57.41;2744.75
1403.42;1327.18;-76.24;2730.60
1401.75;1342.27;-59.48;2744.02
1402.11;1346.14;-55.97;2748.24
1403.36;1342.69;-60.67;2746.06
1404.34;1343.50;-60.84;2747.84
1410.10;1344.49;-65.61;2754.59
1402.31;1333.83;-68.48;2736.14
1405.91;1338.75;-67.16;2744.65
1403.95;1338.95;-65.00;2742.91
1402.19;1345.33;-56.86;2747.52
