356.02;344.66;-11.36;700.68
356.41;344.11;-12.29;700.52
356.25;343.56;-12.69;699.81
356.31;343.75;-12.56;700.05
356.15;344.07;-12.08;700.22
356.22;343.75;-12.48;699.97
355.95;343.45;-12.50;699.41
356.01;343.76;-12.25;699.77
355.85;343.54;-12.32;699.39
355.71;343.96;-11.75;699.66
357.04;343.29;-13.75;700.32
356.92;343.75;-13.18;700.67
355.45;342.91;-12.54;698.36
355.26;343.71;-11.55;698.98
355.21;343.26;-11.94;698.47
355.07;343.74;-11.34;698.81
357.16;344.06;-13.10;701.23
357.36;343.26;-14.09;700.62
354.79;343.49;-11.29;698.28
356.54;342.95;-13.58;699.49
354.74;343.07;-11.67;697.81
354.72;343.26;-11.46;697.98
356.96;343.98;-12.99;700.94
354.54;343.86;-10.68;698.41
354.47;343.24;-11.23;697.71
356.98;343.79;-13.19;700.76
354.29;344.99;-9.30;699.29
356.85;344.18;-12.66;701.03
357.01;344.39;-12.61;701.40
356.81;344.18;-12.62;700.99
356.91;344.16;-12.75;701.06
356.31;344.21;-12.11;700.52
356.73;343.82;-12.91;700.55
356.56;344.01;-12.55;700.56
356.42;343.75;-12.66;700.17
356.17;344.28;-11.89;700.45
356.26;344.46;-11.80;700.72
356.21;344.29;-11.91;700.50
356.17;343.32;-12.85;699.49
356.07;344.22;-11.85;700.29
356.00;344.38;-11.62;700.38
355.88;343.71;-12.18;699.59
355.81;344.49;-11.32;700.30
355.91;343.42;-12.49;699.33
356.03;341.62;-14.41;697.65
355.83;344.55;-11.28;700.38
355.79;343.98;-11.81;699.78
355.59;343.48;-12.11;699.08
355.64;344.50;-11.14;700.14
355.48;343.62;-11.86;699.10
355.41;343.07;-12.34;698.48
355.32;343.26;-12.05;698.58
355.18;343.61;-11.57;698.79
355.10;342.82;-12.28;697.92
355.04;344.40;-10.64;699.44
357.57;343.31;-14.26;700.88
357.49;342.55;-14.94;700.05
354.81;343.38;-11.43;698.18
354.69;343.22;-11.47;697.92
357.81;343.06;-14.74;700.87
356.70;343.53;-13.17;700.23
357.32;342.18;-15.14;699.50
354.41;343.96;-10.45;698.36
356.92;343.66;-13.25;700.58
356.17;343.66;-12.51;699.84
356.99;343.61;-13.38;700.61
357.50;343.88;-13.62;701.38
356.79;343.81;-12.98;700.59
357.32;343.23;-14.09;700.55
357.14;344.28;-12.86;701.42
357.29;342.46;-14.82;699.75
357.01;343.07;-13.94;700.08
357.31;343.02;-14.29;700.33
356.56;342.87;-13.69;699.43
357.18;343.42;-13.76;700.61
356.56;342.55;-14.02;699.11
356.82;343.97;-12.85;700.79
356.79;342.62;-14.16;699.41
356.56;343.36;-13.19;699.92
356.52;344.12;-12.40;700.65
356.65;343.84;-12.82;700.49
356.36;344.19;-12.17;700.56
355.87;343.95;-11.92;699.82
356.55;343.62;-12.92;700.17
356.44;343.90;-12.54;700.34
355.73;344.66;-11.06;700.39
356.25;342.63;-13.62;698.88
356.28;343.98;-12.29;700.26
356.26;343.92;-12.34;700.18
356.25;343.42;-12.83;699.68
356.32;343.57;-12.75;699.89
356.30;344.45;-11.85;700.75
356.17;343.88;-12.29;700.05
356.39;343.85;-12.54;700.24
356.36;343.45;-12.91;699.81
356.40;344.18;-12.22;700.58
357.83;344.04;-13.79;701.87
356.50;343.72;-12.78;700.22
356.36;344.00;-12.36;700.36
356.00;343.51;-12.49;699.51
356.39;343.69;-12.70;700.08
356.22;343.86;-12.36;700.08
356.25;344.42;-11.83;700.66
356.15;344.39;-11.76;700.54
356.11;344.42;-11.69;700.53
356.15;343.30;-12.85;699.45
356.08;343.84;-12.25;699.92
356.04;343.93;-12.11;699.96
356.09;343.38;-12.72;699.47
356.19;344.32;-11.87;700.51
356.16;343.29;-12.87;699.45
356.15;343.29;-12.86;699.44
356.02;343.75;-12.27;699.76
355.89;343.67;-12.22;699.56
355.87;344.19;-11.68;700.06
355.73;343.30;-12.43;699.03
357.04;343.93;-13.11;700.97
355.62;343.91;-11.72;699.53
355.48;343.20;-12.28;698.68
355.49;341.23;-14.26;696.72
357.71;343.98;-13.73;701.69
355.32;343.68;-11.64;699.00
355.32;343.62;-11.70;698.95
356.79;344.15;-12.64;700.94
357.05;343.31;-13.75;700.36
354.97;343.66;-11.31;698.63
357.41;343.86;-13.55;701.28
357.28;343.47;-13.81;700.75
354.79;342.58;-12.21;697.36
354.69;343.37;-11.32;698.06
354.66;343.36;-11.29;698.02
357.59;343.30;-14.29;700.89
356.85;344.02;-12.84;700.87
356.30;343.71;-12.59;700.01
354.34;343.61;-10.73;697.94
357.14;343.08;-14.05;700.22
356.85;342.82;-14.03;699.66
357.38;342.84;-14.54;700.21
356.77;342.96;-13.81;699.73
357.35;343.18;-14.16;700.53
356.34;343.51;-12.83;699.84
357.21;342.81;-14.41;700.02
356.85;343.34;-13.51;700.19
356.23;342.53;-13.70;698.76
356.38;343.88;-12.51;700.26
356.56;344.25;-12.31;700.81
356.51;343.90;-12.61;700.41
356.52;343.89;-12.63;700.42
356.48;344.55;-11.92;701.03
356.53;344.15;-12.38;700.68
356.32;343.84;-12.48;700.16
356.17;343.94;-12.24;700.11
357.82;343.62;-14.21;701.44
357.38;343.55;-13.82;700.93
357.45;343.62;-13.82;701.07
355.75;343.90;-11.85;699.65
355.65;343.24;-12.41;698.89
357.77;343.65;-14.12;701.42
357.78;343.56;-14.22;701.34
355.33;343.31;-12.02;698.64
355.13;343.32;-11.81;698.45
358.09;343.25;-14.84;701.34
354.96;343.06;-11.89;698.02
357.04;343.31;-13.72;700.35
356.95;343.36;-13.58;700.31
354.37;341.92;-12.45;696.29
357.51;343.59;-13.91;701.10
354.05;343.48;-10.58;697.53
356.81;344.08;-12.72;700.89
356.82;343.93;-12.89;700.75
356.81;342.51;-14.29;699.32
356.83;343.10;-13.73;699.93
356.21;343.69;-12.52;699.91
356.74;342.87;-13.87;699.61
356.58;342.45;-14.13;699.02
356.35;344.08;-12.28;700.43
356.33;344.09;-12.24;700.42
356.42;344.32;-12.10;700.74
356.54;342.08;-14.46;698.62
356.40;343.98;-12.42;700.38
356.26;344.06;-12.21;700.32
355.78;342.49;-13.28;698.27
356.18;344.05;-12.13;700.22
356.14;343.30;-12.84;699.44
356.16;344.02;-12.14;700.18
356.05;344.24;-11.81;700.28
356.12;344.32;-11.79;700.44
356.12;343.80;-12.32;699.92
355.96;343.75;-12.21;699.71
355.98;343.35;-12.63;699.32
355.86;343.52;-12.34;699.39
355.86;343.77;-12.09;699.63
357.49;344.06;-13.43;701.55
355.62;343.89;-11.74;699.51
355.72;343.72;-12.01;699.44
355.64;343.95;-11.68;699.59
357.11;343.77;-13.34;700.88
355.47;344.34;-11.13;699.81
357.14;343.96;-13.18;701.10
355.52;344.81;-10.71;700.32
355.58;344.39;-11.19;699.98
355.54;343.98;-11.56;699.51
355.65;343.64;-12.01;699.29
357.48;344.02;-13.46;701.50
355.54;344.01;-11.52;699.55
355.32;344.50;-10.82;699.82
355.54;343.28;-12.26;698.81
355.49;343.76;-11.72;699.25
355.50;344.01;-11.49;699.51
355.31;343.97;-11.34;699.28
355.26;343.45;-11.82;698.71
355.29;344.21;-11.09;699.50
355.22;343.89;-11.33;699.12
355.12;343.89;-11.23;699.02
355.06;343.92;-11.14;698.98
354.87;344.31;-10.56;699.18
354.84;343.78;-11.06;698.61
356.26;344.42;-11.84;700.69
354.72;343.62;-11.11;698.34
354.57;344.04;-10.53;698.61
354.44;344.00;-10.44;698.44
354.29;344.39;-9.89;698.68
356.58;343.61;-12.97;700.19
354.11;343.51;-10.60;697.61
357.09;344.56;-12.54;701.65
357.07;343.28;-13.79;700.35
356.74;344.03;-12.71;700.77
356.79;344.17;-12.62;700.96
356.68;344.30;-12.38;700.98
356.29;344.25;-12.04;700.54
356.51;344.28;-12.23;700.78
356.71;343.94;-12.76;700.65
356.52;344.32;-12.20;700.84
356.52;343.94;-12.58;700.45
356.49;344.16;-12.32;700.65
356.30;344.18;-12.12;700.48
356.16;344.90;-11.26;701.06
356.14;343.89;-12.25;700.02
356.15;344.10;-12.05;700.25
355.95;344.34;-11.61;700.28
355.92;344.21;-11.71;700.13
355.76;343.92;-11.84;699.68
355.69;344.04;-11.65;699.72
355.62;343.51;-12.11;699.14
355.55;343.29;-12.25;698.84
355.48;343.74;-11.74;699.22
355.51;343.21;-12.29;698.72
355.45;343.99;-11.46;699.44
355.25;344.05;-11.20;699.29
355.18;343.35;-11.83;698.52
355.08;343.39;-11.69;698.46
355.01;343.96;-11.05;698.96
356.69;343.68;-13.02;700.37
354.95;343.69;-11.26;698.64
354.90;343.06;-11.84;697.96
356.60;343.54;-13.06;700.14
354.71;342.95;-11.76;697.66
354.69;344.10;-10.59;698.79
354.56;343.49;-11.08;698.05
355.75;343.74;-12.02;699.49
354.39;343.59;-10.79;697.98
356.58;343.69;-12.89;700.27
356.41;344.62;-11.79;701.02
356.63;343.42;-13.21;700.05
353.95;344.19;-9.76;698.15
356.39;344.17;-12.22;700.56
356.63;344.10;-12.53;700.73
356.85;344.00;-12.85;700.85
356.80;344.01;-12.79;700.81
356.71;343.75;-12.96;700.46
356.38;343.94;-12.44;700.32
356.59;343.56;-13.03;700.15
356.48;342.44;-14.04;698.92
356.45;343.84;-12.61;700.29
356.63;343.59;-13.04;700.22
356.44;342.91;-13.52;699.35
356.45;343.78;-12.67;700.22
356.48;344.32;-12.16;700.81
356.53;343.81;-12.72;700.34
356.60;343.70;-12.90;700.30
356.67;344.35;-12.32;701.02
356.09;342.28;-13.82;698.37
355.99;343.95;-12.04;699.94
356.38;343.72;-12.66;700.11
356.25;344.07;-12.18;700.32
356.30;343.76;-12.54;700.06
356.18;343.78;-12.39;699.96
356.21;343.28;-12.94;699.49
356.10;343.48;-12.62;699.58
356.01;343.66;-12.34;699.67
356.05;343.68;-12.36;699.73
355.96;344.08;-11.88;700.04
355.86;343.94;-11.92;699.79
355.79;344.26;-11.54;700.05
355.71;343.30;-12.41;699.01
355.54;343.79;-11.75;699.33
355.46;342.91;-12.55;698.36
355.42;343.63;-11.79;699.05
355.39;343.61;-11.78;699.00
355.37;343.34;-12.04;698.71
357.32;343.10;-14.22;700.42
357.04;343.36;-13.68;700.39
355.21;343.98;-11.23;699.19
357.54;343.18;-14.35;700.72
357.75;343.35;-14.40;701.11
357.14;343.78;-13.36;700.92
357.31;342.75;-14.56;700.06
357.25;343.73;-13.52;700.98
357.19;343.37;-13.82;700.56
357.06;343.64;-13.42;700.69
354.96;343.14;-11.82;698.11
354.98;343.14;-11.85;698.12
354.88;343.69;-11.19;698.56
357.05;342.89;-14.16;699.95
356.54;344.24;-12.29;700.78
357.46;343.42;-14.04;700.88
356.91;343.83;-13.08;700.74
356.99;343.78;-13.21;700.78
357.29;343.08;-14.22;700.37
357.32;344.49;-12.84;701.81
357.12;343.49;-13.64;700.61
356.98;343.64;-13.34;700.61
353.98;343.56;-10.41;697.54
356.96;343.41;-13.55;700.37
356.18;344.02;-12.16;700.20
356.59;344.09;-12.50;700.69
356.21;344.15;-12.05;700.36
356.68;343.75;-12.92;700.43
356.54;342.99;-13.55;699.52
356.69;344.04;-12.65;700.73
356.71;343.95;-12.76;700.66
356.75;343.91;-12.84;700.65
356.52;343.82;-12.70;700.34
356.68;343.87;-12.81;700.55
356.58;343.95;-12.63;700.54
356.68;343.65;-13.02;700.33
356.44;343.78;-12.66;700.21
356.54;343.55;-12.99;700.09
356.56;344.00;-12.56;700.56
356.46;344.05;-12.41;700.51
356.18;343.89;-12.29;700.06
356.06;344.06;-12.01;700.12
356.27;343.34;-12.93;699.61
356.32;343.94;-12.39;700.26
356.02;343.29;-12.72;699.31
355.92;343.41;-12.51;699.33
355.95;343.28;-12.66;699.23
355.72;344.03;-11.69;699.75
355.64;343.45;-12.18;699.09
357.25;343.15;-14.10;700.39
355.50;343.28;-12.22;698.78
355.47;342.98;-12.49;698.45
355.35;342.92;-12.42;698.27
355.22;344.23;-10.99;699.45
355.15;343.81;-11.34;698.96
357.33;343.73;-13.60;701.06
357.45;343.85;-13.60;701.29
354.86;343.58;-11.28;698.44
357.31;343.67;-13.64;700.98
354.86;343.84;-11.02;698.70
356.67;343.58;-13.09;700.25
357.09;343.41;-13.68;700.51
354.73;343.19;-11.54;697.92
356.21;343.48;-12.74;699.69
354.82;343.62;-11.20;698.45
354.67;343.65;-11.02;698.32
354.80;343.82;-10.98;698.62
357.34;343.16;-14.18;700.49
356.97;343.66;-13.31;700.64
356.31;343.62;-12.69;699.92
357.71;343.05;-14.65;700.76
354.66;344.06;-10.59;698.72
356.91;343.14;-13.76;700.05
356.48;343.41;-13.08;699.89
354.59;343.58;-11.01;698.18
356.64;343.74;-12.90;700.37
354.46;343.88;-10.59;698.34
357.06;343.19;-13.88;700.25
354.46;343.01;-11.46;697.47
357.12;343.18;-13.94;700.31
356.88;343.75;-13.13;700.62
356.72;343.16;-13.56;699.88
356.55;343.60;-12.95;700.15
356.88;343.54;-13.34;700.41
356.87;343.17;-13.70;700.04
355.92;343.71;-12.21;699.63
357.06;343.38;-13.68;700.44
357.23;342.99;-14.24;700.22
356.87;343.51;-13.36;700.38
356.67;343.38;-13.29;700.05
356.41;343.32;-13.09;699.72
356.64;343.35;-13.28;699.99
356.95;343.29;-13.65;700.24
356.38;344.11;-12.27;700.48
356.34;343.90;-12.44;700.24
356.79;344.12;-12.68;700.91
356.85;343.88;-12.97;700.72
356.82;343.89;-12.94;700.71
356.52;344.40;-12.12;700.92
356.84;343.99;-12.85;700.83
356.42;343.94;-12.48;700.36
356.14;343.93;-12.21;700.06
356.72;343.98;-12.75;700.70
356.28;342.42;-13.86;698.69
356.71;343.00;-13.71;699.71
356.58;344.79;-11.79;701.36
356.49;343.71;-12.79;700.20
356.46;344.01;-12.45;700.47
356.57;343.81;-12.76;700.38
356.66;342.99;-13.67;699.65
356.64;343.78;-12.86;700.41
356.54;343.80;-12.74;700.34
356.03;343.13;-12.90;699.16
356.62;343.82;-12.80;700.45
356.64;344.58;-12.06;701.22
356.32;343.99;-12.33;700.31
356.34;340.89;-15.45;697.24
356.45;343.42;-13.03;699.88
356.32;343.50;-12.82;699.82
356.16;344.29;-11.86;700.45
356.01;344.33;-11.68;700.34
356.01;343.45;-12.55;699.46
356.01;343.49;-12.51;699.50
356.06;343.94;-12.12;699.99
355.96;343.81;-12.15;699.76
356.04;343.29;-12.75;699.33
355.79;344.02;-11.77;699.81
356.02;343.40;-12.62;699.42
356.05;343.76;-12.28;699.81
355.96;343.55;-12.42;699.51
356.06;344.19;-11.87;700.25
356.08;344.21;-11.86;700.29
355.98;343.66;-12.32;699.64
355.94;344.20;-11.74;700.14
355.88;343.58;-12.31;699.46
355.81;343.36;-12.44;699.17
355.87;343.42;-12.45;699.29
355.77;344.02;-11.75;699.79
355.76;343.31;-12.46;699.07
355.68;343.29;-12.39;698.96
355.62;343.21;-12.41;698.82
355.50;342.93;-12.57;698.43
355.43;344.04;-11.39;699.47
357.35;343.07;-14.28;700.42
355.25;343.45;-11.79;698.70
355.13;343.18;-11.95;698.31
355.16;343.78;-11.38;698.94
356.98;344.10;-12.88;701.08
357.58;343.29;-14.28;700.87
354.92;343.16;-11.76;698.08
357.13;343.16;-13.97;700.29
357.81;343.01;-14.79;700.82
354.76;342.32;-12.45;697.08
356.63;343.52;-13.11;700.15
357.75;342.89;-14.86;700.65
357.41;343.38;-14.04;700.79
356.51;343.96;-12.55;700.47
354.55;344.01;-10.54;698.55
356.72;342.93;-13.79;699.65
357.54;343.09;-14.45;700.62
357.05;343.21;-13.84;700.25
358.02;344.16;-13.85;702.18
356.98;343.21;-13.78;700.19
356.92;342.89;-14.02;699.81
356.82;343.81;-13.01;700.62
356.81;343.86;-12.95;700.66
353.62;344.18;-9.45;697.80
356.56;343.79;-12.76;700.35
356.65;342.94;-13.71;699.59
356.45;343.45;-13.01;699.90
356.49;343.62;-12.87;700.11
356.27;341.92;-14.35;698.19
356.25;342.50;-13.75;698.75
356.11;343.29;-12.82;699.40
356.16;343.84;-12.32;700.00
357.31;344.15;-13.16;701.46
355.96;343.62;-12.34;699.58
355.95;343.65;-12.30;699.61
356.08;343.61;-12.47;699.68
355.98;344.11;-11.86;700.09
356.04;343.64;-12.40;699.67
356.11;343.64;-12.46;699.75
356.01;343.48;-12.53;699.48
355.92;343.47;-12.45;699.39
356.08;343.84;-12.24;699.92
356.09;344.09;-11.99;700.18
356.06;343.74;-12.32;699.81
355.94;343.51;-12.43;699.44
355.85;343.42;-12.43;699.28
355.88;343.30;-12.58;699.18
355.73;343.92;-11.81;699.65
357.48;343.31;-14.16;700.79
356.94;341.26;-15.68;698.20
355.58;343.18;-12.40;698.75
355.45;343.85;-11.59;699.30
356.61;343.05;-13.56;699.65
355.34;344.10;-11.24;699.44
356.84;343.49;-13.35;700.32
357.54;344.57;-12.96;702.11
355.12;343.91;-11.22;699.03
355.11;343.37;-11.74;698.48
355.11;344.14;-10.97;699.24
356.29;343.32;-12.97;699.62
356.91;343.77;-13.14;700.68
355.02;343.48;-11.55;698.50
356.69;343.66;-13.02;700.35
356.92;343.26;-13.66;700.18
354.78;343.62;-11.16;698.40
354.68;343.48;-11.20;698.16
357.01;344.22;-12.78;701.23
354.69;343.49;-11.21;698.18
356.88;343.52;-13.36;700.40
354.44;343.59;-10.85;698.04
357.11;343.19;-13.92;700.31
357.34;343.07;-14.27;700.41
356.84;343.05;-13.78;699.89
356.69;344.30;-12.39;700.99
357.34;343.39;-13.95;700.72
356.52;342.82;-13.70;699.34
357.03;343.44;-13.59;700.47
356.70;342.92;-13.78;699.62
356.88;342.65;-14.22;699.53
356.86;343.14;-13.72;700.00
356.94;341.41;-15.53;698.35
356.75;343.14;-13.61;699.88
356.87;344.20;-12.67;701.07
356.68;342.42;-14.26;699.11
356.56;344.25;-12.31;700.81
356.67;342.60;-14.07;699.27
356.26;343.73;-12.53;699.99
356.42;343.95;-12.46;700.37
356.52;343.12;-13.40;699.65
356.66;342.43;-14.24;699.09
356.52;343.62;-12.91;700.14
356.33;343.96;-12.36;700.29
356.46;343.55;-12.91;700.01
356.42;343.52;-12.89;699.94
356.27;343.75;-12.52;700.02
356.25;342.01;-14.24;698.26
356.25;343.48;-12.78;699.73
356.16;343.46;-12.70;699.63
356.08;344.02;-12.06;700.10
356.04;344.09;-11.95;700.13
355.98;343.36;-12.62;699.34
357.18;343.69;-13.49;700.86
355.86;343.34;-12.52;699.19
355.78;343.52;-12.26;699.30
355.81;344.11;-11.69;699.92
355.72;343.39;-12.33;699.11
355.72;343.14;-12.58;698.86
355.64;343.19;-12.44;698.83
355.57;343.59;-11.98;699.16
355.51;343.56;-11.95;699.07
357.28;343.57;-13.71;700.85
355.36;343.08;-12.28;698.44
357.35;342.78;-14.57;700.14
355.20;343.92;-11.28;699.12
355.19;343.22;-11.97;698.42
356.85;342.99;-13.86;699.84
357.29;343.60;-13.69;700.89
354.91;342.72;-12.19;697.64
354.77;343.66;-11.11;698.44
354.66;344.15;-10.52;698.81
354.62;342.28;-12.34;696.91
356.27;343.40;-12.87;699.67
356.99;343.90;-13.09;700.89
356.98;343.17;-13.81;700.15
357.41;343.44;-13.97;700.85
354.06;343.48;-10.58;697.54
356.88;342.81;-14.06;699.69
357.72;342.75;-14.97;700.46
356.78;342.57;-14.21;699.35
356.88;342.49;-14.39;699.36
356.90;343.85;-13.05;700.75
356.75;342.81;-13.94;699.56
356.84;343.82;-13.02;700.65
356.34;343.69;-12.65;700.02
356.31;343.40;-12.91;699.71
356.15;344.09;-12.06;700.24
355.90;343.44;-12.46;699.34
355.57;343.04;-12.54;698.61
357.48;343.80;-13.68;701.28
356.74;342.94;-13.81;699.68
354.77;343.79;-10.98;698.56
356.36;343.46;-12.91;699.82
354.79;343.50;-11.29;698.29
354.76;342.37;-12.39;697.13
356.56;343.24;-13.33;699.80
356.96;343.87;-13.09;700.83
356.92;344.34;-12.58;701.26
356.47;344.30;-12.17;700.77
357.12;343.42;-13.71;700.54
356.91;342.36;-14.54;699.27
356.82;341.21;-15.61;698.02
356.70;344.36;-12.34;701.06
356.57;343.67;-12.90;700.24
356.36;343.91;-12.45;700.26
356.19;343.84;-12.35;700.04
356.21;343.72;-12.48;699.93
356.15;344.32;-11.84;700.47
355.98;343.61;-12.37;699.58
355.93;343.57;-12.36;699.50
355.92;343.35;-12.57;699.28
355.68;343.12;-12.56;698.81
355.56;343.45;-12.11;699.01
356.66;343.65;-13.01;700.32
357.62;343.64;-13.98;701.25
355.24;343.31;-11.92;698.55
355.18;342.78;-12.40;697.96
354.95;343.64;-11.31;698.58
357.64;343.15;-14.49;700.79
356.37;343.48;-12.89;699.85
357.15;343.38;-13.77;700.52
356.81;343.36;-13.45;700.16
357.51;343.54;-13.97;701.05
356.09;343.30;-12.79;699.39
357.00;342.88;-14.12;699.88
357.38;343.54;-13.84;700.91
357.02;343.69;-13.32;700.71
356.44;343.39;-13.04;699.83
356.91;342.69;-14.21;699.60
357.16;343.06;-14.10;700.23
357.16;342.64;-14.53;699.80
356.95;343.98;-12.98;700.93
356.94;343.18;-13.76;700.12
356.79;343.28;-13.52;700.07
356.71;342.77;-13.94;699.48
356.55;343.49;-13.05;700.04
356.38;344.06;-12.32;700.44
356.25;344.30;-11.95;700.55
356.11;343.22;-12.89;699.32
355.98;344.11;-11.86;700.09
355.89;343.44;-12.45;699.33
356.95;344.38;-12.57;701.34
355.66;343.78;-11.88;699.44
355.61;344.35;-11.26;699.95
357.30;343.69;-13.61;700.99
355.50;343.00;-12.50;698.50
355.38;343.48;-11.90;698.85
355.21;343.33;-11.88;698.54
355.08;342.73;-12.35;697.81
357.04;343.78;-13.26;700.82
357.72;342.81;-14.91;700.53
357.20;343.72;-13.48;700.92
354.76;344.15;-10.61;698.91
356.99;342.98;-14.02;699.97
356.88;344.08;-12.80;700.95
357.34;343.35;-13.98;700.69
357.20;343.41;-13.79;700.61
357.70;343.10;-14.60;700.80
356.89;343.63;-13.26;700.52
357.46;343.19;-14.27;700.65
357.72;343.17;-14.55;700.89
357.23;343.18;-14.05;700.41
356.63;343.23;-13.40;699.86
356.51;342.98;-13.54;699.49
356.46;341.77;-14.69;698.24
356.92;341.59;-15.32;698.51
356.83;343.09;-13.74;699.92
356.84;342.78;-14.06;699.61
356.78;343.03;-13.75;699.81
356.26;343.90;-12.36;700.16
356.65;342.95;-13.70;699.61
356.72;344.09;-12.62;700.81
356.67;343.68;-12.99;700.35
356.51;343.50;-13.01;700.01
356.36;343.56;-12.80;699.93
357.51;343.32;-14.19;700.84
356.13;343.44;-12.69;699.57
356.02;343.48;-12.54;699.50
356.01;342.95;-13.06;698.96
355.96;343.64;-12.32;699.59
357.35;343.39;-13.96;700.74
355.76;344.00;-11.76;699.76
355.70;343.29;-12.41;698.99
355.57;343.25;-12.32;698.82
355.59;343.06;-12.53;698.65
355.54;344.07;-11.47;699.61
357.26;343.16;-14.10;700.43
356.86;343.63;-13.23;700.49
357.32;342.84;-14.48;700.16
355.12;342.80;-12.32;697.92
355.11;343.28;-11.84;698.39
355.01;342.55;-12.45;697.56
354.99;343.48;-11.52;698.47
357.58;343.69;-13.89;701.28
355.95;343.54;-12.41;699.48
354.57;343.15;-11.42;697.72
357.15;342.83;-14.32;699.98
357.08;342.99;-14.09;700.07
356.88;342.96;-13.91;699.84
356.70;343.42;-13.28;700.12
357.06;343.31;-13.76;700.37
356.72;343.07;-13.65;699.79
356.79;343.14;-13.65;699.92
357.01;343.46;-13.54;700.47
357.03;342.78;-14.25;699.81
356.96;343.26;-13.69;700.22
357.08;342.60;-14.48;699.68
357.02;343.16;-13.86;700.18
356.91;343.16;-13.74;700.07
356.85;343.84;-13.01;700.68
356.67;342.25;-14.42;698.92
356.68;343.86;-12.82;700.54
356.53;343.51;-13.02;700.04
356.53;342.99;-13.54;699.52
356.45;343.99;-12.46;700.45
356.52;343.60;-12.92;700.12
356.41;343.58;-12.83;699.99
356.28;343.28;-12.99;699.56
356.35;343.81;-12.55;700.16
356.41;343.76;-12.64;700.17
356.21;343.36;-12.84;699.57
356.36;343.47;-12.89;699.83
356.21;343.89;-12.31;700.10
356.27;343.42;-12.85;699.69
356.28;343.59;-12.69;699.86
356.13;343.71;-12.42;699.84
355.97;343.54;-12.43;699.51
357.47;343.77;-13.70;701.24
357.45;344.38;-13.06;701.83
355.64;343.79;-11.85;699.44
355.54;343.83;-11.71;699.37
357.61;343.74;-13.88;701.35
355.46;343.65;-11.82;699.11
357.21;343.69;-13.52;700.91
357.18;342.75;-14.43;699.92
358.18;343.55;-14.63;701.74
358.26;343.00;-15.26;701.26
355.21;342.86;-12.34;698.07
357.68;343.20;-14.48;700.88
355.25;342.74;-12.51;697.98
357.89;342.85;-15.04;700.74
357.29;342.75;-14.54;700.04
356.92;343.04;-13.88;699.96
357.39;344.28;-13.11;701.67
357.28;343.48;-13.80;700.75
354.84;343.07;-11.77;697.91
356.99;343.42;-13.57;700.42
357.17;343.34;-13.83;700.51
357.63;343.46;-14.16;701.09
356.30;343.69;-12.61;699.99
354.68;343.49;-11.19;698.16
354.56;343.34;-11.23;697.90
356.36;343.29;-13.07;699.66
356.89;343.02;-13.87;699.92
357.50;342.08;-15.42;699.58
357.25;343.26;-13.99;700.51
356.94;341.86;-15.07;698.80
356.99;342.92;-14.07;699.91
357.10;343.11;-13.99;700.21
357.24;342.86;-14.38;700.09
357.05;343.04;-14.01;700.09
356.54;343.45;-13.09;699.98
357.01;343.36;-13.65;700.36
356.98;342.99;-13.99;699.97
356.68;343.28;-13.40;699.95
356.75;343.42;-13.32;700.17
356.45;342.21;-14.24;698.65
356.49;343.80;-12.69;700.29
356.45;343.81;-12.64;700.26
356.38;343.64;-12.74;700.02
356.20;343.28;-12.92;699.48
356.12;343.58;-12.54;699.70
356.08;343.80;-12.28;699.88
356.08;343.71;-12.36;699.79
356.05;344.25;-11.79;700.30
356.05;344.74;-11.32;700.79
355.91;343.63;-12.28;699.54
355.91;343.74;-12.18;699.65
355.92;343.33;-12.59;699.25
355.74;343.49;-12.24;699.23
355.67;343.77;-11.90;699.44
355.74;343.57;-12.17;699.31
355.71;343.39;-12.32;699.10
355.65;343.42;-12.23;699.08
355.50;343.38;-12.12;698.88
355.49;343.06;-12.43;698.55
355.49;343.59;-11.91;699.08
355.32;343.61;-11.71;698.92
355.32;343.01;-12.31;698.32
357.19;343.25;-13.95;700.44
355.19;343.45;-11.74;698.65
355.15;343.33;-11.82;698.48
357.27;343.38;-13.89;700.65
357.75;342.54;-15.21;700.29
358.19;342.39;-15.80;700.59
358.09;342.41;-15.68;700.51
357.54;342.89;-14.64;700.43
357.34;343.24;-14.10;700.58
354.61;343.46;-11.15;698.07
357.12;343.83;-13.29;700.95
357.56;342.92;-14.64;700.48
357.02;343.41;-13.61;700.43
357.44;342.34;-15.10;699.77
357.35;343.44;-13.91;700.78
354.76;343.00;-11.76;697.76
354.72;343.45;-11.27;698.16
357.42;343.01;-14.41;700.42
357.19;343.29;-13.90;700.48
357.84;342.75;-15.09;700.58
357.30;342.49;-14.81;699.79
357.41;342.54;-14.87;699.95
356.75;342.67;-14.08;699.42
357.54;342.63;-14.91;700.17
357.05;342.91;-14.14;699.96
357.42;343.14;-14.28;700.55
357.48;343.21;-14.26;700.69
357.47;343.18;-14.29;700.65
357.39;342.70;-14.69;700.09
357.22;342.25;-14.97;699.46
357.11;343.21;-13.91;700.32
357.06;341.84;-15.22;698.90
357.08;342.44;-14.64;699.52
357.06;342.95;-14.11;700.02
356.99;341.97;-15.02;698.96
356.88;343.07;-13.81;699.95
356.81;343.14;-13.67;699.95
356.76;342.30;-14.46;699.06
356.72;343.80;-12.92;700.52
356.59;342.83;-13.76;699.42
356.66;343.62;-13.04;700.28
356.45;343.87;-12.58;700.32
356.34;343.68;-12.65;700.02
356.44;342.06;-14.38;698.51
356.39;343.44;-12.95;699.84
356.27;343.71;-12.56;699.98
356.20;343.41;-12.79;699.61
356.16;343.35;-12.81;699.51
356.08;342.93;-13.15;699.01
355.84;343.63;-12.21;699.47
355.91;342.89;-13.02;698.80
357.58;343.82;-13.76;701.40
355.61;342.85;-12.75;698.46
356.98;343.09;-13.88;700.07
355.39;343.01;-12.38;698.40
358.17;342.94;-15.24;701.11
357.55;342.68;-14.87;700.24
354.97;343.42;-11.55;698.39
354.95;343.34;-11.61;698.29
357.06;342.44;-14.62;699.49
357.77;343.79;-13.98;701.56
357.16;343.67;-13.49;700.83
357.76;343.51;-14.25;701.26
356.74;343.58;-13.16;700.32
354.55;343.46;-11.09;698.01
357.03;343.39;-13.64;700.42
357.01;342.88;-14.12;699.89
356.75;341.88;-14.86;698.63
356.81;343.07;-13.74;699.88
356.80;343.08;-13.72;699.88
357.15;342.74;-14.41;699.88
357.22;342.96;-14.26;700.18
356.93;342.63;-14.30;699.56
357.01;341.32;-15.69;698.33
356.84;342.99;-13.85;699.82
356.75;343.50;-13.25;700.25
356.62;342.83;-13.79;699.45
356.50;343.50;-13.00;700.00
356.35;341.97;-14.38;698.32
357.76;343.13;-14.63;700.89
358.11;343.20;-14.91;701.31
356.13;343.68;-12.45;699.81
356.11;344.11;-12.01;700.22
355.99;343.51;-12.48;699.49
355.81;343.06;-12.74;698.87
355.68;343.17;-12.51;698.85
358.07;343.18;-14.89;701.25
358.62;343.26;-15.36;701.89
358.00;343.16;-14.84;701.16
355.54;343.05;-12.49;698.59
357.58;343.21;-14.38;700.79
355.55;343.79;-11.76;699.34
355.52;343.45;-12.08;698.97
357.76;343.90;-13.86;701.66
355.42;343.80;-11.62;699.22
355.41;343.55;-11.85;698.96
355.39;343.98;-11.41;699.38
355.26;343.87;-11.39;699.14
357.72;342.93;-14.79;700.65
357.47;343.50;-13.97;700.97
354.98;343.45;-11.52;698.43
357.21;342.74;-14.47;699.95
357.02;343.56;-13.45;700.58
357.24;343.49;-13.75;700.74
357.62;342.76;-14.86;700.38
354.62;343.37;-11.25;697.99
354.51;343.34;-11.18;697.85
357.21;343.14;-14.07;700.34
357.46;343.52;-13.95;700.98
357.22;344.19;-13.02;701.41
356.46;343.00;-13.46;699.46
357.22;342.79;-14.43;700.01
357.05;343.53;-13.52;700.58
356.95;342.89;-14.06;699.84
357.03;343.35;-13.68;700.38
358.08;342.77;-15.31;700.85
356.82;342.54;-14.29;699.36
356.56;343.22;-13.35;699.78
356.55;342.96;-13.59;699.52
356.72;342.38;-14.34;699.10
356.45;343.05;-13.41;699.50
356.47;342.85;-13.62;699.32
356.51;342.05;-14.45;698.56
356.41;343.39;-13.02;699.81
356.34;343.29;-13.05;699.62
356.29;343.90;-12.39;700.19
356.23;344.42;-11.81;700.65
356.08;343.12;-12.96;699.19
356.09;343.62;-12.48;699.71
357.35;341.84;-15.51;699.19
356.06;341.72;-14.34;697.78
356.02;343.54;-12.48;699.56
355.93;344.18;-11.75;700.11
355.86;343.86;-12.00;699.72
357.62;343.32;-14.30;700.94
355.76;343.28;-12.48;699.05
357.37;343.75;-13.62;701.12
355.79;342.69;-13.10;698.48
355.74;343.28;-12.45;699.02
355.58;343.36;-12.22;698.94
355.68;343.94;-11.74;699.62
357.48;342.94;-14.54;700.42
355.62;343.38;-12.24;699.01
356.81;343.12;-13.68;699.93
357.55;343.12;-14.42;700.67
357.27;343.13;-14.14;700.40
355.42;343.01;-12.42;698.43
357.69;343.55;-14.15;701.24
357.45;343.78;-13.67;701.22
357.69;341.64;-16.05;699.34
357.01;342.92;-14.08;699.93
357.71;342.98;-14.74;700.69
355.29;342.79;-12.50;698.08
356.92;342.95;-13.98;699.87
358.16;342.69;-15.47;700.86
357.44;342.74;-14.69;700.18
357.56;343.44;-14.13;701.00
355.15;342.65;-12.50;697.81
357.11;343.09;-14.02;700.19
357.86;343.18;-14.68;701.04
357.96;342.95;-15.01;700.92
357.61;343.68;-13.92;701.29
357.42;343.03;-14.39;700.45
357.62;343.21;-14.41;700.83
356.76;343.35;-13.41;700.11
357.20;343.27;-13.93;700.47
357.48;343.03;-14.45;700.51
357.09;342.63;-14.46;699.72
356.97;343.35;-13.62;700.32
357.44;342.97;-14.47;700.41
357.33;342.96;-14.36;700.29
357.41;342.94;-14.47;700.34
357.25;342.99;-14.26;700.24
357.09;342.51;-14.59;699.60
357.11;343.51;-13.60;700.62
357.05;342.62;-14.43;699.66
357.11;342.78;-14.32;699.89
357.22;342.65;-14.56;699.87
357.30;343.02;-14.28;700.32
357.31;342.96;-14.35;700.27
357.34;343.16;-14.18;700.50
357.31;343.25;-14.06;700.56
356.46;342.94;-13.52;699.40
357.43;343.94;-13.49;701.36
357.34;343.12;-14.22;700.45
357.40;342.66;-14.74;700.06
357.98;342.80;-15.18;700.78
357.16;343.19;-13.96;700.35
357.17;343.21;-13.96;700.38
357.00;342.66;-14.34;699.66
357.07;342.14;-14.94;699.21
357.05;343.89;-13.16;700.95
356.99;343.87;-13.12;700.86
357.02;343.03;-13.99;700.05
356.80;342.54;-14.26;699.34
356.84;343.65;-13.19;700.49
356.46;343.55;-12.91;700.02
356.67;343.71;-12.96;700.38
356.54;343.31;-13.23;699.85
356.35;343.85;-12.50;700.21
356.10;343.10;-13.00;699.20
356.19;343.22;-12.96;699.41
356.08;343.16;-12.92;699.24
356.04;343.62;-12.42;699.65
356.07;343.14;-12.93;699.21
355.88;343.61;-12.28;699.49
355.86;343.56;-12.31;699.42
355.98;342.85;-13.13;698.82
357.65;343.61;-14.05;701.26
357.71;343.58;-14.12;701.29
358.18;343.02;-15.16;701.19
355.70;342.78;-12.92;698.48
355.68;343.70;-11.98;699.38
357.28;343.35;-13.94;700.63
355.47;343.69;-11.78;699.16
357.25;343.28;-13.96;700.53
355.44;343.85;-11.59;699.29
357.75;343.07;-14.68;700.82
357.50;342.96;-14.54;700.46
355.31;343.63;-11.68;698.94
355.36;343.24;-12.12;698.59
357.61;343.82;-13.79;701.42
357.06;343.41;-13.66;700.47
357.22;343.32;-13.89;700.54
355.14;342.46;-12.67;697.60
355.05;343.11;-11.94;698.16
354.98;344.03;-10.95;699.01
356.95;343.34;-13.61;700.29
357.55;343.11;-14.44;700.65
356.85;342.72;-14.13;699.56
356.85;343.16;-13.69;700.01
357.16;343.14;-14.03;700.30
357.12;343.41;-13.71;700.52
357.08;343.54;-13.54;700.62
357.06;342.82;-14.24;699.89
356.42;343.42;-13.01;699.84
356.92;343.50;-13.42;700.42
356.92;342.06;-14.86;698.99
356.82;343.17;-13.65;699.99
356.44;343.08;-13.36;699.52
357.84;342.97;-14.87;700.81
356.32;342.75;-13.57;699.08
356.39;342.03;-14.36;698.42
356.31;342.04;-14.26;698.35
356.06;343.38;-12.69;699.44
356.01;343.30;-12.71;699.31
355.86;342.87;-12.99;698.74
355.77;343.36;-12.41;699.13
355.65;343.05;-12.60;698.71
355.61;343.72;-11.89;699.34
355.56;343.23;-12.34;698.79
357.99;343.24;-14.76;701.23
357.25;343.61;-13.64;700.85
357.96;343.85;-14.11;701.81
357.52;343.15;-14.37;700.66
355.19;343.48;-11.71;698.68
357.01;343.64;-13.37;700.64
354.99;343.17;-11.82;698.16
354.91;343.66;-11.25;698.57
357.66;343.62;-14.04;701.29
357.32;344.14;-13.18;701.46
357.16;343.22;-13.95;700.38
354.84;343.76;-11.07;698.60
354.71;343.47;-11.24;698.18
354.56;343.25;-11.31;697.81
357.28;343.22;-14.06;700.50
357.02;343.65;-13.36;700.67
356.94;343.13;-13.81;700.06
357.21;343.10;-14.11;700.31
356.55;342.83;-13.72;699.38
357.21;342.76;-14.44;699.97
357.21;343.56;-13.65;700.76
357.14;342.95;-14.19;700.09
357.01;342.62;-14.39;699.63
356.98;342.75;-14.24;699.73
357.01;343.01;-14.01;700.02
356.87;342.78;-14.09;699.65
356.78;343.54;-13.24;700.32
356.81;343.58;-13.24;700.39
356.61;342.26;-14.35;698.86
356.66;343.03;-13.63;699.69
356.63;342.71;-13.92;699.34
356.28;343.85;-12.42;700.13
356.56;344.00;-12.56;700.56
356.51;343.85;-12.66;700.36
356.61;343.73;-12.88;700.34
356.38;344.52;-11.86;700.89
356.56;343.39;-13.17;699.95
356.44;343.68;-12.75;700.12
356.22;344.69;-11.53;700.92
356.32;343.50;-12.82;699.82
356.51;344.09;-12.42;700.60
356.32;343.96;-12.36;700.28
356.35;343.99;-12.36;700.34
356.38;344.60;-11.78;700.98
356.24;343.90;-12.34;700.14
356.22;343.82;-12.41;700.04
356.18;343.94;-12.24;700.12
356.08;343.94;-12.14;700.02
356.16;343.74;-12.43;699.90
356.86;343.68;-13.18;700.54
356.06;343.81;-12.25;699.88
355.97;343.53;-12.44;699.50
356.83;343.85;-12.98;700.68
356.00;343.59;-12.41;699.59
355.74;344.18;-11.55;699.92
355.71;343.31;-12.41;699.02
355.79;344.05;-11.74;699.85
355.69;343.78;-11.92;699.47
355.61;343.09;-12.52;698.70
355.45;343.54;-11.91;698.98
355.41;343.01;-12.40;698.41
357.72;343.59;-14.12;701.31
355.11;343.90;-11.21;699.01
355.00;343.32;-11.68;698.32
354.85;343.66;-11.19;698.52
357.96;342.96;-15.01;700.92
357.23;343.47;-13.76;700.70
357.55;344.08;-13.47;701.62
354.69;343.13;-11.56;697.82
356.58;343.51;-13.08;700.09
354.65;343.61;-11.05;698.26
356.54;344.74;-11.80;701.27
354.48;344.64;-9.84;699.12
356.61;343.31;-13.30;699.91
356.72;343.22;-13.49;699.94
357.19;341.71;-15.48;698.89
357.22;342.96;-14.25;700.18
357.01;343.30;-13.71;700.31
356.85;344.16;-12.69;701.02
356.66;342.52;-14.14;699.18
356.88;343.26;-13.62;700.15
356.76;343.91;-12.85;700.67
356.52;344.06;-12.46;700.58
356.70;343.79;-12.91;700.49
356.56;342.77;-13.79;699.34
356.51;343.84;-12.67;700.34
356.45;343.93;-12.52;700.38
356.29;342.28;-14.01;698.56
356.20;343.68;-12.52;699.88
356.10;343.77;-12.33;699.87
355.99;344.20;-11.79;700.19
355.85;343.56;-12.28;699.41
355.87;343.33;-12.54;699.20
355.76;343.25;-12.51;699.02
355.71;343.35;-12.35;699.06
355.78;343.31;-12.47;699.08
355.74;343.55;-12.19;699.28
355.79;343.99;-11.80;699.79
355.76;344.08;-11.68;699.85
355.61;342.99;-12.62;698.61
356.81;343.31;-13.49;700.12
355.57;343.24;-12.33;698.81
355.42;343.63;-11.79;699.05
357.74;342.90;-14.84;700.64
356.69;343.44;-13.25;700.13
355.06;343.59;-11.47;698.65
356.35;343.61;-12.75;699.96
356.99;343.71;-13.28;700.69
357.17;344.21;-12.96;701.38
356.58;343.92;-12.66;700.49
357.41;343.88;-13.54;701.29
357.37;343.48;-13.89;700.85
354.79;343.58;-11.21;698.36
357.35;343.88;-13.47;701.22
356.92;343.49;-13.43;700.42
356.75;343.60;-13.15;700.35
356.29;343.55;-12.75;699.84
356.99;342.90;-14.09;699.89
356.48;343.44;-13.04;699.92
357.08;344.14;-12.94;701.21
356.38;344.34;-12.04;700.72
356.15;344.02;-12.14;700.17
356.34;344.00;-12.34;700.34
356.43;343.95;-12.48;700.38
356.16;344.16;-11.99;700.32
356.34;343.50;-12.84;699.84
356.28;343.89;-12.38;700.17
356.15;343.87;-12.28;700.02
356.06;343.86;-12.21;699.92
356.16;343.58;-12.58;699.74
356.06;343.62;-12.44;699.68
356.01;343.74;-12.27;699.75
355.99;343.69;-12.31;699.68
356.06;343.56;-12.49;699.62
355.92;343.56;-12.36;699.49
355.87;343.65;-12.22;699.52
355.78;343.54;-12.24;699.32
355.75;343.93;-11.82;699.68
355.69;343.43;-12.26;699.12
355.70;343.19;-12.51;698.89
355.65;343.22;-12.44;698.87
355.49;343.15;-12.35;698.64
355.39;343.03;-12.36;698.42
355.27;342.73;-12.54;698.00
356.90;343.28;-13.62;700.18
357.01;343.71;-13.30;700.71
355.18;342.72;-12.45;697.90
355.14;343.38;-11.76;698.51
357.49;343.44;-14.05;700.93
357.12;343.52;-13.61;700.64
356.99;342.82;-14.17;699.81
357.30;344.52;-12.78;701.82
357.15;342.48;-14.68;699.63
354.80;343.25;-11.55;698.05
354.84;343.52;-11.32;698.36
357.63;343.41;-14.22;701.04
354.75;344.16;-10.59;698.91
357.64;343.67;-13.97;701.31
357.11;342.40;-14.71;699.51
357.81;343.58;-14.24;701.39
357.48;343.64;-13.84;701.12
357.61;343.10;-14.51;700.71
357.42;343.24;-14.19;700.66
357.52;343.27;-14.25;700.79
357.32;343.85;-13.47;701.16
356.78;343.61;-13.17;700.39
357.45;343.59;-13.86;701.05
357.29;343.39;-13.90;700.69
357.04;343.22;-13.82;700.25
357.01;343.28;-13.73;700.28
356.78;342.98;-13.79;699.76
356.56;343.15;-13.41;699.71
356.59;342.86;-13.73;699.46
356.62;342.95;-13.66;699.57
356.53;342.74;-13.79;699.27
356.43;343.45;-12.98;699.88
356.34;341.89;-14.45;698.22
356.27;343.14;-13.14;699.41
356.08;343.56;-12.51;699.64
356.10;343.00;-13.10;699.10
357.48;343.68;-13.79;701.16
355.95;343.46;-12.49;699.41
355.84;343.27;-12.56;699.11
355.68;341.34;-14.34;697.02
355.55;343.01;-12.54;698.56
356.22;343.61;-12.61;699.84
355.35;343.08;-12.28;698.43
355.36;343.41;-11.95;698.78
355.12;343.40;-11.72;698.52
355.11;343.62;-11.49;698.74
357.29;344.09;-13.20;701.38
357.42;343.26;-14.16;700.69
356.76;343.45;-13.31;700.22
354.90;343.49;-11.41;698.39
357.35;343.51;-13.84;700.86
357.32;343.45;-13.87;700.76
357.62;343.30;-14.32;700.92
356.90;343.94;-12.96;700.84
357.43;343.05;-14.38;700.48
357.20;343.12;-14.08;700.32
357.42;344.24;-13.18;701.66
357.21;343.44;-13.77;700.65
356.94;342.74;-14.19;699.68
356.99;343.46;-13.53;700.46
356.74;343.95;-12.79;700.68
356.96;343.23;-13.74;700.19
356.54;343.87;-12.66;700.41
356.78;343.76;-13.02;700.54
356.60;343.47;-13.13;700.07
356.00;342.90;-13.10;698.90
356.75;344.15;-12.60;700.91
356.51;343.65;-12.86;700.15
356.67;343.03;-13.64;699.70
356.65;342.96;-13.69;699.61
356.54;343.80;-12.74;700.34
356.65;343.63;-13.02;700.28
356.29;343.57;-12.72;699.86
356.44;343.96;-12.48;700.39
356.49;343.56;-12.93;700.05
356.35;342.05;-14.30;698.39
356.24;343.46;-12.78;699.70
356.21;343.29;-12.92;699.49
356.26;343.54;-12.72;699.81
356.22;343.29;-12.93;699.51
356.19;344.64;-11.55;700.82
356.10;344.06;-12.04;700.16
355.91;343.59;-12.31;699.50
355.88;343.51;-12.37;699.39
355.92;343.38;-12.54;699.30
355.79;344.23;-11.56;700.02
355.72;343.88;-11.84;699.60
357.39;343.99;-13.39;701.38
355.48;343.62;-11.85;699.10
355.34;344.26;-11.08;699.61
355.28;343.94;-11.35;699.22
357.78;343.75;-14.02;701.53
356.84;343.04;-13.80;699.88
356.59;343.82;-12.77;700.42
357.75;343.43;-14.32;701.18
357.28;342.99;-14.29;700.28
356.69;343.02;-13.66;699.71
356.82;343.23;-13.59;700.05
356.67;343.13;-13.54;699.80
356.82;342.70;-14.12;699.52
356.81;343.31;-13.51;700.12
356.62;344.13;-12.49;700.75
356.48;343.01;-13.46;699.49
356.57;344.11;-12.46;700.68
356.45;343.02;-13.43;699.46
356.62;343.88;-12.74;700.51
356.69;344.20;-12.49;700.89
356.67;343.62;-13.05;700.29
356.65;343.05;-13.60;699.69
356.49;342.97;-13.52;699.46
357.32;343.98;-13.35;701.30
356.52;342.85;-13.66;699.37
356.55;343.58;-12.96;700.13
356.52;344.16;-12.35;700.68
356.44;343.74;-12.69;700.18
356.46;343.72;-12.74;700.18
356.40;343.51;-12.89;699.91
356.10;343.42;-12.68;699.52
356.30;342.04;-14.26;698.34
357.46;343.72;-13.74;701.18
356.22;343.32;-12.89;699.54
356.21;343.85;-12.36;700.06
356.14;343.26;-12.88;699.39
356.95;343.63;-13.32;700.58
356.05;341.72;-14.33;697.76
355.96;343.12;-12.84;699.09
355.85;343.51;-12.34;699.36
355.82;344.08;-11.74;699.91
355.83;343.22;-12.61;699.05
357.09;343.09;-14.00;700.18
355.73;343.19;-12.54;698.92
355.75;343.23;-12.52;698.98
355.52;343.51;-12.01;699.02
355.55;344.15;-11.40;699.71
355.51;343.52;-11.99;699.02
355.38;343.51;-11.88;698.89
355.27;344.08;-11.19;699.35
357.14;342.76;-14.38;699.91
357.91;343.89;-14.02;701.79
355.02;342.53;-12.49;697.55
357.24;342.53;-14.71;699.76
356.91;343.23;-13.68;700.14
357.26;343.10;-14.16;700.36
357.72;343.54;-14.19;701.26
357.20;343.47;-13.73;700.67
357.01;343.55;-13.46;700.56
357.48;342.91;-14.58;700.39
356.54;343.66;-12.88;700.19
357.21;342.92;-14.29;700.12
357.81;343.50;-14.31;701.31
354.76;342.79;-11.97;697.55
356.89;342.88;-14.01;699.77
354.75;343.58;-11.16;698.33
357.43;343.53;-13.90;700.96
356.95;343.32;-13.63;700.28
356.94;343.21;-13.72;700.15
357.37;342.45;-14.92;699.82
354.80;342.96;-11.84;697.76
357.75;342.81;-14.94;700.55
357.04;343.15;-13.88;700.19
357.24;342.41;-14.84;699.65
357.17;342.83;-14.34;700.00
357.56;342.23;-15.33;699.79
357.04;342.76;-14.27;699.80
357.15;342.11;-15.04;699.25
354.39;343.31;-11.09;697.70
357.02;343.27;-13.75;700.29
357.48;343.23;-14.25;700.71
357.29;343.64;-13.66;700.93
357.29;343.01;-14.28;700.30
357.17;344.24;-12.93;701.41
357.28;343.10;-14.18;700.38
356.76;343.39;-13.36;700.15
356.98;343.49;-13.48;700.47
356.59;342.65;-13.94;699.24
357.14;343.04;-14.09;700.18
357.11;344.05;-13.06;701.15
356.92;344.01;-12.91;700.93
356.78;343.83;-12.95;700.61
356.68;342.36;-14.32;699.04
356.58;343.64;-12.95;700.22
356.60;343.72;-12.88;700.32
356.59;343.76;-12.84;700.35
356.68;343.72;-12.96;700.41
356.40;343.04;-13.36;699.44
356.69;343.51;-13.18;700.21
356.56;343.74;-12.82;700.30
356.50;343.64;-12.86;700.14
356.36;343.74;-12.63;700.10
356.28;343.39;-12.89;699.68
356.18;342.48;-13.71;698.66
355.91;343.56;-12.35;699.48
356.16;343.12;-13.04;699.29
355.97;343.44;-12.53;699.41
355.96;344.32;-11.64;700.28
355.97;343.54;-12.44;699.51
357.61;344.31;-13.31;701.92
355.98;343.54;-12.44;699.52
355.86;343.79;-12.08;699.65
355.89;343.47;-12.42;699.36
355.86;344.12;-11.74;699.98
355.85;343.69;-12.16;699.55
355.89;344.11;-11.78;699.99
356.05;343.68;-12.36;699.73
356.16;343.69;-12.46;699.85
356.02;344.74;-11.28;700.76
356.14;344.23;-11.91;700.36
356.19;343.79;-12.40;699.99
356.11;343.75;-12.36;699.85
355.99;343.61;-12.38;699.59
355.89;343.79;-12.10;699.69
355.89;343.42;-12.47;699.31
355.74;344.03;-11.71;699.77
355.59;342.73;-12.86;698.32
355.55;343.28;-12.26;698.83
355.53;343.61;-11.92;699.14
355.38;343.77;-11.61;699.15
355.19;343.46;-11.72;698.65
356.33;343.87;-12.46;700.20
355.07;343.35;-11.72;698.42
355.01;342.58;-12.43;697.58
356.88;342.75;-14.14;699.63
354.78;343.41;-11.37;698.19
356.67;343.54;-13.13;700.21
357.34;343.37;-13.97;700.71
356.66;343.14;-13.52;699.79
356.93;343.04;-13.89;699.96
354.30;343.25;-11.05;697.55
356.66;343.15;-13.51;699.81
357.36;342.79;-14.56;700.15
356.74;344.31;-12.43;701.04
356.55;343.46;-13.09;700.01
356.98;342.59;-14.39;699.57
356.74;343.49;-13.25;700.23
356.77;344.39;-12.38;701.16
356.66;343.86;-12.80;700.52
356.74;343.96;-12.78;700.71
356.61;342.95;-13.66;699.55
356.34;343.49;-12.84;699.83
356.24;344.01;-12.23;700.25
356.33;344.49;-11.84;700.82
356.03;344.29;-11.74;700.32
356.04;343.91;-12.13;699.95
357.08;344.05;-13.03;701.12
355.81;343.82;-11.98;699.63
355.72;343.39;-12.33;699.12
355.59;343.90;-11.69;699.49
355.46;343.44;-12.02;698.89
355.42;343.01;-12.41;698.42
355.25;344.13;-11.12;699.38
357.19;344.05;-13.15;701.24
357.59;343.90;-13.69;701.49
355.07;343.12;-11.95;698.19
355.08;343.56;-11.51;698.64
355.00;343.21;-11.79;698.21
357.07;343.61;-13.46;700.68
357.21;342.31;-14.91;699.52
357.29;343.44;-13.85;700.72
354.58;343.29;-11.29;697.86
356.91;344.06;-12.85;700.97
356.83;343.53;-13.30;700.36
357.16;343.48;-13.68;700.64
357.04;342.86;-14.18;699.91
357.04;343.54;-13.50;700.57
357.25;342.86;-14.39;700.11
357.16;344.27;-12.89;701.43
356.31;342.83;-13.48;699.14
357.05;344.89;-12.15;701.94
356.98;344.14;-12.84;701.12
356.94;343.26;-13.68;700.20
356.42;343.32;-13.10;699.75
356.57;343.07;-13.50;699.64
356.69;343.92;-12.78;700.61
356.74;344.06;-12.68;700.81
356.58;344.28;-12.30;700.85
356.51;343.87;-12.64;700.38
356.44;344.19;-12.24;700.63
356.42;343.11;-13.31;699.52
356.18;342.63;-13.55;698.81
356.04;343.41;-12.64;699.45
356.03;343.65;-12.38;699.68
356.01;343.61;-12.40;699.61
355.95;343.39;-12.56;699.34
355.91;343.69;-12.22;699.61
355.90;343.45;-12.45;699.35
355.68;344.66;-11.01;700.34
355.55;344.13;-11.42;699.68
355.56;343.42;-12.14;698.99
355.52;343.78;-11.74;699.30
355.44;343.05;-12.39;698.49
356.35;343.86;-12.49;700.21
356.51;343.79;-12.72;700.30
356.50;343.56;-12.94;700.06
355.02;343.31;-11.71;698.32
355.06;343.74;-11.32;698.79
354.95;344.09;-10.86;699.04
356.70;343.42;-13.28;700.12
354.84;343.96;-10.88;698.81
357.85;343.59;-14.25;701.44
357.37;343.36;-14.01;700.74
357.03;343.26;-13.77;700.29
357.00;343.20;-13.80;700.20
357.25;343.33;-13.92;700.58
354.48;343.33;-11.15;697.81
356.95;343.65;-13.30;700.59
354.53;343.75;-10.78;698.28
354.48;343.52;-10.96;698.00
357.42;343.36;-14.05;700.78
356.96;343.32;-13.64;700.29
356.51;343.97;-12.54;700.48
357.54;343.51;-14.04;701.05
354.49;343.21;-11.28;697.70
354.42;343.10;-11.32;697.52
356.89;343.68;-13.21;700.56
357.04;342.91;-14.12;699.95
357.02;343.15;-13.88;700.17
356.78;343.47;-13.31;700.25
356.89;343.75;-13.14;700.64
356.78;342.37;-14.41;699.15
356.68;344.12;-12.56;700.79
356.54;343.53;-13.01;700.06
356.40;343.78;-12.62;700.18
356.29;344.36;-11.94;700.65
356.16;343.56;-12.60;699.72
356.10;343.59;-12.51;699.69
355.87;343.54;-12.34;699.41
355.83;343.62;-12.21;699.45
355.71;344.49;-11.22;700.21
357.40;343.20;-14.20;700.60
355.55;343.01;-12.54;698.56
355.44;343.99;-11.44;699.43
355.34;343.96;-11.38;699.29
355.24;343.81;-11.43;699.04
357.24;343.69;-13.55;700.92
355.18;342.78;-12.40;697.95
355.07;342.63;-12.44;697.70
357.31;343.68;-13.62;700.99
355.06;343.30;-11.76;698.36
354.94;343.32;-11.62;698.26
357.18;340.49;-16.68;697.67
356.83;343.33;-13.50;700.16
356.73;343.16;-13.57;699.89
356.86;343.82;-13.04;700.68
354.58;343.38;-11.21;697.96
356.75;343.58;-13.18;700.33
356.46;343.32;-13.14;699.79
356.61;343.75;-12.86;700.36
357.19;343.03;-14.16;700.22
357.12;343.45;-13.66;700.57
356.63;343.02;-13.61;699.65
356.54;342.73;-13.81;699.27
356.86;343.29;-13.57;700.15
356.34;343.21;-13.12;699.55
356.99;342.91;-14.09;699.90
356.86;343.04;-13.83;699.90
356.76;343.71;-13.05;700.48
356.66;343.16;-13.50;699.82
356.49;342.83;-13.66;699.32
356.54;343.78;-12.76;700.31
356.39;343.85;-12.54;700.25
356.41;343.59;-12.82;700.00
356.32;344.06;-12.26;700.38
356.34;343.16;-13.18;699.50
356.38;343.38;-12.99;699.76
356.16;343.59;-12.58;699.75
356.10;343.53;-12.57;699.63
356.09;344.10;-11.99;700.19
356.10;343.87;-12.23;699.97
356.09;343.65;-12.44;699.75
355.96;343.36;-12.60;699.33
355.82;343.28;-12.54;699.10
355.82;343.44;-12.39;699.26
357.15;342.97;-14.18;700.12
355.64;343.36;-12.28;699.01
355.54;343.40;-12.14;698.94
355.55;343.77;-11.78;699.32
355.66;343.34;-12.32;699.01
355.64;343.22;-12.42;698.86
355.76;343.48;-12.28;699.24
355.72;343.43;-12.29;699.15
355.82;343.54;-12.28;699.35
355.85;344.08;-11.77;699.94
355.71;343.55;-12.16;699.26
357.42;343.81;-13.61;701.24
355.59;343.18;-12.41;698.77
355.45;343.97;-11.48;699.42
355.33;343.62;-11.71;698.95
357.08;342.99;-14.09;700.07
355.19;342.94;-12.25;698.13
355.16;343.88;-11.29;699.04
355.11;343.17;-11.94;698.28
357.66;342.72;-14.94;700.39
357.45;342.79;-14.65;700.24
355.01;343.68;-11.32;698.69
357.17;343.38;-13.79;700.55
356.64;343.05;-13.59;699.68
357.76;343.06;-14.69;700.82
357.16;343.62;-13.54;700.78
354.83;343.41;-11.42;698.24
354.78;343.62;-11.16;698.41
357.36;343.42;-13.94;700.78
354.62;343.57;-11.05;698.19
356.78;343.39;-13.39;700.18
356.46;343.41;-13.05;699.88
356.79;343.24;-13.56;700.03
356.87;343.54;-13.33;700.41
357.68;342.55;-15.13;700.22
357.45;343.24;-14.22;700.69
357.29;343.03;-14.26;700.32
356.75;341.97;-14.78;698.72
357.06;343.75;-13.32;700.81
356.81;343.37;-13.44;700.18
357.12;342.93;-14.19;700.05
357.29;343.45;-13.85;700.74
357.09;343.16;-13.94;700.25
356.87;342.87;-14.00;699.74
355.85;342.32;-13.53;698.18
357.02;342.85;-14.16;699.87
356.92;343.44;-13.48;700.36
357.08;342.82;-14.26;699.91
353.91;342.79;-11.12;696.69
356.96;344.13;-12.84;701.09
356.80;344.12;-12.68;700.92
356.92;343.78;-13.15;700.70
356.91;343.40;-13.51;700.31
356.07;343.72;-12.35;699.79
356.44;343.69;-12.75;700.14
356.67;343.86;-12.81;700.53
356.64;342.93;-13.71;699.57
356.58;344.09;-12.48;700.67
358.17;343.76;-14.41;701.93
356.50;343.76;-12.74;700.26
356.53;343.85;-12.68;700.38
356.70;343.81;-12.89;700.51
356.74;342.48;-14.26;699.22
356.70;344.31;-12.39;701.01
356.69;344.12;-12.56;700.81
356.63;344.18;-12.45;700.81
356.57;343.96;-12.61;700.53
356.44;343.77;-12.66;700.21
356.22;343.38;-12.84;699.61
356.05;343.78;-12.28;699.83
356.13;343.21;-12.92;699.34
355.94;343.52;-12.42;699.46
355.84;344.05;-11.79;699.88
355.91;343.63;-12.28;699.54
355.95;343.64;-12.31;699.59
356.01;343.18;-12.83;699.18
355.95;343.99;-11.96;699.94
357.64;342.99;-14.65;700.63
355.83;341.46;-14.36;697.29
357.68;343.24;-14.44;700.92
355.74;343.79;-11.95;699.52
355.68;342.98;-12.70;698.66
355.63;343.24;-12.39;698.86
355.47;343.54;-11.93;699.01
357.95;343.12;-14.84;701.07
357.19;342.98;-14.21;700.18
356.98;343.88;-13.10;700.85
355.14;343.71;-11.43;698.85
357.09;343.82;-13.26;700.91
355.05;343.19;-11.86;698.24
357.34;343.57;-13.77;700.91
354.72;343.49;-11.24;698.21
357.03;343.29;-13.74;700.32
357.25;343.27;-13.98;700.52
356.55;343.30;-13.25;699.85
357.35;343.02;-14.33;700.36
356.81;342.94;-13.86;699.75
356.87;343.47;-13.40;700.34
356.99;342.64;-14.35;699.64
356.84;343.22;-13.62;700.05
356.79;342.65;-14.14;699.45
356.48;343.67;-12.81;700.15
356.65;343.84;-12.82;700.49
356.50;343.91;-12.59;700.41
356.43;344.02;-12.41;700.45
356.31;343.42;-12.89;699.73
356.34;343.58;-12.76;699.92
356.24;343.70;-12.54;699.94
356.21;343.85;-12.36;700.06
356.14;343.66;-12.48;699.79
355.98;343.55;-12.44;699.53
355.94;343.85;-12.09;699.79
355.82;343.91;-11.92;699.73
355.79;344.03;-11.76;699.82
355.74;343.46;-12.27;699.20
357.48;343.87;-13.61;701.35
355.68;343.80;-11.88;699.48
355.58;343.82;-11.76;699.41
355.47;343.71;-11.76;699.18
355.45;343.09;-12.35;698.54
355.40;343.17;-12.23;698.57
355.45;343.20;-12.25;698.65
355.34;343.68;-11.66;699.02
355.38;343.07;-12.31;698.45
356.75;343.61;-13.14;700.36
358.18;343.41;-14.76;701.59
355.25;344.09;-11.16;699.34
355.14;343.63;-11.51;698.76
357.50;343.97;-13.53;701.47
354.90;343.39;-11.51;698.29
354.81;344.42;-10.39;699.22
354.64;343.09;-11.55;697.73
357.03;343.47;-13.56;700.50
356.79;343.21;-13.58;700.00
357.22;343.36;-13.86;700.58
357.36;343.76;-13.60;701.13
356.97;343.68;-13.29;700.65
357.18;343.43;-13.75;700.61
356.62;343.48;-13.14;700.10
357.20;342.53;-14.67;699.73
356.91;343.06;-13.85;699.98
356.58;343.51;-13.07;700.08
357.16;342.87;-14.29;700.04
357.35;343.42;-13.94;700.77
357.46;343.25;-14.22;700.71
357.01;341.82;-15.19;698.82
357.33;343.45;-13.88;700.78
356.94;343.33;-13.61;700.27
353.98;342.85;-11.13;696.82
357.04;344.07;-12.96;701.11
356.38;344.07;-12.31;700.45
356.56;344.06;-12.49;700.62
356.75;343.23;-13.52;699.98
356.61;344.84;-11.76;701.45
356.79;343.69;-13.09;700.48
356.65;342.92;-13.73;699.56
356.55;344.10;-12.45;700.65
356.45;344.04;-12.42;700.49
356.32;344.22;-12.11;700.54
358.76;343.89;-14.88;702.65
356.21;343.86;-12.35;700.06
356.09;343.83;-12.26;699.92
356.01;343.19;-12.82;699.19
357.50;343.09;-14.41;700.59
356.01;343.68;-12.33;699.69
357.61;344.78;-12.83;702.39
355.84;343.19;-12.65;699.02
357.28;343.92;-13.36;701.19
355.59;343.08;-12.51;698.67
355.51;342.94;-12.56;698.45
355.32;343.55;-11.76;698.87
355.28;343.36;-11.92;698.64
357.15;343.31;-13.84;700.45
357.40;343.94;-13.46;701.34
357.45;343.79;-13.66;701.24
357.18;343.62;-13.56;700.81
356.60;343.43;-13.17;700.03
356.24;343.58;-12.66;699.82
356.87;342.21;-14.66;699.08
357.04;343.90;-13.14;700.94
357.22;343.19;-14.04;700.41
357.34;342.77;-14.56;700.11
356.82;342.55;-14.26;699.37
357.04;342.84;-14.20;699.87
357.06;343.55;-13.52;700.61
356.88;343.16;-13.72;700.04
356.87;343.28;-13.59;700.15
356.75;342.44;-14.32;699.19
356.73;343.82;-12.91;700.55
356.41;343.61;-12.80;700.02
356.15;343.96;-12.19;700.11
356.66;343.79;-12.87;700.45
356.58;343.66;-12.91;700.24
356.42;343.84;-12.58;700.26
356.46;343.51;-12.95;699.96
356.39;343.95;-12.44;700.34
355.72;343.98;-11.74;699.71
356.03;343.45;-12.58;699.48
356.01;344.31;-11.69;700.32
355.90;343.74;-12.16;699.64
355.94;343.96;-11.98;699.91
355.99;344.37;-11.62;700.36
355.71;343.75;-11.96;699.46
355.88;343.71;-12.17;699.58
355.94;343.28;-12.65;699.22
355.74;343.44;-12.31;699.18
355.82;343.51;-12.31;699.33
355.72;343.81;-11.91;699.53
355.67;343.11;-12.56;698.78
355.48;343.94;-11.54;699.42
355.35;343.50;-11.85;698.85
355.21;343.84;-11.38;699.05
355.09;343.74;-11.36;698.83
356.76;343.74;-13.02;700.49
357.14;343.71;-13.43;700.84
354.66;343.44;-11.22;698.11
354.68;343.45;-11.22;698.13
354.71;343.52;-11.19;698.23
357.23;344.39;-12.84;701.62
356.34;343.29;-13.04;699.63
356.97;344.08;-12.89;701.05
357.23;343.74;-13.49;700.97
354.69;343.46;-11.24;698.15
356.42;343.33;-13.09;699.75
357.18;343.27;-13.91;700.45
356.62;343.12;-13.49;699.74
356.75;343.21;-13.54;699.95
356.74;344.31;-12.44;701.05
356.26;344.15;-12.11;700.42
356.34;344.55;-11.78;700.89
356.96;343.99;-12.97;700.96
356.17;343.28;-12.89;699.45
356.39;344.24;-12.16;700.63
356.26;343.98;-12.29;700.24
356.43;344.04;-12.39;700.46
356.06;343.96;-12.09;700.02
356.15;343.89;-12.26;700.05
356.14;343.61;-12.54;699.75
356.73;344.38;-12.35;701.11
355.85;343.36;-12.48;699.21
355.58;343.00;-12.58;698.58
357.22;343.08;-14.14;700.30
355.19;343.52;-11.68;698.71
356.46;343.99;-12.48;700.45
355.08;343.29;-11.79;698.38
356.36;343.82;-12.55;700.18
356.82;343.43;-13.39;700.25
357.63;343.08;-14.55;700.71
354.59;344.22;-10.37;698.81
357.31;343.24;-14.06;700.55
356.35;344.77;-11.58;701.12
357.40;343.55;-13.85;700.95
356.98;344.18;-12.81;701.16
356.46;343.52;-12.94;699.99
357.06;344.11;-12.95;701.17
356.95;344.67;-12.28;701.62
356.62;342.84;-13.78;699.46
356.74;344.34;-12.40;701.08
356.52;343.76;-12.76;700.29
356.55;343.85;-12.70;700.39
356.42;344.09;-12.33;700.52
356.36;343.65;-12.71;700.01
356.30;343.72;-12.58;700.02
356.05;343.45;-12.60;699.51
355.87;344.06;-11.81;699.94
355.75;344.58;-11.17;700.34
355.66;343.40;-12.26;699.06
355.49;343.17;-12.32;698.66
355.56;343.45;-12.11;699.01
355.42;343.02;-12.39;698.44
357.08;342.74;-14.35;699.82
355.08;343.98;-11.10;699.05
354.85;343.91;-10.94;698.76
354.81;343.44;-11.36;698.25
356.76;343.98;-12.78;700.74
354.44;344.02;-10.41;698.46
357.05;344.62;-12.44;701.67
356.65;343.12;-13.53;699.78
357.20;343.76;-13.44;700.96
357.27;343.64;-13.64;700.91
356.16;343.56;-12.61;699.72
356.92;343.11;-13.81;700.02
356.20;343.11;-13.09;699.31
356.24;342.38;-13.86;698.62
356.34;343.94;-12.39;700.28
356.52;343.51;-13.01;700.03
356.42;344.01;-12.42;700.43
356.28;344.24;-12.05;700.52
356.18;343.79;-12.39;699.97
356.12;343.31;-12.81;699.42
356.12;343.62;-12.49;699.74
355.94;343.76;-12.18;699.69
355.89;343.41;-12.48;699.29
355.71;343.91;-11.80;699.61
355.58;343.23;-12.35;698.81
355.59;343.29;-12.30;698.89
355.52;343.69;-11.83;699.22
357.29;343.06;-14.22;700.35
355.40;343.58;-11.82;698.98
355.31;343.86;-11.45;699.16
355.23;343.55;-11.68;698.78
357.06;342.80;-14.26;699.86
355.08;342.66;-12.42;697.74
357.29;343.40;-13.89;700.69
357.29;343.49;-13.79;700.78
356.86;344.12;-12.74;700.98
357.32;343.42;-13.90;700.75
356.78;344.15;-12.63;700.94
356.88;343.44;-13.44;700.31
356.81;344.66;-12.15;701.48
356.69;343.96;-12.73;700.65
357.33;343.78;-13.55;701.11
356.26;343.72;-12.54;699.98
354.28;343.18;-11.11;697.46
356.63;343.00;-13.63;699.63
356.77;343.38;-13.39;700.15
356.74;342.84;-13.89;699.58
357.20;344.07;-13.13;701.27
353.92;344.21;-9.71;698.14
357.03;344.13;344.49;-11.49;700.46
356.08;343.19;-12.89;699.27
357.36;343.18;-14.18;700.54
356.14;343.66;-12.48;699.81
356.05;343.72;-12.34;699.77
356.15;343.46;-12.68;699.61
356.00;343.17;-12.83;699.17
356.10;343.46;-12.64;699.56
356.11;343.25;-12.86;699.36
356.19;343.68;-12.51;699.88
356.24;343.32;-12.92;699.56
356.39;343.54;-12.85;699.93
356.35;343.40;-12.95;699.75
356.41;343.83;-12.58;700.24
356.39;343.42;-12.97;699.81
356.38;343.36;-13.01;699.74
356.42;343.86;-12.56;700.28
356.48;343.56;-12.92;700.04
356.42;343.83;-12.59;700.25
356.62;343.04;-13.59;699.66
356.57;341.10;-15.47;697.67
356.65;342.96;-13.69;699.61
356.80;342.99;-13.81;699.79
356.92;342.99;-13.93;699.92
356.75;343.44;-13.32;700.19
356.13;341.51;-14.62;697.64
357.14;342.92;-14.22;700.06
356.81;342.84;-13.98;699.65
357.09;343.68;-13.42;700.77
356.54;343.40;-13.14;699.94
356.84;343.05;-13.79;699.89
356.75;343.75;-13.00;700.49
357.04;343.05;-13.98;700.09
357.45;342.75;-14.70;700.21
357.48;343.09;-14.39;700.57
356.92;342.86;-14.06;699.79
357.16;342.10;-15.06;699.26
356.82;344.02;-12.81;700.84
354.36;344.19;-10.17;698.56
356.04;343.29;-12.75;699.34
356.72;343.21;-13.52;699.93
357.58;343.76;-13.82;701.35
357.25;343.69;-13.56;700.94
356.69;343.85;-12.84;700.54
356.87;344.06;-12.81;700.93
354.47;343.29;-11.18;697.76
356.84;343.31;-13.53;700.14
356.36;343.48;-12.89;699.84
354.45;343.34;-11.12;697.79
357.06;344.04;-13.02;701.10
354.48;343.57;-10.91;698.05
356.19;343.31;-12.88;699.51
356.96;343.52;-13.44;700.49
356.89;343.77;-13.12;700.66
354.75;343.58;-11.17;698.34
354.94;343.91;-11.02;698.85
355.00;343.91;-11.09;698.91
355.05;342.81;-12.24;697.86
355.21;343.85;-11.35;699.06
356.40;343.52;-12.88;699.92
355.28;344.06;-11.22;699.35
355.35;344.22;-11.13;699.56
355.39;343.74;-11.65;699.13
355.58;344.22;-11.36;699.79
355.51;343.79;-11.72;699.31
355.61;343.21;-12.39;698.82
355.66;343.24;-12.42;698.90
355.62;343.98;-11.64;699.61
355.74;343.40;-12.34;699.14
355.83;343.54;-12.29;699.36
355.88;343.45;-12.42;699.33
355.84;343.52;-12.32;699.35
355.88;343.55;-12.33;699.42
355.83;343.66;-12.17;699.49
355.81;343.54;-12.27;699.35
355.96;344.15;-11.82;700.11
355.94;343.44;-12.51;699.38
355.84;344.26;-11.58;700.11
355.94;343.29;-12.65;699.22
357.23;343.68;-13.55;700.91
356.04;343.83;-12.21;699.86
356.16;344.37;-11.79;700.54
356.18;343.56;-12.62;699.74
356.22;343.85;-12.37;700.08
356.34;343.96;-12.38;700.29
356.27;343.58;-12.69;699.85
356.44;343.85;-12.59;700.29
356.51;343.91;-12.60;700.42
356.53;342.25;-14.28;698.78
356.50;344.34;-12.16;700.84
356.63;343.07;-13.56;699.70
356.26;344.47;-11.79;700.73
356.58;343.19;-13.39;699.76
356.74;343.96;-12.78;700.70
356.95;343.14;-13.81;700.09
353.71;342.77;-10.94;696.48
356.31;342.51;-13.80;698.82
356.74;344.18;-12.55;700.92
356.71;344.47;-12.24;701.18
356.65;342.71;-13.94;699.35
356.91;342.67;-14.24;699.58
356.70;344.06;-12.64;700.76
356.67;343.36;-13.31;700.04
356.74;343.98;-12.76;700.71
356.42;344.48;-11.94;700.91
356.14;344.29;-11.85;700.43
356.24;343.67;-12.57;699.91
356.87;343.62;-13.25;700.49
357.07;343.56;-13.51;700.63
356.82;343.57;-13.25;700.39
356.87;343.18;-13.69;700.05
356.81;343.29;-13.51;700.10
356.89;343.24;-13.66;700.13
357.65;343.16;-14.49;700.81
354.46;342.25;-12.22;696.71
357.16;343.72;-13.44;700.88
357.39;343.39;-13.99;700.78
357.37;343.22;-14.15;700.59
357.12;342.28;-14.85;699.40
357.77;343.24;-14.53;701.01
354.79;343.71;-11.08;698.51
354.81;343.29;-11.51;698.10
354.77;343.49;-11.28;698.26
357.38;343.52;-13.85;700.90
354.86;343.50;-11.36;698.36
354.85;342.55;-12.30;697.41
357.40;343.18;-14.22;700.58
354.90;343.58;-11.32;698.48
354.94;344.96;-9.98;699.90
357.31;342.95;-14.35;700.26
354.73;343.16;-11.57;697.89
357.39;342.52;-14.87;699.92
354.85;343.61;-11.24;698.45
