349.69;333.98;-15.71;683.68
349.48;333.76;-15.72;683.24
349.17;334.84;-14.34;684.01
348.92;334.71;-14.22;683.63
349.81;334.03;-15.78;683.84
348.35;334.43;-13.92;682.78
348.08;334.10;-13.98;682.18
349.74;333.92;-15.82;683.65
349.97;333.37;-16.60;683.34
349.25;334.18;-15.06;683.43
348.86;332.99;-15.86;681.85
349.24;332.69;-16.55;681.92
348.98;334.84;-14.14;683.81
349.01;334.29;-14.71;683.30
350.43;336.68;-13.75;687.11
348.83;333.15;-15.68;681.98
348.53;333.52;-15.01;682.05
348.48;334.33;-14.15;682.81
348.11;334.13;-13.98;682.24
347.88;333.95;-13.92;681.83
348.61;334.84;-13.77;683.45
349.31;333.33;-15.98;682.64
349.38;333.08;-16.29;682.46
348.94;334.71;-14.22;683.65
349.14;334.26;-14.87;683.40
350.35;334.19;-16.16;684.54
348.86;333.86;-14.99;682.72
348.74;333.55;-15.19;682.28
348.40;333.86;-14.54;682.26
349.17;334.20;-14.97;683.37
349.06;335.18;-13.89;684.24
347.42;333.61;-13.82;681.03
349.44;333.15;-16.29;682.59
349.44;333.61;-15.84;683.05
349.23;334.03;-15.20;683.26
351.36;335.47;-15.89;686.84
349.00;335.01;-13.99;684.01
348.77;333.71;-15.06;682.48
348.50;334.56;-13.94;683.06
349.59;334.14;-15.45;683.74
350.29;333.30;-16.99;683.59
349.58;333.79;-15.78;683.37
350.30;334.06;-16.24;684.36
347.01;334.44;-12.57;681.45
349.84;334.19;-15.65;684.04
349.70;334.45;-15.25;684.15
350.28;332.46;-17.82;682.74
349.15;334.06;-15.09;683.21
349.03;333.99;-15.04;683.02
348.79;333.67;-15.12;682.46
348.59;334.69;-13.91;683.28
350.01;333.27;-16.74;683.28
349.87;334.19;-15.68;684.06
349.52;333.92;-15.59;683.44
348.95;333.79;-15.15;682.74
349.79;333.52;-16.28;683.31
350.16;334.14;-16.02;684.29
349.86;333.81;-16.05;683.66
348.85;334.49;-14.36;683.34
350.74;333.93;-16.81;684.66
349.37;334.39;-14.98;683.76
349.25;334.80;-14.45;684.05
348.91;334.71;-14.20;683.61
348.82;334.99;-13.82;683.81
350.18;334.48;-15.70;684.65
348.14;334.50;-13.64;682.64
350.62;334.02;-16.60;684.64
350.72;334.52;-16.19;685.24
349.96;333.52;-16.44;683.48
350.38;333.14;-17.24;683.51
349.23;333.02;-16.21;682.25
349.19;332.62;-16.56;681.81
348.77;333.86;-14.91;682.63
349.16;334.79;-14.36;683.95
348.95;334.53;-14.42;683.48
349.52;333.72;-15.80;683.25
350.19;334.64;-15.56;684.83
349.22;332.58;-16.65;681.80
349.71;334.28;-15.43;683.99
347.83;333.86;-13.96;681.69
347.59;332.53;-15.06;680.12
349.29;334.32;-14.97;683.62
349.72;333.19;-16.54;682.91
349.57;334.28;-15.29;683.85
349.45;333.99;-15.45;683.44
349.42;334.26;-15.15;683.68
349.13;334.65;-14.48;683.78
349.88;333.94;-15.95;683.82
348.70;335.39;-13.31;684.09
348.35;333.91;-14.44;682.26
348.01;334.20;-13.81;682.21
350.24;334.68;-15.56;684.91
349.22;334.94;-14.28;684.16
348.95;335.18;-13.76;684.13
349.92;334.79;-15.13;684.72
350.93;334.71;-16.22;685.64
349.40;334.49;-14.91;683.89
349.06;333.75;-15.31;682.82
348.68;334.29;-14.39;682.98
349.44;333.53;-15.91;682.97
350.06;333.08;-16.98;683.15
349.65;334.10;-15.55;683.75
347.64;333.74;-13.90;681.37
349.26;333.64;-15.62;682.89
349.38;334.16;-15.22;683.54
349.89;333.12;-16.78;683.01
349.76;332.71;-17.06;682.47
349.49;334.16;-15.32;683.65
350.45;332.96;-17.48;683.41
349.61;334.00;-15.61;683.61
349.89;334.24;-15.65;684.12
348.55;334.48;-14.08;683.03
350.01;334.22;-15.79;684.24
348.02;334.04;-13.99;682.06
350.01;333.86;-16.15;683.86
349.53;332.78;-16.75;682.31
349.52;335.08;-14.44;684.59
349.36;334.58;-14.78;683.95
349.64;332.50;-17.14;682.14
349.41;332.30;-17.11;681.71
349.07;334.04;-15.04;683.11
350.54;334.60;-15.94;685.14
348.42;333.82;-14.60;682.24
350.34;334.25;-16.09;684.59
349.55;334.74;-14.81;684.29
350.18;333.64;-16.55;683.82
349.33;333.37;-15.96;682.70
349.81;333.08;-16.73;682.89
349.90;334.83;-15.07;684.73
349.56;334.10;-15.46;683.66
349.44;334.42;-15.02;683.86
349.04;334.04;-15.00;683.08
350.12;333.87;-16.25;683.99
348.76;333.52;-15.24;682.28
348.42;334.45;-13.96;682.87
348.12;334.07;-14.05;682.19
347.79;333.95;-13.84;681.75
349.45;336.63;-12.82;686.08
348.95;333.27;-15.68;682.22
350.24;333.08;-17.16;683.32
351.51;335.62;-15.89;687.12
349.66;334.37;-15.29;684.04
349.08;334.92;-14.15;684.00
349.16;334.14;-15.03;683.30
348.92;334.58;-14.34;683.51
351.11;334.24;-16.87;685.34
350.36;334.41;-15.95;684.76
349.23;333.83;-15.40;683.06
347.71;333.76;-13.95;681.46
350.72;332.89;-17.82;683.61
349.58;334.38;-15.19;683.96
349.12;334.12;-15.00;683.24
349.71;334.51;-15.20;684.21
349.31;332.26;-17.05;681.56
349.08;334.08;-14.99;683.16
350.19;334.79;-15.41;684.98
348.56;334.02;-14.54;682.59
350.91;334.36;-16.54;685.27
347.90;334.08;-13.82;681.98
349.93;333.80;-16.13;683.73
349.82;333.49;-16.33;683.31
350.12;335.06;-15.06;685.18
349.90;332.62;-17.28;682.52
349.53;333.73;-15.80;683.26
349.27;334.12;-15.15;683.39
349.03;333.82;-15.21;682.85
349.79;334.42;-15.37;684.22
348.31;334.09;-14.22;682.41
349.78;334.15;-15.63;683.92
349.99;333.79;-16.20;683.78
349.96;334.34;-15.62;684.31
350.22;334.07;-16.15;684.29
349.19;334.26;-14.93;683.45
349.41;332.45;-16.96;681.86
349.17;334.37;-14.80;683.54
348.88;334.45;-14.43;683.34
349.69;334.38;-15.31;684.06
350.31;334.19;-16.12;684.51
349.86;333.96;-15.90;683.82
350.04;333.63;-16.41;683.67
349.35;333.94;-15.41;683.29
350.06;334.99;-15.07;685.05
349.55;332.74;-16.82;682.29
349.52;333.29;-16.24;682.81
349.41;333.65;-15.76;683.06
349.99;333.82;-16.18;683.81
348.91;334.29;-14.61;683.20
348.47;333.41;-15.06;681.88
350.01;333.82;-16.19;683.84
350.45;334.81;-15.64;685.26
350.18;333.82;-16.36;684.00
349.68;332.45;-17.23;682.14
349.99;333.28;-16.72;683.27
349.70;333.01;-16.69;682.71
349.69;334.53;-15.16;684.22
349.55;334.05;-15.50;683.59
349.29;334.07;-15.22;683.36
350.18;333.91;-16.28;684.09
348.78;333.82;-14.96;682.60
348.55;334.64;-13.91;683.19
348.28;333.94;-14.34;682.21
347.98;334.04;-13.95;682.02
351.08;333.87;-17.21;684.95
349.59;333.64;-15.95;683.23
349.91;334.04;-15.87;683.94
349.41;333.76;-15.65;683.17
349.10;333.99;-15.11;683.09
349.09;334.54;-14.55;683.62
349.24;334.58;-14.66;683.82
350.50;331.89;-18.61;682.39
348.72;334.65;-14.06;683.37
348.42;333.21;-15.21;681.63
348.05;333.44;-14.62;681.49
349.59;333.78;-15.82;683.37
349.23;333.67;-15.56;682.90
347.24;334.18;-13.06;681.42
349.48;333.96;-15.52;683.44
349.51;334.50;-15.01;684.01
349.01;333.88;-15.13;682.89
349.36;332.19;-17.17;681.55
351.41;333.94;-17.47;685.34
351.10;333.67;-17.43;684.77
348.52;333.37;-15.15;681.89
350.26;333.01;-17.25;683.26
350.24;333.85;-16.38;684.09
349.91;333.52;-16.39;683.42
350.28;333.48;-16.81;683.76
350.34;332.53;-17.81;682.86
350.00;332.90;-17.10;682.90
349.55;334.69;-14.86;684.24
350.66;332.39;-18.27;683.05
349.30;334.39;-14.91;683.69
349.80;334.64;-15.16;684.44
348.65;333.52;-15.14;682.17
348.51;333.62;-14.89;682.13
349.26;331.18;-18.08;680.44
348.02;333.62;-14.40;681.64
348.96;333.80;-15.16;682.76
349.54;333.32;-16.21;682.86
349.46;333.08;-16.38;682.54
350.02;332.92;-17.10;682.95
349.34;332.64;-16.71;681.98
349.23;334.30;-14.93;683.53
349.14;333.94;-15.20;683.07
348.86;331.73;-17.13;680.59
349.88;331.56;-18.32;681.45
348.49;333.34;-15.15;681.84
349.95;334.38;-15.57;684.34
349.75;333.98;-15.78;683.73
350.21;334.29;-15.92;684.49
349.78;333.51;-16.26;683.29
350.22;333.14;-17.08;683.36
349.70;333.78;-15.92;683.48
349.71;332.66;-17.05;682.37
349.45;333.71;-15.75;683.16
349.27;333.99;-15.28;683.26
348.98;331.75;-17.22;680.73
348.61;334.50;-14.11;683.11
348.32;333.18;-15.14;681.50
348.12;334.08;-14.04;682.20
349.93;332.61;-17.32;682.54
350.48;333.42;-17.06;683.90
347.22;334.35;-12.88;681.57
349.38;333.09;-16.29;682.48
349.54;332.68;-16.86;682.22
349.57;334.34;-15.24;683.91
349.38;333.52;-15.86;682.91
350.29;334.09;-16.19;684.38
348.77;333.70;-15.07;682.47
348.59;334.39;-14.19;682.98
350.18;334.24;-15.94;684.42
347.98;334.60;-13.38;682.58
348.93;333.11;-15.82;682.04
349.94;334.30;-15.64;684.24
349.77;333.96;-15.81;683.74
349.82;334.15;-15.67;683.96
351.72;333.76;-17.96;685.48
349.53;334.65;-14.88;684.18
349.32;334.15;-15.17;683.48
349.20;333.39;-15.81;682.59
350.95;331.76;-19.19;682.71
348.69;333.66;-15.03;682.35
349.65;334.24;-15.41;683.89
349.79;333.52;-16.27;683.31
350.55;335.02;-15.54;685.57
349.88;333.37;-16.51;683.25
350.82;332.56;-18.26;683.38
349.71;333.50;-16.21;683.21
349.82;333.25;-16.57;683.08
350.18;333.06;-17.12;683.25
349.91;333.65;-16.25;683.56
349.64;332.54;-17.09;682.18
349.39;332.28;-17.11;681.67
349.10;334.07;-15.03;683.17
348.84;333.76;-15.08;682.59
348.65;334.66;-13.99;683.31
350.79;333.97;-16.82;684.76
350.56;332.94;-17.62;683.50
350.61;333.94;-16.68;684.55
349.86;333.62;-16.24;683.48
350.39;332.17;-18.22;682.56
349.95;333.86;-16.08;683.81
349.91;332.80;-17.11;682.71
349.67;334.38;-15.29;684.05
349.45;334.81;-14.64;684.26
350.62;333.99;-16.63;684.62
349.88;334.49;-15.39;684.38
349.69;333.78;-15.92;683.47
351.31;333.54;-17.77;684.85
350.17;333.85;-16.32;684.02
348.18;334.25;-13.93;682.44
350.04;332.83;-17.21;682.87
350.62;333.24;-17.38;683.86
350.68;332.61;-18.06;683.29
350.08;333.24;-16.85;683.32
349.70;333.20;-16.50;682.90
349.89;332.86;-17.03;682.76
349.66;332.56;-17.09;682.22
350.31;332.27;-18.04;682.58
349.16;334.16;-15.00;683.33
349.03;334.53;-14.50;683.56
348.74;333.72;-15.02;682.46
348.38;333.35;-15.04;681.73
349.93;334.14;-15.79;684.06
349.92;333.95;-15.97;683.88
350.21;333.76;-16.45;683.96
349.69;334.06;-15.62;683.75
350.12;333.19;-16.93;683.32
350.28;333.96;-16.32;684.24
349.90;332.75;-17.15;682.65
349.43;332.45;-16.98;681.88
349.48;334.18;-15.30;683.65
349.12;334.06;-15.05;683.18
349.78;334.05;-15.72;683.83
348.77;333.62;-15.15;682.39
348.52;334.52;-14.00;683.04
350.46;334.23;-16.23;684.69
348.04;334.11;-13.92;682.15
349.91;333.42;-16.48;683.33
350.14;333.24;-16.91;683.38
350.64;333.52;-17.12;684.15
349.82;334.59;-15.22;684.41
349.96;334.38;-15.58;684.35
349.88;334.35;-15.54;684.23
349.69;332.59;-17.11;682.28
349.54;332.33;-17.21;681.87
349.21;332.06;-17.15;681.27
349.05;333.76;-15.29;682.81
348.82;333.78;-15.05;682.60
351.16;334.22;-16.94;685.38
348.26;334.03;-14.23;682.29
349.95;333.64;-16.32;683.59
350.07;334.14;-15.93;684.21
349.55;334.00;-15.55;683.55
350.06;333.86;-16.21;683.92
349.70;333.56;-16.14;683.26
350.19;333.40;-16.79;683.59
350.28;333.16;-17.12;683.44
349.41;332.94;-16.48;682.35
349.61;333.63;-15.98;683.24
349.68;334.62;-15.06;684.30
349.88;333.85;-16.02;683.73
349.10;331.96;-17.14;681.06
350.56;335.14;-15.42;685.70
351.08;334.11;-16.97;685.18
351.66;333.75;-17.91;685.41
350.79;333.98;-16.81;684.77
350.72;333.99;-16.73;684.71
350.38;333.78;-16.59;684.16
349.86;333.32;-16.54;683.18
349.43;333.24;-16.19;682.66
349.95;332.90;-17.05;682.85
349.82;331.48;-18.34;681.30
349.42;332.39;-17.02;681.81
349.23;332.10;-17.13;681.33
348.95;333.85;-15.10;682.79
348.78;333.78;-15.01;682.56
350.78;333.45;-17.32;684.23
348.48;334.36;-14.12;682.85
350.71;333.65;-17.06;684.35
350.61;333.84;-16.78;684.45
350.88;334.02;-16.86;684.90
347.66;334.68;-12.98;682.35
350.54;333.48;-17.06;684.01
349.37;334.12;-15.25;683.49
349.48;334.44;-15.04;683.92
349.75;334.53;-15.22;684.28
349.58;334.01;-15.56;683.59
349.35;334.72;-14.63;684.06
349.81;333.00;-16.81;682.81
350.31;333.88;-16.43;684.18
348.81;333.68;-15.12;682.49
349.84;333.43;-16.41;683.27
348.25;333.76;-14.49;682.01
349.91;332.70;-17.21;682.61
349.27;332.51;-16.76;681.78
349.10;332.80;-16.30;681.90
350.19;333.89;-16.29;684.08
349.89;332.84;-17.06;682.73
349.70;332.59;-17.11;682.29
349.45;334.72;-14.73;684.18
349.11;331.99;-17.12;681.11
348.84;332.55;-16.28;681.39
348.60;334.16;-14.44;682.76
350.18;332.51;-17.66;682.69
350.22;333.96;-16.26;684.19
347.85;333.91;-13.95;681.76
350.18;332.55;-17.63;682.72
347.40;333.52;-13.88;680.92
350.26;333.96;-16.30;684.22
349.86;333.01;-16.85;682.87
349.65;332.78;-16.87;682.44
349.11;334.31;-14.79;683.42
350.34;335.42;-14.92;685.76
350.57;333.29;-17.28;683.86
350.96;333.75;-17.21;684.72
348.48;333.95;-14.53;682.42
348.21;333.74;-14.47;681.94
347.99;334.20;-13.79;682.19
349.98;333.79;-16.19;683.76
349.97;333.36;-16.61;683.34
350.62;334.85;-15.77;685.46
347.03;332.93;-14.10;679.96
349.80;333.71;-16.09;683.51
349.65;333.41;-16.24;683.06
350.75;334.71;-16.04;685.46
349.75;334.44;-15.32;684.19
350.41;333.60;-16.81;684.01
348.38;333.29;-15.09;681.67
350.14;336.11;-14.03;686.24
347.77;333.82;-13.95;681.59
349.31;333.55;-15.76;682.85
349.45;334.19;-15.25;683.64
349.35;333.74;-15.61;683.08
349.87;334.72;-15.15;684.59
349.69;333.88;-15.82;683.57
349.40;332.34;-17.06;681.74
349.22;335.16;-14.06;684.38
350.19;333.90;-16.29;684.09
348.77;333.60;-15.17;682.37
350.91;331.31;-19.59;682.22
350.59;334.00;-16.59;684.59
350.25;332.79;-17.46;683.04
350.49;333.69;-16.80;684.18
349.64;334.12;-15.52;683.76
349.94;333.05;-16.89;682.99
350.65;333.50;-17.15;684.15
350.21;332.43;-17.78;682.64
349.25;333.66;-15.58;682.91
348.81;331.66;-17.15;680.47
348.47;333.96;-14.51;682.43
351.10;333.55;-17.55;684.65
350.04;332.85;-17.19;682.88
349.79;333.88;-15.91;683.67
349.49;333.56;-15.93;683.06
350.28;334.08;-16.19;684.36
349.66;333.29;-16.37;682.96
349.96;334.85;-15.11;684.81
349.65;333.92;-15.72;683.57
351.25;332.22;-19.03;683.48
351.25;331.75;-19.51;683.00
348.76;333.70;-15.06;682.46
350.28;333.67;-16.61;683.95
351.13;333.48;-17.65;684.61
350.61;332.61;-18.00;683.21
350.55;333.46;-17.08;684.01
350.22;333.85;-16.38;684.07
349.95;332.82;-17.12;682.77
349.84;332.59;-17.25;682.43
349.52;332.32;-17.19;681.84
349.24;334.18;-15.06;683.42
350.22;333.71;-16.51;683.94
350.55;333.62;-16.94;684.17
350.64;333.53;-17.11;684.17
349.89;334.01;-15.88;683.91
350.75;333.81;-16.94;684.56
350.41;333.66;-16.75;684.08
350.34;334.06;-16.27;684.40
349.75;334.05;-15.71;683.80
349.97;332.91;-17.06;682.88
349.79;334.09;-15.69;683.88
349.70;333.89;-15.81;683.59
350.56;334.01;-16.55;684.57
349.00;333.86;-15.14;682.86
350.32;333.56;-16.75;683.88
350.19;333.18;-17.01;683.38
350.17;332.90;-17.27;683.07
350.98;332.65;-18.32;683.63
350.71;333.64;-17.08;684.35
350.43;333.56;-16.87;683.99
349.44;335.22;-14.22;684.65
349.85;333.64;-16.21;683.48
349.66;332.45;-17.22;682.11
349.30;334.38;-14.92;683.68
348.92;331.89;-17.04;680.81
348.65;333.34;-15.31;681.98
350.21;332.53;-17.68;682.74
351.24;333.34;-17.91;684.58
350.98;333.60;-17.38;684.58
350.55;332.31;-18.24;682.85
349.60;332.16;-17.44;681.76
350.12;333.09;-17.03;683.21
349.94;335.18;-14.76;685.11
349.55;332.64;-16.91;682.19
349.51;332.39;-17.11;681.90
349.31;334.32;-14.99;683.63
349.19;334.04;-15.15;683.22
350.44;333.89;-16.55;684.34
350.86;333.64;-17.22;684.50
350.24;333.24;-17.00;683.48
350.61;332.97;-17.64;683.58
350.40;333.79;-16.61;684.19
350.78;332.48;-18.31;683.26
350.31;333.08;-17.23;683.39
350.21;333.92;-16.29;684.12
350.99;332.76;-18.23;683.76
349.64;332.51;-17.13;682.14
351.60;334.67;-16.93;686.27
350.25;333.77;-16.48;684.02
348.53;333.42;-15.11;681.95
350.02;332.98;-17.04;682.99
349.77;332.65;-17.12;682.42
350.44;335.56;-14.87;686.00
349.22;332.04;-17.18;681.26
349.78;333.04;-16.74;682.82
349.79;332.69;-17.10;682.48
350.85;334.25;-16.60;685.09
350.89;334.05;-16.84;684.94
348.94;333.79;-15.15;682.73
351.04;333.75;-17.29;684.79
350.61;333.03;-17.58;683.64
350.39;332.96;-17.44;683.35
349.95;334.86;-15.09;684.82
349.94;332.39;-17.55;682.33
350.34;332.31;-18.02;682.65
349.34;333.71;-15.63;683.04
350.65;332.76;-17.89;683.41
350.37;333.73;-16.64;684.10
349.21;333.35;-15.86;682.56
350.70;333.74;-16.96;684.44
349.62;333.44;-16.18;683.06
349.52;333.35;-16.18;682.87
350.49;334.07;-16.42;684.56
350.18;332.62;-17.56;682.81
350.34;333.42;-16.92;683.75
350.42;333.37;-17.05;683.79
350.22;331.89;-18.33;682.12
349.97;333.65;-16.32;683.62
349.75;331.45;-18.31;681.20
349.39;333.18;-16.22;682.57
349.19;333.69;-15.51;682.88
348.95;334.30;-14.65;683.25
350.76;334.08;-16.68;684.85
348.42;333.38;-15.04;681.81
349.91;334.18;-15.73;684.08
349.79;332.72;-17.07;682.51
350.49;333.68;-16.81;684.18
349.85;333.27;-16.58;683.12
349.48;333.14;-16.34;682.62
349.28;334.21;-15.07;683.48
349.72;333.44;-16.28;683.15
349.47;333.41;-16.06;682.88
350.87;333.89;-16.98;684.76
348.79;334.42;-14.37;683.21
349.96;334.82;-15.14;684.78
348.36;333.76;-14.59;682.12
350.15;333.11;-17.05;683.26
350.19;333.93;-16.26;684.12
349.48;334.48;-15.01;683.96
350.14;332.25;-17.88;682.39
350.40;333.52;-16.88;683.92
349.54;333.26;-16.28;682.81
349.46;334.46;-14.99;683.92
349.83;334.15;-15.68;683.98
350.48;335.92;-14.55;686.40
349.48;334.35;-15.13;683.84
349.39;333.61;-15.78;683.01
349.99;334.82;-15.16;684.81
348.87;333.75;-15.12;682.62
350.36;333.49;-16.87;683.86
350.01;333.35;-16.66;683.36
349.75;334.06;-15.69;683.81
349.98;333.32;-16.65;683.30
347.40;333.68;-13.72;681.08
350.51;333.34;-17.18;683.85
349.61;334.44;-15.18;684.05
349.80;334.81;-14.99;684.61
349.19;334.29;-14.91;683.48
350.31;334.11;-16.19;684.42
349.53;333.91;-15.62;683.44
348.65;333.58;-15.07;682.24
350.56;334.44;-16.12;685.00
348.09;334.11;-13.98;682.20
349.79;332.73;-17.06;682.52
350.71;333.76;-16.95;684.46
350.39;334.29;-16.11;684.68
350.10;333.25;-16.85;683.35
349.92;333.61;-16.31;683.54
349.58;334.50;-15.08;684.08
350.54;334.21;-16.33;684.74
349.17;334.06;-15.11;683.24
350.12;331.91;-18.21;682.04
348.85;331.77;-17.08;680.62
349.68;333.49;-16.19;683.17
348.41;334.24;-14.16;682.65
349.85;334.85;-15.00;684.69
351.01;335.00;-16.01;686.01
349.76;332.29;-17.48;682.05
349.81;333.42;-16.39;683.24
349.69;333.12;-16.57;682.81
349.52;332.80;-16.72;682.32
348.64;334.51;-14.13;683.14
349.33;334.32;-15.01;683.65
349.20;333.39;-15.81;682.59
348.81;335.08;-13.74;683.89
348.57;333.45;-15.12;682.02
348.32;334.50;-13.82;682.82
349.73;334.12;-15.61;683.85
350.16;333.65;-16.51;683.81
349.52;333.36;-16.16;682.89
349.39;332.98;-16.41;682.36
349.74;334.61;-15.13;684.34
349.43;334.42;-15.01;683.85
349.29;334.16;-15.12;683.45
348.95;334.90;-14.05;683.85
348.68;334.54;-14.14;683.22
348.37;334.45;-13.92;682.82
347.94;332.88;-15.05;680.82
349.84;333.91;-15.93;683.74
349.56;333.62;-15.94;683.18
349.62;333.42;-16.20;683.05
349.80;334.42;-15.38;684.22
349.84;332.82;-17.02;682.66
349.53;332.55;-16.98;682.08
349.99;332.34;-17.66;682.33
349.12;334.08;-15.04;683.19
348.97;334.47;-14.50;683.44
348.65;334.62;-14.02;683.27
348.40;333.42;-14.98;681.82
350.21;334.27;-15.94;684.48
348.11;333.88;-14.24;681.99
347.78;333.82;-13.96;681.59
349.68;333.76;-15.92;683.44
349.69;333.12;-16.56;682.81
346.96;334.05;-12.91;681.02
349.78;331.68;-18.10;681.45
349.76;333.38;-16.38;683.15
349.43;333.58;-15.85;683.01
349.24;334.11;-15.14;683.35
348.94;334.36;-14.58;683.31
348.64;334.55;-14.09;683.18
349.99;333.41;-16.58;683.40
350.19;333.96;-16.22;684.15
350.50;334.09;-16.41;684.59
347.72;333.83;-13.89;681.55
350.17;333.56;-16.61;683.73
350.37;333.28;-17.09;683.65
349.94;333.75;-16.19;683.68
349.75;333.48;-16.27;683.22
350.26;336.46;-13.81;686.72
349.32;332.26;-17.06;681.58
349.15;332.85;-16.29;682.00
349.77;331.72;-18.05;681.49
350.02;334.06;-15.96;684.09
348.43;334.09;-14.34;682.52
350.15;334.20;-15.95;684.35
350.19;333.89;-16.30;684.09
350.05;333.77;-16.28;683.82
350.31;333.38;-16.93;683.69
350.17;333.11;-17.06;683.28
348.81;335.11;-13.70;683.92
349.65;332.71;-16.94;682.36
349.48;333.61;-15.87;683.08
349.30;334.78;-14.52;684.08
349.92;333.77;-16.15;683.69
351.10;333.62;-17.48;684.72
350.19;333.35;-16.85;683.54
350.42;334.05;-16.37;684.48
349.95;333.79;-16.16;683.74
349.85;333.43;-16.42;683.28
349.56;334.02;-15.54;683.58
350.18;333.02;-17.15;683.20
349.94;332.78;-17.16;682.72
349.45;333.36;-16.09;682.81
351.45;334.28;-17.18;685.73
349.12;333.98;-15.14;683.09
348.91;331.78;-17.12;680.69
348.62;333.43;-15.19;682.05
348.38;333.04;-15.34;681.42
350.74;331.81;-18.93;682.54
349.78;333.84;-15.94;683.62
350.48;332.39;-18.09;682.87
349.61;333.34;-16.27;682.94
350.04;334.90;-15.14;684.94
349.87;333.50;-16.37;683.37
350.38;334.26;-16.12;684.64
349.19;332.17;-17.02;681.36
348.91;334.67;-14.24;683.58
349.92;333.41;-16.52;683.33
348.39;334.22;-14.16;682.61
351.04;333.06;-17.97;684.10
349.84;334.14;-15.71;683.98
350.08;333.86;-16.22;683.94
350.28;333.76;-16.52;684.04
349.55;335.29;-14.25;684.84
350.32;333.22;-17.11;683.54
350.06;334.66;-15.41;684.72
349.99;334.19;-15.80;684.18
349.61;334.58;-15.03;684.18
349.48;334.20;-15.28;683.68
349.26;334.46;-14.81;683.72
348.98;334.48;-14.50;683.46
350.01;333.55;-16.45;683.56
350.24;333.39;-16.84;683.63
348.16;333.10;-15.06;681.26
350.75;334.08;-16.68;684.83
348.38;334.38;-14.00;682.76
347.34;332.26;-15.08;679.61
349.08;334.06;-15.02;683.14
349.72;332.84;-16.88;682.55
350.51;332.59;-17.91;683.10
349.39;334.16;-15.22;683.55
350.14;334.05;-16.09;684.18
350.08;333.79;-16.29;683.86
350.18;333.42;-16.75;683.60
350.21;333.02;-17.19;683.24
349.96;334.06;-15.90;684.03
350.01;332.60;-17.41;682.61
350.66;333.59;-17.07;684.26
350.17;333.19;-16.98;683.36
349.29;336.16;-13.13;685.45
349.80;334.26;-15.54;684.06
349.58;334.53;-15.05;684.11
350.28;332.24;-18.04;682.51
349.08;333.79;-15.29;682.87
348.83;334.29;-14.54;683.12
350.19;333.89;-16.30;684.09
348.29;333.18;-15.11;681.46
349.89;334.12;-15.76;684.01
350.38;332.43;-17.95;682.81
349.99;333.42;-16.56;683.41
350.19;333.92;-16.27;684.12
351.12;333.62;-17.50;684.75
349.13;332.56;-16.56;681.69
349.44;332.25;-17.19;681.69
349.26;332.05;-17.21;681.32
348.98;333.76;-15.22;682.74
348.61;333.69;-14.92;682.31
348.35;334.29;-14.05;682.64
349.98;332.95;-17.02;682.93
349.84;333.92;-15.91;683.76
349.83;332.44;-17.39;682.26
350.37;333.21;-17.16;683.58
350.19;334.31;-15.88;684.51
349.89;334.54;-15.35;684.43
349.53;333.75;-15.78;683.28
350.44;332.05;-18.39;682.48
349.00;333.92;-15.08;682.92
348.69;334.07;-14.62;682.76
348.46;334.47;-13.99;682.93
348.21;333.06;-15.15;681.26
350.32;334.05;-16.27;684.36
350.06;333.77;-16.29;683.84
349.75;334.08;-15.68;683.83
350.22;334.50;-15.72;684.72
349.89;332.76;-17.13;682.66
349.52;334.47;-15.05;683.99
349.37;332.15;-17.22;681.52
350.12;334.12;-16.00;684.25
350.98;331.60;-19.38;682.58
351.04;334.22;-16.82;685.26
350.13;333.19;-16.94;683.32
348.16;333.03;-15.13;681.19
347.83;333.59;-14.24;681.42
350.48;333.57;-16.91;684.05
349.75;333.25;-16.49;683.00
349.56;333.22;-16.35;682.78
349.71;334.02;-15.69;683.74
349.46;332.56;-16.89;682.02
349.40;334.82;-14.58;684.22
349.94;334.69;-15.25;684.62
350.17;333.78;-16.39;683.95
350.34;334.64;-15.70;684.97
348.21;333.03;-15.18;681.24
351.11;333.92;-17.18;685.03
349.48;333.59;-15.89;683.08
349.63;333.34;-16.29;682.96
349.89;332.92;-16.97;682.81
349.71;334.67;-15.04;684.38
349.31;334.60;-14.71;683.91
349.01;333.88;-15.12;682.89
349.95;333.53;-16.42;683.48
349.48;333.16;-16.32;682.64
350.06;332.90;-17.16;682.96
347.66;333.79;-13.87;681.45
350.18;333.58;-16.59;683.76
349.66;332.00;-17.66;681.66
349.90;334.90;-15.00;684.80
349.64;332.78;-16.86;682.42
349.28;333.90;-15.38;683.18
349.24;334.32;-14.92;683.56
349.12;333.92;-15.21;683.04
348.80;333.58;-15.22;682.38
348.52;334.34;-14.18;682.86
349.88;333.96;-15.92;683.85
347.96;333.44;-14.52;681.39
349.46;334.64;-14.82;684.10
349.54;333.51;-16.03;683.04
350.22;334.43;-15.79;684.65
349.35;333.00;-16.35;682.35
351.22;334.59;-16.63;685.81
349.35;334.09;-15.26;683.44
349.16;332.01;-17.15;681.18
348.85;333.82;-15.04;682.67
350.63;334.15;-16.48;684.78
348.29;334.25;-14.04;682.55
350.21;332.93;-17.28;683.14
349.58;333.72;-15.85;683.30
350.05;333.58;-16.48;683.63
349.28;334.54;-14.75;683.82
350.07;334.24;-15.84;684.31
349.74;334.52;-15.22;684.26
349.38;332.54;-16.84;681.91
350.55;334.29;-16.25;684.84
349.07;333.74;-15.34;682.81
349.86;333.62;-16.24;683.49
349.95;333.30;-16.65;683.25
351.16;333.99;-17.17;685.16
350.16;332.84;-17.32;683.01
349.68;333.73;-15.95;683.41
349.82;333.20;-16.62;683.02
350.35;334.73;-15.62;685.08
349.74;333.68;-16.06;683.42
349.58;334.45;-15.12;684.03
350.05;334.14;-15.91;684.19
350.61;334.75;-15.85;685.36
348.89;333.70;-15.19;682.59
348.52;334.06;-14.46;682.58
349.57;334.25;-15.32;683.82
350.18;333.79;-16.38;683.97
349.88;333.55;-16.33;683.42
350.28;334.06;-16.21;684.34
349.32;332.94;-16.38;682.26
349.68;335.68;-14.00;685.35
349.32;333.61;-15.72;682.93
349.02;333.62;-15.40;682.64
348.72;334.52;-14.20;683.25
349.25;333.11;-16.14;682.36
347.97;333.69;-14.28;681.66
349.63;333.63;-16.00;683.26
349.72;333.42;-16.30;683.14
350.16;333.74;-16.42;683.89
349.16;332.81;-16.35;681.97
349.75;333.55;-16.19;683.30
349.54;332.43;-17.11;681.96
349.25;332.15;-17.10;681.41
348.96;333.88;-15.08;682.85
348.68;333.51;-15.18;682.19
350.65;333.21;-17.45;683.86
350.22;334.07;-16.15;684.29
349.97;333.56;-16.41;683.53
350.28;333.27;-17.01;683.55
350.00;334.36;-15.64;684.36
349.76;334.61;-15.15;684.36
349.42;334.19;-15.23;683.62
351.31;334.68;-16.63;685.99
350.26;333.79;-16.47;684.06
348.54;333.94;-14.59;682.48
348.19;334.11;-14.09;682.30
350.19;333.73;-16.46;683.92
349.54;333.76;-15.78;683.30
350.63;333.61;-17.02;684.24
347.14;333.30;-13.84;680.44
350.15;331.92;-18.22;682.07
349.83;333.74;-16.09;683.57
349.72;332.49;-17.24;682.21
349.99;334.27;-15.72;684.26
349.09;333.31;-15.78;682.40
351.36;334.45;-16.91;685.81
350.20;333.88;-16.32;684.08
350.44;334.26;-16.18;684.70
350.31;333.89;-16.41;684.20
350.50;333.49;-17.01;683.99
350.35;333.35;-17.00;683.69
350.21;333.94;-16.27;684.15
351.66;334.79;-16.87;686.46
349.50;333.24;-16.26;682.74
351.12;335.05;-16.07;686.18
349.01;333.87;-15.14;682.88
348.64;333.55;-15.09;682.19
348.36;334.25;-14.12;682.61
348.17;333.21;-14.96;681.38
349.26;332.98;-16.28;682.24
349.98;334.05;-15.92;684.03
349.69;333.12;-16.58;682.81
350.28;333.45;-16.82;683.73
349.08;333.29;-15.79;682.36
349.96;334.18;-15.78;684.14
349.84;334.35;-15.48;684.19
349.25;331.19;-18.06;680.45
349.20;334.14;-15.06;683.34
349.03;333.98;-15.05;683.01
348.75;333.65;-15.11;682.40
348.54;334.28;-14.26;682.81
350.81;333.89;-16.92;684.70
351.04;333.96;-17.08;685.00
349.59;333.56;-16.03;683.16
350.28;333.61;-16.67;683.88
350.51;332.26;-18.24;682.77
349.66;333.86;-15.80;683.53
349.29;332.66;-16.63;681.96
349.62;334.44;-15.18;684.06
349.24;334.23;-15.01;683.46
348.99;332.68;-16.32;681.67
350.78;334.35;-16.43;685.12
348.45;334.40;-14.05;682.85
350.36;334.16;-16.20;684.53
350.18;333.75;-16.43;683.94
347.44;333.63;-13.81;681.07
350.26;334.57;-15.69;684.84
349.99;333.61;-16.38;683.61
349.19;332.94;-16.25;682.13
349.66;332.78;-16.88;682.44
348.68;333.21;-15.47;681.89
350.49;334.04;-16.46;684.53
348.99;334.76;-14.24;683.75
351.55;333.35;-18.19;684.90
350.38;333.20;-17.18;683.58
350.21;332.69;-17.51;682.90
349.91;333.65;-16.26;683.55
349.64;334.88;-14.75;684.52
350.06;334.25;-15.82;684.31
349.11;332.75;-16.36;681.85
349.58;334.57;-15.01;684.15
349.35;332.28;-17.07;681.64
349.10;332.76;-16.34;681.86
350.69;334.36;-16.34;685.05
350.16;333.35;-16.81;683.52
350.16;334.14;-16.02;684.30
350.21;333.43;-16.78;683.64
350.62;333.93;-16.69;684.55
349.93;332.58;-17.35;682.51
347.48;333.64;-13.85;681.12
350.36;333.43;-16.93;683.79
349.06;332.09;-16.97;681.16
348.70;334.41;-14.29;683.11
349.95;333.66;-16.29;683.61
349.81;333.93;-15.88;683.74
349.40;334.60;-14.80;684.00
349.97;331.98;-17.99;681.95
349.15;331.97;-17.18;681.12
350.08;333.78;-16.30;683.86
348.59;334.39;-14.19;682.98
348.44;334.03;-14.41;682.46
349.21;333.17;-16.04;682.38
349.69;333.10;-16.59;682.79
349.95;332.95;-16.99;682.90
347.91;334.17;-13.74;682.08
350.01;332.78;-17.23;682.78
350.48;334.65;-15.84;685.13
347.50;334.46;-13.04;681.96
349.92;334.33;-15.59;684.25
349.57;332.16;-17.41;681.73
349.41;333.14;-16.27;682.55
349.91;334.81;-15.09;684.72
349.55;334.55;-15.01;684.10
349.61;334.51;-15.09;684.12
350.51;334.32;-16.19;684.83
349.86;333.76;-16.10;683.63
349.09;334.43;-14.66;683.52
350.08;333.80;-16.28;683.88
348.61;334.51;-14.09;683.12
350.94;334.52;-16.42;685.46
348.29;334.34;-13.96;682.63
349.47;333.09;-16.38;682.56
349.94;334.03;-15.91;683.96
350.76;332.77;-17.99;683.54
350.34;335.22;-15.12;685.55
349.74;332.31;-17.42;682.05
350.26;334.11;-16.15;684.36
348.82;334.12;-14.70;682.94
350.23;333.04;-17.19;683.26
349.41;333.92;-15.49;683.33
348.95;334.20;-14.75;683.15
349.18;334.21;-14.96;683.39
349.63;331.49;-18.14;681.12
349.51;334.42;-15.09;683.93
349.39;332.46;-16.92;681.85
350.15;334.19;-15.95;684.34
350.29;333.92;-16.37;684.21
348.96;333.68;-15.29;682.64
348.63;333.61;-15.02;682.24
348.47;333.41;-15.06;681.88
348.37;334.42;-13.95;682.79
348.35;334.35;-13.99;682.70
348.21;333.98;-14.23;682.18
348.12;333.16;-14.96;681.28
349.59;334.16;-15.42;683.75
350.74;334.07;-16.66;684.81
350.19;333.86;-16.32;684.05
350.12;332.68;-17.44;682.79
350.48;333.83;-16.65;684.31
350.04;333.86;-16.18;683.91
350.67;332.66;-18.01;683.34
347.46;333.72;-13.74;681.18
350.06;333.71;-16.35;683.76
350.08;333.06;-17.01;683.14
347.54;333.67;-13.87;681.21
350.58;333.73;-16.85;684.31
349.85;333.58;-16.27;683.44
349.50;333.47;-16.03;682.97
350.25;333.32;-16.92;683.57
350.06;333.25;-16.81;683.32
349.80;333.09;-16.71;682.89
349.74;332.83;-16.91;682.57
349.68;334.01;-15.67;683.68
349.36;332.49;-16.87;681.86
349.36;332.30;-17.06;681.66
349.30;332.26;-17.04;681.56
349.16;334.13;-15.03;683.29
349.06;331.99;-17.06;681.05
348.81;334.46;-14.35;683.28
348.69;334.39;-14.30;683.08
348.60;334.04;-14.56;682.64
350.21;333.84;-16.37;684.04
350.62;333.19;-17.42;683.81
350.20;333.03;-17.17;683.23
350.32;334.36;-15.96;684.68
350.24;334.08;-16.16;684.31
350.02;332.26;-17.75;682.28
349.05;332.71;-16.35;681.76
347.69;333.25;-14.45;680.94
350.49;333.54;-16.95;684.02
349.55;333.10;-16.45;682.65
350.18;333.88;-16.29;684.06
349.90;334.41;-15.49;684.31
349.81;332.79;-17.02;682.61
349.62;334.41;-15.22;684.03
349.33;334.88;-14.45;684.21
350.32;334.08;-16.24;684.41
350.28;334.11;-16.17;684.39
348.99;333.82;-15.17;682.82
350.06;334.34;-15.72;684.41
348.72;333.72;-15.00;682.45
348.54;334.69;-13.84;683.23
348.39;335.29;-13.09;683.68
348.29;334.42;-13.88;682.71
350.00;333.91;-16.09;683.91
349.88;334.18;-15.71;684.06
350.41;332.93;-17.48;683.34
347.76;332.64;-15.12;680.40
347.63;333.60;-14.03;681.23
349.58;333.56;-16.02;683.14
349.44;336.62;-12.81;686.06
349.74;333.25;-16.49;682.99
349.88;333.22;-16.65;683.10
349.15;334.39;-14.76;683.55
350.02;334.31;-15.72;684.33
349.39;334.15;-15.24;683.55
348.98;334.72;-14.25;683.70
349.52;335.64;-13.89;685.16
349.41;334.81;-14.60;684.22
349.41;334.41;-15.00;683.81
349.16;333.03;-16.14;682.19
351.18;333.41;-17.77;684.58
348.96;333.24;-15.73;682.20
348.87;334.23;-14.64;683.10
348.70;333.62;-15.08;682.32
350.47;334.32;-16.15;684.79
348.35;334.49;-13.86;682.84
348.31;333.74;-14.56;682.05
351.26;334.05;-17.21;685.31
350.61;333.99;-16.62;684.59
350.56;332.74;-17.82;683.30
350.15;333.80;-16.35;683.95
349.43;332.49;-16.94;681.92
349.53;333.54;-15.99;683.06
349.44;334.66;-14.78;684.09
350.12;333.14;-16.98;683.26
349.82;333.78;-16.05;683.60
349.18;334.33;-14.85;683.51
349.61;333.50;-16.11;683.11
349.58;333.28;-16.29;682.86
349.38;334.28;-15.10;683.65
351.38;333.21;-18.17;684.59
349.25;334.26;-14.99;683.52
349.09;333.31;-15.78;682.39
348.90;333.86;-15.04;682.76
348.71;334.74;-13.98;683.45
350.41;334.01;-16.39;684.42
350.71;333.32;-17.39;684.02
350.55;333.14;-17.41;683.68
350.31;334.21;-16.10;684.51
349.85;332.94;-16.91;682.78
350.25;333.89;-16.36;684.15
349.88;334.55;-15.32;684.43
350.02;333.76;-16.25;683.78
349.68;336.28;-13.39;685.96
349.78;333.59;-16.19;683.38
349.49;334.24;-15.25;683.74
349.41;333.34;-16.06;682.75
349.52;333.24;-16.28;682.76
349.98;333.12;-16.86;683.10
350.00;333.04;-16.96;683.04
349.71;332.98;-16.72;682.69
349.08;333.71;-15.36;682.79
349.79;332.68;-17.11;682.48
351.11;332.58;-18.52;683.69
349.37;334.34;-15.03;683.71
349.45;334.49;-14.96;683.94
349.36;332.26;-17.10;681.63
349.24;333.60;-15.64;682.84
349.03;333.86;-15.17;682.89
350.06;332.65;-17.42;682.71
349.96;333.11;-16.85;683.07
348.62;333.56;-15.05;682.18
348.46;332.21;-16.25;680.68
348.36;334.51;-13.85;682.86
349.48;333.14;-16.34;682.61
350.35;333.92;-16.43;684.26
350.75;332.49;-18.26;683.24
349.48;333.36;-16.12;682.84
350.22;331.88;-18.34;682.09
349.85;332.88;-16.96;682.73
349.75;332.64;-17.11;682.38
349.44;332.41;-17.03;681.84
351.68;332.96;-18.72;684.65
349.01;333.81;-15.20;682.82
348.66;333.58;-15.08;682.24
350.08;333.28;-16.80;683.35
350.83;333.71;-17.12;684.54
347.86;334.58;-13.29;682.44
349.99;333.57;-16.42;683.56
349.52;333.29;-16.23;682.82
349.95;333.94;-16.01;683.89
349.72;332.76;-16.96;682.48
350.36;332.43;-17.94;682.79
349.22;332.94;-16.28;682.16
348.94;331.83;-17.11;680.76
349.81;334.29;-15.52;684.10
348.24;333.23;-15.01;681.47
351.10;334.09;-17.01;685.19
350.05;333.76;-16.28;683.81
350.59;333.44;-17.15;684.02
351.49;333.90;-17.59;685.39
349.76;334.20;-15.56;683.96
350.81;333.25;-17.55;684.06
349.39;332.14;-17.25;681.53
349.07;332.82;-16.25;681.89
349.60;333.56;-16.04;683.16
350.25;333.66;-16.59;683.91
350.25;332.98;-17.26;683.23
350.28;333.66;-16.62;683.94
350.46;333.24;-17.22;683.69
350.06;333.16;-16.90;683.22
349.89;332.97;-16.92;682.86
349.54;332.66;-16.87;682.20
349.61;333.82;-15.79;683.43
349.17;334.15;-15.02;683.32
348.95;333.73;-15.22;682.68
348.62;333.51;-15.11;682.12
351.24;333.91;-17.32;685.15
350.24;333.64;-16.60;683.87
351.04;333.81;-17.23;684.84
350.45;333.55;-16.89;684.00
350.20;334.10;-16.10;684.30
349.77;334.31;-15.46;684.08
349.91;332.79;-17.12;682.70
351.12;333.34;-17.78;684.45
349.28;332.98;-16.30;682.25
348.98;332.79;-16.18;681.77
348.71;333.56;-15.15;682.28
348.56;333.91;-14.65;682.47
349.42;333.13;-16.29;682.55
349.69;334.07;-15.62;683.76
348.99;334.71;-14.29;683.70
349.81;333.58;-16.23;683.39
349.79;333.38;-16.41;683.18
349.48;333.05;-16.43;682.54
349.75;334.58;-15.17;684.32
349.49;332.52;-16.97;682.02
349.26;334.84;-14.43;684.10
348.98;334.25;-14.72;683.23
348.54;334.62;-13.91;683.16
348.23;333.71;-14.52;681.94
350.19;333.85;-16.34;684.04
350.14;334.42;-15.72;684.55
350.07;333.32;-16.75;683.39
349.60;335.15;-14.45;684.75
349.79;333.65;-16.14;683.44
350.32;332.55;-17.78;682.87
349.34;334.97;-14.37;684.31
349.01;334.33;-14.68;683.34
350.34;334.40;-15.94;684.74
348.42;334.23;-14.19;682.65
350.39;333.97;-16.42;684.36
349.74;333.66;-16.07;683.40
349.70;334.29;-15.41;683.99
349.55;333.18;-16.37;682.74
350.11;333.02;-17.09;683.14
351.14;332.79;-18.35;683.92
349.44;333.68;-15.76;683.11
349.28;335.12;-14.16;684.41
348.98;333.96;-15.02;682.95
350.18;333.59;-16.58;683.77
349.53;333.97;-15.56;683.50
350.36;334.08;-16.28;684.44
347.81;332.62;-15.19;680.43
350.04;332.41;-17.64;682.45
350.43;333.41;-17.02;683.84
349.68;333.05;-16.64;682.73
349.66;335.29;-14.38;684.95
349.56;334.45;-15.11;684.01
349.04;334.18;-14.86;683.22
350.58;334.48;-16.10;685.05
350.64;333.72;-16.92;684.35
348.52;334.02;-14.51;682.54
349.43;334.15;-15.28;683.58
349.84;333.87;-15.97;683.71
349.65;333.71;-15.94;683.36
349.62;333.64;-15.98;683.25
349.64;333.92;-15.71;683.56
349.85;333.18;-16.67;683.04
349.42;334.81;-14.61;684.24
349.48;332.45;-17.02;681.93
349.29;332.09;-17.20;681.38
349.01;334.49;-14.52;683.50
351.26;334.78;-16.48;686.05
350.84;333.30;-17.54;684.14
349.63;334.19;-15.44;683.82
350.01;333.85;-16.16;683.86
349.91;332.32;-17.59;682.22
350.05;334.59;-15.46;684.64
349.82;334.84;-14.98;684.66
350.32;334.76;-15.55;685.08
349.31;333.86;-15.45;683.17
350.37;331.97;-18.40;682.34
350.92;334.31;-16.61;685.24
348.45;333.16;-15.29;681.62
350.11;334.08;-16.03;684.18
350.13;333.88;-16.25;684.01
349.63;334.74;-14.89;684.36
350.11;333.95;-16.16;684.06
349.49;332.95;-16.55;682.44
349.37;334.71;-14.66;684.08
349.49;332.48;-17.01;681.96
349.27;334.12;-15.15;683.39
349.01;333.87;-15.14;682.88
348.68;334.03;-14.65;682.71
350.56;333.78;-16.78;684.34
351.15;333.86;-17.29;685.01
349.48;333.73;-15.75;683.21
348.71;334.12;-14.59;682.83
349.51;334.42;-15.08;683.93
349.66;334.74;-14.92;684.39
349.45;333.37;-16.08;682.82
349.30;334.78;-14.52;684.08
348.92;333.83;-15.09;682.75
350.00;333.43;-16.57;683.43
350.81;333.16;-17.65;683.97
349.35;332.72;-16.64;682.07
350.32;332.48;-17.84;682.79
350.07;333.44;-16.64;683.51
350.16;335.05;-15.11;685.21
349.71;334.70;-15.01;684.41
349.08;334.38;-14.69;683.46
349.01;334.20;-14.81;683.21
349.75;333.93;-15.82;683.68
348.68;333.65;-15.03;682.32
348.42;333.38;-15.04;681.81
349.85;334.19;-15.65;684.04
349.21;332.99;-16.22;682.20
350.24;332.74;-17.49;682.98
349.55;333.86;-15.69;683.42
349.94;333.45;-16.49;683.39
347.21;332.16;-15.05;679.36
349.42;333.85;-15.57;683.26
349.62;334.18;-15.44;683.80
349.55;332.54;-17.02;682.09
349.06;334.22;-14.84;683.28
349.01;334.81;-14.20;683.81
349.84;334.78;-15.06;684.61
348.45;336.28;-12.17;684.74
350.55;333.08;-17.47;683.64
347.93;333.88;-14.05;681.81
350.12;333.88;-16.24;683.99
349.61;334.19;-15.42;683.81
349.05;335.15;-13.90;684.19
349.71;333.72;-15.98;683.43
349.56;333.88;-15.69;683.44
349.06;334.14;-14.92;683.19
349.01;331.92;-17.08;680.93
348.75;333.63;-15.12;682.38
348.50;334.68;-13.82;683.18
348.14;333.03;-15.11;681.16
347.90;333.96;-13.94;681.86
349.98;334.54;-15.45;684.52
349.85;334.68;-15.17;684.52
350.16;334.79;-15.38;684.95
350.66;334.37;-16.29;685.04
349.82;332.89;-16.93;682.71
350.31;333.98;-16.32;684.29
349.46;334.35;-15.12;683.81
349.18;333.95;-15.23;683.12
350.01;333.80;-16.21;683.81
348.68;333.60;-15.08;682.28
348.39;333.18;-15.21;681.56
348.01;333.97;-14.04;681.98
349.67;332.70;-16.97;682.37
349.62;332.45;-17.17;682.08
349.77;334.24;-15.54;684.01
350.02;333.08;-16.94;683.10
349.82;333.70;-16.12;683.52
349.34;334.28;-15.06;683.61
349.37;333.65;-15.72;683.02
350.83;333.94;-16.89;684.77
348.69;333.70;-14.99;682.39
348.56;333.51;-15.05;682.06
349.49;334.36;-15.14;683.85
347.81;332.73;-15.08;680.54
350.11;334.40;-15.71;684.51
349.53;334.54;-14.99;684.06
349.74;334.98;-14.76;684.72
349.73;334.24;-15.49;683.97
348.96;334.14;-14.82;683.10
350.05;333.99;-16.05;684.04
348.84;334.09;-14.75;682.94
348.54;333.33;-15.21;681.86
350.35;333.55;-16.81;683.90
349.84;334.94;-14.91;684.78
347.71;332.68;-15.02;680.39
349.35;332.91;-16.44;682.26
347.30;333.41;-13.89;680.71
349.62;333.35;-16.26;682.97
349.74;333.08;-16.65;682.82
349.88;332.71;-17.18;682.59
349.64;334.31;-15.33;683.95
349.24;334.27;-14.97;683.51
349.12;334.09;-15.03;683.21
348.80;335.08;-13.72;683.88
348.58;333.94;-14.65;682.52
348.33;331.22;-17.11;679.55
348.08;333.71;-14.36;681.79
350.01;334.62;-15.39;684.62
347.71;333.75;-13.96;681.46
349.61;332.30;-17.31;681.91
350.09;334.06;-16.02;684.15
349.88;333.78;-16.10;683.65
349.62;333.92;-15.70;683.54
349.41;334.29;-15.12;683.71
349.25;334.16;-15.08;683.41
349.04;335.11;-13.93;684.14
348.70;334.02;-14.68;682.72
348.37;333.22;-15.15;681.59
350.29;332.94;-17.35;683.23
349.20;333.71;-15.49;682.91
350.54;334.22;-16.32;684.76
350.06;334.67;-15.39;684.73
349.85;332.66;-17.19;682.52
350.43;333.78;-16.65;684.21
349.16;334.43;-14.73;683.59
350.14;334.36;-15.78;684.49
350.45;333.86;-16.59;684.31
350.50;333.97;-16.53;684.47
349.44;333.31;-16.14;682.75
350.04;333.45;-16.59;683.48
349.61;334.00;-15.61;683.61
349.91;333.84;-16.07;683.74
349.61;333.48;-16.14;683.09
349.48;333.25;-16.22;682.73
349.14;331.92;-17.21;681.06
351.22;334.49;-16.73;685.71
350.72;334.34;-16.38;685.06
349.52;332.99;-16.53;682.52
350.68;333.62;-17.06;684.29
349.83;332.35;-17.48;682.18
349.74;332.25;-17.49;681.99
349.65;333.34;-16.31;682.98
349.81;333.85;-15.96;683.65
349.91;331.56;-18.34;681.47
348.64;332.48;-16.15;681.12
349.50;331.98;-17.52;681.48
350.97;333.89;-17.08;684.86
348.85;333.81;-15.05;682.66
348.59;334.38;-14.21;682.97
349.79;334.48;-15.32;684.27
351.29;334.08;-17.22;685.37
350.51;333.16;-17.35;683.66
350.48;332.37;-18.11;682.85
349.99;333.30;-16.69;683.29
350.14;333.04;-17.10;683.17
349.94;332.99;-16.95;682.93
349.39;334.37;-15.02;683.76
349.56;332.49;-17.06;682.05
349.21;334.10;-15.11;683.31
350.09;333.95;-16.14;684.04
348.85;334.30;-14.55;683.15
349.75;333.50;-16.25;683.25
350.74;334.09;-16.65;684.83
348.15;333.51;-14.64;681.66
349.76;333.95;-15.81;683.71
349.99;333.64;-16.35;683.62
350.03;333.43;-16.60;683.46
350.34;332.98;-17.35;683.32
350.15;333.78;-16.38;683.93
349.88;332.77;-17.11;682.65
351.01;332.51;-18.50;683.51
350.05;332.02;-18.03;682.06
349.07;334.04;-15.04;683.11
348.85;333.80;-15.05;682.65
350.54;334.10;-16.44;684.64
350.40;333.24;-17.16;683.64
350.10;334.22;-15.88;684.32
349.73;333.85;-15.88;683.58
350.78;333.02;-17.75;683.80
349.82;333.36;-16.46;683.18
349.83;333.19;-16.64;683.02
350.04;333.01;-17.03;683.04
349.71;333.45;-16.26;683.15
349.51;333.84;-15.67;683.34
350.27;334.12;-16.15;684.39
348.99;333.94;-15.05;682.94
350.66;333.68;-16.98;684.35
350.53;333.71;-16.82;684.24
350.15;334.49;-15.65;684.64
349.95;333.07;-16.88;683.02
350.51;333.35;-17.16;683.85
350.26;334.82;-15.45;685.08
350.33;333.19;-17.14;683.52
349.51;333.06;-16.45;682.57
349.83;332.78;-17.05;682.61
349.56;334.39;-15.17;683.96
349.84;333.54;-16.30;683.38
348.98;334.31;-14.67;683.29
348.75;333.59;-15.16;682.34
348.38;334.26;-14.12;682.65
349.97;334.26;-15.71;684.23
349.66;334.83;-14.84;684.49
349.99;334.21;-15.78;684.21
350.21;332.18;-18.03;682.38
350.09;335.93;-14.16;686.02
349.59;332.81;-16.78;682.41
349.46;331.15;-18.31;680.61
349.18;333.45;-15.74;682.63
348.90;333.87;-15.03;682.77
348.76;331.57;-17.19;680.34
350.50;334.49;-16.01;684.99
349.72;333.64;-16.08;683.36
350.89;333.72;-17.17;684.61
349.86;333.50;-16.36;683.36
350.10;334.01;-16.09;684.11
349.78;332.87;-16.91;682.65
348.98;332.65;-16.33;681.62
349.01;334.02;-14.99;683.03
349.24;334.12;-15.12;683.36
348.86;334.12;-14.74;682.99
350.34;333.58;-16.76;683.92
348.43;334.11;-14.32;682.54
348.12;334.22;-13.91;682.34
349.44;334.76;-14.68;684.19
349.49;333.59;-15.89;683.08
349.91;332.28;-17.64;682.19
349.97;333.39;-16.58;683.36
349.81;334.02;-15.79;683.83
351.35;334.48;-16.87;685.84
349.82;332.69;-17.12;682.51
349.51;332.52;-16.99;682.04
349.32;334.37;-14.95;683.69
349.09;333.35;-15.74;682.44
348.77;333.61;-15.16;682.38
348.41;334.45;-13.95;682.86
350.09;332.86;-17.24;682.95
349.58;333.77;-15.81;683.35
350.35;333.66;-16.69;684.01
349.59;333.39;-16.19;682.98
351.29;334.38;-16.91;685.66
350.01;334.94;-15.07;684.95
349.71;334.22;-15.49;683.92
349.49;332.34;-17.15;681.84
349.19;334.12;-15.07;683.31
348.96;333.79;-15.17;682.76
350.84;334.38;-16.46;685.22
348.40;334.39;-14.01;682.79
350.69;334.30;-16.39;684.99
350.12;333.81;-16.32;683.93
350.21;335.49;-14.72;685.69
349.95;334.33;-15.62;684.28
350.17;334.32;-15.85;684.49
349.95;332.72;-17.23;682.68
350.70;334.35;-16.35;685.05
349.19;333.95;-15.24;683.14
348.85;334.75;-14.10;683.59
349.55;334.51;-15.05;684.06
349.90;334.16;-15.74;684.06
349.63;332.54;-17.09;682.16
350.42;335.91;-14.51;686.33
349.35;333.69;-15.66;683.04
349.65;333.97;-15.68;683.62
349.47;334.29;-15.18;683.76
349.18;334.46;-14.71;683.64
348.86;334.50;-14.36;683.36
348.58;334.05;-14.53;682.64
350.61;334.11;-16.50;684.71
350.10;332.82;-17.28;682.92
351.53;333.63;-17.90;685.16
350.16;332.18;-17.98;682.34
349.95;333.13;-16.82;683.08
349.64;334.75;-14.88;684.39
349.56;332.45;-17.11;682.01
351.25;334.22;-17.02;685.47
349.05;334.28;-14.77;683.32
350.61;333.96;-16.65;684.56
349.77;334.45;-15.32;684.22
348.03;333.99;-14.04;682.02
349.82;333.69;-16.12;683.51
349.31;334.25;-15.06;683.55
350.21;334.32;-15.88;684.53
349.88;336.12;-13.76;686.00
349.61;334.51;-15.10;684.12
350.39;334.18;-16.21;684.58
349.04;331.72;-17.31;680.76
348.69;334.61;-14.08;683.31
350.17;333.15;-17.02;683.32
350.32;332.92;-17.40;683.24
349.99;333.85;-16.14;683.85
349.69;332.29;-17.39;681.98
349.38;333.30;-16.08;682.68
349.74;333.70;-16.04;683.44
349.55;333.94;-15.62;683.49
349.50;334.21;-15.29;683.71
349.08;334.42;-14.66;683.50
348.70;333.69;-15.01;682.39
350.14;333.05;-17.09;683.19
349.34;334.22;-15.11;683.56
350.26;336.03;-14.24;686.29
350.08;334.56;-15.52;684.65
349.16;335.37;-13.79;684.53
349.36;334.86;-14.50;684.23
349.00;332.84;-16.16;681.84
349.62;332.75;-16.87;682.38
349.49;334.56;-14.93;684.06
349.22;334.13;-15.09;683.35
348.90;333.83;-15.07;682.73
349.99;334.23;-15.76;684.22
348.47;333.37;-15.10;681.84
350.42;334.22;-16.20;684.65
349.74;333.55;-16.19;683.29
349.81;333.59;-16.22;683.41
349.75;333.26;-16.49;683.01
349.52;333.72;-15.80;683.25
350.64;334.05;-16.59;684.68
349.51;332.32;-17.19;681.83
349.14;334.12;-15.02;683.26
350.08;334.45;-15.63;684.54
348.56;334.64;-13.92;683.19
349.54;333.21;-16.33;682.74
350.33;333.94;-16.39;684.27
350.03;332.44;-17.59;682.47
349.61;333.42;-16.19;683.02
349.36;333.06;-16.30;682.43
349.74;332.79;-16.95;682.54
349.57;332.47;-17.10;682.04
349.19;335.22;-13.96;684.41
348.92;333.83;-15.09;682.75
350.06;333.55;-16.52;683.61
348.32;334.17;-14.15;682.49
350.37;332.78;-17.59;683.15
349.75;334.34;-15.41;684.08
349.28;333.22;-16.06;682.49
350.09;333.05;-17.04;683.14
349.76;332.71;-17.05;682.47
349.43;333.71;-15.72;683.14
349.28;334.11;-15.17;683.39
349.79;334.86;-14.93;684.66
348.55;334.14;-14.41;682.69
350.61;333.06;-17.55;683.66
347.89;332.87;-15.02;680.76
350.01;334.55;-15.46;684.55
350.42;334.09;-16.34;684.51
350.18;333.89;-16.28;684.07
349.66;334.46;-15.21;684.12
350.22;335.17;-15.05;685.39
349.37;333.88;-15.49;683.25
349.09;331.96;-17.12;681.05
350.42;333.55;-16.86;683.97
348.45;333.98;-14.48;682.43
350.01;334.25;-15.76;684.26
350.11;334.00;-16.11;684.11
349.67;333.69;-15.98;683.36
349.87;332.09;-17.78;681.96
349.54;333.18;-16.36;682.72
349.99;333.87;-16.12;683.86
349.41;334.27;-15.14;683.68
350.22;334.31;-15.91;684.52
350.24;334.11;-16.12;684.35
349.25;334.46;-14.78;683.71
350.21;333.73;-16.48;683.94
350.03;334.93;-15.10;684.96
348.54;334.78;-13.76;683.32
349.82;333.32;-16.50;683.14
350.10;333.39;-16.71;683.49
349.68;333.86;-15.82;683.54
350.10;332.43;-17.67;682.53
350.35;335.41;-14.94;685.75
350.92;334.52;-16.39;685.44
349.73;334.55;-15.18;684.28
350.85;331.41;-19.45;682.26
349.51;332.26;-17.24;681.77
350.24;333.94;-16.31;684.18
348.76;334.08;-14.68;682.84
350.50;334.32;-16.18;684.82
348.07;333.91;-14.16;681.98
349.98;333.66;-16.32;683.65
349.98;333.48;-16.50;683.45
349.31;335.09;-14.21;684.40
349.91;333.73;-16.18;683.64
349.45;334.08;-15.38;683.53
350.56;333.37;-17.19;683.94
348.98;332.78;-16.20;681.75
348.64;334.16;-14.47;682.80
351.18;333.94;-17.24;685.11
350.24;334.18;-16.06;684.42
347.74;333.84;-13.91;681.58
350.58;333.68;-16.89;684.26
349.45;334.13;-15.32;683.58
350.06;334.50;-15.56;684.56
349.91;334.02;-15.89;683.94
349.65;332.54;-17.11;682.18
349.41;332.17;-17.24;681.58
349.08;333.42;-15.65;682.50
348.86;334.24;-14.62;683.11
349.73;333.35;-16.38;683.08
348.31;333.59;-14.71;681.90
348.14;333.76;-14.38;681.90
349.85;333.99;-15.85;683.84
349.95;334.37;-15.58;684.32
349.75;333.36;-16.39;683.11
349.75;333.09;-16.65;682.84
349.15;333.90;-15.25;683.05
349.55;333.87;-15.68;683.42
349.36;334.11;-15.26;683.47
349.08;333.89;-15.19;682.97
348.78;333.79;-14.99;682.57
348.57;334.39;-14.18;682.96
348.31;334.14;-14.16;682.45
349.86;333.96;-15.91;683.82
350.72;333.71;-17.01;684.43
350.42;334.78;-15.64;685.20
349.93;333.18;-16.75;683.11
349.44;334.08;-15.36;683.52
350.32;334.28;-16.04;684.60
349.42;334.05;-15.36;683.47
349.04;334.62;-14.42;683.65
350.47;334.13;-16.34;684.60
348.34;334.07;-14.27;682.41
348.04;334.01;-14.03;682.04
347.71;334.67;-13.04;682.38
349.49;333.54;-15.95;683.02
350.44;333.25;-17.19;683.69
348.85;334.16;-14.68;683.01
350.35;334.26;-16.09;684.61
349.41;334.26;-15.15;683.66
349.26;334.16;-15.10;683.42
349.01;333.88;-15.13;682.89
348.75;333.62;-15.13;682.36
349.38;333.30;-16.08;682.68
349.88;332.95;-16.93;682.84
350.31;332.69;-17.62;682.99
349.89;334.42;-15.47;684.31
349.91;333.71;-16.21;683.62
349.78;332.84;-16.95;682.62
349.75;334.34;-15.41;684.09
349.59;334.46;-15.13;684.05
351.25;334.88;-16.37;686.14
348.99;333.81;-15.18;682.80
350.78;333.61;-17.17;684.39
350.40;332.08;-18.32;682.48
349.41;335.16;-14.25;684.57
350.34;333.73;-16.61;684.07
350.39;334.32;-16.08;684.71
350.41;333.28;-17.13;683.69
350.04;333.77;-16.26;683.81
349.76;334.38;-15.38;684.14
349.39;333.74;-15.66;683.13
350.46;334.06;-16.40;684.52
350.08;331.90;-18.18;681.98
350.01;333.61;-16.40;683.62
350.63;333.53;-17.10;684.16
349.68;333.26;-16.42;682.94
349.98;333.68;-16.30;683.65
349.60;333.35;-16.25;682.95
349.84;334.94;-14.89;684.78
350.32;335.51;-14.81;685.84
349.45;333.10;-16.35;682.55
349.79;332.85;-16.94;682.64
349.26;334.61;-14.66;683.87
349.43;332.29;-17.14;681.72
349.09;334.45;-14.64;683.54
348.82;334.75;-14.06;683.57
348.62;334.54;-14.08;683.16
348.28;334.35;-13.93;682.62
348.13;334.21;-13.92;682.34
347.96;333.91;-14.06;681.87
350.86;332.47;-18.39;683.33
351.68;333.57;-18.11;685.25
351.37;331.82;-19.55;683.19
350.01;334.19;-15.82;684.21
349.79;334.37;-15.42;684.16
350.05;333.81;-16.24;683.86
349.87;334.12;-15.75;683.99
348.86;333.81;-15.06;682.67
349.76;333.45;-16.31;683.21
350.11;333.25;-16.86;683.35
348.12;334.16;-13.96;682.28
350.84;334.59;-16.25;685.44
350.61;333.56;-17.05;684.16
347.46;333.52;-13.94;680.99
348.54;333.41;-15.14;681.95
350.21;333.28;-16.92;683.49
349.30;334.49;-14.81;683.79
349.65;333.56;-16.09;683.21
348.47;332.47;-16.00;680.94
349.34;334.11;-15.24;683.45
349.01;333.91;-15.09;682.92
348.66;333.49;-15.17;682.16
348.39;334.44;-13.95;682.83
349.94;334.17;-15.77;684.11
349.81;334.01;-15.80;683.82
349.48;332.69;-16.79;682.18
349.87;334.35;-15.52;684.22
350.62;333.48;-17.15;684.10
349.44;331.89;-17.55;681.34
348.99;332.92;-16.08;681.91
348.88;335.28;-13.59;684.16
349.46;335.52;-13.94;684.98
349.33;334.18;-15.15;683.51
348.89;333.94;-14.96;682.83
348.60;333.59;-15.01;682.19
348.43;336.39;-12.04;684.82
350.19;335.07;-15.12;685.26
349.61;333.88;-15.73;683.48
347.54;333.67;-13.86;681.21
349.08;334.22;-14.85;683.30
349.37;333.99;-15.38;683.36
349.95;332.92;-17.04;682.87
350.62;334.58;-16.04;685.20
349.59;332.44;-17.15;682.03
349.28;334.17;-15.11;683.45
349.03;334.75;-14.28;683.78
350.71;334.82;-15.88;685.53
350.32;334.74;-15.58;685.05
348.48;333.85;-14.62;682.33
348.36;333.28;-15.08;681.64
349.98;333.09;-16.88;683.07
347.90;334.04;-13.86;681.94
349.95;335.88;-14.07;685.84
347.42;334.41;-13.01;681.84
347.11;333.27;-13.84;680.38
346.81;334.11;-12.70;680.92
349.48;334.56;-14.92;684.04
349.48;334.50;-14.98;683.98
349.07;334.89;-14.18;683.96
349.77;333.78;-15.99;683.55
348.74;332.53;-16.21;681.27
349.56;334.04;-15.52;683.61
349.74;333.96;-15.77;683.70
350.05;333.49;-16.56;683.55
350.41;333.89;-16.52;684.31
349.83;332.55;-17.28;682.38
349.88;333.36;-16.52;683.24
350.00;333.97;-16.03;683.97
349.95;332.83;-17.12;682.78
349.64;334.42;-15.21;684.06
349.32;332.24;-17.08;681.56
348.99;334.82;-14.17;683.82
348.60;333.39;-15.21;681.99
348.31;334.27;-14.04;682.58
348.04;334.00;-14.04;682.04
349.91;333.73;-16.18;683.64
349.48;334.39;-15.09;683.87
350.01;333.15;-16.86;683.16
349.26;331.61;-17.65;680.86
348.85;332.48;-16.37;681.34
349.19;333.94;-15.25;683.13
350.13;333.84;-16.29;683.97
350.34;334.73;-15.61;685.07
350.19;333.24;-16.96;683.43
349.97;332.94;-17.04;682.91
349.54;332.63;-16.91;682.17
350.53;334.38;-16.15;684.91
349.72;333.19;-16.53;682.92
349.75;334.68;-15.07;684.42
349.01;334.59;-14.42;683.61
349.26;334.30;-14.96;683.56
348.96;334.46;-14.51;683.42
348.72;333.61;-15.12;682.33
350.28;335.04;-15.24;685.32
348.00;334.02;-13.98;682.02
347.66;334.45;-13.21;682.11
349.39;333.62;-15.77;683.01
347.11;333.22;-13.88;680.33
350.09;334.62;-15.48;684.71
350.84;332.55;-18.29;683.39
349.31;334.36;-14.94;683.67
349.04;334.85;-14.18;683.89
350.69;334.94;-15.75;685.63
350.46;333.44;-17.02;683.91
349.38;334.31;-15.07;683.68
347.85;333.78;-14.06;681.63
349.70;336.39;-13.31;686.09
349.22;334.65;-14.57;683.88
348.74;332.97;-15.76;681.71
348.79;334.61;-14.18;683.39
349.21;332.29;-16.92;681.51
348.99;334.94;-14.05;683.93
348.78;334.79;-13.98;683.57
348.40;333.24;-15.16;681.64
348.04;334.18;-13.86;682.21
349.21;332.59;-16.62;681.81
349.75;334.21;-15.55;683.96
349.14;332.01;-17.14;681.15
349.23;333.85;-15.38;683.08
349.72;334.55;-15.17;684.26
349.39;332.45;-16.95;681.84
349.15;335.36;-13.79;684.52
348.86;334.57;-14.29;683.43
348.68;333.61;-15.07;682.29
350.92;332.66;-18.26;683.58
349.83;333.49;-16.34;683.32
347.76;334.45;-13.32;682.21
347.51;332.42;-15.09;679.94
349.66;332.13;-17.54;681.79
349.55;333.95;-15.61;683.50
349.51;332.76;-16.75;682.28
349.04;334.46;-14.58;683.49
349.37;335.48;-13.89;684.85
349.13;332.86;-16.26;681.99
348.91;331.84;-17.07;680.74
350.52;333.69;-16.83;684.22
348.54;334.08;-14.46;682.61
348.26;334.27;-13.99;682.54
350.24;333.52;-16.72;683.76
350.15;336.55;-13.60;686.69
349.31;333.49;-15.82;682.81
350.06;333.31;-16.75;683.37
349.65;332.86;-16.79;682.52
349.79;332.53;-17.26;682.32
349.26;332.07;-17.19;681.33
348.91;334.26;-14.65;683.18
348.61;333.50;-15.11;682.11
348.21;333.24;-14.96;681.45
349.77;332.79;-16.98;682.56
349.80;333.79;-16.01;683.59
347.36;334.40;-12.96;681.76
350.06;333.03;-17.03;683.09
349.25;332.76;-16.48;682.01
349.76;333.44;-16.32;683.19
349.36;334.86;-14.50;684.22
349.07;333.94;-15.13;683.01
348.78;333.65;-15.13;682.44
348.46;334.46;-14.00;682.92
348.22;334.26;-13.96;682.48
350.48;333.82;-16.66;684.29
349.67;332.57;-17.10;682.24
349.65;333.45;-16.20;683.09
349.32;334.99;-14.33;684.31
349.89;334.34;-15.55;684.24
349.62;332.47;-17.15;682.09
349.11;334.25;-14.86;683.35
349.92;334.28;-15.64;684.19
350.01;333.96;-16.05;683.98
348.28;334.21;-14.07;682.49
350.52;332.89;-17.63;683.42
347.62;332.53;-15.09;680.15
350.50;334.36;-16.14;684.86
350.21;335.09;-15.12;685.29
349.75;336.04;-13.71;685.78
349.69;334.46;-15.23;684.15
350.96;332.93;-18.03;683.89
348.92;333.81;-15.11;682.74
349.56;334.45;-15.12;684.01
348.31;331.96;-16.35;680.26
347.91;333.91;-13.99;681.82
347.56;332.46;-15.10;680.02
349.45;333.26;-16.19;682.71
349.60;333.76;-15.84;683.36
348.81;334.19;-14.62;683.01
349.41;334.34;-15.08;683.75
349.21;332.06;-17.14;681.27
349.09;333.86;-15.23;682.96
350.22;334.52;-15.70;684.75
350.65;334.88;-15.77;685.52
349.71;333.45;-16.26;683.15
348.09;334.82;-13.28;682.91
350.12;332.65;-17.47;682.78
347.48;334.46;-13.02;681.94
350.15;335.14;-15.02;685.29
349.26;334.89;-14.37;684.16
349.78;332.61;-17.18;682.39
349.40;334.24;-15.16;683.64
348.99;334.05;-14.94;683.04
348.85;335.03;-13.82;683.88
348.64;334.62;-14.02;683.26
349.06;334.38;-14.68;683.45
348.04;334.12;-13.92;682.16
350.06;334.61;-15.45;684.66
349.69;334.34;-15.35;684.02
349.60;333.83;-15.77;683.43
350.02;334.78;-15.24;684.79
349.79;334.75;-15.04;684.54
349.52;332.42;-17.10;681.95
349.26;334.02;-15.25;683.28
350.18;334.19;-15.99;684.36
349.24;333.60;-15.64;682.84
350.58;334.22;-16.36;684.80
351.12;333.19;-17.94;684.31
347.88;334.08;-13.80;681.95
349.97;332.53;-17.44;682.50
349.34;332.25;-17.08;681.59
347.10;335.81;-11.29;682.91
349.91;332.99;-16.92;682.90
349.12;334.59;-14.52;683.71
349.19;334.39;-14.79;683.58
349.21;332.08;-17.13;681.29
348.88;332.68;-16.21;681.56
348.58;333.56;-15.02;682.14
349.49;334.18;-15.31;683.68
350.43;334.18;-16.25;684.61
347.74;334.70;-13.04;682.44
347.50;333.55;-13.95;681.05
349.31;334.15;-15.16;683.46
350.20;333.28;-16.92;683.48
349.47;334.57;-14.90;684.04
349.09;333.57;-15.52;682.66
349.64;334.16;-15.48;683.79
349.41;332.42;-16.98;681.83
349.24;332.21;-17.04;681.45
349.03;333.83;-15.20;682.86
348.70;333.55;-15.15;682.25
348.31;333.25;-15.05;681.56
349.87;334.06;-15.81;683.94
350.31;332.61;-17.70;682.92
349.61;333.45;-16.16;683.06
350.20;333.24;-16.96;683.44
349.92;334.26;-15.66;684.18
350.74;334.32;-16.42;685.05
349.41;332.36;-17.05;681.78
349.08;331.99;-17.08;681.07
348.92;333.78;-15.14;682.69
348.79;333.65;-15.14;682.44
348.57;334.53;-14.04;683.10
350.81;333.14;-17.66;683.95
349.55;332.99;-16.56;682.54
349.82;333.72;-16.11;683.54
349.49;333.54;-15.95;683.02
349.52;332.30;-17.22;681.82
349.88;334.48;-15.41;684.36
349.84;332.79;-17.05;682.64
349.64;333.40;-16.24;683.04
350.91;334.36;-16.55;685.28
351.08;331.85;-19.24;682.93
348.62;333.99;-14.62;682.61
348.42;334.52;-13.91;682.94
350.51;333.01;-17.51;683.52
350.12;333.82;-16.31;683.94
350.04;333.25;-16.78;683.29
350.22;333.31;-16.92;683.53
350.19;333.01;-17.18;683.21
349.62;333.71;-15.91;683.33
349.74;334.46;-15.28;684.20
349.42;334.22;-15.20;683.64
349.18;333.91;-15.26;683.09
348.90;334.35;-14.55;683.25
348.54;333.46;-15.08;682.00
348.27;335.32;-12.95;683.59
347.90;333.76;-14.14;681.66
349.48;333.62;-15.86;683.11
350.24;333.33;-16.91;683.56
349.78;333.86;-15.91;683.64
349.84;335.08;-14.76;684.92
349.50;332.46;-17.04;681.96
349.33;333.95;-15.38;683.28
348.92;333.87;-15.05;682.79
348.61;333.56;-15.05;682.17
348.28;333.32;-14.96;681.60
347.96;333.36;-14.61;681.32
349.82;333.80;-16.02;683.62
349.36;334.82;-14.54;684.18
350.02;331.94;-18.08;681.96
350.03;332.84;-17.19;682.86
349.78;332.73;-17.05;682.51
349.44;334.65;-14.79;684.09
349.10;333.82;-15.28;682.92
348.86;333.77;-15.09;682.64
349.20;333.43;-15.77;682.63
348.17;333.94;-14.23;682.11
347.84;334.04;-13.81;681.88
347.66;333.84;-13.82;681.49
349.42;333.52;-15.91;682.94
350.15;333.34;-16.81;683.49
