351.55;337.78;-13.77;689.32
350.99;337.72;-13.28;688.71
351.07;337.60;-13.47;688.67
351.51;338.02;-13.48;689.53
351.70;337.65;-14.05;689.35
351.76;338.07;-13.69;689.84
351.63;337.96;-13.66;689.59
351.61;337.74;-13.86;689.35
351.36;337.77;-13.59;689.14
351.28;338.10;-13.18;689.38
351.18;337.26;-13.92;688.44
351.19;337.98;-13.22;689.17
351.06;336.55;-14.51;687.61
352.37;337.89;-14.48;690.26
350.76;338.05;-12.71;688.82
350.71;337.63;-13.08;688.34
351.76;338.17;-13.59;689.93
352.39;337.97;-14.42;690.36
352.79;337.58;-15.21;690.38
352.06;338.43;-13.64;690.49
352.24;337.84;-14.40;690.08
352.36;337.47;-14.89;689.84
351.65;337.74;-13.91;689.38
349.99;337.51;-12.48;687.49
352.44;337.53;-14.91;689.97
352.20;337.47;-14.73;689.67
351.41;337.67;-13.74;689.08
352.12;338.33;-13.79;690.45
351.25;337.61;-13.64;688.85
351.72;338.27;-13.45;689.99
351.52;337.65;-13.88;689.17
352.29;337.82;-14.47;690.11
352.28;337.53;-14.75;689.81
351.54;337.84;-13.71;689.38
352.25;337.88;-14.37;690.14
351.52;337.41;-14.11;688.92
351.69;337.95;-13.74;689.65
352.04;338.36;-13.67;690.40
351.58;337.56;-14.02;689.14
351.56;337.32;-14.24;688.88
351.96;337.73;-14.24;689.69
351.72;337.41;-14.32;689.13
351.76;337.42;-14.34;689.19
351.61;338.22;-13.39;689.82
351.34;338.65;-12.68;689.99
351.58;337.94;-13.64;689.52
350.95;337.15;-13.81;688.10
351.46;337.85;-13.61;689.31
351.47;337.14;-14.34;688.61
351.51;337.82;-13.69;689.32
351.28;338.30;-12.98;689.58
351.29;337.18;-14.11;688.48
351.48;338.26;-13.21;689.74
350.93;338.21;-12.72;689.14
350.91;338.25;-12.66;689.15
351.18;338.38;-12.81;689.56
350.89;337.34;-13.55;688.23
351.02;338.01;-13.01;689.04
351.02;337.72;-13.30;688.74
350.96;337.87;-13.09;688.84
351.72;338.10;-13.62;689.82
351.99;338.16;-13.83;690.15
350.62;337.45;-13.18;688.07
352.09;338.56;-13.53;690.66
351.98;337.84;-14.14;689.81
352.26;337.43;-14.84;689.69
351.79;337.37;-14.42;689.16
352.14;337.64;-14.50;689.78
350.26;337.26;-12.99;687.52
351.83;337.75;-14.08;689.58
351.97;337.00;-14.97;688.97
351.82;337.55;-14.27;689.38
351.66;337.14;-14.53;688.80
352.30;337.38;-14.92;689.68
351.85;337.41;-14.44;689.26
351.84;337.21;-14.63;689.05
351.35;337.71;-13.64;689.05
351.24;338.12;-13.12;689.36
351.54;337.45;-14.08;688.99
352.11;337.07;-15.04;689.18
351.88;337.71;-14.17;689.59
351.26;337.36;-13.90;688.63
351.00;338.12;-12.88;689.12
351.66;338.02;-13.64;689.68
352.16;336.85;-15.31;689.01
351.65;338.01;-13.64;689.65
351.81;336.86;-14.95;688.66
351.25;336.65;-14.59;687.90
352.11;337.84;-14.27;689.94
352.22;337.85;-14.37;690.06
351.92;337.76;-14.16;689.69
351.58;337.57;-14.01;689.15
351.58;337.07;-14.51;688.65
351.86;338.31;-13.55;690.18
352.09;337.16;-14.92;689.25
351.99;337.05;-14.95;689.04
351.81;337.73;-14.08;689.54
351.36;338.24;-13.13;689.60
351.75;338.07;-13.68;689.82
351.24;337.64;-13.60;688.87
351.88;337.36;-14.52;689.25
352.84;337.38;-15.46;690.22
351.61;337.40;-14.21;689.01
351.74;337.41;-14.34;689.15
351.66;337.68;-13.99;689.34
351.69;337.74;-13.95;689.43
351.59;338.76;-12.83;690.35
351.58;337.16;-14.42;688.75
351.62;337.66;-13.95;689.28
351.59;337.37;-14.22;688.96
351.38;337.31;-14.07;688.69
351.52;335.92;-15.59;687.44
351.41;337.08;-14.32;688.49
351.32;337.70;-13.62;689.02
351.15;336.81;-14.34;687.95
351.35;338.26;-13.09;689.61
351.04;338.19;-12.85;689.22
351.13;338.04;-13.09;689.16
350.85;337.25;-13.61;688.10
351.05;337.85;-13.20;688.89
350.94;338.45;-12.48;689.39
350.93;336.87;-14.06;687.80
350.86;337.70;-13.16;688.56
351.75;337.81;-13.95;689.56
350.62;337.55;-13.08;688.17
352.72;334.85;-17.87;687.58
351.70;337.33;-14.37;689.03
351.75;337.57;-14.18;689.32
351.46;337.72;-13.74;689.18
351.28;338.28;-12.99;689.56
351.79;337.13;-14.66;688.92
349.92;337.53;-12.39;687.45
349.88;337.12;-12.76;687.01
352.11;337.12;-14.99;689.23
351.99;337.38;-14.61;689.38
351.84;336.91;-14.92;688.75
349.79;337.12;-12.68;686.91
352.19;336.85;-15.35;689.04
352.02;337.93;-14.09;689.95
351.45;337.13;-14.32;688.58
351.32;337.68;-13.64;688.99
351.43;337.08;-14.35;688.51
351.94;337.93;-14.01;689.87
351.25;338.02;-13.23;689.28
352.04;337.69;-14.35;689.72
351.94;337.88;-14.06;689.82
351.85;337.51;-14.34;689.36
351.21;338.06;-13.14;689.27
351.88;337.89;-13.98;689.77
351.74;337.99;-13.75;689.74
351.74;337.19;-14.54;688.93
351.59;336.86;-14.72;688.45
351.85;336.98;-14.87;688.84
351.83;337.92;-13.91;689.75
352.06;338.03;-14.04;690.09
351.85;337.99;-13.86;689.84
351.55;337.66;-13.89;689.21
351.38;337.75;-13.62;689.13
351.34;337.75;-13.59;689.08
351.60;337.61;-13.99;689.21
352.00;337.66;-14.34;689.66
351.63;337.60;-14.03;689.23
351.51;337.22;-14.29;688.74
351.53;338.15;-13.38;689.68
350.97;338.11;-12.86;689.08
351.75;337.64;-14.12;689.39
351.49;337.86;-13.63;689.35
351.61;338.51;-13.10;690.11
351.45;337.74;-13.72;689.19
352.25;337.48;-14.77;689.72
351.48;337.81;-13.68;689.29
351.68;338.59;-13.09;690.26
351.48;337.02;-14.46;688.50
351.38;337.47;-13.91;688.85
351.32;338.38;-12.94;689.70
350.91;338.25;-12.66;689.15
352.30;336.99;-15.31;689.29
351.23;338.24;-12.99;689.46
351.12;336.81;-14.31;687.93
351.06;338.18;-12.88;689.24
351.10;337.99;-13.11;689.09
351.07;337.91;-13.16;688.98
350.94;337.92;-13.02;688.86
350.91;337.08;-13.82;687.99
351.49;336.74;-14.75;688.24
351.77;337.99;-13.78;689.76
350.74;337.62;-13.12;688.35
351.66;337.88;-13.79;689.54
351.98;337.74;-14.24;689.72
351.52;338.24;-13.29;689.76
350.18;337.12;-13.06;687.31
351.98;337.68;-14.30;689.66
351.89;337.36;-14.53;689.26
352.08;336.60;-15.48;688.68
350.10;337.66;-12.44;687.76
350.15;337.61;-12.54;687.75
349.98;336.92;-13.06;686.90
351.62;337.12;-14.50;688.74
352.12;337.66;-14.46;689.79
351.92;338.15;-13.78;690.07
351.49;336.91;-14.58;688.39
352.15;337.41;-14.74;689.56
351.31;336.73;-14.58;688.04
351.80;337.27;-14.53;689.07
351.76;337.54;-14.22;689.29
351.77;337.51;-14.26;689.28
351.74;337.15;-14.59;688.89
351.71;338.02;-13.69;689.73
351.74;337.36;-14.38;689.10
352.70;337.82;-14.88;690.52
351.31;337.42;-13.88;688.73
351.28;336.76;-14.52;688.04
352.94;337.46;-15.48;690.40
350.91;337.02;-13.89;687.92
350.71;337.44;-13.28;688.15
350.58;337.70;-12.88;688.28
351.62;336.41;-15.21;688.02
352.04;338.61;-13.43;690.65
351.52;337.69;-13.83;689.21
352.22;337.43;-14.79;689.65
352.03;337.69;-14.34;689.72
351.67;337.48;-14.19;689.15
351.70;337.42;-14.28;689.12
351.52;337.45;-14.08;688.97
351.16;338.34;-12.82;689.50
352.56;337.78;-14.78;690.34
352.70;337.28;-15.42;689.98
351.10;337.48;-13.62;688.58
352.01;337.32;-14.69;689.33
351.83;337.21;-14.62;689.04
352.52;337.76;-14.76;690.28
351.34;337.54;-13.80;688.88
351.66;337.57;-14.09;689.24
352.54;338.04;-14.50;690.57
352.50;338.72;-13.78;691.22
352.25;339.30;-12.95;691.55
352.24;338.13;-14.11;690.37
351.61;337.54;-14.08;689.15
351.42;338.35;-13.06;689.77
351.65;337.55;-14.11;689.20
351.69;339.19;-12.50;690.88
351.39;337.68;-13.71;689.07
351.28;338.18;-13.11;689.46
351.84;338.25;-13.58;690.09
351.64;337.71;-13.93;689.35
351.78;339.14;-12.64;690.92
351.60;338.74;-12.86;690.34
351.35;337.56;-13.79;688.91
351.65;337.95;-13.70;689.59
350.76;338.48;-12.28;689.24
350.31;338.31;-12.00;688.61
351.11;337.41;-13.69;688.52
351.07;338.09;-12.98;689.16
351.59;337.09;-14.50;688.68
351.04;338.27;-12.77;689.31
350.81;337.81;-13.00;688.61
352.70;337.97;-14.73;690.67
350.21;337.80;-12.41;688.01
350.56;337.92;-12.64;688.48
350.44;337.38;-13.06;687.81
350.32;337.94;-12.38;688.25
351.81;337.94;-13.86;689.75
351.74;337.70;-14.04;689.44
350.02;338.14;-11.88;688.16
352.00;338.40;-13.60;690.40
352.85;337.39;-15.46;690.25
351.46;337.25;-14.21;688.72
351.28;337.11;-14.17;688.39
351.65;337.28;-14.37;688.94
351.33;337.82;-13.51;689.15
352.34;338.19;-14.15;690.53
351.63;336.94;-14.69;688.56
350.94;337.56;-13.38;688.51
352.19;338.74;-13.46;690.93
351.86;337.23;-14.63;689.09
351.84;337.50;-14.34;689.34
351.64;337.68;-13.95;689.32
352.09;337.55;-14.54;689.64
351.47;337.55;-13.92;689.02
351.44;337.82;-13.61;689.26
351.34;337.96;-13.37;689.30
351.81;337.78;-14.03;689.59
352.02;337.68;-14.34;689.70
351.54;338.29;-13.25;689.82
351.83;338.18;-13.65;690.01
351.72;337.51;-14.22;689.23
351.64;337.21;-14.43;688.85
351.46;337.72;-13.74;689.19
351.34;338.66;-12.67;690.00
351.14;337.74;-13.41;688.88
351.14;336.78;-14.36;687.92
351.10;337.11;-13.99;688.21
351.02;337.28;-13.74;688.31
350.99;338.07;-12.92;689.06
351.09;338.48;-12.61;689.58
350.96;337.45;-13.52;688.41
352.30;337.93;-14.37;690.23
350.81;337.81;-13.00;688.62
350.66;338.21;-12.45;688.87
350.64;337.61;-13.04;688.25
352.84;337.55;-15.29;690.38
351.40;337.29;-14.11;688.69
351.72;337.95;-13.78;689.67
351.91;338.26;-13.65;690.17
352.08;337.35;-14.73;689.42
351.88;337.54;-14.34;689.41
352.62;337.78;-14.84;690.40
349.86;337.85;-12.01;687.71
351.66;338.10;-13.56;689.76
351.99;337.44;-14.55;689.44
351.75;336.97;-14.78;688.72
351.81;337.53;-14.28;689.34
351.69;337.35;-14.35;689.04
352.19;336.82;-15.38;689.01
351.76;337.89;-13.86;689.65
352.19;337.18;-15.01;689.36
351.52;337.85;-13.66;689.37
351.79;337.36;-14.43;689.16
352.05;337.18;-14.88;689.23
351.92;336.55;-15.36;688.47
351.96;336.89;-15.08;688.85
351.81;338.86;-12.94;690.67
351.92;338.17;-13.75;690.09
351.58;337.41;-14.17;688.98
351.69;337.22;-14.47;688.92
351.78;337.52;-14.26;689.30
351.71;337.38;-14.33;689.09
351.67;338.09;-13.58;689.76
351.58;337.24;-14.34;688.82
351.40;337.01;-14.39;688.41
351.29;338.16;-13.12;689.45
351.81;338.13;-13.68;689.94
352.52;338.12;-14.40;690.64
350.88;337.69;-13.19;688.56
350.75;337.61;-13.14;688.36
351.91;336.26;-15.65;688.18
352.58;337.69;-14.89;690.28
352.15;337.20;-14.95;689.35
352.48;337.07;-15.41;689.55
351.94;337.56;-14.37;689.50
351.79;337.31;-14.49;689.10
351.45;337.66;-13.79;689.12
351.33;337.29;-14.04;688.62
351.48;336.88;-14.60;688.35
351.88;337.11;-14.77;688.98
350.93;336.78;-14.15;687.71
351.64;336.89;-14.75;688.53
351.58;338.28;-13.30;689.86
352.39;338.32;-14.07;690.71
352.05;337.65;-14.40;689.71
351.84;337.46;-14.37;689.30
351.89;338.25;-13.64;690.15
351.87;336.29;-15.58;688.16
351.63;337.21;-14.42;688.84
351.49;336.89;-14.61;688.38
351.44;336.83;-14.61;688.27
352.51;338.93;-13.58;691.44
351.32;338.35;-12.98;689.67
351.24;336.98;-14.25;688.22
351.10;338.24;-12.86;689.34
351.09;338.08;-13.01;689.18
351.10;338.55;-12.55;689.65
351.08;338.30;-12.78;689.38
351.04;337.95;-13.08;688.99
351.00;337.85;-13.15;688.85
350.94;337.66;-13.27;688.60
350.96;337.95;-13.01;688.92
350.92;337.99;-12.92;688.91
352.06;337.40;-14.66;689.46
350.82;337.29;-13.52;688.11
350.91;338.41;-12.50;689.32
350.89;338.34;-12.55;689.23
350.85;337.82;-13.02;688.67
350.81;336.64;-14.17;687.45
350.72;337.68;-13.04;688.39
350.60;337.49;-13.11;688.09
350.56;337.62;-12.95;688.18
352.26;336.59;-15.67;688.86
350.40;337.50;-12.90;687.90
352.75;337.79;-14.96;690.54
350.14;337.31;-12.84;687.45
351.38;337.20;-14.18;688.58
352.19;337.39;-14.80;689.59
351.62;337.47;-14.15;689.09
351.58;336.94;-14.65;688.52
351.84;337.16;-14.68;689.01
351.93;337.01;-14.92;688.94
352.32;337.86;-14.45;690.18
351.21;337.55;-13.66;688.76
351.80;337.81;-13.99;689.61
351.55;337.70;-13.85;689.25
351.37;337.57;-13.80;688.94
351.27;337.92;-13.35;689.19
351.47;338.53;-12.94;690.00
351.38;337.45;-13.93;688.82
351.29;338.47;-12.82;689.76
351.85;337.30;-14.55;689.15
351.14;338.03;-13.11;689.16
351.01;337.92;-13.08;688.93
350.91;337.23;-13.68;688.14
350.74;337.90;-12.84;688.64
350.59;337.78;-12.82;688.37
350.63;338.00;-12.63;688.63
351.81;337.30;-14.51;689.11
350.32;338.14;-12.18;688.46
352.11;337.20;-14.91;689.31
351.81;337.22;-14.59;689.02
351.62;337.25;-14.37;688.88
351.42;337.69;-13.73;689.11
352.34;337.81;-14.54;690.15
351.43;337.56;-13.87;688.99
351.57;337.83;-13.74;689.40
351.55;337.54;-14.01;689.09
351.52;336.96;-14.56;688.48
351.80;337.54;-14.26;689.34
351.66;337.00;-14.66;688.66
351.32;337.39;-13.93;688.71
351.34;337.66;-13.68;689.01
351.37;338.18;-13.19;689.55
351.35;337.31;-14.05;688.66
351.16;338.07;-13.09;689.23
352.49;337.95;-14.54;690.44
352.22;337.03;-15.19;689.25
352.17;337.72;-14.45;689.89
352.19;337.76;-14.44;689.95
351.71;337.82;-13.89;689.54
351.82;337.12;-14.69;688.94
351.80;337.12;-14.68;688.92
352.26;337.74;-14.52;690.00
349.99;337.55;-12.44;687.54
352.12;337.22;-14.89;689.34
349.81;337.74;-12.07;687.55
351.63;337.92;-13.71;689.55
351.85;338.43;-13.42;690.28
351.94;337.86;-14.08;689.79
351.54;337.92;-13.62;689.46
351.34;338.68;-12.65;690.02
351.82;337.02;-14.79;688.84
352.04;338.34;-13.69;690.38
351.63;338.05;-13.58;689.68
351.72;337.34;-14.38;689.06
351.20;337.28;-13.92;688.48
351.64;337.31;-14.33;688.95
351.21;338.49;-12.71;689.70
351.46;337.53;-13.94;688.99
351.13;338.24;-12.89;689.36
350.96;336.85;-14.11;687.81
351.01;336.96;-14.04;687.97
351.21;337.59;-13.62;688.79
351.35;338.26;-13.09;689.62
351.14;336.98;-14.15;688.12
350.94;338.32;-12.62;689.26
351.04;337.24;-13.79;688.28
350.81;337.64;-13.18;688.45
350.68;338.08;-12.61;688.76
350.57;336.81;-13.76;687.38
350.26;337.65;-12.62;687.91
350.16;337.93;-12.24;688.09
351.92;338.22;-13.70;690.15
350.02;337.45;-12.58;687.47
351.16;338.54;-12.62;689.69
351.98;337.29;-14.69;689.27
351.67;337.98;-13.69;689.65
351.74;338.19;-13.54;689.93
350.86;338.02;-12.84;688.88
351.86;338.41;-13.45;690.27
351.80;337.63;-14.17;689.43
351.29;337.90;-13.39;689.19
352.13;336.62;-15.51;688.75
351.92;337.75;-14.18;689.67
351.41;337.37;-14.04;688.78
351.12;337.65;-13.47;688.76
351.48;337.92;-13.55;689.40
351.03;337.68;-13.35;688.71
351.06;338.18;-12.88;689.24
351.59;338.37;-13.22;689.96
351.34;337.56;-13.78;688.91
351.11;338.46;-12.65;689.57
351.14;337.34;-13.80;688.48
352.05;337.39;-14.66;689.45
351.05;338.12;-12.94;689.17
351.04;338.08;-12.96;689.12
350.91;337.64;-13.28;688.55
351.86;338.50;-13.36;690.36
350.59;338.23;-12.36;688.82
352.06;337.97;-14.09;690.03
350.40;337.66;-12.74;688.06
350.12;337.78;-12.34;687.89
351.67;337.81;-13.86;689.48
349.81;337.09;-12.72;686.90
349.69;337.55;-12.15;687.24
351.51;337.05;-14.46;688.56
351.82;337.07;-14.75;688.89
351.74;337.55;-14.19;689.29
351.52;337.69;-13.82;689.21
351.50;338.16;-13.34;689.66
352.06;337.65;-14.41;689.71
351.85;337.51;-14.34;689.36
351.74;337.36;-14.37;689.10
351.51;337.84;-13.67;689.34
351.25;338.48;-12.77;689.72
350.96;337.05;-13.91;688.01
351.27;338.18;-13.09;689.45
351.08;337.45;-13.64;688.53
352.24;338.16;-14.08;690.39
351.04;337.82;-13.21;688.86
350.96;338.12;-12.84;689.08
351.55;337.01;-14.54;688.55
350.81;337.85;-12.95;688.66
352.21;337.81;-14.39;690.02
352.20;338.09;-14.11;690.29
350.62;337.51;-13.12;688.13
350.46;337.38;-13.08;687.85
351.91;337.44;-14.48;689.35
351.86;337.61;-14.25;689.46
351.69;337.62;-14.07;689.32
351.49;338.14;-13.35;689.63
351.88;337.15;-14.74;689.03
351.04;337.81;-13.24;688.85
351.70;337.45;-14.25;689.15
351.81;337.55;-14.26;689.36
351.58;337.69;-13.89;689.26
351.51;337.28;-14.23;688.78
350.99;337.78;-13.21;688.76
351.60;338.44;-13.16;690.04
351.42;337.65;-13.76;689.07
351.91;337.56;-14.35;689.48
351.75;337.96;-13.78;689.71
351.76;338.05;-13.71;689.81
351.68;337.99;-13.69;689.67
351.66;338.55;-13.11;690.21
351.39;337.74;-13.66;689.13
351.38;337.85;-13.54;689.23
351.47;337.14;-14.34;688.61
351.11;338.19;-12.92;689.29
350.96;338.35;-12.61;689.31
350.89;338.08;-12.81;688.98
351.05;337.92;-13.14;688.97
350.86;337.89;-12.96;688.75
351.89;337.58;-14.31;689.48
350.51;337.55;-12.96;688.06
350.38;337.58;-12.80;687.95
352.82;337.80;-15.02;690.62
350.15;337.81;-12.34;687.96
351.34;337.42;-13.92;688.76
352.51;337.78;-14.74;690.29
351.76;337.31;-14.45;689.06
351.64;336.87;-14.76;688.51
352.14;337.66;-14.48;689.79
351.50;337.49;-14.01;688.99
349.74;337.95;-11.79;687.69
352.35;337.18;-15.17;689.54
351.31;337.80;-13.51;689.11
351.83;337.66;-14.16;689.49
351.72;337.58;-14.14;689.31
351.52;338.59;-12.92;690.11
352.01;338.14;-13.86;690.15
351.05;337.55;-13.49;688.60
350.66;336.98;-13.69;687.64
351.29;338.95;-12.34;690.25
351.47;337.36;-14.11;688.84
351.58;337.54;-14.05;689.12
351.39;337.18;-14.21;688.58
351.32;337.16;-14.16;688.48
351.21;337.12;-14.09;688.33
351.18;337.02;-14.16;688.19
351.02;338.01;-13.01;689.03
350.93;338.12;-12.81;689.05
352.45;338.22;-14.24;690.67
350.62;337.67;-12.95;688.29
352.30;337.79;-14.51;690.09
352.22;338.04;-14.18;690.26
350.51;337.78;-12.74;688.29
352.38;336.51;-15.86;688.89
351.34;337.41;-13.92;688.75
352.49;337.71;-14.78;690.20
352.51;337.85;-14.66;690.36
352.05;336.76;-15.29;688.81
350.49;337.58;-12.92;688.07
350.48;337.57;-12.91;688.05
351.73;337.68;-14.05;689.41
351.66;337.73;-13.94;689.39
352.19;337.35;-14.84;689.54
352.25;337.90;-14.35;690.15
351.71;337.88;-13.84;689.59
350.38;336.38;-14.00;686.75
351.91;338.18;-13.72;690.09
352.68;338.16;-14.52;690.84
351.90;336.95;-14.95;688.85
351.64;337.29;-14.35;688.93
352.17;337.94;-14.24;690.11
351.49;337.90;-13.59;689.39
351.52;337.96;-13.56;689.48
351.12;336.86;-14.25;687.98
351.18;337.56;-13.61;688.74
352.11;337.78;-14.33;689.88
352.15;337.87;-14.28;690.02
352.14;337.66;-14.48;689.79
351.75;337.54;-14.21;689.28
351.80;337.32;-14.48;689.12
351.61;337.42;-14.18;689.03
351.65;337.20;-14.45;688.85
351.47;337.32;-14.15;688.79
351.18;337.71;-13.48;688.89
351.41;336.53;-14.88;687.94
351.37;337.81;-13.56;689.18
351.35;337.39;-13.96;688.75
351.11;338.14;-12.97;689.24
351.07;336.83;-14.24;687.90
351.05;337.95;-13.11;689.00
351.13;337.26;-13.87;688.39
350.97;337.86;-13.11;688.84
350.97;338.24;-12.74;689.21
351.02;338.12;-12.89;689.14
350.88;338.11;-12.76;688.99
352.73;337.88;-14.85;690.61
350.75;338.09;-12.66;688.84
352.01;337.54;-14.46;689.55
351.60;338.09;-13.51;689.69
352.45;337.52;-14.93;689.98
350.51;337.79;-12.72;688.30
350.27;337.56;-12.71;687.84
352.26;337.86;-14.40;690.12
351.41;337.54;-13.87;688.94
352.06;337.33;-14.73;689.39
351.95;337.75;-14.20;689.69
351.39;337.19;-14.20;688.59
352.38;336.79;-15.59;689.17
352.22;337.09;-15.12;689.31
351.39;337.46;-13.92;688.85
352.23;337.14;-15.09;689.37
351.84;336.78;-15.06;688.61
352.21;338.02;-14.19;690.24
351.89;337.92;-13.97;689.82
350.84;337.61;-13.22;688.45
351.86;336.48;-15.38;688.35
351.52;337.38;-14.15;688.90
351.89;337.42;-14.48;689.31
351.68;337.79;-13.88;689.47
351.53;336.99;-14.54;688.52
351.35;337.09;-14.25;688.44
351.26;336.96;-14.29;688.22
351.11;338.12;-12.99;689.23
350.88;336.73;-14.15;687.61
350.81;337.62;-13.19;688.42
350.61;337.46;-13.15;688.06
350.53;337.32;-13.21;687.85
352.65;337.49;-15.16;690.14
352.14;337.65;-14.49;689.79
352.11;337.55;-14.56;689.65
352.40;336.71;-15.69;689.11
352.46;337.42;-15.05;689.88
352.69;337.04;-15.65;689.74
352.12;337.33;-14.79;689.45
352.01;337.44;-14.56;689.45
351.92;337.00;-14.92;688.92
352.68;337.53;-15.15;690.21
351.78;337.14;-14.64;688.92
351.73;337.11;-14.62;688.84
351.59;338.38;-13.21;689.98
351.73;337.42;-14.31;689.15
351.99;337.66;-14.33;689.66
352.06;337.86;-14.20;689.92
352.14;337.16;-14.98;689.31
351.18;337.35;-13.83;688.54
351.65;337.26;-14.39;688.91
351.61;337.89;-13.71;689.50
351.40;337.08;-14.32;688.48
351.27;337.31;-13.96;688.58
352.29;338.68;-13.61;690.98
351.03;337.20;-13.83;688.23
350.93;337.82;-13.11;688.75
350.78;337.10;-13.68;687.88
351.71;338.06;-13.65;689.78
350.44;337.48;-12.96;687.92
350.32;337.96;-12.35;688.28
350.13;336.89;-13.24;687.02
351.81;337.29;-14.51;689.10
351.74;337.36;-14.37;689.10
351.96;337.30;-14.66;689.26
350.76;337.32;-13.45;688.08
352.35;338.22;-14.14;690.57
350.94;337.46;-13.47;688.40
350.79;337.72;-13.08;688.51
351.94;338.11;-13.83;690.04
351.85;336.93;-14.92;688.78
351.49;337.30;-14.19;688.79
351.51;337.75;-13.75;689.26
352.04;338.31;-13.72;690.35
351.38;337.54;-13.85;688.92
351.19;337.40;-13.79;688.59
351.18;337.30;-13.88;688.48
350.99;337.93;-13.06;688.92
350.96;337.12;-13.84;688.09
350.64;337.59;-13.05;688.24
350.55;337.58;-12.97;688.14
352.69;337.87;-14.82;690.56
351.56;337.31;-14.25;688.88
350.18;337.78;-12.40;687.96
351.81;337.54;-14.27;689.34
351.56;337.25;-14.32;688.81
352.05;337.61;-14.44;689.66
351.31;337.78;-13.53;689.09
351.41;337.14;-14.27;688.54
351.61;337.56;-14.05;689.16
351.62;337.79;-13.83;689.41
352.40;337.76;-14.64;690.16
351.60;337.62;-13.98;689.22
351.44;336.58;-14.85;688.02
351.98;336.72;-15.26;688.69
351.88;337.08;-14.80;688.96
351.83;337.69;-14.14;689.52
351.48;338.44;-13.04;689.92
351.51;337.01;-14.51;688.52
351.29;337.72;-13.56;689.01
351.18;337.94;-13.24;689.12
350.99;337.92;-13.07;688.91
350.83;337.87;-12.96;688.70
351.98;337.62;-14.36;689.60
352.15;337.69;-14.46;689.85
352.06;337.86;-14.20;689.92
352.25;337.76;-14.49;690.01
351.69;337.38;-14.31;689.07
352.70;338.11;-14.59;690.81
351.49;337.77;-13.72;689.26
352.58;337.44;-15.15;690.02
351.83;336.84;-14.99;688.67
351.70;336.99;-14.71;688.69
351.62;337.62;-14.00;689.24
351.99;337.51;-14.48;689.51
351.42;336.91;-14.51;688.34
351.86;337.44;-14.42;689.31
351.76;337.05;-14.72;688.81
351.64;337.48;-14.16;689.12
351.41;337.73;-13.68;689.14
352.04;337.60;-14.44;689.64
351.38;337.45;-13.93;688.84
351.35;337.52;-13.83;688.88
351.15;337.56;-13.58;688.71
351.05;337.89;-13.16;688.94
352.03;337.87;-14.16;689.90
350.79;337.96;-12.84;688.75
351.56;338.21;-13.35;689.76
352.68;337.79;-14.89;690.47
350.44;338.51;-11.93;688.95
350.29;337.24;-13.06;687.53
350.24;338.49;-11.75;688.74
350.07;337.91;-12.16;687.98
351.41;337.38;-14.02;688.79
351.48;337.25;-14.23;688.74
352.15;337.14;-15.01;689.29
351.46;337.02;-14.44;688.48
351.61;336.88;-14.73;688.48
351.70;337.82;-13.88;689.52
351.41;337.51;-13.91;688.92
351.61;338.07;-13.54;689.68
351.89;337.64;-14.26;689.53
351.82;337.75;-14.07;689.58
351.39;337.85;-13.54;689.24
351.52;337.80;-13.72;689.32
351.40;337.65;-13.75;689.05
350.95;338.16;-12.79;689.12
351.15;337.89;-13.26;689.04
351.05;337.96;-13.09;689.01
350.89;338.25;-12.64;689.15
350.71;338.14;-12.58;688.85
350.65;337.88;-12.78;688.53
350.45;337.91;-12.54;688.35
351.99;337.54;-14.45;689.54
351.92;337.30;-14.62;689.22
350.11;337.42;-12.69;687.54
350.00;338.21;-11.79;688.21
352.39;337.35;-15.04;689.75
349.75;337.69;-12.06;687.44
351.97;337.08;-14.89;689.05
350.96;338.54;-12.42;689.49
351.87;337.82;-14.05;689.69
351.19;337.46;-13.73;688.66
351.05;337.79;-13.26;688.84
351.22;337.92;-13.31;689.14
351.87;338.79;-13.08;690.66
351.64;337.41;-14.24;689.05
351.42;338.06;-13.35;689.48
351.46;337.91;-13.56;689.37
351.32;337.34;-13.99;688.66
351.32;337.07;-14.25;688.39
351.47;337.55;-13.92;689.02
351.32;337.42;-13.91;688.74
351.20;338.19;-13.01;689.39
351.10;337.51;-13.59;688.61
352.15;337.99;-14.16;690.15
350.96;338.17;-12.79;689.13
350.76;336.73;-14.04;687.49
352.01;337.06;-14.95;689.06
351.78;338.43;-13.35;690.21
350.52;338.13;-12.39;688.65
351.75;337.98;-13.77;689.72
350.34;337.59;-12.75;687.92
350.24;338.02;-12.21;688.26
351.69;337.55;-14.14;689.24
350.06;338.31;-11.75;688.37
351.49;338.01;-13.48;689.50
351.29;337.35;-13.94;688.65
351.44;337.24;-14.20;688.67
351.39;339.06;-12.33;690.45
351.13;337.02;-14.11;688.15
351.49;338.25;-13.25;689.74
352.02;337.75;-14.28;689.77
351.44;337.11;-14.32;688.55
351.00;338.22;-12.78;689.22
351.41;337.16;-14.25;688.56
350.98;338.65;-12.34;689.63
351.75;337.67;-14.08;689.42
351.24;338.05;-13.19;689.29
351.21;337.88;-13.34;689.09
352.03;338.39;-13.64;690.42
350.88;338.22;-12.66;689.10
351.64;338.32;-13.31;689.96
351.95;338.97;-12.98;690.92
351.84;338.25;-13.59;690.09
351.37;338.29;-13.08;689.66
351.06;337.36;-13.70;688.42
351.02;338.68;-12.34;689.70
351.57;337.97;-13.60;689.54
351.71;337.78;-13.92;689.49
351.55;337.25;-14.30;688.79
352.11;337.95;-14.15;690.06
351.26;338.41;-12.86;689.67
351.13;338.28;-12.85;689.41
352.28;337.01;-15.26;689.29
352.78;338.32;-14.45;691.10
350.95;338.51;-12.45;689.46
350.91;338.34;-12.57;689.24
350.88;337.85;-13.03;688.72
351.36;337.32;-14.05;688.68
350.72;338.71;-12.01;689.42
351.56;337.74;-13.82;689.30
351.49;337.05;-14.44;688.55
351.33;338.42;-12.91;689.75
349.96;337.95;-12.01;687.91
351.79;337.39;-14.39;689.18
351.59;338.28;-13.31;689.87
351.08;338.25;-12.83;689.34
351.29;337.92;-13.38;689.21
352.11;338.27;-13.84;690.38
351.69;337.76;-13.93;689.45
351.71;338.09;-13.62;689.79
350.50;338.64;-11.86;689.14
351.35;338.48;-12.87;689.82
351.32;338.54;-12.78;689.86
351.16;338.21;-12.95;689.37
351.22;337.97;-13.25;689.19
350.98;339.08;-11.90;690.06
350.76;337.76;-13.00;688.53
350.64;337.71;-12.92;688.35
350.37;337.28;-13.09;687.65
350.27;338.29;-11.98;688.56
350.01;338.89;-11.12;688.89
352.14;337.42;-14.71;689.56
351.35;337.97;-13.38;689.32
349.65;338.49;-11.15;688.14
350.92;338.05;-12.87;688.96
352.01;338.14;-13.87;690.14
351.66;338.39;-13.26;690.05
351.56;338.62;-12.94;690.18
351.89;337.65;-14.25;689.54
351.57;337.18;-14.39;688.75
350.52;336.75;-13.77;687.26
351.80;337.89;-13.91;689.69
351.40;336.79;-14.61;688.19
351.49;336.99;-14.50;688.49
351.19;337.55;-13.64;688.74
351.30;338.14;-13.16;689.44
351.15;337.99;-13.15;689.14
351.09;337.39;-13.70;688.48
350.89;337.91;-12.98;688.80
352.12;338.21;-13.91;690.34
351.71;338.21;-13.51;689.92
351.54;338.04;-13.50;689.57
350.19;337.91;-12.29;688.10
351.89;337.92;-13.96;689.81
349.96;338.06;-11.91;688.02
351.53;337.44;-14.09;688.96
352.07;337.69;-14.38;689.76
352.34;338.19;-14.15;690.54
351.74;337.35;-14.39;689.08
351.97;337.80;-14.17;689.77
352.03;338.09;-13.94;690.12
351.59;337.50;-14.09;689.09
351.14;337.94;-13.21;689.08
351.67;337.24;-14.43;688.91
351.59;338.52;-13.07;690.12
351.03;338.40;-12.63;689.43
352.39;338.41;-13.98;690.80
350.79;337.45;-13.35;688.24
350.92;337.86;-13.06;688.78
350.71;337.43;-13.28;688.14
350.58;337.94;-12.65;688.52
350.55;337.51;-13.05;688.06
351.69;337.78;-13.91;689.48
350.33;337.80;-12.53;688.13
350.26;338.51;-11.76;688.77
350.01;337.61;-12.40;687.62
350.01;337.59;-12.41;687.60
352.79;337.53;-15.26;690.32
351.80;337.58;-14.22;689.38
351.62;338.15;-13.48;689.77
351.66;337.20;-14.46;688.86
352.75;337.84;-14.91;690.58
351.49;337.52;-13.96;689.01
352.26;336.88;-15.38;689.14
351.92;338.81;-13.12;690.73
352.44;338.72;-13.71;691.16
350.82;337.44;-13.39;688.26
352.01;337.56;-14.45;689.57
351.28;337.81;-13.47;689.09
351.62;337.91;-13.71;689.53
351.38;338.36;-13.02;689.75
351.45;337.58;-13.86;689.03
351.36;338.32;-13.05;689.68
351.22;338.31;-12.91;689.53
351.40;338.47;-12.93;689.87
351.34;338.54;-12.81;689.88
351.28;338.55;-12.73;689.84
351.14;338.14;-13.00;689.27
351.80;337.99;-13.81;689.79
351.10;338.15;-12.95;689.25
350.51;338.47;-12.04;688.98
350.82;337.94;-12.88;688.76
350.74;337.94;-12.80;688.67
350.60;337.67;-12.93;688.27
352.17;337.50;-14.67;689.67
351.66;337.79;-13.86;689.45
351.62;337.76;-13.86;689.39
351.92;337.60;-14.32;689.52
351.17;337.96;-13.21;689.13
349.75;338.07;-11.68;687.82
349.61;337.82;-11.79;687.42
351.82;337.16;-14.66;688.99
351.36;337.82;-13.54;689.18
351.88;337.47;-14.41;689.35
350.61;337.64;-12.96;688.25
351.55;337.52;-14.04;689.07
351.55;337.66;-13.89;689.22
351.89;337.38;-14.51;689.28
351.21;337.64;-13.57;688.85
351.12;338.30;-12.82;689.42
351.52;336.94;-14.59;688.46
351.66;337.28;-14.38;688.94
350.81;337.78;-13.04;688.59
351.49;337.74;-13.76;689.23
350.98;337.19;-13.79;688.17
351.25;337.08;-14.18;688.33
351.28;337.26;-14.02;688.55
351.34;338.25;-13.09;689.59
351.13;338.21;-12.92;689.34
351.18;338.26;-12.92;689.45
351.09;338.48;-12.61;689.57
351.19;338.08;-13.11;689.27
351.21;337.97;-13.24;689.18
350.83;337.81;-13.02;688.64
350.88;338.16;-12.71;689.04
350.94;337.21;-13.74;688.15
350.82;337.94;-12.89;688.76
350.64;337.73;-12.91;688.37
352.11;337.91;-14.20;690.01
350.36;337.59;-12.77;687.96
352.12;338.24;-13.89;690.36
351.48;338.27;-13.21;689.75
351.80;337.47;-14.33;689.27
349.96;337.54;-12.42;687.49
351.34;337.26;-14.08;688.61
349.78;337.38;-12.41;687.16
350.84;338.19;-12.65;689.04
349.73;338.26;-11.46;687.99
350.62;338.46;-12.16;689.08
351.59;338.71;-12.88;690.29
351.21;337.02;-14.19;688.22
351.09;338.63;-12.46;689.72
350.74;338.05;-12.69;688.79
351.53;338.21;-13.32;689.74
351.69;337.74;-13.95;689.43
351.45;337.56;-13.88;689.01
352.15;337.85;-14.30;690.01
351.19;337.64;-13.55;688.82
351.04;336.51;-14.53;687.54
351.59;337.39;-14.20;688.98
351.11;338.25;-12.86;689.35
351.81;338.39;-13.41;690.20
351.62;338.16;-13.45;689.78
351.10;338.06;-13.04;689.16
351.61;337.85;-13.76;689.45
351.36;339.12;-12.24;690.49
351.44;337.70;-13.74;689.14
351.41;337.62;-13.79;689.04
351.16;338.11;-13.05;689.27
350.93;337.78;-13.15;688.71
350.85;337.91;-12.94;688.76
350.76;338.38;-12.38;689.15
350.67;338.10;-12.57;688.77
350.66;338.36;-12.29;689.02
350.47;337.68;-12.79;688.15
350.43;337.71;-12.72;688.14
350.26;338.39;-11.87;688.65
350.08;337.85;-12.24;687.93
349.93;338.64;-11.29;688.57
349.81;338.01;-11.79;687.82
349.62;338.08;-11.54;687.70
349.65;338.29;-11.35;687.94
351.73;338.14;-13.59;689.86
350.57;338.23;-12.34;688.80
351.07;338.30;-12.77;689.37
350.58;338.86;-11.72;689.44
351.46;338.29;-13.18;689.75
351.11;338.28;-12.83;689.38
351.45;338.06;-13.39;689.51
352.22;337.38;-14.85;689.60
350.95;338.06;-12.89;689.02
351.35;337.93;-13.42;689.28
351.10;338.94;-12.16;690.04
351.49;339.10;-12.39;690.59
351.34;338.58;-12.76;689.91
351.48;337.94;-13.54;689.42
351.41;337.75;-13.66;689.16
351.45;337.79;-13.65;689.24
351.16;339.32;-11.84;690.48
350.95;338.71;-12.24;689.66
351.08;338.39;-12.69;689.46
350.89;336.75;-14.14;687.65
350.98;337.46;-13.51;688.44
350.89;338.33;-12.56;689.22
350.88;339.66;-11.21;690.54
350.80;338.26;-12.54;689.06
350.58;338.11;-12.46;688.69
350.47;338.35;-12.12;688.82
350.64;338.32;-12.32;688.96
350.48;337.59;-12.89;688.06
351.53;338.58;-12.95;690.11
351.85;337.89;-13.95;689.74
351.29;338.94;-12.35;690.24
352.21;337.48;-14.73;689.69
351.48;337.95;-13.53;689.42
351.55;338.13;-13.42;689.68
351.32;337.87;-13.45;689.19
349.52;338.77;-10.75;688.29
351.28;337.92;-13.36;689.20
350.95;337.45;-13.50;688.41
351.56;337.58;-13.98;689.14
351.05;338.22;-12.84;689.27
350.62;337.99;-12.64;688.61
351.33;337.79;-13.54;689.12
351.52;337.89;-13.63;689.41
351.64;338.13;-13.51;689.76
351.62;338.34;-13.28;689.96
351.43;337.98;-13.45;689.41
350.82;338.21;-12.61;689.04
351.29;338.15;-13.14;689.45
351.75;338.12;-13.63;689.86
351.02;337.56;-13.46;688.58
351.50;338.24;-13.26;689.74
350.98;337.41;-13.58;688.39
350.96;338.90;-12.06;689.86
351.45;337.85;-13.59;689.30
351.46;337.91;-13.56;689.37
351.39;337.69;-13.71;689.08
352.71;337.88;-14.84;690.59
351.31;338.55;-12.76;689.86
351.26;338.32;-12.94;689.58
351.11;337.99;-13.12;689.09
351.10;337.97;-13.13;689.07
350.83;337.06;-13.77;687.89
350.86;336.42;-14.44;687.29
351.59;337.88;-13.71;689.47
350.69;337.25;-13.45;687.94
350.88;338.07;-12.81;688.95
350.74;338.15;-12.59;688.89
350.76;338.30;-12.46;689.06
350.73;338.34;-12.39;689.06
350.79;338.25;-12.54;689.04
351.89;337.81;-14.08;689.69
350.59;338.06;-12.53;688.66
350.52;338.19;-12.34;688.71
351.61;338.37;-13.24;689.98
350.30;338.43;-11.87;688.73
350.35;337.42;-12.92;687.77
351.58;337.95;-13.63;689.54
351.43;339.04;-12.39;690.46
352.04;338.33;-13.71;690.37
351.56;337.85;-13.71;689.42
351.67;338.06;-13.61;689.74
351.66;338.12;-13.54;689.78
351.88;338.10;-13.78;689.98
351.81;337.83;-13.98;689.64
350.94;338.17;-12.77;689.11
352.04;338.16;-13.88;690.20
352.12;338.11;-14.01;690.24
351.25;338.01;-13.24;689.26
351.42;337.79;-13.63;689.22
351.31;337.65;-13.66;688.96
351.29;338.43;-12.86;689.72
351.04;339.14;-11.90;690.18
351.34;338.19;-13.15;689.54
351.73;338.14;-13.59;689.87
351.62;339.30;-12.32;690.92
351.64;338.10;-13.54;689.74
350.78;338.52;-12.26;689.30
351.40;338.74;-12.66;690.14
351.10;338.54;-12.56;689.64
351.28;338.48;-12.80;689.75
351.01;337.06;-13.95;688.07
351.04;338.01;-13.03;689.04
351.02;337.81;-13.21;688.84
350.89;336.98;-13.91;687.87
350.81;338.36;-12.44;689.17
350.51;339.16;-11.35;689.67
352.05;337.94;-14.11;689.98
350.37;337.82;-12.55;688.19
350.24;337.83;-12.41;688.06
351.56;337.98;-13.59;689.54
351.68;338.64;-13.04;690.31
351.35;338.59;-12.75;689.94
349.71;337.91;-11.79;687.62
352.08;337.69;-14.39;689.78
351.46;337.83;-13.64;689.29
351.82;338.19;-13.63;690.02
351.29;338.28;-13.01;689.56
349.18;337.97;-11.21;687.15
350.91;337.91;-13.01;688.82
350.78;337.57;-13.21;688.35
351.02;338.19;-12.84;689.21
351.36;338.00;-13.36;689.36
351.46;337.82;-13.64;689.29
351.55;337.82;-13.72;689.37
351.04;337.85;-13.18;688.89
350.95;338.49;-12.46;689.44
351.26;337.49;-13.78;688.75
351.06;338.11;-12.95;689.18
351.02;338.10;-12.92;689.12
350.88;337.92;-12.96;688.79
350.58;337.78;-12.79;688.36
350.61;338.65;-11.96;689.26
351.65;337.67;-13.98;689.32
350.35;338.16;-12.19;688.51
350.24;337.77;-12.47;688.01
351.65;337.71;-13.94;689.36
351.89;337.52;-14.38;689.41
351.91;336.86;-15.05;688.78
349.82;337.33;-12.49;687.15
351.46;337.79;-13.66;689.25
351.46;337.73;-13.73;689.19
352.04;337.88;-14.16;689.92
351.98;336.97;-15.01;688.95
351.70;338.37;-13.33;690.07
351.66;337.76;-13.90;689.42
351.24;338.24;-13.01;689.48
351.80;339.09;-12.71;690.89
351.34;337.43;-13.91;688.77
351.36;338.96;-12.40;690.33
351.31;337.67;-13.64;688.98
350.79;337.28;-13.52;688.07
351.44;338.65;-12.79;690.08
351.07;337.18;-13.89;688.25
351.18;337.62;-13.56;688.79
350.82;337.74;-13.08;688.56
350.78;337.72;-13.06;688.49
351.22;338.21;-13.02;689.43
351.05;338.03;-13.02;689.08
351.63;337.82;-13.81;689.45
350.88;337.80;-13.08;688.68
350.88;337.04;-13.85;687.92
350.78;338.42;-12.36;689.21
352.24;338.33;-13.91;690.57
350.52;338.92;-11.60;689.45
351.60;338.15;-13.45;689.75
350.66;337.63;-13.04;688.29
350.66;338.65;-12.01;689.31
350.75;337.90;-12.85;688.65
350.94;338.58;-12.36;689.51
350.85;337.19;-13.65;688.04
350.89;337.72;-13.17;688.61
350.71;337.95;-12.76;688.66
350.82;337.91;-12.92;688.73
350.71;338.34;-12.38;689.05
350.51;338.05;-12.46;688.55
350.45;339.25;-11.20;689.71
350.42;338.60;-11.82;689.02
350.38;338.02;-12.36;688.39
351.51;339.14;-12.36;690.65
351.92;338.32;-13.61;690.24
350.06;337.60;-12.46;687.66
349.96;338.46;-11.49;688.42
349.76;338.43;-11.33;688.19
349.74;338.33;-11.41;688.07
349.63;338.88;-10.75;688.51
349.66;338.36;-11.29;688.02
349.48;339.05;-10.43;688.52
350.92;337.34;-13.58;688.26
350.84;338.19;-12.64;689.03
350.79;338.27;-12.52;689.06
351.06;338.08;-12.99;689.14
349.29;339.12;-10.16;688.41
351.43;338.66;-12.77;690.09
350.92;339.40;-11.52;690.32
351.56;339.20;-12.36;690.76
351.06;337.90;-13.16;688.96
350.46;337.89;-12.57;688.36
351.95;337.35;-14.60;689.31
351.35;338.63;-12.72;689.98
350.86;337.80;-13.06;688.66
351.71;337.78;-13.94;689.49
351.66;338.40;-13.26;690.06
351.19;337.51;-13.69;688.70
351.75;338.44;-13.32;690.19
351.01;337.66;-13.35;688.66
351.30;338.87;-12.43;690.17
350.98;337.76;-13.22;688.74
350.85;338.72;-12.13;689.58
351.06;337.54;-13.52;688.59
351.25;338.62;-12.64;689.87
351.03;337.96;-13.06;688.99
350.98;337.95;-13.03;688.92
350.85;337.92;-12.92;688.77
350.32;338.28;-12.04;688.59
350.54;338.38;-12.16;688.92
350.57;338.05;-12.52;688.62
350.46;337.94;-12.52;688.40
350.32;338.48;-11.84;688.80
350.31;338.08;-12.23;688.38
350.28;338.01;-12.27;688.29
351.22;337.65;-13.57;688.88
350.20;338.05;-12.15;688.25
351.31;338.25;-13.06;689.56
350.06;338.71;-11.35;688.76
351.75;337.62;-14.12;689.37
350.55;337.35;-13.20;687.91
351.24;338.57;-12.67;689.81
351.43;338.34;-13.09;689.77
351.00;338.33;-12.67;689.33
351.03;338.32;-12.71;689.35
351.14;338.69;-12.45;689.84
351.08;337.89;-13.19;688.97
351.26;339.18;-12.08;690.44
350.82;339.15;-11.67;689.96
351.85;338.92;-12.93;690.76
351.03;338.12;-12.91;689.15
351.20;337.35;-13.85;688.55
351.16;337.49;-13.68;688.65
351.36;338.80;-12.56;690.16
351.14;337.52;-13.62;688.66
350.81;338.25;-12.56;689.06
350.79;337.89;-12.91;688.68
351.33;338.16;-13.17;689.49
351.09;338.86;-12.22;689.95
351.05;338.42;-12.63;689.46
350.89;336.61;-14.28;687.49
350.89;338.30;-12.59;689.19
350.18;337.11;-13.07;687.28
350.74;338.29;-12.45;689.03
350.56;338.18;-12.38;688.74
350.49;337.85;-12.65;688.34
350.29;338.71;-11.58;688.99
351.58;337.79;-13.79;689.36
350.11;337.44;-12.66;687.55
349.94;337.55;-12.39;687.48
351.43;338.59;-12.84;690.02
350.78;338.49;-12.29;689.27
351.81;337.81;-14.00;689.61
351.38;338.84;-12.54;690.22
351.38;337.84;-13.55;689.22
351.10;337.82;-13.28;688.92
351.36;338.35;-13.01;689.72
351.51;338.95;-12.56;690.46
351.14;338.70;-12.44;689.84
351.43;337.67;-13.76;689.10
351.36;338.14;-13.22;689.49
351.35;337.79;-13.56;689.15
351.32;338.84;-12.48;690.16
351.61;338.38;-13.24;689.99
350.99;337.80;-13.19;688.79
351.55;338.46;-13.09;690.01
351.49;337.85;-13.65;689.34
351.22;338.59;-12.62;689.81
351.19;338.15;-13.04;689.34
351.05;337.16;-13.88;688.21
350.98;337.29;-13.69;688.26
350.86;337.91;-12.95;688.77
350.81;337.70;-13.11;688.51
350.44;337.59;-12.85;688.04
350.56;337.65;-12.91;688.21
351.64;337.84;-13.80;689.47
351.82;337.69;-14.12;689.51
351.79;337.47;-14.32;689.26
349.90;338.02;-11.88;687.92
351.91;337.35;-14.55;689.26
351.30;337.14;-14.16;688.44
351.78;337.81;-13.98;689.59
351.55;337.79;-13.76;689.35
351.21;337.92;-13.29;689.13
351.93;337.76;-14.17;689.69
351.51;338.16;-13.34;689.67
351.04;339.22;-11.81;690.26
351.43;338.31;-13.12;689.74
351.21;337.62;-13.58;688.83
351.18;338.42;-12.75;689.60
351.08;337.99;-13.09;689.06
350.95;338.19;-12.76;689.14
350.78;338.82;-11.96;689.59
351.92;338.31;-13.61;690.23
351.74;337.90;-13.84;689.64
352.51;337.70;-14.81;690.21
352.32;338.57;-13.75;690.89
349.89;337.65;-12.24;687.54
351.60;337.32;-14.28;688.92
351.38;338.12;-13.26;689.50
352.05;337.75;-14.30;689.79
351.58;337.81;-13.77;689.38
351.74;338.48;-13.26;690.22
351.41;337.49;-13.91;688.90
351.94;338.26;-13.68;690.19
351.42;338.65;-12.77;690.06
351.54;338.30;-13.24;689.84
350.76;337.58;-13.18;688.34
350.55;338.31;-12.24;688.86
352.15;338.06;-14.08;690.21
350.25;338.30;-11.95;688.55
352.50;338.23;-14.27;690.73
350.56;337.81;-12.75;688.36
350.49;337.98;-12.51;688.48
350.48;337.93;-12.55;688.41
350.42;337.92;-12.49;688.34
350.24;337.85;-12.39;688.09
350.13;337.73;-12.40;687.86
349.93;337.81;-12.12;687.74
351.50;337.36;-14.14;688.86
351.45;338.14;-13.31;689.58
351.71;338.14;-13.57;689.85
349.55;337.76;-11.79;687.31
349.44;338.14;-11.30;687.58
351.29;337.71;-13.59;689.00
351.38;338.25;-13.13;689.62
351.96;338.41;-13.56;690.37
351.31;337.59;-13.72;688.91
351.66;339.02;-12.64;690.68
351.15;338.05;-13.10;689.21
350.58;338.79;-11.79;689.37
351.24;337.89;-13.34;689.13
351.41;338.60;-12.81;690.01
351.36;337.42;-13.94;688.78
351.32;338.39;-12.93;689.72
350.84;338.01;-12.82;688.85
351.00;338.06;-12.94;689.06
351.96;337.90;-14.06;689.86
351.88;338.01;-13.86;689.89
351.64;337.91;-13.73;689.55
350.47;338.64;-11.83;689.11
351.52;338.26;-13.25;689.78
351.83;337.49;-14.34;689.32
351.66;338.25;-13.41;689.91
351.25;338.13;-13.12;689.38
351.62;338.46;-13.16;690.08
351.45;338.48;-12.97;689.92
351.73;338.41;-13.32;690.14
351.63;338.05;-13.58;689.68
352.22;337.77;-14.45;689.99
351.48;338.11;-13.37;689.58
352.38;337.77;-14.61;690.15
350.95;337.52;-13.42;688.47
351.08;337.39;-13.68;688.47
351.44;337.61;-13.84;689.05
351.62;338.53;-13.09;690.15
351.80;338.85;-12.95;690.65
351.76;337.75;-14.01;689.51
350.95;338.05;-12.89;689.00
351.62;337.15;-14.46;688.77
351.47;337.78;-13.69;689.25
351.49;337.24;-14.25;688.74
351.31;337.87;-13.44;689.18
351.08;337.61;-13.47;688.68
351.44;337.96;-13.48;689.41
351.51;337.88;-13.63;689.38
351.47;337.94;-13.53;689.41
351.40;337.96;-13.44;689.36
351.21;337.82;-13.39;689.03
351.26;338.11;-13.16;689.37
351.15;337.33;-13.82;688.48
350.96;338.21;-12.75;689.17
350.99;337.95;-13.04;688.94
350.81;338.10;-12.71;688.91
350.74;337.66;-13.07;688.40
350.57;337.54;-13.04;688.11
351.55;337.38;-14.17;688.92
350.29;338.05;-12.24;688.34
351.51;336.23;-15.28;687.74
350.04;338.41;-11.63;688.44
351.28;337.42;-13.85;688.70
349.75;336.84;-12.91;686.59
351.76;337.55;-14.21;689.31
351.16;338.56;-12.60;689.73
349.34;337.30;-12.04;686.64
350.94;338.16;-12.78;689.10
351.15;337.65;-13.49;688.80
351.97;337.88;-14.09;689.85
351.28;337.61;-13.67;688.89
351.17;337.82;-13.35;688.99
351.89;337.58;-14.31;689.47
351.66;337.68;-13.98;689.34
351.38;337.08;-14.29;688.46
351.75;337.49;-14.26;689.24
351.55;337.97;-13.58;689.52
351.39;337.96;-13.44;689.35
351.56;338.41;-13.15;689.98
351.48;338.85;-12.63;690.32
350.94;338.26;-12.67;689.20
351.13;338.35;-12.78;689.48
350.64;338.13;-12.51;688.77
350.72;338.59;-12.12;689.31
350.82;338.46;-12.36;689.28
352.05;338.75;-13.31;690.80
350.62;337.96;-12.66;688.58
350.54;338.52;-12.02;689.05
350.50;337.84;-12.66;688.34
350.40;337.69;-12.71;688.09
350.25;337.82;-12.43;688.06
350.19;338.18;-12.01;688.36
350.11;337.71;-12.39;687.82
351.27;338.05;-13.22;689.32
351.82;338.18;-13.64;690.00
351.22;338.28;-12.94;689.49
351.35;338.19;-13.16;689.55
351.26;338.15;-13.11;689.41
349.37;338.36;-11.01;687.73
351.07;338.19;-12.88;689.26
351.21;338.25;-12.96;689.45
351.69;337.63;-14.06;689.32
351.36;338.78;-12.58;690.15
351.52;338.74;-12.78;690.25
350.91;338.45;-12.46;689.36
351.16;338.39;-12.77;689.55
350.88;338.59;-12.29;689.46
351.07;338.26;-12.81;689.33
350.46;338.05;-12.42;688.51
350.86;337.97;-12.89;688.83
350.82;337.88;-12.94;688.71
350.62;338.51;-12.11;689.14
350.58;339.18;-11.41;689.76
350.58;336.28;-14.30;686.85
350.44;338.71;-11.73;689.15
350.46;338.23;-12.23;688.69
351.11;338.06;-13.04;689.17
350.41;338.91;-11.50;689.32
350.37;338.32;-12.05;688.69
350.30;337.81;-12.49;688.11
350.21;338.54;-11.66;688.75
350.11;337.87;-12.24;687.98
349.92;338.50;-11.42;688.42
351.25;338.71;-12.54;689.96
351.04;338.38;-12.66;689.42
349.64;338.27;-11.36;687.91
351.79;338.46;-13.32;690.25
349.39;338.75;-10.64;688.15
349.33;339.24;-10.09;688.56
349.17;338.39;-10.78;687.56
350.85;338.42;-12.43;689.26
351.12;338.21;-12.91;689.32
351.49;339.15;-12.35;690.64
351.29;338.03;-13.26;689.32
350.58;338.73;-11.85;689.31
350.71;339.06;-11.65;689.77
350.99;338.44;-12.55;689.43
350.68;338.66;-12.02;689.34
351.04;338.46;-12.58;689.50
350.93;338.37;-12.56;689.30
350.72;338.19;-12.52;688.91
350.51;338.28;-12.22;688.79
350.51;337.81;-12.69;688.32
350.42;338.35;-12.08;688.77
350.08;337.69;-12.39;687.76
351.77;338.75;-13.02;690.52
349.97;338.65;-11.32;688.62
351.29;337.94;-13.35;689.24
351.55;338.48;-13.06;690.03
349.56;338.85;-10.71;688.41
350.72;338.36;-12.36;689.09
349.17;339.49;-9.68;688.66
351.08;338.89;-12.19;689.96
350.76;339.11;-11.65;689.86
351.25;339.13;-12.12;690.38
351.40;337.68;-13.72;689.08
351.13;338.42;-12.71;689.55
351.28;337.72;-13.55;689.00
351.31;338.82;-12.49;690.12
351.06;339.57;-11.49;690.64
350.93;337.74;-13.19;688.67
350.67;337.94;-12.74;688.61
350.76;338.56;-12.21;689.32
351.36;338.63;-12.73;689.99
351.56;338.25;-13.31;689.81
351.13;337.87;-13.26;689.00
351.39;337.50;-13.89;688.89
351.25;338.72;-12.52;689.97
350.33;338.54;-11.79;688.87
351.07;338.36;-12.71;689.44
350.95;338.21;-12.74;689.16
350.84;339.24;-11.60;690.07
350.79;338.47;-12.32;689.26
350.66;338.08;-12.58;688.75
350.57;339.08;-11.49;689.65
350.31;337.72;-12.59;688.03
350.10;337.87;-12.23;687.97
350.16;338.12;-12.04;688.28
350.08;337.58;-12.50;687.66
349.91;337.58;-12.33;687.49
351.77;338.32;-13.45;690.09
351.04;338.74;-12.30;689.78
351.36;337.74;-13.62;689.11
349.47;337.65;-11.82;687.12
351.77;338.14;-13.64;689.91
351.24;338.18;-13.06;689.42
351.47;338.08;-13.39;689.55
351.58;337.98;-13.59;689.56
351.76;339.23;-12.53;690.99
351.34;339.09;-12.25;690.43
351.18;338.04;-13.15;689.22
351.10;338.68;-12.42;689.78
351.10;338.61;-12.49;689.71
351.08;338.69;-12.38;689.77
351.15;337.21;-13.95;688.36
351.96;337.55;-14.41;689.52
351.04;338.26;-12.77;689.30
350.99;337.24;-13.76;688.23
350.81;336.63;-14.18;687.44
352.06;337.08;-14.99;689.14
350.52;337.92;-12.61;688.44
350.35;338.86;-11.49;689.22
351.75;338.55;-13.20;690.31
350.10;337.93;-12.17;688.03
351.55;337.54;-14.01;689.09
349.86;337.83;-12.04;687.69
351.01;338.11;-12.89;689.12
351.99;338.09;-13.90;690.09
351.02;338.08;-12.94;689.10
351.64;337.96;-13.68;689.61
351.91;338.72;-13.19;690.63
352.01;337.79;-14.22;689.79
351.65;337.83;-13.82;689.48
351.93;338.00;-13.93;689.93
351.27;338.08;-13.19;689.35
351.36;337.54;-13.82;688.89
351.16;338.46;-12.69;689.62
351.56;338.49;-13.06;690.05
351.58;338.76;-12.81;690.34
351.48;338.50;-12.98;689.98
351.32;338.27;-13.05;689.59
351.46;338.26;-13.21;689.72
351.05;339.09;-11.96;690.14
351.03;337.88;-13.15;688.91
350.92;338.01;-12.92;688.93
350.66;337.69;-12.97;688.36
350.69;338.44;-12.26;689.13
350.62;338.32;-12.30;688.95
351.28;338.02;-13.26;689.29
350.42;338.14;-12.28;688.56
350.34;337.30;-13.04;687.64
351.38;337.61;-13.77;688.98
350.11;338.29;-11.82;688.40
349.99;337.92;-12.07;687.92
351.11;337.85;-13.26;688.95
349.68;337.81;-11.87;687.48
351.75;338.34;-13.41;690.09
352.17;337.94;-14.24;690.11
351.45;336.89;-14.56;688.35
351.88;337.75;-14.13;689.64
350.84;337.13;-13.71;687.96
351.96;337.60;-14.36;689.56
351.36;338.27;-13.09;689.63
351.12;337.44;-13.68;688.56
351.63;338.65;-12.98;690.28
351.47;339.04;-12.44;690.51
351.55;337.94;-13.61;689.49
351.55;339.20;-12.35;690.75
350.59;338.31;-12.29;688.90
350.90;338.04;-12.86;688.94
351.19;337.52;-13.67;688.72
351.52;337.37;-14.15;688.89
351.35;337.52;-13.82;688.87
351.59;337.34;-14.25;688.92
351.41;338.31;-13.09;689.72
350.75;337.60;-13.15;688.35
351.16;337.61;-13.55;688.76
350.87;338.34;-12.53;689.21
350.91;337.95;-12.96;688.86
350.92;338.05;-12.87;688.98
350.88;338.11;-12.78;688.99
350.48;338.31;-12.18;688.79
350.83;338.02;-12.81;688.85
350.66;338.29;-12.37;688.96
350.69;337.81;-12.88;688.51
350.56;337.55;-13.01;688.11
350.52;338.21;-12.31;688.73
351.59;338.01;-13.58;689.60
352.49;338.83;-13.66;691.32
350.14;337.72;-12.41;687.86
351.83;338.09;-13.74;689.92
352.23;338.02;-14.21;690.25
351.48;337.34;-14.14;688.81
351.31;337.87;-13.44;689.18
351.59;337.21;-14.38;688.81
352.02;337.87;-14.15;689.89
351.81;336.90;-14.91;688.71
350.67;337.66;-13.01;688.33
351.69;338.59;-13.10;690.28
351.59;337.78;-13.81;689.36
351.48;337.77;-13.71;689.25
350.96;337.61;-13.35;688.56
351.32;337.32;-13.99;688.64
351.71;337.86;-13.85;689.57
351.44;338.69;-12.75;690.14
351.45;337.24;-14.21;688.69
350.77;337.75;-13.02;688.52
351.02;338.26;-12.76;689.29
351.17;337.96;-13.21;689.13
351.08;338.49;-12.58;689.57
350.92;338.60;-12.32;689.52
350.81;338.53;-12.28;689.34
350.84;338.14;-12.69;688.98
350.76;337.68;-13.08;688.45
350.66;337.58;-13.09;688.24
350.41;338.21;-12.21;688.62
351.96;337.76;-14.20;689.73
350.42;337.81;-12.62;688.23
350.34;337.98;-12.36;688.32
351.89;338.41;-13.48;690.31
351.90;338.18;-13.72;690.08
350.02;338.27;-11.75;688.29
349.95;338.56;-11.39;688.51
349.83;337.42;-12.41;687.25
352.23;337.95;-14.28;690.18
351.72;337.85;-13.87;689.58
351.17;338.15;-13.02;689.32
352.01;339.02;-12.98;691.03
351.71;337.90;-13.81;689.61
351.45;338.00;-13.45;689.45
351.66;337.82;-13.84;689.48
348.99;338.40;-10.59;687.39
351.79;337.94;-13.85;689.74
351.14;338.99;-12.15;690.12
350.74;338.25;-12.49;688.99
351.14;338.98;-12.15;690.12
351.64;337.81;-13.82;689.45
351.42;338.05;-13.37;689.46
351.41;338.64;-12.76;690.05
351.27;337.50;-13.77;688.77
351.32;338.20;-13.12;689.52
351.25;338.06;-13.18;689.31
351.15;337.83;-13.32;688.98
350.97;337.88;-13.09;688.85
351.47;337.24;-14.23;688.71
350.88;337.89;-12.98;688.77
350.69;338.29;-12.39;688.98
352.08;337.96;-14.12;690.05
351.82;337.70;-14.12;689.52
350.64;336.34;-14.31;686.98
352.31;337.74;-14.57;690.04
350.40;338.09;-12.31;688.49
350.34;338.35;-11.99;688.69
350.30;337.73;-12.57;688.03
351.58;338.46;-13.11;690.04
352.15;337.96;-14.19;690.11
351.91;337.98;-13.92;689.89
350.13;338.21;-11.92;688.34
351.24;337.35;-13.88;688.59
351.91;338.08;-13.83;689.98
351.65;337.95;-13.70;689.61
352.15;337.58;-14.56;689.73
351.19;337.46;-13.72;688.65
351.52;337.55;-13.96;689.07
352.06;338.05;-14.02;690.11
351.19;337.56;-13.64;688.75
351.11;338.26;-12.85;689.38
349.83;337.57;-12.26;687.40
349.90;337.91;-11.99;687.81
352.03;338.88;-13.15;690.91
351.21;337.78;-13.43;688.99
351.14;337.97;-13.17;689.11
349.09;338.09;-10.99;687.18
350.93;337.80;-13.13;688.73
348.84;337.70;-11.14;686.54
351.71;337.71;-14.01;689.42
350.94;337.49;-13.45;688.44
351.37;338.22;-13.15;689.59
351.58;337.83;-13.75;689.41
351.15;337.82;-13.32;688.97
351.43;338.63;-12.80;690.06
351.25;337.89;-13.35;689.14
351.44;337.27;-14.16;688.71
351.35;337.71;-13.64;689.06
351.01;338.42;-12.59;689.44
351.25;337.45;-13.80;688.71
350.94;338.71;-12.23;689.65
351.19;338.28;-12.91;689.48
351.04;336.84;-14.19;687.88
351.01;338.04;-12.97;689.04
350.94;338.32;-12.62;689.26
350.58;338.11;-12.46;688.69
350.66;338.26;-12.39;688.92
350.58;338.56;-12.02;689.15
350.50;337.44;-13.06;687.94
350.44;338.15;-12.29;688.59
350.29;337.84;-12.45;688.13
350.24;338.33;-11.91;688.56
350.12;337.95;-12.17;688.08
351.42;337.22;-14.19;688.64
351.25;338.35;-12.90;689.59
351.38;338.15;-13.23;689.54
350.85;338.51;-12.34;689.35
349.84;337.95;-11.89;687.79
351.03;338.49;-12.54;689.52
351.39;338.74;-12.65;690.13
351.44;338.55;-12.89;689.98
351.44;338.27;-13.16;689.71
349.36;338.21;-11.15;687.57
349.24;338.60;-10.64;687.84
349.21;337.81;-11.40;687.02
351.49;338.03;-13.46;689.52
351.07;337.95;-13.12;689.02
351.27;338.35;-12.92;689.62
350.85;338.23;-12.62;689.08
351.31;337.95;-13.36;689.25
351.34;339.21;-12.13;690.54
351.69;338.25;-13.44;689.95
351.55;337.96;-13.58;689.51
351.06;337.53;-13.54;688.59
351.21;337.97;-13.24;689.18
350.68;338.04;-12.65;688.72
351.14;337.25;-13.89;688.38
350.11;337.55;-12.56;687.66
351.31;338.28;-13.03;689.59
350.96;337.55;-13.41;688.52
351.26;338.64;-12.62;689.91
351.18;337.32;-13.86;688.50
351.79;338.21;-13.58;690.00
350.64;337.96;-12.68;688.60
350.74;338.09;-12.65;688.83
350.88;338.34;-12.54;689.21
350.58;338.52;-12.06;689.09
351.56;338.34;-13.23;689.90
350.62;337.77;-12.85;688.39
350.50;337.99;-12.51;688.49
351.72;337.81;-13.91;689.52
350.32;337.28;-13.04;687.59
350.22;338.01;-12.21;688.23
351.83;338.02;-13.81;689.85
352.14;337.63;-14.51;689.77
351.81;338.59;-13.21;690.40
351.69;337.49;-14.20;689.18
351.16;337.49;-13.67;688.65
351.52;338.78;-12.74;690.29
351.54;337.36;-14.18;688.89
351.27;337.65;-13.62;688.92
349.42;338.16;-11.25;687.58
350.99;338.39;-12.60;689.38
351.39;337.79;-13.60;689.19
352.14;338.17;-13.96;690.31
351.60;338.21;-13.39;689.81
351.62;337.14;-14.48;688.75
351.32;338.02;-13.29;689.34
350.99;337.40;-13.59;688.39
351.49;337.45;-14.04;688.94
351.74;337.46;-14.28;689.21
351.61;337.79;-13.82;689.39
351.52;337.90;-13.62;689.42
351.27;338.46;-12.81;689.73
351.17;338.29;-12.88;689.46
351.00;338.12;-12.88;689.12
351.19;338.01;-13.19;689.20
350.84;337.84;-12.99;688.68
350.93;338.52;-12.41;689.45
350.88;337.03;-13.85;687.91
350.79;337.74;-13.05;688.53
352.25;338.01;-14.24;690.25
351.78;337.86;-13.91;689.64
350.48;338.05;-12.43;688.54
350.29;337.50;-12.79;687.79
351.46;338.31;-13.15;689.76
352.38;337.56;-14.82;689.94
351.14;337.45;-13.69;688.59
351.95;337.75;-14.19;689.70
351.28;337.02;-14.26;688.29
351.16;338.05;-13.11;689.21
352.30;337.50;-14.80;689.80
352.03;338.46;-13.57;690.49
350.78;338.58;-12.20;689.36
351.39;338.04;-13.35;689.44
351.25;338.25;-13.00;689.49
351.29;337.63;-13.66;688.92
351.51;338.41;-13.10;689.92
351.02;338.06;-12.95;689.08
351.61;338.42;-13.19;690.04
351.38;338.58;-12.80;689.96
351.24;338.40;-12.84;689.64
350.63;337.64;-12.99;688.27
350.45;337.29;-13.16;687.74
350.77;337.91;-12.86;688.68
350.98;337.91;-13.07;688.88
350.87;336.43;-14.44;687.30
350.79;338.41;-12.39;689.20
350.72;337.76;-12.96;688.49
351.81;337.76;-14.04;689.57
350.43;338.12;-12.31;688.55
351.70;337.92;-13.78;689.62
351.64;338.00;-13.64;689.64
351.66;338.11;-13.55;689.76
351.61;337.88;-13.74;689.49
351.34;337.65;-13.68;688.99
351.95;337.33;-14.62;689.28
351.40;338.30;-13.10;689.70
349.40;338.26;-11.14;687.66
350.89;337.33;-13.56;688.22
351.32;337.60;-13.72;688.92
351.28;338.08;-13.20;689.36
351.27;338.00;-13.27;689.27
351.33;337.39;-13.94;688.72
350.97;337.44;-13.53;688.41
351.15;338.08;-13.07;689.22
350.99;337.17;-13.82;688.16
352.01;338.02;-13.99;690.02
350.62;337.48;-13.15;688.10
350.37;338.02;-12.35;688.39
350.29;337.91;-12.38;688.20
351.85;337.50;-14.35;689.35
350.14;337.86;-12.28;687.99
350.01;337.48;-12.53;687.48
352.30;337.55;-14.75;689.85
351.21;338.16;-13.05;689.36
351.66;337.91;-13.76;689.57
351.36;337.35;-14.01;688.71
349.51;338.18;-11.32;687.69
351.07;337.87;-13.20;688.94
352.09;338.18;-13.91;690.26
351.58;338.03;-13.55;689.61
351.64;337.58;-14.06;689.22
351.28;338.05;-13.24;689.33
351.44;337.90;-13.54;689.34
351.45;338.62;-12.83;690.06
351.85;338.00;-13.85;689.85
351.66;338.78;-12.89;690.44
351.35;337.86;-13.49;689.22
351.10;337.33;-13.77;688.43
351.38;337.34;-14.05;688.72
350.59;336.86;-13.74;687.45
351.34;337.78;-13.56;689.12
351.00;337.66;-13.34;688.66
351.03;338.35;-12.68;689.38
350.58;338.22;-12.35;688.80
350.73;338.86;-11.86;689.59
351.07;338.51;-12.56;689.58
350.94;338.42;-12.51;689.36
351.02;336.62;-14.40;687.64
351.68;337.96;-13.72;689.64
352.04;338.35;-13.69;690.38
350.81;337.15;-13.66;687.96
350.68;337.48;-13.20;688.15
350.63;337.51;-13.12;688.14
351.92;337.48;-14.44;689.40
351.28;336.51;-14.78;687.79
350.23;337.86;-12.36;688.09
350.14;337.91;-12.22;688.05
351.76;337.59;-14.17;689.36
351.65;337.71;-13.95;689.36
352.08;337.49;-14.58;689.57
351.54;337.68;-13.86;689.21
352.25;337.47;-14.78;689.72
350.21;338.16;-12.04;688.37
351.32;338.28;-13.04;689.59
351.02;337.76;-13.26;688.79
349.99;338.01;-11.98;687.99
349.93;338.21;-11.72;688.14
349.91;337.38;-12.53;687.29
351.57;337.98;-13.59;689.55
351.10;338.39;-12.71;689.49
351.84;338.46;-13.38;690.30
351.26;338.28;-12.98;689.54
351.59;338.48;-13.12;690.07
351.71;337.42;-14.29;689.13
349.31;338.72;-10.59;688.04
351.12;337.49;-13.63;688.62
351.08;338.14;-12.94;689.22
350.57;338.06;-12.51;688.64
351.84;338.36;-13.48;690.19
350.76;337.54;-13.22;688.30
351.81;338.37;-13.44;690.18
351.18;337.91;-13.27;689.09
350.59;338.89;-11.69;689.48
351.56;338.89;-12.66;690.45
350.15;337.82;-12.33;687.96
351.37;338.82;-12.55;690.19
350.56;338.43;-12.14;688.99
351.05;338.67;-12.38;689.72
351.04;338.09;-12.94;689.13
350.44;338.11;-12.34;688.55
350.82;338.37;-12.45;689.19
350.99;338.19;-12.79;689.18
350.85;337.52;-13.32;688.37
350.31;338.46;-11.84;688.77
350.85;337.81;-13.04;688.66
350.71;337.82;-12.89;688.52
350.68;338.27;-12.41;688.95
350.65;338.54;-12.12;689.19
350.59;337.28;-13.31;687.88
351.02;338.27;-12.75;689.29
351.65;338.30;-13.35;689.95
350.17;337.58;-12.59;687.75
351.75;337.63;-14.12;689.38
349.98;338.08;-11.91;688.06
351.26;337.96;-13.29;689.22
351.65;337.42;-14.24;689.07
351.07;338.71;-12.36;689.78
351.32;338.35;-12.97;689.68
349.56;339.07;-10.49;688.64
351.19;338.44;-12.75;689.63
352.11;337.86;-14.24;689.97
349.61;337.83;-11.78;687.44
349.64;338.94;-10.71;688.58
350.94;337.79;-13.15;688.72
351.18;338.48;-12.71;689.66
351.21;337.19;-14.02;688.40
351.58;337.83;-13.75;689.41
350.92;338.34;-12.58;689.26
352.39;338.21;-14.18;690.60
351.26;338.18;-13.08;689.45
350.85;337.73;-13.12;688.58
351.64;337.50;-14.14;689.14
351.29;338.49;-12.80;689.78
351.33;338.17;-13.16;689.50
351.33;338.18;-13.15;689.51
351.41;338.04;-13.37;689.44
351.32;337.56;-13.76;688.88
351.42;337.37;-14.05;688.79
351.67;338.65;-13.02;690.32
350.95;337.70;-13.25;688.65
351.45;338.72;-12.73;690.16
350.96;337.66;-13.30;688.63
351.18;338.42;-12.76;689.61
351.25;337.30;-13.95;688.55
350.87;338.18;-12.69;689.05
350.19;338.21;-11.99;688.40
351.01;337.96;-13.05;688.96
350.85;338.18;-12.67;689.02
350.85;337.99;-12.85;688.84
351.99;337.94;-14.05;689.94
350.78;337.01;-13.77;687.78
351.90;337.95;-13.95;689.85
351.91;338.40;-13.51;690.31
350.60;337.50;-13.10;688.10
350.49;338.02;-12.47;688.51
351.02;337.94;-13.08;688.96
352.64;337.23;-15.41;689.87
351.69;337.69;-13.99;689.38
351.56;337.65;-13.91;689.21
350.08;338.34;-11.74;688.41
351.78;338.19;-13.58;689.97
351.21;337.46;-13.75;688.68
351.63;338.48;-13.15;690.11
351.58;337.71;-13.87;689.29
351.17;337.86;-13.31;689.04
351.63;337.94;-13.69;689.57
350.94;337.64;-13.31;688.58
351.35;336.94;-14.41;688.29
351.02;337.67;-13.35;688.69
351.66;337.76;-13.89;689.42
351.49;337.11;-14.38;688.60
351.23;337.28;-13.95;688.51
351.13;337.54;-13.59;688.66
351.32;338.95;-12.38;690.27
351.29;338.86;-12.43;690.16
351.35;339.61;-11.74;690.95
351.29;339.05;-12.24;690.34
350.41;337.42;-12.99;687.84
351.44;337.89;-13.55;689.32
351.63;338.00;-13.63;689.63
351.46;338.71;-12.76;690.17
351.51;338.59;-12.91;690.10
350.89;338.38;-12.51;689.27
351.29;337.38;-13.91;688.67
351.08;338.06;-13.02;689.14
350.84;337.41;-13.43;688.25
350.93;337.85;-13.08;688.78
350.96;338.20;-12.76;689.16
352.14;338.22;-13.92;690.36
350.73;338.13;-12.60;688.86
350.61;336.75;-13.86;687.36
350.55;338.04;-12.52;688.59
350.52;336.21;-14.31;686.74
350.40;337.95;-12.45;688.35
350.26;337.81;-12.46;688.07
352.45;338.39;-14.06;690.84
351.56;338.63;-12.93;690.19
351.62;337.55;-14.08;689.17
349.95;337.55;-12.41;687.50
351.23;338.12;-13.11;689.35
