348.74;334.85;-13.89;683.58
348.72;334.62;-14.11;683.34
349.38;335.96;-13.41;685.34
348.64;335.94;-12.70;684.58
349.65;335.94;-13.72;685.59
348.35;335.27;-13.08;683.62
348.31;335.44;-12.86;683.75
349.86;335.84;-14.02;685.70
348.06;336.03;-12.03;684.09
350.15;335.90;-14.25;686.05
347.76;336.51;-11.25;684.26
349.66;335.78;-13.89;685.44
350.05;335.48;-14.58;685.53
349.20;334.88;-14.32;684.08
349.02;335.36;-13.66;684.39
349.79;335.89;-13.90;685.69
349.37;335.82;-13.55;685.19
349.47;335.44;-14.03;684.91
349.18;336.41;-12.77;685.59
349.82;335.40;-14.42;685.22
349.47;335.83;-13.64;685.30
349.41;336.21;-13.19;685.62
348.95;335.42;-13.54;684.37
348.82;335.22;-13.61;684.04
349.36;335.91;-13.45;685.26
348.91;334.78;-14.13;683.69
349.32;335.64;-13.69;684.96
349.18;336.16;-13.02;685.34
349.17;335.56;-13.61;684.74
349.05;334.65;-14.39;683.70
348.80;336.51;-12.29;685.31
348.97;335.04;-13.94;684.01
348.72;335.77;-12.95;684.49
350.03;336.12;-13.91;686.15
348.53;335.54;-12.99;684.06
349.50;336.60;-12.90;686.10
348.34;335.26;-13.07;683.60
349.80;335.44;-14.36;685.24
348.11;335.48;-12.63;683.59
348.03;336.50;-11.53;684.53
347.90;335.29;-12.61;683.19
349.26;334.99;-14.27;684.25
350.24;335.54;-14.69;685.78
347.80;335.29;-12.51;683.09
349.43;335.86;-13.57;685.29
348.97;335.26;-13.71;684.23
349.46;335.82;-13.64;685.28
350.09;334.62;-15.48;684.71
349.21;335.72;-13.48;684.93
350.40;335.50;-14.90;685.90
350.14;334.80;-15.34;684.94
350.11;335.61;-14.50;685.71
349.47;334.57;-14.90;684.04
349.21;335.78;-13.44;684.99
349.84;335.58;-14.26;685.41
349.23;335.94;-13.29;685.16
349.39;335.68;-13.71;685.08
350.22;335.03;-15.19;685.25
349.34;334.63;-14.71;683.97
349.33;334.90;-14.43;684.23
348.88;336.18;-12.69;685.06
349.37;335.05;-14.32;684.42
349.28;335.56;-13.72;684.84
349.12;336.19;-12.93;685.32
349.21;335.58;-13.63;684.78
348.91;336.03;-12.88;684.94
348.91;335.78;-13.13;684.68
348.68;335.58;-13.09;684.26
349.82;336.08;-13.75;685.90
349.86;335.52;-14.34;685.39
349.63;335.50;-14.13;685.13
349.94;335.49;-14.45;685.43
349.25;335.82;-13.43;685.08
349.55;335.68;-13.86;685.23
349.42;334.93;-14.49;684.35
349.78;334.76;-15.02;684.55
349.32;335.52;-13.80;684.84
349.69;335.31;-14.38;685.01
347.65;335.92;-11.74;683.57
350.04;334.58;-15.46;684.61
350.08;335.94;-14.14;686.01
349.18;335.60;-13.58;684.78
349.52;335.46;-14.06;684.98
350.05;335.55;-14.51;685.60
349.32;334.78;-14.55;684.10
348.98;335.59;-13.39;684.58
348.79;335.52;-13.27;684.32
349.76;335.02;-14.75;684.78
349.22;335.96;-13.26;685.18
349.18;335.34;-13.85;684.52
349.89;336.19;-13.71;686.08
349.04;334.92;-14.12;683.95
348.90;334.58;-14.32;683.48
349.31;335.67;-13.64;684.98
349.61;335.31;-14.29;684.92
350.59;335.70;-14.89;686.29
348.11;335.12;-12.98;683.23
347.97;336.28;-11.69;684.25
349.96;336.11;-13.85;686.07
347.59;336.39;-11.20;683.99
349.72;335.59;-14.13;685.31
349.34;334.99;-14.35;684.34
350.26;335.25;-15.01;685.52
349.70;335.31;-14.39;685.01
349.87;335.29;-14.58;685.16
349.19;334.84;-14.36;684.03
349.40;336.75;-12.65;686.15
349.43;336.02;-13.41;685.45
349.10;335.72;-13.38;684.82
349.35;335.19;-14.16;684.54
350.21;334.71;-15.49;684.92
350.27;335.19;-15.08;685.46
348.94;334.63;-14.31;683.57
348.99;334.96;-14.03;683.95
348.74;334.58;-14.15;683.32
350.38;336.26;-14.11;686.64
350.23;335.53;-14.70;685.76
350.44;336.08;-14.35;686.52
348.46;334.70;-13.76;683.16
350.31;335.80;-14.51;686.11
348.50;334.83;-13.67;683.33
350.09;335.53;-14.56;685.62
348.45;335.61;-12.85;684.06
349.58;335.42;-14.16;685.00
348.35;335.12;-13.24;683.47
348.16;335.63;-12.54;683.79
347.96;335.47;-12.49;683.44
350.54;335.21;-15.32;685.75
350.62;335.74;-14.88;686.36
350.50;335.21;-15.29;685.71
349.18;335.98;-13.20;685.16
349.01;335.13;-13.88;684.14
350.08;335.79;-14.28;685.87
349.21;335.41;-13.81;684.62
349.72;336.18;-13.54;685.90
349.09;335.37;-13.72;684.46
349.58;335.16;-14.42;684.74
349.31;335.98;-13.33;685.28
349.26;336.14;-13.12;685.40
349.09;335.91;-13.18;684.99
348.95;335.67;-13.28;684.62
348.85;335.08;-13.78;683.93
350.08;334.44;-15.64;684.52
348.74;334.89;-13.85;683.64
348.59;335.50;-13.09;684.09
348.53;335.63;-12.90;684.16
348.48;335.49;-12.98;683.97
348.35;335.97;-12.38;684.32
349.86;335.22;-14.64;685.08
348.25;335.26;-12.99;683.51
349.47;335.26;-14.21;684.74
347.94;335.32;-12.62;683.25
347.87;335.31;-12.56;683.18
349.56;335.87;-13.69;685.44
349.38;335.74;-13.64;685.12
350.05;335.11;-14.94;685.15
349.39;334.84;-14.55;684.24
349.04;334.91;-14.12;683.95
349.71;335.44;-14.26;685.15
349.72;335.64;-14.08;685.35
349.44;334.72;-14.72;684.16
349.75;334.76;-14.98;684.51
349.40;334.96;-14.44;684.36
349.56;335.46;-14.11;685.02
349.39;335.62;-13.78;685.01
349.09;335.12;-13.96;684.21
349.28;336.14;-13.14;685.42
349.39;335.64;-13.75;685.04
349.75;335.32;-14.43;685.08
349.45;336.27;-13.18;685.72
348.21;335.35;-12.86;683.56
348.84;334.45;-14.39;683.28
349.62;335.83;-13.79;685.45
349.49;335.25;-14.24;684.75
348.92;335.18;-13.74;684.09
349.51;335.64;-13.87;685.14
349.06;335.86;-13.19;684.92
349.12;335.35;-13.77;684.48
349.09;335.41;-13.68;684.50
349.05;336.25;-12.80;685.29
348.73;335.18;-13.55;683.91
349.07;334.78;-14.29;683.85
348.81;335.99;-12.81;684.80
348.69;335.04;-13.66;683.73
348.72;335.78;-12.94;684.50
348.62;334.73;-13.89;683.35
348.58;335.98;-12.60;684.55
350.30;335.91;-14.39;686.21
349.66;335.38;-14.28;685.04
349.62;335.41;-14.21;685.02
348.15;335.03;-13.12;683.18
348.17;335.98;-12.19;684.15
349.50;335.70;-13.80;685.20
349.58;335.26;-14.32;684.84
348.08;336.09;-11.99;684.16
349.51;334.43;-15.08;683.94
350.09;336.32;-13.77;686.42
349.63;335.27;-14.36;684.90
350.15;336.12;-14.02;686.27
349.52;334.81;-14.71;684.32
349.62;335.89;-13.72;685.51
350.21;335.61;-14.60;685.81
349.49;334.86;-14.63;684.36
349.79;335.76;-14.03;685.55
349.55;335.59;-13.96;685.14
349.85;334.98;-14.86;684.83
347.28;335.64;-11.64;682.92
349.64;335.41;-14.22;685.05
349.98;335.82;-14.16;685.81
349.58;336.56;-13.02;686.14
350.06;335.45;-14.61;685.52
350.10;335.72;-14.38;685.82
348.98;335.28;-13.69;684.26
348.55;335.35;-13.19;683.90
349.52;335.41;-14.11;684.93
349.26;335.22;-14.04;684.48
349.02;335.08;-13.94;684.10
349.64;335.45;-14.19;685.08
349.75;334.87;-14.88;684.62
349.46;335.65;-13.81;685.12
349.31;336.24;-13.07;685.55
349.11;335.39;-13.71;684.50
348.92;336.45;-12.47;685.36
349.06;336.15;-12.91;685.21
348.90;336.41;-12.49;685.31
350.13;335.72;-14.41;685.85
348.69;336.05;-12.64;684.75
348.56;334.10;-14.46;682.66
349.70;334.71;-14.99;684.41
348.38;335.27;-13.11;683.65
348.31;335.38;-12.92;683.69
349.46;335.50;-13.96;684.96
348.30;335.20;-13.10;683.50
350.01;335.49;-14.51;685.50
349.73;335.39;-14.34;685.12
349.54;335.41;-14.13;684.94
347.83;335.83;-12.00;683.66
349.72;335.14;-14.58;684.86
350.13;335.11;-15.02;685.24
349.14;334.93;-14.21;684.07
349.53;335.07;-14.46;684.60
349.64;335.23;-14.41;684.87
349.46;335.44;-14.03;684.90
349.64;335.83;-13.81;685.46
349.51;335.56;-13.95;685.06
349.20;334.19;-15.01;683.39
349.45;335.28;-14.17;684.72
349.55;335.35;-14.19;684.90
349.39;335.12;-14.27;684.52
350.64;335.50;-15.14;686.14
349.16;335.11;-14.06;684.27
349.38;334.81;-14.57;684.18
349.81;334.63;-15.18;684.44
348.98;334.51;-14.46;683.49
348.88;334.90;-13.98;683.78
349.73;335.68;-14.05;685.41
350.19;334.19;-16.01;684.38
349.22;335.81;-13.41;685.04
349.51;334.58;-14.93;684.08
348.20;336.01;-12.19;684.21
348.02;335.49;-12.54;683.51
350.16;336.06;-14.10;686.22
347.68;336.00;-11.68;683.68
349.35;334.66;-14.68;684.01
349.99;335.18;-14.81;685.16
349.15;335.58;-13.58;684.73
349.34;335.64;-13.71;684.98
349.69;336.06;-13.63;685.75
349.52;335.56;-13.95;685.08
349.63;334.96;-14.66;684.59
349.68;335.75;-13.94;685.43
349.29;335.39;-13.90;684.69
349.67;336.14;-13.53;685.81
349.58;334.20;-15.38;683.78
349.44;335.41;-14.03;684.84
349.66;335.94;-13.73;685.60
349.62;334.81;-14.82;684.43
349.51;335.25;-14.26;684.76
349.00;335.91;-13.09;684.91
349.28;336.16;-13.11;685.44
349.41;336.32;-13.09;685.73
349.29;334.86;-14.43;684.16
348.71;336.29;-12.42;684.99
350.04;334.68;-15.36;684.71
348.95;335.75;-13.19;684.70
348.82;336.16;-12.66;684.98
348.75;335.05;-13.71;683.80
348.69;335.79;-12.89;684.48
348.61;334.25;-14.36;682.86
348.53;334.70;-13.83;683.23
348.46;335.59;-12.86;684.05
348.44;335.55;-12.89;683.99
348.37;335.95;-12.42;684.32
350.13;336.35;-13.78;686.48
348.15;334.41;-13.75;682.56
349.36;335.50;-13.86;684.86
349.54;335.65;-13.89;685.18
347.74;335.95;-11.79;683.69
349.54;334.61;-14.93;684.14
349.21;337.54;-11.67;686.75
349.04;336.63;-12.41;685.66
349.24;335.24;-14.00;684.47
349.97;336.28;-13.69;686.25
349.32;334.62;-14.70;683.95
349.79;334.98;-14.81;684.77
349.41;335.31;-14.10;684.71
349.26;335.51;-13.76;684.77
349.64;336.06;-13.57;685.70
349.45;336.02;-13.43;685.48
349.56;335.38;-14.19;684.94
349.08;336.36;-12.72;685.44
349.64;335.08;-14.56;684.72
349.05;335.50;-13.55;684.55
350.21;334.59;-15.61;684.80
349.08;336.32;-12.76;685.40
349.02;336.01;-13.02;685.03
350.18;334.89;-15.28;685.07
348.63;335.80;-12.83;684.43
350.14;335.33;-14.81;685.47
348.46;335.41;-13.05;683.87
350.24;335.25;-14.99;685.49
348.25;335.69;-12.56;683.94
348.15;335.31;-12.84;683.46
349.56;335.33;-14.23;684.89
350.79;335.03;-15.76;685.82
350.03;334.78;-15.25;684.81
350.40;335.29;-15.11;685.69
349.94;335.20;-14.74;685.14
350.29;335.05;-15.24;685.34
349.64;334.82;-14.81;684.46
349.96;334.80;-15.16;684.76
349.03;335.44;-13.59;684.46
349.98;335.54;-14.44;685.52
349.39;335.61;-13.78;685.01
350.48;335.56;-14.92;686.05
349.04;335.40;-13.64;684.44
349.65;335.26;-14.39;684.91
349.62;335.14;-14.48;684.76
349.36;335.12;-14.24;684.49
349.36;335.75;-13.61;685.11
349.89;334.83;-15.06;684.72
349.12;335.89;-13.24;685.01
348.79;335.92;-12.86;684.71
349.45;335.12;-14.34;684.57
348.81;335.12;-13.69;683.92
349.86;334.81;-15.05;684.67
348.54;335.30;-13.24;683.84
348.46;335.36;-13.10;683.83
348.21;336.71;-11.50;684.91
348.14;335.39;-12.75;683.52
349.58;335.10;-14.48;684.68
350.01;335.80;-14.21;685.81
347.90;336.40;-11.50;684.30
347.76;335.48;-12.28;683.24
350.16;334.96;-15.20;685.13
349.06;335.09;-13.97;684.16
349.11;335.84;-13.27;684.94
348.99;336.06;-12.93;685.05
349.66;335.69;-13.96;685.35
348.87;335.67;-13.20;684.54
349.06;335.16;-13.91;684.22
349.23;335.48;-13.75;684.71
349.05;335.08;-13.97;684.14
348.88;335.40;-13.48;684.28
349.59;335.54;-14.05;685.13
349.56;336.25;-13.31;685.81
349.09;336.21;-12.89;685.30
348.97;335.87;-13.10;684.84
348.96;335.98;-12.98;684.94
348.80;335.95;-12.85;684.75
349.86;335.78;-14.08;685.65
349.85;335.50;-14.35;685.35
348.42;336.08;-12.34;684.51
350.06;336.21;-13.85;686.27
348.25;335.68;-12.57;683.92
349.49;335.67;-13.82;685.16
349.49;335.04;-14.45;684.53
349.90;336.02;-13.88;685.92
349.56;335.39;-14.18;684.95
349.81;336.29;-13.52;686.09
349.48;335.52;-13.95;685.00
349.63;336.58;-13.05;686.21
348.72;336.23;-12.49;684.95
347.33;335.55;-11.78;682.88
349.09;335.26;-13.84;684.35
349.18;334.64;-14.54;683.82
348.89;334.99;-13.91;683.88
349.71;336.21;-13.51;685.92
349.57;335.49;-14.08;685.06
349.04;335.11;-13.94;684.15
349.55;336.28;-13.26;685.83
349.31;336.21;-13.11;685.52
349.09;335.29;-13.80;684.38
349.08;335.32;-13.75;684.40
348.87;335.94;-12.93;684.81
348.95;334.88;-14.07;683.84
348.59;335.71;-12.89;684.30
348.56;335.75;-12.81;684.31
348.46;335.81;-12.66;684.27
349.48;335.28;-14.21;684.76
349.24;335.18;-14.06;684.42
349.20;336.74;-12.46;685.94
347.74;335.28;-12.46;683.02
349.87;334.96;-14.91;684.83
347.51;335.66;-11.85;683.18
350.24;335.15;-15.09;685.38
347.09;335.22;-11.87;682.32
349.98;334.84;-15.15;684.82
348.55;335.45;-13.11;684.00
349.77;335.29;-14.48;685.06
349.36;334.98;-14.38;684.35
349.53;335.72;-13.81;685.25
348.75;335.54;-13.21;684.29
348.85;335.60;-13.25;684.45
349.07;335.30;-13.77;684.37
348.98;336.14;-12.84;685.12
349.58;335.15;-14.43;684.74
350.12;336.06;-14.06;686.19
348.39;335.50;-12.89;683.89
349.46;335.54;-13.92;685.01
348.30;335.39;-12.91;683.69
348.23;335.71;-12.52;683.94
350.03;335.62;-14.41;685.65
350.00;335.50;-14.50;685.50
349.74;335.41;-14.33;685.14
348.05;336.18;-11.87;684.24
349.21;335.32;-13.89;684.54
349.99;336.22;-13.78;686.21
349.42;335.34;-14.08;684.76
349.54;335.16;-14.37;684.70
349.26;336.15;-13.11;685.41
347.41;335.46;-11.95;682.88
349.64;335.31;-14.33;684.95
349.16;335.46;-13.69;684.62
347.18;334.72;-12.46;681.90
348.78;334.75;-14.03;683.54
349.02;335.21;-13.81;684.24
349.02;335.38;-13.64;684.40
349.67;336.04;-13.64;685.71
348.52;335.45;-13.07;683.98
349.15;335.54;-13.61;684.68
349.06;336.46;-12.59;685.52
348.64;336.03;-12.61;684.67
349.16;336.36;-12.80;685.52
348.98;335.24;-13.74;684.22
348.95;335.72;-13.23;684.66
348.84;334.55;-14.28;683.39
348.68;335.83;-12.85;684.51
348.45;335.65;-12.81;684.10
348.49;334.69;-13.80;683.19
348.35;335.97;-12.38;684.32
350.32;335.28;-15.04;685.60
348.12;335.34;-12.78;683.45
347.97;335.65;-12.32;683.62
350.18;335.44;-14.74;685.62
347.81;334.99;-12.81;682.80
349.76;335.28;-14.48;685.04
350.29;334.84;-15.45;685.14
349.35;335.95;-13.41;685.30
350.04;335.85;-14.19;685.89
349.73;334.94;-14.79;684.67
349.37;335.80;-13.57;685.17
348.97;335.07;-13.90;684.04
349.22;336.34;-12.88;685.56
349.69;334.43;-15.26;684.12
349.60;334.87;-14.73;684.47
349.54;335.06;-14.48;684.59
348.96;335.12;-13.84;684.08
349.33;334.45;-14.88;683.78
349.24;334.81;-14.44;684.05
349.15;336.41;-12.74;685.55
349.19;334.64;-14.55;683.82
349.20;334.71;-14.49;683.91
349.01;336.08;-12.93;685.08
348.96;335.62;-13.34;684.58
349.82;336.28;-13.54;686.11
349.62;334.32;-15.29;683.94
350.14;335.86;-14.28;686.00
348.41;335.91;-12.51;684.32
348.32;335.22;-13.10;683.55
348.21;335.15;-13.05;683.36
349.98;335.45;-14.54;685.43
348.03;335.45;-12.58;683.48
347.89;335.29;-12.60;683.19
349.52;335.81;-13.71;685.32
349.45;335.88;-13.57;685.32
349.35;335.67;-13.68;685.02
349.25;337.15;-12.10;686.41
348.89;336.69;-12.20;685.58
349.89;336.08;-13.82;685.97
349.14;335.36;-13.78;684.50
349.54;335.80;-13.74;685.34
349.71;335.30;-14.41;685.01
349.26;335.56;-13.70;684.82
349.38;335.69;-13.69;685.07
349.62;335.72;-13.91;685.34
349.04;336.76;-12.28;685.79
349.55;334.89;-14.66;684.45
349.32;335.24;-14.08;684.56
349.35;334.95;-14.39;684.30
349.32;335.19;-14.13;684.51
349.42;334.94;-14.48;684.36
348.98;336.26;-12.72;685.24
349.15;335.78;-13.36;684.93
350.05;335.38;-14.68;685.43
349.02;335.78;-13.24;684.81
350.01;335.51;-14.49;685.52
348.56;335.61;-12.95;684.16
348.69;335.54;-13.15;684.22
348.51;334.18;-14.33;682.68
348.45;335.37;-13.08;683.82
348.34;335.76;-12.58;684.10
348.15;335.14;-13.02;683.29
348.05;334.94;-13.12;682.99
348.01;335.44;-12.56;683.45
347.78;335.15;-12.63;682.94
349.42;333.24;-16.19;682.66
349.11;336.12;-12.98;685.23
349.10;336.26;-12.84;685.36
349.81;335.52;-14.28;685.33
349.04;335.96;-13.07;685.00
349.29;335.71;-13.59;685.00
349.19;336.61;-12.58;685.80
349.01;334.45;-14.55;683.46
349.05;335.32;-13.72;684.37
349.79;336.05;-13.75;685.84
349.06;335.28;-13.78;684.34
349.39;335.34;-14.06;684.73
348.86;336.54;-12.32;685.41
349.35;336.28;-13.06;685.63
349.11;336.35;-12.76;685.46
349.28;336.22;-13.06;685.50
348.98;334.89;-14.09;683.86
349.55;336.63;-12.92;686.18
348.78;335.88;-12.91;684.66
348.84;335.40;-13.44;684.24
348.82;335.89;-12.92;684.71
348.77;335.76;-13.01;684.54
348.82;336.01;-12.81;684.84
348.50;335.94;-12.56;684.44
348.38;335.75;-12.62;684.13
348.32;335.79;-12.53;684.11
348.25;335.22;-13.04;683.47
349.42;335.22;-14.20;684.65
347.98;336.37;-11.61;684.35
349.39;335.58;-13.82;684.97
349.31;334.99;-14.32;684.31
347.88;335.44;-12.44;683.31
349.39;335.27;-14.12;684.66
349.44;336.06;-13.38;685.51
350.05;335.22;-14.83;685.28
347.59;335.10;-12.49;682.69
349.36;336.24;-13.12;685.61
349.34;335.48;-13.86;684.82
347.44;335.55;-11.89;682.99
349.06;335.85;-13.21;684.91
349.11;334.77;-14.34;683.88
349.44;335.88;-13.56;685.31
349.71;335.94;-13.78;685.65
349.55;336.71;-12.85;686.26
348.85;335.78;-13.08;684.63
348.44;335.63;-12.81;684.06
349.45;335.63;-13.82;685.08
349.48;336.90;-12.58;686.38
349.39;335.46;-13.92;684.85
349.79;335.49;-14.31;685.28
349.48;335.93;-13.55;685.41
349.52;335.56;-13.95;685.08
349.51;335.08;-14.43;684.58
348.82;336.51;-12.32;685.33
349.57;335.70;-13.87;685.27
348.99;335.91;-13.09;684.90
348.96;335.76;-13.20;684.72
348.95;333.77;-15.18;682.72
349.13;334.93;-14.20;684.06
349.19;335.45;-13.74;684.64
348.14;336.13;-12.01;684.26
348.97;336.01;-12.96;684.98
348.95;334.65;-14.30;683.59
348.79;335.99;-12.81;684.78
349.73;335.77;-13.96;685.50
348.56;335.48;-13.08;684.04
350.18;335.89;-14.28;686.07
349.71;335.39;-14.32;685.09
348.04;335.16;-12.88;683.21
348.05;335.62;-12.42;683.67
348.55;335.56;-12.99;684.11
349.30;335.77;-13.53;685.07
349.32;335.85;-13.47;685.18
349.26;335.65;-13.61;684.91
348.76;335.01;-13.75;683.78
349.70;335.79;-13.91;685.49
348.92;334.89;-14.02;683.81
347.12;335.10;-12.02;682.22
349.35;335.06;-14.29;684.42
349.16;335.59;-13.58;684.75
349.92;334.88;-15.05;684.80
349.69;335.51;-14.18;685.19
349.16;335.80;-13.36;684.96
349.26;334.89;-14.38;684.15
349.36;336.15;-13.21;685.52
349.23;336.37;-12.86;685.60
349.11;334.62;-14.49;683.74
348.82;336.07;-12.75;684.89
348.93;335.96;-12.96;684.89
348.72;335.64;-13.08;684.36
350.66;336.27;-14.39;686.94
349.75;336.08;-13.66;685.83
349.71;334.47;-15.24;684.18
348.32;335.69;-12.64;684.01
349.24;333.65;-15.59;682.88
349.72;335.06;-14.66;684.78
349.23;334.80;-14.43;684.03
347.65;335.26;-12.39;682.92
350.24;335.31;-14.94;685.55
349.34;333.53;-15.81;682.87
349.92;334.64;-15.28;684.56
349.26;334.68;-14.58;683.95
349.36;335.26;-14.10;684.62
349.39;335.84;-13.56;685.23
349.25;335.32;-13.93;684.58
349.72;335.44;-14.28;685.16
349.10;335.16;-13.94;684.26
349.40;335.49;-13.91;684.89
349.39;334.94;-14.45;684.34
349.93;336.35;-13.58;686.28
349.23;336.16;-13.06;685.39
349.02;335.26;-13.76;684.28
348.84;336.48;-12.36;685.31
348.63;335.79;-12.84;684.42
348.86;336.19;-12.67;685.06
348.78;335.84;-12.95;684.62
348.64;334.22;-14.42;682.86
348.54;335.20;-13.34;683.74
349.95;334.48;-15.47;684.44
348.24;334.92;-13.32;683.15
349.92;335.78;-14.14;685.71
348.03;336.35;-11.68;684.38
349.84;335.48;-14.36;685.32
349.39;336.08;-13.31;685.47
347.79;335.85;-11.95;683.64
349.27;335.35;-13.92;684.62
349.12;335.36;-13.76;684.49
349.26;335.77;-13.49;685.04
347.26;335.35;-11.91;682.62
349.68;335.32;-14.36;685.00
349.06;336.29;-12.76;685.35
349.57;334.57;-15.00;684.14
350.06;335.42;-14.65;685.48
349.99;335.51;-14.49;685.50
349.43;334.98;-14.45;684.41
349.35;336.02;-13.33;685.38
349.59;334.70;-14.89;684.29
349.26;335.99;-13.26;685.25
348.92;335.16;-13.75;684.08
349.31;335.64;-13.66;684.95
349.12;335.34;-13.78;684.46
349.11;336.14;-12.97;685.24
348.86;336.54;-12.33;685.40
348.82;336.13;-12.69;684.95
349.91;336.12;-13.79;686.04
348.59;336.48;-12.12;685.07
348.48;336.05;-12.43;684.54
349.83;335.98;-13.85;685.81
349.57;335.72;-13.85;685.29
348.23;335.72;-12.51;683.95
348.05;335.11;-12.95;683.16
347.93;335.35;-12.58;683.28
350.04;335.54;-14.49;685.58
349.05;335.42;-13.63;684.46
349.42;335.34;-14.08;684.76
347.84;335.52;-12.32;683.36
347.63;335.33;-12.30;682.96
349.11;335.29;-13.81;684.40
349.30;335.34;-13.96;684.64
349.07;335.96;-13.11;685.03
349.22;335.69;-13.52;684.91
349.49;335.98;-13.51;685.47
349.48;335.78;-13.69;685.26
348.56;336.11;-12.45;684.66
349.39;335.08;-14.31;684.48
349.08;335.26;-13.82;684.35
349.09;336.48;-12.61;685.56
349.42;336.24;-13.18;685.65
349.01;335.51;-13.51;684.52
349.02;336.15;-12.87;685.18
348.86;336.64;-12.23;685.50
348.93;335.93;-13.00;684.86
349.62;336.02;-13.60;685.65
348.75;336.02;-12.73;684.76
348.45;335.85;-12.59;684.30
348.62;335.85;-12.77;684.46
348.47;336.20;-12.27;684.67
348.30;335.79;-12.51;684.09
349.55;335.68;-13.86;685.23
349.65;335.59;-14.06;685.24
349.26;335.27;-13.99;684.53
347.76;335.85;-11.91;683.61
349.78;335.31;-14.47;685.08
349.61;335.97;-13.64;685.58
350.04;336.02;-14.01;686.06
347.06;335.34;-11.72;682.39
349.39;335.56;-13.84;684.95
349.35;335.67;-13.68;685.02
349.42;336.62;-12.81;686.04
349.10;336.53;-12.57;685.63
349.06;334.99;-14.08;684.05
349.29;335.58;-13.72;684.87
349.03;335.43;-13.60;684.46
348.99;336.06;-12.93;685.05
348.99;335.29;-13.70;684.29
348.92;336.33;-12.59;685.25
348.68;335.73;-12.95;684.41
349.95;336.22;-13.74;686.17
348.58;336.12;-12.46;684.71
348.42;336.05;-12.38;684.47
348.21;335.61;-12.59;683.82
349.75;335.68;-14.06;685.43
347.95;335.16;-12.79;683.12
347.77;336.08;-11.69;683.85
347.76;335.37;-12.39;683.13
349.76;336.54;-13.22;686.29
350.00;334.99;-15.01;684.99
349.25;335.65;-13.61;684.90
350.33;335.16;-15.17;685.49
349.66;334.99;-14.67;684.66
350.45;335.57;-14.88;686.02
349.35;335.66;-13.69;685.02
349.36;335.82;-13.54;685.18
349.57;334.98;-14.59;684.55
349.59;334.41;-15.18;684.00
349.12;335.58;-13.54;684.70
349.04;335.56;-13.48;684.59
349.26;335.52;-13.75;684.78
349.35;336.72;-12.63;686.06
349.41;336.71;-12.70;686.12
348.95;335.72;-13.23;684.68
348.72;336.04;-12.69;684.76
348.86;336.42;-12.44;685.29
348.58;335.45;-13.14;684.03
349.39;335.06;-14.32;684.45
348.89;335.66;-13.23;684.56
349.19;336.11;-13.08;685.31
349.24;336.44;-12.81;685.68
348.88;334.91;-13.97;683.79
349.11;335.42;-13.69;684.54
348.74;335.34;-13.40;684.08
348.99;335.26;-13.73;684.25
348.89;335.86;-13.04;684.75
348.81;336.24;-12.56;685.05
348.65;335.58;-13.07;684.22
350.24;335.84;-14.40;686.08
348.54;335.65;-12.89;684.18
348.50;335.48;-13.02;683.98
348.51;335.38;-13.12;683.89
350.22;335.83;-14.39;686.05
349.98;335.34;-14.64;685.32
348.36;335.28;-13.08;683.64
349.44;335.95;-13.49;685.39
349.86;335.81;-14.05;685.68
348.11;335.51;-12.61;683.62
348.03;334.99;-13.04;683.02
349.76;335.76;-14.00;685.52
349.79;335.36;-14.43;685.15
349.33;336.42;-12.91;685.75
350.34;335.69;-14.64;686.03
349.55;335.54;-14.01;685.09
347.76;335.17;-12.59;682.94
350.02;336.12;-13.91;686.14
349.39;335.12;-14.27;684.52
348.64;334.45;-14.19;683.09
349.78;334.90;-14.88;684.68
349.25;335.62;-13.64;684.87
349.16;336.04;-13.13;685.20
349.07;335.57;-13.50;684.64
350.00;335.80;-14.20;685.80
349.49;336.90;-12.59;686.39
349.24;335.49;-13.74;684.73
349.25;335.91;-13.34;685.16
348.57;336.56;-12.01;685.13
348.63;335.10;-13.53;683.73
349.11;336.30;-12.81;685.41
349.07;335.08;-13.99;684.15
348.61;334.95;-13.66;683.56
349.06;335.91;-13.15;684.96
349.24;336.14;-13.10;685.37
349.04;335.86;-13.18;684.89
347.75;336.01;-11.74;683.76
348.98;335.83;-13.15;684.81
348.88;335.96;-12.92;684.84
348.74;334.84;-13.90;683.58
348.59;336.18;-12.41;684.78
348.59;335.74;-12.85;684.32
349.47;335.63;-13.84;685.10
348.20;335.52;-12.68;683.72
348.12;335.77;-12.35;683.89
349.64;335.42;-14.22;685.05
349.26;335.54;-13.72;684.79
350.07;335.36;-14.71;685.43
349.02;335.75;-13.27;684.78
349.51;334.86;-14.65;684.37
347.49;334.87;-12.62;682.36
349.98;335.02;-14.96;684.99
349.41;335.75;-13.66;685.16
349.17;335.73;-13.44;684.90
348.99;334.64;-14.35;683.62
349.49;335.16;-14.34;684.65
349.42;336.18;-13.25;685.60
349.99;334.49;-15.51;684.48
349.19;335.15;-14.05;684.34
349.90;335.63;-14.27;685.53
349.18;335.73;-13.45;684.91
349.64;335.08;-14.56;684.71
349.93;334.96;-14.97;684.89
349.84;334.51;-15.34;684.35
349.91;335.04;-14.86;684.95
349.21;335.53;-13.68;684.74
349.71;335.18;-14.52;684.89
349.58;335.47;-14.11;685.05
349.57;335.15;-14.42;684.72
349.38;335.01;-14.36;684.39
349.11;334.95;-14.16;684.06
350.35;335.29;-15.05;685.64
349.14;336.39;-12.75;685.54
349.18;336.36;-12.82;685.55
350.25;335.90;-14.35;686.15
350.14;335.09;-15.05;685.23
349.92;334.99;-14.93;684.92
348.61;335.83;-12.78;684.44
348.42;336.45;-11.96;684.87
350.11;335.26;-14.85;685.36
349.44;335.21;-14.22;684.65
350.92;335.06;-15.86;685.98
349.88;335.42;-14.46;685.30
349.47;335.41;-14.06;684.88
350.14;335.11;-15.03;685.24
349.83;334.78;-15.05;684.61
349.87;336.21;-13.66;686.08
350.15;335.62;-14.53;685.76
349.36;335.32;-14.05;684.68
349.54;335.49;-14.05;685.04
349.78;335.43;-14.35;685.21
349.82;335.97;-13.85;685.79
349.68;335.38;-14.31;685.06
350.32;336.39;-13.92;686.71
349.36;336.34;-13.02;685.71
349.26;336.04;-13.23;685.30
349.24;335.06;-14.18;684.29
349.02;335.24;-13.78;684.26
349.04;334.47;-14.56;683.51
349.06;335.16;-13.89;684.22
348.90;335.67;-13.23;684.57
349.93;335.74;-14.19;685.66
348.68;335.54;-13.14;684.22
350.70;335.42;-15.28;686.12
349.64;335.31;-14.32;684.95
349.76;335.00;-14.76;684.76
349.42;335.49;-13.93;684.92
349.65;334.92;-14.72;684.57
347.78;336.03;-11.75;683.81
347.58;335.14;-12.45;682.72
349.34;335.05;-14.29;684.39
349.65;335.12;-14.52;684.77
349.34;335.01;-14.33;684.34
347.46;335.98;-11.48;683.45
347.40;335.88;-11.52;683.28
349.57;336.22;-13.35;685.79
349.43;335.05;-14.38;684.48
349.05;335.83;-13.22;684.88
349.54;335.54;-14.00;685.07
348.85;334.61;-14.25;683.46
349.36;335.84;-13.52;685.20
349.48;335.29;-14.19;684.78
349.65;335.11;-14.54;684.76
349.30;335.77;-13.53;685.07
348.85;334.82;-14.04;683.67
349.42;335.80;-13.62;685.22
349.01;335.36;-13.64;684.37
349.49;335.09;-14.39;684.58
349.52;335.16;-14.36;684.68
349.42;336.31;-13.12;685.73
349.96;335.85;-14.12;685.81
349.94;335.63;-14.31;685.56
349.19;336.51;-12.68;685.69
349.38;335.18;-14.21;684.56
349.99;335.06;-14.93;685.05
349.54;335.21;-14.33;684.74
349.69;335.78;-13.91;685.47
350.13;335.73;-14.40;685.86
349.26;334.51;-14.75;683.77
349.83;335.51;-14.32;685.34
350.49;335.42;-15.07;685.91
349.26;334.64;-14.62;683.91
348.64;335.12;-13.52;683.76
349.39;335.59;-13.80;684.99
349.22;336.26;-12.96;685.49
349.21;334.68;-14.53;683.88
349.19;335.09;-14.11;684.28
349.96;336.32;-13.64;686.28
348.82;335.61;-13.21;684.44
348.75;335.12;-13.64;683.87
348.62;335.46;-13.16;684.08
348.48;335.61;-12.86;684.09
350.85;335.24;-15.61;686.09
348.32;335.84;-12.48;684.16
349.91;334.95;-14.96;684.86
349.81;335.39;-14.41;685.20
350.11;334.79;-15.32;684.91
350.04;334.79;-15.24;684.83
350.12;334.48;-15.64;684.59
349.84;335.45;-14.39;685.28
348.98;335.42;-13.55;684.40
350.05;334.66;-15.39;684.71
350.05;334.32;-15.73;684.36
349.60;335.45;-14.15;685.05
349.57;335.66;-13.91;685.23
349.73;335.13;-14.60;684.86
349.68;334.78;-14.89;684.46
349.39;335.37;-14.02;684.76
349.52;335.56;-13.95;685.08
350.38;335.14;-15.24;685.52
349.32;334.75;-14.56;684.07
349.19;334.53;-14.66;683.72
348.96;334.84;-14.13;683.80
350.96;335.92;-15.05;686.88
349.95;334.91;-15.04;684.86
350.42;335.79;-14.64;686.21
350.06;334.91;-15.15;684.96
349.71;335.51;-14.20;685.21
350.24;334.89;-15.35;685.14
350.30;335.65;-14.65;685.95
350.22;334.92;-15.30;685.14
349.68;335.40;-14.28;685.08
348.44;335.49;-12.95;683.94
350.04;335.19;-14.85;685.22
349.64;335.73;-13.91;685.37
348.36;333.91;-14.45;682.26
349.36;335.36;-14.01;684.72
348.06;335.76;-12.30;683.83
348.00;335.12;-12.88;683.12
349.11;335.44;-13.66;684.55
350.22;335.72;-14.49;685.94
350.24;335.56;-14.68;685.81
349.32;335.09;-14.23;684.41
349.13;335.17;-13.96;684.30
350.61;335.75;-14.85;686.36
349.86;335.08;-14.78;684.95
349.75;336.24;-13.52;685.99
349.39;334.89;-14.50;684.28
349.99;335.75;-14.24;685.74
349.31;335.05;-14.26;684.35
349.42;335.03;-14.39;684.45
349.77;334.68;-15.09;684.45
349.76;335.65;-14.11;685.41
349.49;333.98;-15.51;683.48
349.14;335.01;-14.14;684.15
349.41;336.23;-13.18;685.64
349.37;334.91;-14.46;684.28
349.28;335.64;-13.64;684.91
348.71;336.39;-12.32;685.09
349.24;335.55;-13.69;684.79
349.06;335.13;-13.93;684.19
348.98;334.54;-14.45;683.52
348.85;335.88;-12.96;684.73
348.79;334.71;-14.08;683.51
348.56;335.59;-12.97;684.16
349.82;335.57;-14.25;685.39
349.77;335.55;-14.22;685.32
348.47;335.35;-13.12;683.82
348.37;335.19;-13.18;683.56
348.30;335.29;-13.01;683.59
349.35;335.23;-14.12;684.58
349.66;335.41;-14.25;685.06
347.86;335.40;-12.46;683.26
350.04;335.86;-14.18;685.90
350.04;334.85;-15.19;684.89
349.84;335.92;-13.92;685.76
350.34;335.02;-15.31;685.36
349.44;335.48;-13.96;684.91
349.42;334.95;-14.47;684.38
349.38;335.49;-13.88;684.87
350.05;335.92;-14.13;685.98
350.24;335.55;-14.68;685.79
348.93;336.21;-12.72;685.14
349.71;335.09;-14.62;684.81
349.57;335.75;-13.82;685.32
349.55;334.89;-14.66;684.44
349.75;335.28;-14.46;685.03
349.75;334.80;-14.95;684.55
349.81;335.11;-14.69;684.92
350.06;335.76;-14.30;685.82
349.48;335.62;-13.85;685.10
349.61;335.15;-14.46;684.76
350.05;335.16;-14.89;685.21
349.40;335.24;-14.16;684.64
349.20;333.79;-15.41;682.99
349.29;335.51;-13.79;684.80
349.34;334.36;-14.98;683.69
349.99;336.09;-13.90;686.08
349.06;336.69;-12.38;685.75
348.86;336.79;-12.08;685.65
348.70;335.78;-12.92;684.48
350.38;335.85;-14.53;686.22
348.55;335.93;-12.62;684.48
350.76;335.40;-15.36;686.16
349.76;335.89;-13.86;685.65
349.58;335.19;-14.38;684.77
350.25;335.35;-14.90;685.61
348.38;334.59;-13.79;682.98
348.24;335.58;-12.65;683.82
348.11;335.51;-12.59;683.62
347.96;335.82;-12.14;683.78
350.18;335.91;-14.27;686.08
349.92;336.23;-13.69;686.15
349.15;335.17;-13.98;684.32
350.16;335.09;-15.08;685.25
349.46;335.44;-14.02;684.89
349.70;333.53;-16.17;683.23
349.57;335.58;-13.99;685.15
349.38;334.51;-14.87;683.89
349.92;336.29;-13.64;686.21
349.71;335.14;-14.56;684.85
349.70;335.16;-14.54;684.86
349.26;335.24;-14.02;684.49
349.59;335.04;-14.55;684.62
349.48;335.84;-13.64;685.32
349.32;335.54;-13.79;684.86
349.12;336.74;-12.39;685.86
349.10;335.50;-13.60;684.60
349.08;335.00;-14.08;684.08
348.96;335.97;-12.99;684.93
348.79;335.12;-13.68;683.91
348.85;334.99;-13.86;683.85
348.75;335.84;-12.91;684.59
348.59;334.75;-13.84;683.35
348.56;335.59;-12.96;684.15
348.36;335.29;-13.08;683.65
348.26;335.09;-13.18;683.35
348.19;334.98;-13.22;683.17
349.71;335.32;-14.39;685.04
349.79;335.49;-14.30;685.29
349.34;335.52;-13.81;684.86
349.31;335.09;-14.22;684.40
349.34;335.21;-14.14;684.55
349.92;336.02;-13.91;685.94
349.39;336.05;-13.34;685.45
347.33;334.96;-12.36;682.29
349.72;334.77;-14.95;684.49
349.43;334.61;-14.82;684.04
349.52;335.14;-14.38;684.66
349.49;335.61;-13.88;685.09
349.66;335.94;-13.72;685.61
349.56;335.86;-13.69;685.42
349.25;335.94;-13.32;685.19
349.02;335.70;-13.32;684.72
349.38;335.73;-13.65;685.11
349.59;336.26;-13.32;685.85
349.22;336.21;-13.02;685.43
349.11;335.21;-13.89;684.32
348.95;335.94;-13.01;684.89
348.70;335.13;-13.57;683.83
349.75;336.78;-12.96;686.53
348.59;334.79;-13.80;683.38
348.38;335.24;-13.14;683.62
348.28;335.81;-12.47;684.09
348.18;334.35;-13.84;682.53
349.36;335.84;-13.52;685.20
349.61;335.37;-14.24;684.98
349.18;336.05;-13.14;685.23
348.68;335.53;-13.15;684.21
348.71;334.87;-13.84;683.58
349.30;336.09;-13.21;685.39
348.84;335.94;-12.89;684.78
349.46;335.08;-14.38;684.54
348.84;336.28;-12.56;685.12
349.15;336.33;-12.82;685.48
349.65;336.21;-13.44;685.86
348.65;335.28;-13.38;683.93
349.16;336.08;-13.09;685.24
349.31;336.61;-12.71;685.92
349.26;335.74;-13.52;685.01
349.32;335.14;-14.19;684.46
349.54;335.22;-14.32;684.76
348.95;335.33;-13.62;684.28
349.12;334.71;-14.42;683.83
349.72;335.18;-14.55;684.90
349.04;335.22;-13.81;684.26
348.75;335.75;-13.01;684.50
348.75;335.82;-12.94;684.57
349.92;336.23;-13.69;686.15
349.88;335.55;-14.34;685.43
348.47;336.04;-12.44;684.51
349.92;333.98;-15.95;683.90
348.17;335.86;-12.31;684.04
347.99;335.73;-12.26;683.72
349.58;335.18;-14.41;684.76
349.42;335.92;-13.50;685.35
349.76;335.35;-14.41;685.11
349.31;334.84;-14.48;684.15
349.56;335.42;-14.14;684.98
349.95;335.86;-14.09;685.81
349.54;335.98;-13.56;685.51
349.91;336.24;-13.66;686.15
349.17;335.81;-13.36;684.98
349.45;335.25;-14.20;684.69
349.59;335.14;-14.45;684.72
349.51;335.32;-14.18;684.83
349.06;335.35;-13.72;684.41
349.10;334.83;-14.27;683.93
349.86;336.05;-13.81;685.91
348.49;334.22;-14.26;682.71
350.21;335.65;-14.55;685.86
350.08;335.05;-15.04;685.13
351.09;335.46;-15.63;686.56
349.57;335.66;-13.91;685.23
349.58;335.34;-14.24;684.92
349.76;335.03;-14.74;684.79
350.16;335.06;-15.10;685.23
350.11;333.71;-16.39;683.82
349.50;334.94;-14.56;684.44
349.36;334.96;-14.39;684.32
350.14;335.34;-14.79;685.48
349.90;334.94;-14.96;684.84
349.48;334.59;-14.89;684.08
349.66;335.26;-14.40;684.93
349.41;335.95;-13.46;685.35
349.51;334.66;-14.85;684.16
351.06;335.69;-15.37;686.76
350.32;335.12;-15.21;685.44
349.15;334.65;-14.49;683.80
348.96;335.06;-13.89;684.02
349.96;335.72;-14.24;685.68
350.26;335.57;-14.69;685.84
348.40;334.62;-13.78;683.02
348.28;335.35;-12.93;683.62
350.82;334.94;-15.88;685.76
350.09;334.32;-15.77;684.42
350.02;335.71;-14.31;685.73
350.76;335.64;-15.13;686.40
349.42;335.18;-14.25;684.60
349.49;334.72;-14.77;684.22
349.18;334.94;-14.24;684.11
350.70;334.47;-16.23;685.17
349.64;335.70;-13.94;685.34
349.93;334.71;-15.22;684.64
349.61;335.62;-13.99;685.24
349.95;334.79;-15.15;684.74
349.72;335.19;-14.54;684.91
349.31;335.35;-13.96;684.66
349.41;335.02;-14.39;684.42
349.09;334.85;-14.24;683.94
348.96;334.96;-14.00;683.93
349.04;335.11;-13.94;684.15
349.99;334.51;-15.49;684.50
348.81;336.14;-12.67;684.95
348.71;334.82;-13.89;683.53
348.51;335.51;-13.00;684.01
349.85;335.69;-14.15;685.54
349.85;336.12;-13.73;685.96
349.89;335.78;-14.11;685.66
349.82;336.19;-13.64;686.01
349.17;335.25;-13.92;684.42
349.57;335.07;-14.50;684.64
349.18;335.06;-14.12;684.24
347.28;335.51;-11.76;682.79
349.48;335.78;-13.70;685.25
349.95;335.81;-14.14;685.76
349.35;336.21;-13.15;685.56
349.12;335.43;-13.69;684.55
349.48;336.74;-12.75;686.22
349.47;336.79;-12.68;686.26
349.48;335.04;-14.45;684.52
349.32;335.10;-14.22;684.42
350.29;336.12;-14.16;686.41
349.11;335.51;-13.61;684.62
349.10;336.30;-12.80;685.40
348.83;336.54;-12.29;685.36
348.68;335.81;-12.87;684.49
348.57;335.36;-13.21;683.94
348.54;335.50;-13.04;684.04
348.32;335.26;-13.06;683.58
348.23;335.66;-12.57;683.89
349.45;335.63;-13.82;685.08
350.49;335.82;-14.66;686.31
349.92;335.07;-14.85;684.99
349.78;335.20;-14.58;684.98
350.52;335.36;-15.16;685.88
347.34;335.69;-11.65;683.04
350.15;335.68;-14.47;685.82
349.78;334.56;-15.22;684.34
349.21;335.12;-14.09;684.33
349.78;336.11;-13.67;685.89
349.61;334.92;-14.69;684.54
349.94;335.79;-14.15;685.72
349.24;335.67;-13.56;684.91
349.28;335.28;-14.01;684.56
349.78;335.10;-14.68;684.88
349.52;334.88;-14.64;684.40
349.43;335.38;-14.05;684.81
349.59;335.54;-14.06;685.13
349.40;335.61;-13.79;685.01
349.52;336.42;-13.11;685.94
349.45;336.25;-13.20;685.71
349.16;335.24;-13.92;684.40
349.10;334.74;-14.36;683.84
350.25;336.05;-14.21;686.30
349.73;335.92;-13.81;685.65
348.91;334.31;-14.59;683.22
349.01;334.52;-14.48;683.53
348.83;336.12;-12.71;684.95
350.92;334.31;-16.61;685.22
350.53;334.89;-15.64;685.42
348.50;335.51;-12.99;684.01
348.38;335.94;-12.44;684.32
350.26;333.93;-16.33;684.19
348.26;334.11;-14.15;682.36
348.11;335.64;-12.47;683.74
350.21;335.71;-14.50;685.91
349.44;335.52;-13.92;684.96
347.91;335.06;-12.84;682.97
349.56;335.82;-13.74;685.38
349.42;334.98;-14.45;684.40
348.94;335.48;-13.46;684.42
349.95;335.39;-14.56;685.34
349.48;334.65;-14.83;684.14
349.98;335.49;-14.49;685.46
349.61;334.59;-15.01;684.20
349.93;335.52;-14.41;685.45
349.79;334.99;-14.81;684.78
350.39;335.19;-15.20;685.59
349.05;336.18;-12.88;685.23
349.65;334.98;-14.66;684.63
349.26;334.93;-14.33;684.19
349.55;336.52;-13.04;686.07
349.69;335.09;-14.59;684.78
349.34;334.97;-14.37;684.31
349.89;335.04;-14.85;684.92
349.35;335.13;-14.22;684.48
350.29;336.48;-13.81;686.78
349.13;335.73;-13.40;684.86
349.23;335.96;-13.26;685.19
350.10;335.32;-14.78;685.42
349.15;335.29;-13.86;684.44
350.29;334.84;-15.45;685.14
348.95;336.04;-12.91;684.98
348.86;335.71;-13.16;684.57
349.92;335.74;-14.18;685.66
348.71;335.72;-12.99;684.43
350.25;334.29;-15.95;684.54
348.61;335.64;-12.97;684.25
348.45;335.42;-13.03;683.86
350.40;335.82;-14.58;686.22
348.28;335.78;-12.51;684.06
350.09;335.98;-14.11;686.08
349.27;335.35;-13.92;684.62
349.50;335.32;-14.18;684.82
349.97;334.92;-15.05;684.89
347.49;334.72;-12.78;682.21
349.29;334.79;-14.50;684.08
349.57;335.16;-14.41;684.73
349.86;335.53;-14.33;685.39
349.37;335.16;-14.21;684.54
350.21;334.74;-15.47;684.94
348.92;335.53;-13.39;684.45
349.13;333.90;-15.23;683.03
350.01;335.04;-14.98;685.05
349.67;334.79;-14.88;684.46
349.62;335.26;-14.36;684.88
350.51;334.28;-16.22;684.79
349.52;334.71;-14.82;684.23
349.40;335.16;-14.24;684.56
349.36;334.81;-14.55;684.16
349.21;335.28;-13.93;684.49
349.15;334.72;-14.43;683.88
349.16;334.75;-14.41;683.91
349.01;335.24;-13.77;684.24
350.10;334.15;-15.95;684.25
350.04;335.59;-14.44;685.63
350.14;334.32;-15.82;684.46
350.19;335.25;-14.94;685.45
350.71;335.25;-15.46;685.96
348.25;335.25;-12.99;683.50
349.86;334.44;-15.43;684.30
350.53;334.91;-15.62;685.44
350.33;334.75;-15.58;685.08
349.93;335.06;-14.87;684.99
350.25;335.21;-15.04;685.45
349.94;335.19;-14.75;685.13
350.01;334.51;-15.50;684.51
349.59;335.13;-14.46;684.72
350.16;336.01;-14.15;686.17
349.33;335.55;-13.78;684.88
349.95;335.43;-14.52;685.38
349.81;335.22;-14.58;685.03
349.93;335.56;-14.37;685.49
349.39;335.71;-13.68;685.10
348.82;335.39;-13.44;684.21
349.69;335.39;-14.31;685.08
349.48;336.71;-12.77;686.18
349.34;335.18;-14.16;684.52
349.37;335.08;-14.29;684.45
349.27;336.42;-12.85;685.69
349.36;335.09;-14.27;684.46
349.21;334.61;-14.61;683.82
349.28;335.22;-14.06;684.49
349.07;334.70;-14.37;683.77
349.04;335.08;-13.96;684.12
350.04;335.06;-14.97;685.10
348.70;335.76;-12.94;684.46
349.73;335.98;-13.75;685.71
349.93;335.46;-14.47;685.39
350.04;334.99;-15.05;685.04
350.04;335.52;-14.52;685.56
350.04;334.89;-15.15;684.93
348.04;335.02;-13.02;683.06
350.06;334.85;-15.21;684.92
349.78;335.99;-13.79;685.76
350.11;334.68;-15.42;684.79
347.65;334.68;-12.98;682.33
347.54;334.64;-12.91;682.18
349.22;334.40;-14.82;683.62
349.05;334.38;-14.68;683.43
350.02;334.60;-15.42;684.62
349.72;334.95;-14.78;684.67
349.13;335.04;-14.09;684.16
350.03;335.02;-15.01;685.05
350.51;335.21;-15.31;685.72
349.89;334.36;-15.53;684.25
349.64;334.93;-14.71;684.57
349.45;334.54;-14.91;683.99
349.44;335.36;-14.08;684.79
349.56;335.30;-14.26;684.86
349.42;335.64;-13.78;685.06
349.24;334.99;-14.25;684.23
348.79;335.78;-13.01;684.56
349.13;335.55;-13.58;684.68
346.28;335.86;-10.41;682.14
349.42;336.36;-13.06;685.78
349.32;336.34;-12.98;685.66
348.77;336.08;-12.69;684.85
349.08;336.12;-12.96;685.21
349.27;335.35;-13.92;684.62
349.12;335.29;-13.82;684.41
348.91;335.91;-13.00;684.82
348.94;336.38;-12.56;685.32
350.06;336.21;-13.85;686.26
348.59;334.90;-13.69;683.49
348.50;335.42;-13.08;683.92
349.71;334.66;-15.05;684.36
349.86;335.41;-14.45;685.28
349.68;333.95;-15.74;683.63
348.18;335.26;-12.92;683.44
349.29;335.55;-13.74;684.85
349.94;335.54;-14.41;685.48
347.98;334.90;-13.08;682.88
350.15;334.78;-15.36;684.93
349.25;335.78;-13.47;685.02
347.62;335.88;-11.75;683.50
349.55;335.11;-14.44;684.65
349.65;335.56;-14.09;685.21
349.91;335.52;-14.39;685.42
349.42;334.86;-14.56;684.28
349.26;335.48;-13.78;684.74
349.56;335.35;-14.21;684.91
349.61;336.43;-13.18;686.04
349.66;334.66;-15.01;684.32
349.94;334.62;-15.32;684.56
349.50;334.50;-15.00;684.00
349.66;334.92;-14.75;684.58
350.51;334.96;-15.55;685.48
349.82;334.49;-15.34;684.31
349.38;334.81;-14.57;684.18
349.56;334.65;-14.91;684.22
349.37;334.99;-14.38;684.36
349.55;334.83;-14.72;684.38
349.45;334.34;-15.11;683.79
349.27;335.27;-14.00;684.54
350.39;334.78;-15.61;685.17
348.97;334.49;-14.48;683.46
348.82;334.94;-13.88;683.75
350.75;335.46;-15.29;686.21
350.30;335.49;-14.81;685.79
348.48;336.07;-12.41;684.55
348.49;334.75;-13.74;683.24
350.54;335.37;-15.17;685.91
350.02;334.63;-15.39;684.65
350.51;335.04;-15.47;685.55
349.92;334.34;-15.59;684.26
350.86;335.24;-15.62;686.11
350.21;334.90;-15.31;685.11
350.16;335.32;-14.84;685.49
349.93;334.51;-15.42;684.44
349.51;335.14;-14.37;684.65
350.09;335.04;-15.05;685.13
348.86;334.71;-14.16;683.57
350.14;334.83;-15.31;684.96
349.53;334.32;-15.21;683.85
349.41;335.84;-13.56;685.25
349.98;335.02;-14.96;684.99
349.95;335.44;-14.51;685.39
349.26;335.62;-13.64;684.88
349.32;335.56;-13.76;684.88
349.74;335.47;-14.26;685.21
349.76;335.34;-14.42;685.09
349.42;335.28;-14.14;684.71
349.51;334.91;-14.61;684.42
349.46;335.02;-14.44;684.49
349.48;334.87;-14.61;684.35
349.17;336.10;-13.07;685.27
349.03;335.01;-14.02;684.04
349.00;334.79;-14.21;683.79
348.88;334.94;-13.95;683.82
348.81;335.83;-12.98;684.64
348.58;335.64;-12.94;684.22
350.14;335.47;-14.66;685.61
348.42;336.09;-12.34;684.51
349.51;335.25;-14.26;684.75
349.21;335.74;-13.46;684.95
350.55;335.41;-15.14;685.96
349.71;335.26;-14.44;684.97
350.04;335.29;-14.75;685.33
350.12;334.45;-15.68;684.57
350.29;334.90;-15.39;685.19
349.65;336.00;-13.65;685.65
349.20;335.31;-13.89;684.51
348.99;334.99;-14.00;683.99
349.41;336.05;-13.36;685.46
349.71;335.16;-14.55;684.86
349.62;335.40;-14.22;685.02
350.32;336.67;-13.65;686.99
349.72;335.11;-14.61;684.83
348.92;334.72;-14.20;683.64
349.35;335.04;-14.32;684.39
349.38;335.08;-14.29;684.46
349.23;335.59;-13.64;684.82
349.15;335.38;-13.77;684.54
349.19;336.24;-12.96;685.43
349.29;335.41;-13.88;684.70
349.25;334.59;-14.65;683.84
349.12;335.35;-13.77;684.46
350.25;335.88;-14.37;686.12
348.86;334.99;-13.88;683.85
350.39;334.84;-15.55;685.23
348.58;335.17;-13.41;683.75
348.65;335.42;-13.24;684.07
348.53;336.06;-12.47;684.59
348.41;335.16;-13.25;683.57
350.65;335.48;-15.17;686.12
350.43;335.24;-15.19;685.66
349.84;335.85;-13.99;685.69
350.28;335.57;-14.71;685.85
349.91;334.89;-15.01;684.80
349.75;335.08;-14.67;684.82
349.86;334.70;-15.16;684.56
350.35;334.26;-16.09;684.61
349.64;335.45;-14.19;685.08
350.02;334.91;-15.11;684.93
349.81;335.11;-14.71;684.92
349.74;335.72;-14.02;685.46
349.41;336.03;-13.38;685.44
349.68;335.28;-14.39;684.96
349.49;336.35;-13.14;685.84
349.21;334.93;-14.28;684.14
349.24;335.98;-13.26;685.22
350.42;334.71;-15.71;685.13
349.12;334.61;-14.52;683.73
348.72;334.32;-14.40;683.05
348.67;335.61;-13.06;684.28
348.45;334.43;-14.02;682.88
349.61;335.38;-14.22;684.99
349.45;334.98;-14.47;684.44
349.81;335.63;-14.18;685.44
349.66;335.30;-14.36;684.96
347.90;334.98;-12.92;682.88
349.28;335.88;-13.41;685.16
349.22;336.11;-13.11;685.32
350.02;334.99;-15.03;685.01
349.61;335.01;-14.60;684.61
349.34;336.33;-13.01;685.66
349.91;336.02;-13.89;685.92
349.86;335.71;-14.15;685.58
349.58;335.55;-14.02;685.13
349.54;334.59;-14.95;684.13
349.65;335.50;-14.15;685.15
349.88;335.51;-14.37;685.39
349.99;336.13;-13.86;686.12
349.49;335.80;-13.69;685.29
349.59;335.18;-14.41;684.76
348.45;335.65;-12.80;684.09
349.45;335.96;-13.49;685.41
349.28;335.64;-13.64;684.91
349.14;336.41;-12.74;685.55
348.62;334.70;-13.92;683.32
349.11;335.40;-13.71;684.51
348.94;335.16;-13.78;684.09
349.73;336.05;-13.68;685.78
349.51;335.84;-13.66;685.35
348.71;335.78;-12.92;684.49
348.74;335.52;-13.22;684.26
348.52;336.04;-12.48;684.55
348.51;336.08;-12.42;684.59
349.91;335.71;-14.21;685.62
348.59;336.07;-12.52;684.66
348.68;336.14;-12.55;684.82
350.10;334.16;-15.94;684.26
348.58;335.41;-13.16;683.99
349.77;335.82;-13.95;685.59
349.94;336.76;-13.17;686.70
348.06;335.30;-12.76;683.36
350.15;335.26;-14.89;685.42
347.69;335.44;-12.26;683.13
349.77;336.32;-13.45;686.09
349.92;334.91;-15.02;684.83
348.84;334.66;-14.18;683.49
349.52;336.06;-13.45;685.58
349.35;335.27;-14.08;684.62
349.75;335.35;-14.41;685.10
349.59;336.30;-13.29;685.89
349.64;334.31;-15.33;683.94
349.53;335.80;-13.73;685.33
349.28;336.58;-12.69;685.86
349.51;336.58;-12.93;686.08
349.46;335.35;-14.11;684.81
349.20;335.23;-13.97;684.43
349.37;335.55;-13.82;684.92
349.17;336.09;-13.08;685.26
348.96;335.94;-13.03;684.90
348.80;335.99;-12.81;684.79
348.95;335.89;-13.05;684.84
348.90;335.20;-13.70;684.10
349.44;335.84;-13.61;685.28
350.08;335.85;-14.23;685.94
348.70;334.15;-14.55;682.85
350.07;335.52;-14.55;685.59
349.99;335.99;-14.01;685.98
350.49;334.77;-15.72;685.26
350.43;335.48;-14.95;685.91
350.40;335.22;-15.18;685.62
348.26;335.65;-12.61;683.92
348.24;335.66;-12.58;683.89
350.19;335.11;-15.08;685.30
348.18;335.37;-12.81;683.55
348.16;335.40;-12.76;683.56
348.08;335.01;-13.07;683.08
350.14;334.52;-15.62;684.65
350.62;335.59;-15.02;686.21
350.61;334.99;-15.61;685.60
349.90;334.26;-15.64;684.16
347.96;335.04;-12.92;682.99
350.61;334.98;-15.64;685.59
349.75;335.31;-14.44;685.06
349.22;335.99;-13.22;685.21
349.83;334.74;-15.09;684.57
349.60;335.68;-13.92;685.28
349.94;335.61;-14.33;685.54
349.83;335.86;-13.97;685.69
348.72;335.19;-13.54;683.91
349.74;335.25;-14.49;684.99
349.54;335.36;-14.18;684.91
349.47;335.79;-13.68;685.26
350.21;335.01;-15.19;685.22
349.38;335.28;-14.09;684.66
349.61;335.33;-14.28;684.94
349.76;335.13;-14.63;684.89
348.84;334.84;-14.00;683.67
349.41;335.11;-14.31;684.52
349.18;335.74;-13.44;684.92
350.22;335.81;-14.41;686.04
349.57;333.95;-15.62;683.52
349.22;335.51;-13.72;684.73
349.42;335.77;-13.65;685.19
349.17;335.60;-13.57;684.77
350.51;335.21;-15.30;685.72
350.48;335.55;-14.93;686.04
349.16;336.20;-12.96;685.36
349.10;336.24;-12.86;685.34
349.00;335.15;-13.85;684.15
349.95;335.79;-14.16;685.74
348.86;336.54;-12.32;685.41
348.84;335.55;-13.29;684.39
348.68;335.65;-13.03;684.32
350.01;334.66;-15.35;684.68
349.84;335.51;-14.33;685.35
350.15;335.26;-14.88;685.41
350.54;335.18;-15.36;685.72
349.87;335.69;-14.18;685.56
348.05;335.65;-12.41;683.70
349.71;335.06;-14.64;684.77
347.81;334.93;-12.88;682.74
350.68;335.07;-15.61;685.75
349.28;335.00;-14.28;684.28
349.60;335.19;-14.41;684.79
349.75;334.99;-14.76;684.74
349.55;334.76;-14.79;684.31
350.17;335.35;-14.82;685.52
349.76;336.16;-13.60;685.92
350.04;335.62;-14.42;685.65
349.93;335.56;-14.36;685.49
349.89;335.41;-14.48;685.30
350.32;335.21;-15.11;685.54
350.10;334.65;-15.45;684.75
349.39;335.03;-14.36;684.42
348.94;335.46;-13.48;684.41
349.20;335.14;-14.06;684.34
349.22;335.95;-13.28;685.17
349.62;335.76;-13.86;685.38
348.85;334.41;-14.44;683.25
350.85;336.38;-14.46;687.23
349.62;335.75;-13.88;685.37
348.68;335.54;-13.14;684.22
348.72;336.07;-12.65;684.79
348.73;335.65;-13.08;684.38
349.99;335.66;-14.33;685.66
348.69;335.86;-12.84;684.55
350.64;335.25;-15.39;685.89
348.59;335.52;-13.07;684.11
349.58;335.32;-14.26;684.90
348.42;335.26;-13.16;683.68
348.37;335.52;-12.85;683.89
348.30;335.28;-13.02;683.58
348.31;336.81;-11.50;685.11
350.06;333.72;-16.34;683.79
349.83;335.94;-13.89;685.77
349.33;334.69;-14.64;684.02
349.34;335.36;-13.97;684.70
350.15;335.31;-14.84;685.45
349.58;335.39;-14.18;684.97
349.66;335.73;-13.93;685.39
349.69;335.14;-14.55;684.82
350.11;334.72;-15.39;684.83
349.58;334.64;-14.94;684.22
349.27;334.95;-14.32;684.22
349.71;335.69;-14.02;685.41
349.17;335.75;-13.42;684.92
349.84;335.23;-14.61;685.07
349.59;336.81;-12.78;686.39
348.81;335.54;-13.28;684.35
349.58;335.62;-13.95;685.20
349.55;335.29;-14.26;684.85
349.50;336.51;-12.99;686.01
350.23;335.75;-14.48;685.98
349.17;335.47;-13.70;684.64
349.20;336.11;-13.09;685.31
349.06;335.86;-13.19;684.92
349.12;334.72;-14.40;683.85
348.89;335.47;-13.42;684.36
348.82;335.07;-13.75;683.89
348.73;335.62;-13.11;684.35
348.64;335.66;-12.97;684.30
348.56;334.92;-13.65;683.48
348.55;334.25;-14.29;682.80
348.48;335.60;-12.88;684.08
348.36;335.26;-13.10;683.62
348.37;336.09;-12.28;684.46
350.62;336.07;-14.55;686.69
348.26;335.41;-12.85;683.68
348.23;335.81;-12.42;684.04
350.06;335.81;-14.25;685.88
348.14;335.52;-12.62;683.65
348.00;335.41;-12.59;683.41
349.99;335.23;-14.76;685.22
349.98;335.36;-14.62;685.34
350.47;335.76;-14.71;686.24
350.04;335.44;-14.61;685.48
349.03;335.69;-13.34;684.72
349.01;335.36;-13.65;684.36
349.51;335.31;-14.20;684.82
349.94;336.05;-13.89;685.99
349.98;335.15;-14.82;685.13
349.96;335.16;-14.81;685.12
349.69;337.15;-12.54;686.84
349.81;336.04;-13.77;685.85
349.61;335.48;-14.12;685.09
349.23;335.54;-13.69;684.77
349.90;336.26;-13.64;686.16
349.93;334.61;-15.32;684.54
349.31;335.75;-13.56;685.06
349.45;335.62;-13.84;685.07
349.55;335.19;-14.36;684.74
349.42;336.36;-13.05;685.78
349.11;335.15;-13.96;684.26
350.49;335.56;-14.93;686.05
349.31;335.27;-14.04;684.58
349.29;335.56;-13.72;684.85
349.11;335.57;-13.54;684.68
349.84;335.09;-14.75;684.94
348.95;334.59;-14.36;683.54
348.76;335.72;-13.04;684.48
348.51;334.87;-13.64;683.38
350.16;335.57;-14.59;685.74
349.43;335.45;-13.98;684.88
350.06;335.68;-14.38;685.74
348.28;335.70;-12.58;683.98
350.01;335.12;-14.89;685.12
347.94;334.74;-13.20;682.68
348.99;335.68;-13.31;684.67
350.39;335.99;-14.40;686.38
349.90;335.61;-14.29;685.51
349.09;335.70;-13.39;684.79
349.72;335.41;-14.31;685.14
348.90;336.18;-12.72;685.08
347.24;335.74;-11.50;682.98
349.67;335.40;-14.27;685.07
349.54;334.89;-14.65;684.44
347.13;335.27;-11.86;682.40
349.94;335.11;-14.82;685.05
349.68;335.75;-13.93;685.42
349.68;335.56;-14.12;685.25
349.09;334.69;-14.40;683.78
349.11;335.14;-13.97;684.25
349.72;336.33;-13.39;686.05
348.75;335.15;-13.61;683.90
349.40;334.75;-14.65;684.15
348.81;335.25;-13.56;684.05
349.02;336.18;-12.85;685.20
349.37;334.94;-14.43;684.31
349.05;335.56;-13.48;684.61
349.27;336.17;-13.10;685.44
348.56;335.08;-13.49;683.64
349.12;335.95;-13.17;685.06
349.09;336.09;-13.01;685.18
348.92;335.79;-13.13;684.72
348.95;335.61;-13.34;684.55
348.88;336.25;-12.64;685.13
348.81;334.82;-13.99;683.62
348.72;335.05;-13.67;683.78
349.84;335.15;-14.69;684.98
348.54;334.91;-13.63;683.44
349.82;335.35;-14.47;685.16
348.46;335.76;-12.71;684.22
350.11;335.77;-14.34;685.88
349.51;335.78;-13.73;685.28
349.28;335.22;-14.06;684.49
349.84;335.12;-14.71;684.96
349.78;335.21;-14.58;684.99
349.73;335.92;-13.81;685.65
347.78;335.18;-12.61;682.96
349.59;334.85;-14.74;684.44
350.14;335.09;-15.05;685.23
350.07;335.44;-14.64;685.51
350.09;335.42;-14.67;685.52
349.02;335.22;-13.80;684.25
350.53;335.83;-14.70;686.36
349.34;336.02;-13.31;685.36
350.31;334.82;-15.48;685.13
350.42;335.61;-14.81;686.04
349.77;334.97;-14.80;684.74
350.21;334.92;-15.29;685.12
349.26;334.58;-14.68;683.84
349.34;335.48;-13.86;684.82
349.94;335.51;-14.42;685.45
349.52;334.69;-14.84;684.21
348.81;335.73;-13.08;684.54
350.06;335.21;-14.85;685.28
348.74;336.01;-12.73;684.74
349.73;334.74;-14.99;684.46
348.98;335.32;-13.65;684.30
350.24;335.92;-14.32;686.15
349.51;334.62;-14.89;684.13
348.84;334.45;-14.39;683.28
350.06;335.19;-14.86;685.25
349.71;334.74;-14.96;684.45
350.19;334.68;-15.52;684.87
349.92;335.45;-14.46;685.37
350.20;332.62;-17.58;682.82
349.96;334.58;-15.38;684.54
349.61;334.84;-14.76;684.45
349.56;335.75;-13.81;685.32
349.17;335.51;-13.66;684.68
349.66;335.25;-14.41;684.91
349.39;335.70;-13.69;685.09
350.18;334.61;-15.58;684.79
349.87;334.62;-15.25;684.49
350.01;335.23;-14.78;685.24
350.18;335.65;-14.53;685.84
349.86;335.45;-14.42;685.31
350.37;335.43;-14.94;685.80
349.34;334.73;-14.61;684.07
349.99;334.42;-15.57;684.41
349.26;335.29;-13.97;684.55
349.27;334.49;-14.78;683.76
349.97;334.23;-15.74;684.20
349.31;334.54;-14.77;683.85
349.18;334.94;-14.25;684.12
349.45;335.78;-13.68;685.23
349.45;334.91;-14.55;684.36
349.74;336.15;-13.58;685.89
349.58;335.22;-14.36;684.81
349.16;335.48;-13.68;684.65
349.76;336.29;-13.46;686.05
349.42;335.88;-13.55;685.30
349.32;335.04;-14.28;684.35
349.19;334.64;-14.55;683.82
349.22;334.85;-14.38;684.07
349.04;334.72;-14.32;683.76
349.03;334.46;-14.57;683.49
348.89;335.19;-13.70;684.08
348.69;336.37;-12.32;685.06
348.81;334.66;-14.15;683.46
349.98;334.66;-15.32;684.64
349.93;335.62;-14.31;685.55
348.54;336.01;-12.53;684.55
348.53;335.50;-13.03;684.03
349.75;335.97;-13.78;685.72
348.41;335.32;-13.09;683.72
348.29;336.41;-11.88;684.70
350.06;335.78;-14.28;685.85
348.18;335.70;-12.48;683.88
349.59;335.12;-14.47;684.72
348.18;335.19;-12.99;683.36
349.55;336.28;-13.27;685.82
348.08;335.56;-12.52;683.64
349.09;336.15;-12.95;685.24
348.07;335.84;-12.24;683.91
347.99;333.54;-14.45;681.54
348.00;335.15;-12.85;683.15
349.21;335.47;-13.74;684.68
347.84;335.51;-12.33;683.34
349.65;335.35;-14.29;685.00
349.94;334.79;-15.15;684.74
349.71;335.27;-14.44;684.98
349.82;335.18;-14.64;685.01
349.69;336.01;-13.68;685.69
350.00;335.20;-14.80;685.20
350.17;334.55;-15.62;684.72
348.80;335.19;-13.61;683.99
349.52;335.68;-13.84;685.20
349.34;335.01;-14.34;684.35
350.23;335.76;-14.46;685.99
349.70;335.20;-14.50;684.90
349.85;335.72;-14.13;685.58
350.14;335.32;-14.82;685.45
349.95;335.84;-14.11;685.79
349.32;335.51;-13.81;684.84
349.89;335.96;-13.92;685.85
349.87;334.22;-15.65;684.09
349.67;335.77;-13.90;685.44
346.29;335.82;-10.47;682.12
348.87;334.67;-14.20;683.54
349.45;336.19;-13.26;685.65
349.36;335.36;-14.01;684.72
349.12;335.56;-13.56;684.69
349.40;335.29;-14.11;684.69
349.27;336.00;-13.27;685.27
348.92;335.76;-13.16;684.68
349.26;335.62;-13.64;684.88
349.24;335.35;-13.89;684.59
349.24;335.46;-13.78;684.71
349.36;335.51;-13.85;684.88
349.19;335.68;-13.51;684.88
349.04;336.15;-12.89;685.18
348.71;336.05;-12.66;684.75
348.89;335.76;-13.12;684.65
348.73;335.85;-12.88;684.58
348.79;335.12;-13.67;683.92
348.76;335.59;-13.16;684.35
348.69;335.99;-12.70;684.69
349.94;335.76;-14.18;685.69
348.56;335.59;-12.96;684.15
349.41;335.59;-13.82;685.01
348.26;335.87;-12.39;684.13
350.11;335.75;-14.36;685.86
349.83;335.33;-14.50;685.16
348.36;335.21;-13.15;683.56
350.25;335.11;-15.14;685.35
348.28;335.26;-13.01;683.54
349.63;334.51;-15.12;684.14
349.76;334.89;-14.86;684.65
350.28;335.66;-14.62;685.94
350.15;335.55;-14.60;685.69
350.21;334.98;-15.22;685.19
349.67;334.36;-15.31;684.04
350.08;334.22;-15.86;684.30
348.13;335.52;-12.61;683.65
350.88;335.49;-15.39;686.36
348.05;335.97;-12.08;684.02
347.94;335.15;-12.79;683.09
349.62;335.04;-14.58;684.65
349.62;335.34;-14.28;684.96
350.60;335.65;-14.95;686.25
350.39;334.99;-15.39;685.38
347.64;335.08;-12.56;682.71
349.73;334.78;-14.95;684.51
349.84;335.17;-14.66;685.01
349.87;333.94;-15.93;683.81
349.96;335.09;-14.88;685.05
350.02;334.68;-15.34;684.69
349.43;335.17;-14.26;684.60
349.96;334.99;-14.97;684.96
349.69;334.62;-15.07;684.32
349.77;334.89;-14.88;684.66
349.54;335.64;-13.89;685.18
349.87;334.68;-15.19;684.55
349.84;335.02;-14.81;684.86
349.50;334.52;-14.98;684.02
349.96;335.50;-14.46;685.46
349.73;334.30;-15.43;684.03
349.23;335.38;-13.85;684.61
349.75;335.05;-14.70;684.79
349.62;336.30;-13.32;685.92
350.94;335.30;-15.64;686.24
349.17;335.31;-13.86;684.48
349.35;334.42;-14.92;683.77
350.06;335.57;-14.49;685.63
349.14;336.24;-12.91;685.38
349.02;335.85;-13.17;684.88
349.01;336.36;-12.64;685.37
348.99;334.97;-14.02;683.96
350.26;336.28;-13.98;686.54
350.17;336.48;-13.69;686.65
349.92;335.12;-14.80;685.05
350.52;335.90;-14.62;686.42
348.72;335.14;-13.58;683.86
350.48;335.12;-15.36;685.61
350.04;336.06;-13.98;686.09
348.71;334.29;-14.42;683.01
348.65;336.12;-12.52;684.77
348.58;335.47;-13.11;684.05
348.62;334.81;-13.82;683.43
349.95;335.69;-14.26;685.64
348.54;334.74;-13.81;683.28
349.68;335.38;-14.29;685.06
349.65;335.71;-13.95;685.36
350.32;335.78;-14.54;686.09
349.95;335.66;-14.29;685.62
349.41;335.02;-14.38;684.43
350.81;335.48;-15.33;686.29
350.49;335.36;-15.12;685.85
349.44;334.86;-14.57;684.30
350.09;335.70;-14.39;685.79
349.97;335.07;-14.90;685.04
349.73;334.73;-15.00;684.46
349.95;334.82;-15.12;684.77
349.60;335.28;-14.32;684.88
349.16;335.55;-13.62;684.71
349.35;335.65;-13.69;685.00
349.49;336.68;-12.81;686.17
349.74;335.79;-13.95;685.52
350.08;335.31;-14.77;685.39
349.51;335.85;-13.66;685.35
349.66;335.24;-14.42;684.89
349.38;334.51;-14.88;683.89
349.39;335.24;-14.16;684.63
349.58;335.11;-14.48;684.69
349.43;335.07;-14.36;684.50
349.23;335.28;-13.95;684.51
349.17;335.12;-14.05;684.29
349.05;336.16;-12.89;685.21
350.19;335.71;-14.48;685.89
350.36;334.78;-15.58;685.14
348.69;334.37;-14.32;683.06
350.20;334.62;-15.58;684.82
348.43;334.66;-13.77;683.09
349.93;335.22;-14.71;685.15
350.40;336.28;-14.12;686.68
348.22;335.13;-13.09;683.35
349.65;333.91;-15.74;683.56
348.06;335.09;-12.96;683.15
350.21;336.02;-14.19;686.22
350.15;334.61;-15.54;684.75
350.42;334.79;-15.62;685.21
347.71;335.04;-12.68;682.75
350.02;334.51;-15.51;684.52
349.80;334.97;-14.83;684.77
350.05;334.92;-15.12;684.97
350.03;335.55;-14.48;685.58
350.09;336.28;-13.82;686.37
349.38;335.50;-13.88;684.88
350.06;335.70;-14.36;685.76
349.73;334.68;-15.05;684.41
349.96;334.96;-14.99;684.92
351.06;336.02;-15.05;687.08
349.44;335.02;-14.42;684.46
349.79;334.48;-15.31;684.28
349.59;335.94;-13.66;685.53
349.34;335.85;-13.49;685.19
349.58;335.02;-14.56;684.61
349.62;334.62;-15.01;684.24
349.71;335.19;-14.52;684.91
349.56;336.56;-13.01;686.12
349.38;335.04;-14.34;684.41
349.07;335.69;-13.38;684.76
349.41;336.29;-13.11;685.70
349.21;335.58;-13.62;684.79
349.45;334.85;-14.60;684.31
349.32;334.34;-14.98;683.66
349.46;334.50;-14.96;683.96
350.01;335.51;-14.51;685.52
349.32;336.24;-13.09;685.56
349.78;334.79;-14.99;684.56
349.36;336.60;-12.76;685.96
349.37;334.63;-14.74;684.00
349.45;334.97;-14.48;684.42
349.26;335.24;-14.03;684.50
349.83;335.37;-14.46;685.20
349.18;335.09;-14.09;684.28
349.00;335.19;-13.81;684.19
348.92;335.96;-12.96;684.88
348.92;334.90;-14.02;683.82
350.12;336.08;-14.04;686.19
