346.95;332.81;-14.14;679.76
346.48;334.04;-12.44;680.51
345.08;332.12;-12.95;677.20
347.91;334.52;-13.39;682.42
348.60;333.50;-15.10;682.10
347.85;333.51;-14.35;681.36
347.60;333.53;-14.07;681.13
346.64;334.72;-11.92;681.35
347.44;333.72;-13.72;681.16
347.38;334.15;-13.24;681.53
347.21;333.55;-13.66;680.76
347.12;334.33;-12.79;681.45
346.01;333.94;-12.06;679.95
345.70;333.72;-11.98;679.42
346.89;333.66;-13.24;680.55
346.67;333.41;-13.26;680.08
346.65;332.51;-14.14;679.15
346.61;333.61;-12.99;680.22
348.07;333.56;-14.51;681.63
346.32;333.89;-12.44;680.21
346.29;333.48;-12.81;679.76
346.25;334.34;-11.91;680.59
346.02;333.76;-12.26;679.78
346.71;333.85;-12.86;680.56
345.97;333.55;-12.42;679.52
345.85;333.46;-12.38;679.31
345.76;333.15;-12.61;678.91
347.53;333.97;-13.56;681.50
346.88;333.43;-13.45;680.31
345.61;334.18;-11.43;679.79
345.55;333.94;-11.61;679.49
347.85;333.05;-14.79;680.90
347.35;333.05;-14.30;680.39
345.31;334.27;-11.04;679.58
345.19;332.75;-12.45;677.94
347.28;333.94;-13.34;681.22
347.77;332.51;-15.26;680.28
347.06;332.91;-14.15;679.97
347.91;333.52;-14.38;681.43
347.95;333.47;-14.48;681.42
347.84;334.08;-13.76;681.92
347.79;333.53;-14.26;681.32
347.43;334.63;-12.80;682.06
347.03;334.49;-12.54;681.52
346.51;334.64;-11.86;681.15
347.12;333.44;-13.68;680.56
346.88;333.24;-13.65;680.12
346.09;332.85;-13.24;678.95
346.14;333.99;-12.15;680.13
346.84;334.25;-12.59;681.09
347.61;333.56;-14.04;681.17
346.56;333.76;-12.80;680.32
347.90;332.79;-15.11;680.69
347.84;334.09;-13.75;681.94
347.69;333.85;-13.84;681.55
347.48;333.39;-14.09;680.88
346.14;334.25;-11.89;680.39
345.28;332.88;-12.40;678.16
347.79;332.10;-15.69;679.89
348.37;332.85;-15.52;681.22
345.88;331.36;-14.51;677.24
346.83;333.08;-13.75;679.91
345.72;334.09;-11.63;679.81
348.54;333.32;-15.21;681.86
347.49;333.43;-14.06;680.92
345.54;333.49;-12.04;679.03
346.55;333.57;-12.98;680.12
347.62;334.01;-13.61;681.62
347.81;333.53;-14.28;681.34
348.05;332.91;-15.14;680.95
347.39;333.69;-13.70;681.09
347.05;333.55;-13.51;680.60
344.97;333.95;-11.02;678.92
345.04;333.97;-11.07;679.01
347.82;333.11;-14.71;680.94
347.91;333.35;-14.55;681.26
348.00;333.69;-14.31;681.69
347.95;332.34;-15.61;680.29
347.86;332.79;-15.07;680.65
347.49;333.57;-13.92;681.06
346.22;333.46;-12.76;679.69
347.51;332.88;-14.63;680.39
348.35;334.85;-13.50;683.19
347.58;332.52;-15.06;680.09
347.73;333.34;-14.39;681.06
347.49;333.29;-14.21;680.78
347.32;333.74;-13.58;681.06
346.86;333.54;-13.32;680.41
347.31;333.40;-13.91;680.71
347.11;333.39;-13.72;680.51
346.89;332.68;-14.21;679.58
346.96;333.41;-13.55;680.36
346.84;333.98;-12.86;680.81
348.18;334.07;-14.11;682.25
346.64;334.00;-12.64;680.64
348.65;332.81;-15.84;681.46
346.54;333.20;-13.34;679.74
346.49;333.26;-13.23;679.75
348.05;333.89;-14.16;681.94
348.50;333.38;-15.12;681.88
349.01;334.21;-14.79;683.22
348.38;333.58;-14.80;681.95
347.89;333.79;-14.10;681.68
346.78;334.54;-12.25;681.32
348.02;332.42;-15.60;680.45
347.91;333.39;-14.52;681.31
348.07;332.83;-15.24;680.90
347.49;333.85;-13.64;681.35
348.08;332.71;-15.38;680.79
347.78;333.86;-13.92;681.64
347.72;333.62;-14.10;681.35
344.83;333.69;-11.14;678.52
344.75;332.30;-12.45;677.05
344.65;333.28;-11.37;677.92
347.06;333.76;-13.30;680.83
346.92;333.26;-13.66;680.18
347.76;333.09;-14.67;680.85
347.17;333.20;-13.97;680.37
347.48;333.88;-13.59;681.36
347.26;332.96;-14.30;680.23
347.32;333.49;-13.83;680.82
347.25;332.85;-14.40;680.09
346.82;333.61;-13.22;680.43
347.15;333.50;-13.65;680.65
348.46;333.65;-14.81;682.12
347.19;334.19;-12.99;681.38
346.83;333.90;-12.93;680.73
347.01;333.06;-13.95;680.06
346.98;334.67;-12.31;681.65
346.98;333.82;-13.16;680.80
347.67;333.32;-14.35;680.99
348.31;333.78;-14.53;682.08
346.93;333.14;-13.79;680.06
346.73;332.60;-14.13;679.33
348.12;333.90;-14.22;682.02
346.85;333.68;-13.17;680.52
348.21;332.35;-15.86;680.55
348.41;332.52;-15.89;680.94
346.29;333.82;-12.46;680.11
346.23;332.44;-13.79;678.67
346.14;333.79;-12.35;679.93
346.07;333.08;-12.99;679.15
345.87;334.04;-11.83;679.91
345.79;334.45;-11.34;680.24
346.29;334.11;-12.18;680.39
347.68;333.88;-13.80;681.55
348.17;333.00;-15.17;681.17
347.57;332.84;-14.74;680.41
347.71;333.02;-14.69;680.72
348.02;334.15;-13.86;682.17
347.56;333.46;-14.09;681.02
347.82;333.96;-13.86;681.78
345.18;333.55;-11.62;678.73
345.14;333.36;-11.77;678.50
348.20;333.25;-14.95;681.45
348.76;332.92;-15.85;681.68
347.72;333.62;-14.10;681.34
349.19;333.64;-15.56;682.83
347.79;333.44;-14.35;681.24
347.78;333.08;-14.71;680.86
347.24;333.86;-13.37;681.10
347.61;333.27;-14.34;680.88
347.68;333.42;-14.26;681.11
347.49;333.15;-14.34;680.64
346.12;333.65;-12.46;679.77
347.40;334.23;-13.17;681.63
347.92;333.61;-14.31;681.54
347.03;334.26;-12.76;681.29
346.98;334.03;-12.95;681.01
346.98;333.15;-13.83;680.14
348.03;333.36;-14.67;681.39
346.91;333.28;-13.63;680.19
346.87;333.91;-12.96;680.78
346.84;333.82;-13.01;680.66
346.75;333.02;-13.74;679.77
348.38;332.56;-15.82;680.94
347.85;333.21;-14.64;681.06
346.43;333.55;-12.88;679.98
348.18;332.49;-15.69;680.67
348.66;334.00;-14.66;682.66
346.49;332.44;-14.05;678.93
346.33;333.92;-12.41;680.25
347.56;333.45;-14.11;681.01
348.79;333.37;-15.42;682.16
347.74;333.30;-14.44;681.04
347.42;333.12;-14.31;680.54
346.16;331.65;-14.52;677.81
348.57;332.38;-16.19;680.95
348.22;333.00;-15.22;681.22
347.59;333.33;-14.26;680.92
348.41;333.51;-14.91;681.92
348.45;333.35;-15.10;681.79
348.12;333.53;-14.59;681.65
347.06;333.03;-14.04;680.09
348.34;333.81;-14.52;682.15
347.54;333.35;-14.19;680.89
347.95;332.22;-15.73;680.18
345.57;333.34;-12.23;678.91
348.12;333.34;-14.78;681.46
348.19;333.41;-14.79;681.60
348.60;332.36;-16.24;680.96
348.50;332.96;-15.54;681.46
347.11;333.44;-13.67;680.54
346.54;333.61;-12.93;680.15
346.02;333.48;-12.54;679.49
347.46;332.99;-14.47;680.46
345.85;333.46;-12.39;679.31
346.11;333.87;-12.24;679.98
348.61;332.92;-15.69;681.54
347.54;332.18;-15.36;679.72
345.84;332.38;-13.46;678.22
346.05;333.13;-12.92;679.18
346.06;334.18;-11.88;680.24
346.06;333.84;-12.22;679.91
348.47;333.45;-15.02;681.92
348.51;331.51;-17.00;680.01
347.84;332.88;-14.95;680.72
347.99;332.86;-15.14;680.85
348.15;333.60;-14.55;681.75
348.39;332.64;-15.76;681.03
347.79;333.09;-14.69;680.88
348.22;334.09;-14.13;682.32
348.21;332.71;-15.50;680.91
347.75;332.78;-14.98;680.53
347.87;333.14;-14.74;681.01
348.25;332.81;-15.45;681.06
348.00;333.32;-14.68;681.32
347.82;333.81;-14.01;681.62
347.68;334.41;-13.27;682.08
346.82;334.55;-12.28;681.37
346.91;333.79;-13.12;680.71
347.45;334.33;-13.12;681.78
347.29;333.49;-13.80;680.78
346.75;333.26;-13.49;680.01
348.64;333.02;-15.62;681.66
347.01;333.25;-13.75;680.26
348.04;334.22;-13.81;682.26
346.76;334.19;-12.58;680.95
346.65;333.54;-13.11;680.18
346.40;333.25;-13.15;679.65
348.39;333.49;-14.89;681.88
346.04;333.22;-12.82;679.26
347.62;334.19;-13.43;681.82
347.58;333.72;-13.86;681.31
347.56;332.09;-15.46;679.65
346.02;334.28;-11.75;680.30
346.40;333.38;-13.02;679.78
346.81;333.56;-13.24;680.37
347.06;333.61;-13.45;680.67
345.85;333.32;-12.53;679.18
347.06;334.26;-12.80;681.33
348.18;332.74;-15.44;680.92
347.09;333.15;-13.94;680.25
346.75;333.72;-13.03;680.48
348.16;333.67;-14.49;681.84
347.49;334.30;-13.19;681.79
348.25;333.06;-15.19;681.31
345.49;333.14;-12.35;678.62
347.65;332.96;-14.69;680.61
347.55;333.87;-13.68;681.42
348.06;333.91;-14.15;681.96
348.38;333.00;-15.38;681.38
347.78;333.18;-14.61;680.96
346.59;333.78;-12.81;680.38
348.36;333.29;-15.08;681.65
345.24;333.91;-11.32;679.15
345.16;333.43;-11.73;678.59
346.48;332.73;-13.75;679.21
347.84;333.95;-13.88;681.79
344.96;333.26;-11.71;678.22
347.82;333.58;-14.24;681.39
348.03;333.08;-14.95;681.11
347.87;332.47;-15.40;680.34
347.87;333.79;-14.08;681.66
347.14;334.16;-12.98;681.29
347.75;333.53;-14.22;681.28
346.66;333.07;-13.59;679.74
347.78;332.14;-15.64;679.92
348.42;333.12;-15.29;681.54
347.05;333.28;-13.77;680.34
347.38;333.52;-13.85;680.90
347.40;333.87;-13.53;681.27
347.58;333.30;-14.28;680.88
346.60;333.03;-13.57;679.63
346.44;333.52;-12.92;679.95
347.75;334.11;-13.64;681.86
346.98;334.44;-12.54;681.42
347.16;333.22;-13.94;680.38
347.05;333.15;-13.89;680.20
346.85;333.41;-13.44;680.26
346.51;333.08;-13.44;679.59
347.72;333.06;-14.65;680.78
347.70;333.51;-14.19;681.21
347.92;332.64;-15.28;680.56
347.69;332.81;-14.88;680.49
346.56;334.10;-12.46;680.66
348.04;332.77;-15.27;680.81
347.85;333.05;-14.80;680.91
347.65;332.55;-15.10;680.19
347.52;333.21;-14.31;680.73
347.55;333.58;-13.97;681.12
347.41;333.21;-14.20;680.61
345.98;334.92;-11.06;680.91
345.97;334.27;-11.70;680.24
346.79;333.46;-13.34;680.25
346.86;332.89;-13.98;679.75
347.19;334.69;-12.49;681.88
348.56;332.74;-15.82;681.31
347.24;334.29;-12.95;681.54
347.20;332.47;-14.73;679.67
347.20;333.43;-13.77;680.63
348.27;334.60;-13.67;682.87
347.35;333.04;-14.32;680.39
347.33;333.14;-14.19;680.46
347.44;333.31;-14.13;680.74
347.62;333.44;-14.18;681.06
346.95;334.01;-12.94;680.96
346.99;333.05;-13.94;680.04
347.81;333.04;-14.78;680.85
346.71;333.46;-13.25;680.18
346.51;332.26;-14.25;678.77
347.70;333.41;-14.29;681.11
346.51;333.61;-12.91;680.12
347.82;332.42;-15.39;680.24
348.18;333.35;-14.83;681.52
348.03;332.60;-15.43;680.63
348.02;332.82;-15.20;680.85
346.22;333.27;-12.95;679.49
347.56;333.58;-13.98;681.14
348.22;333.08;-15.15;681.30
347.66;332.92;-14.74;680.58
347.73;333.43;-14.30;681.16
347.95;333.17;-14.78;681.12
347.24;333.07;-14.17;680.31
347.26;333.18;-14.08;680.44
346.99;333.37;-13.62;680.36
346.55;333.24;-13.32;679.79
345.50;334.13;-11.37;679.63
347.10;332.97;-14.13;680.07
347.70;333.99;-13.71;681.69
348.14;332.62;-15.52;680.76
348.37;333.51;-14.86;681.88
348.26;332.69;-15.57;680.95
347.22;332.65;-14.58;679.87
344.91;333.31;-11.61;678.22
346.55;333.56;-12.99;680.12
346.68;334.91;-11.77;681.59
346.74;334.13;-12.61;680.87
346.59;332.94;-13.65;679.53
347.69;333.89;-13.80;681.59
346.43;334.69;-11.74;681.12
346.26;332.99;-13.28;679.25
347.25;333.84;-13.41;681.08
347.75;334.42;-13.33;682.16
348.21;333.89;-14.32;682.10
347.52;331.98;-15.54;679.51
347.76;333.24;-14.52;680.99
347.55;333.18;-14.37;680.72
348.08;334.04;-14.04;682.12
347.28;334.32;-12.96;681.60
347.39;334.32;-13.06;681.71
346.91;334.04;-12.88;680.95
347.32;333.96;-13.35;681.28
347.22;333.35;-13.87;680.58
346.64;334.38;-12.26;681.02
346.25;333.39;-12.86;679.64
347.27;333.32;-13.95;680.59
347.21;333.94;-13.27;681.15
347.24;333.70;-13.54;680.94
347.13;334.70;-12.43;681.83
348.29;333.15;-15.14;681.44
347.02;333.94;-13.08;680.96
347.02;334.14;-12.88;681.16
347.08;334.08;-13.00;681.15
346.95;334.00;-12.95;680.95
346.89;333.89;-13.00;680.78
346.92;333.73;-13.19;680.65
346.78;333.92;-12.86;680.70
347.79;333.52;-14.28;681.31
346.58;333.51;-13.07;680.08
346.58;333.44;-13.15;680.02
346.44;334.11;-12.34;680.55
348.11;333.95;-14.15;682.06
347.69;333.68;-14.01;681.38
346.43;333.21;-13.22;679.64
348.68;333.92;-14.76;682.61
346.34;333.69;-12.65;680.02
346.27;333.47;-12.80;679.74
348.17;333.71;-14.46;681.88
346.22;332.47;-13.75;678.69
346.24;333.42;-12.82;679.65
346.11;333.21;-12.90;679.32
346.02;333.31;-12.71;679.33
348.36;333.19;-15.17;681.56
347.26;333.30;-13.96;680.56
347.75;333.98;-13.76;681.73
347.78;332.74;-15.04;680.52
345.69;333.02;-12.68;678.71
347.64;332.36;-15.28;680.00
346.98;333.92;-13.05;680.90
347.51;332.61;-14.89;680.12
347.94;333.14;-14.79;681.08
347.26;333.85;-13.41;681.11
347.65;332.85;-14.79;680.50
347.29;332.96;-14.33;680.25
348.62;333.66;-14.96;682.29
348.42;332.92;-15.51;681.34
346.45;333.38;-13.07;679.82
345.36;333.79;-11.57;679.15
347.83;333.26;-14.57;681.09
347.92;333.12;-14.81;681.04
348.44;332.78;-15.66;681.22
347.38;332.89;-14.49;680.27
348.53;332.83;-15.70;681.36
347.67;333.62;-14.05;681.29
347.90;332.49;-15.41;680.39
346.68;334.24;-12.45;680.92
348.68;333.70;-14.98;682.38
348.47;333.31;-15.16;681.78
347.92;333.07;-14.85;680.99
345.68;333.30;-12.38;678.98
347.13;332.92;-14.21;680.05
348.23;333.32;-14.91;681.55
347.32;331.47;-15.85;678.79
348.61;332.81;-15.80;681.41
345.90;333.57;-12.33;679.47
346.02;333.80;-12.22;679.82
347.85;334.14;-13.72;681.99
348.29;333.56;-14.73;681.85
347.17;334.13;-13.04;681.30
347.50;333.71;-13.79;681.21
348.11;333.39;-14.72;681.51
347.69;333.00;-14.69;680.69
345.91;333.12;-12.79;679.03
346.01;333.70;-12.31;679.71
347.75;333.15;-14.61;680.90
347.51;333.67;-13.84;681.18
345.86;332.98;-12.88;678.84
345.93;332.91;-13.02;678.84
348.36;332.87;-15.49;681.24
348.01;332.82;-15.18;680.83
345.69;333.33;-12.36;679.02
345.65;333.81;-11.84;679.46
345.66;333.02;-12.64;678.69
347.28;332.96;-14.32;680.24
347.85;332.61;-15.24;680.46
347.54;332.69;-14.84;680.23
347.95;333.17;-14.78;681.12
348.04;333.13;-14.91;681.17
347.74;333.15;-14.59;680.88
348.62;333.47;-15.15;682.09
348.24;330.95;-17.28;679.19
348.10;332.62;-15.48;680.72
347.90;333.04;-14.86;680.94
348.14;333.25;-14.88;681.39
348.66;333.13;-15.53;681.79
347.78;332.69;-15.09;680.46
348.63;332.61;-16.02;681.24
348.26;332.45;-15.81;680.71
348.29;332.20;-16.09;680.49
348.32;332.30;-16.02;680.62
347.96;332.13;-15.84;680.09
348.32;332.83;-15.49;681.15
347.72;332.60;-15.12;680.32
347.75;332.58;-15.17;680.34
345.17;332.52;-12.65;677.69
348.16;333.23;-14.94;681.39
346.61;332.58;-14.03;679.18
347.77;332.48;-15.29;680.25
349.00;332.81;-16.19;681.81
347.71;332.95;-14.76;680.66
348.20;333.25;-14.95;681.45
348.18;332.78;-15.40;680.95
346.45;333.13;-13.32;679.58
347.16;333.36;-13.80;680.53
346.61;333.73;-12.88;680.34
346.38;332.85;-13.52;679.23
347.66;332.80;-14.86;680.46
346.26;333.00;-13.26;679.26
348.35;332.58;-15.78;680.93
347.43;333.24;-14.19;680.66
348.39;332.86;-15.53;681.25
347.11;333.52;-13.59;680.63
346.91;332.98;-13.93;679.89
347.50;333.14;-14.36;680.64
348.65;333.06;-15.59;681.72
348.42;334.39;-14.02;682.81
347.26;333.15;-14.11;680.41
348.07;333.39;-14.68;681.46
347.30;332.76;-14.54;680.06
347.32;333.98;-13.35;681.30
347.30;333.49;-13.81;680.79
347.30;333.28;-14.02;680.58
348.58;332.62;-15.96;681.19
347.21;333.24;-13.98;680.45
347.21;332.68;-14.53;679.89
348.14;334.01;-14.13;682.14
348.69;332.51;-16.18;681.19
348.73;333.28;-15.45;682.01
348.36;333.83;-14.53;682.19
346.89;333.06;-13.83;679.95
346.81;333.66;-13.15;680.48
346.88;333.05;-13.82;679.93
346.78;333.99;-12.78;680.77
346.51;332.47;-14.04;678.98
348.44;333.58;-14.85;682.02
346.05;333.65;-12.41;679.70
348.76;333.54;-15.22;682.29
346.62;332.95;-13.67;679.58
346.62;333.38;-13.24;679.99
347.92;333.98;-13.95;681.90
347.94;333.54;-14.41;681.48
348.81;334.61;-14.20;683.42
348.51;334.01;-14.50;682.52
346.32;332.44;-13.88;678.75
346.36;331.91;-14.45;678.28
347.62;333.24;-14.38;680.86
347.71;333.70;-14.01;681.41
346.06;333.22;-12.84;679.28
348.15;333.31;-14.84;681.45
346.07;333.64;-12.43;679.71
345.82;333.65;-12.16;679.47
347.45;332.25;-15.21;679.70
345.94;333.49;-12.44;679.43
347.76;332.89;-14.87;680.66
347.88;334.24;-13.65;682.12
348.32;333.18;-15.14;681.51
347.37;334.44;-12.94;681.81
347.39;333.53;-13.86;680.92
347.44;333.16;-14.27;680.60
347.59;333.69;-13.90;681.29
346.96;333.26;-13.70;680.22
348.00;332.94;-15.06;680.94
347.70;333.58;-14.12;681.28
347.92;332.61;-15.31;680.53
347.62;332.73;-14.89;680.35
347.82;333.00;-14.82;680.82
345.22;333.56;-11.66;678.79
346.60;334.75;-11.85;681.35
346.23;332.90;-13.33;679.13
347.85;333.22;-14.64;681.07
347.96;333.24;-14.72;681.19
347.22;333.98;-13.24;681.21
346.72;333.94;-12.78;680.66
347.89;333.78;-14.11;681.67
346.61;333.41;-13.19;680.02
347.64;334.71;-12.94;682.35
347.94;334.05;-13.89;681.98
347.55;334.21;-13.35;681.76
347.74;333.51;-14.23;681.25
347.85;333.52;-14.34;681.37
344.66;334.75;-9.91;679.42
347.58;333.29;-14.29;680.86
347.78;333.05;-14.73;680.84
347.73;333.35;-14.38;681.08
347.58;333.05;-14.54;680.63
346.94;333.96;-12.98;680.91
346.42;333.59;-12.82;680.01
346.66;333.60;-13.06;680.26
344.69;333.46;-11.23;678.15
346.94;333.49;-13.45;680.44
346.40;334.11;-12.29;680.51
346.66;334.05;-12.61;680.72
346.15;334.54;-11.61;680.69
347.51;333.34;-14.16;680.85
347.61;332.72;-14.89;680.32
347.84;334.19;-13.65;682.02
346.64;333.49;-13.15;680.13
345.89;334.95;-10.95;680.84
347.86;333.09;-14.77;680.96
347.36;333.69;-13.68;681.05
347.43;333.48;-13.95;680.91
347.35;333.28;-14.07;680.62
347.62;333.08;-14.54;680.71
347.38;333.32;-14.06;680.70
347.52;333.43;-14.09;680.95
347.48;333.08;-14.40;680.56
347.54;333.43;-14.11;680.96
347.57;333.44;-14.14;681.01
347.47;334.05;-13.42;681.52
347.36;333.76;-13.60;681.13
347.02;333.86;-13.16;680.89
347.44;334.49;-12.95;681.94
347.42;333.59;-13.83;681.02
347.51;333.84;-13.67;681.35
347.36;333.71;-13.66;681.07
347.18;333.51;-13.67;680.68
347.35;334.39;-12.96;681.74
347.93;333.28;-14.65;681.21
347.65;333.09;-14.56;680.74
347.10;334.23;-12.87;681.33
347.07;333.55;-13.52;680.62
347.09;333.36;-13.73;680.45
346.88;333.21;-13.67;680.09
346.79;333.31;-13.48;680.09
346.48;334.25;-12.23;680.72
346.86;333.88;-12.99;680.74
348.02;333.88;-14.14;681.91
348.44;333.26;-15.18;681.70
347.77;332.89;-14.88;680.66
347.78;333.32;-14.45;681.10
348.45;333.84;-14.62;682.29
346.18;333.29;-12.89;679.48
346.35;333.39;-12.96;679.75
348.21;333.95;-14.25;682.16
348.04;334.15;-13.89;682.19
347.91;333.86;-14.05;681.78
348.01;333.75;-14.26;681.75
346.21;333.23;-12.98;679.44
346.17;333.52;-12.65;679.69
348.36;333.76;-14.59;682.12
348.49;333.16;-15.32;681.65
347.82;333.46;-14.36;681.28
346.05;333.40;-12.65;679.45
346.03;332.24;-13.79;678.27
347.44;333.43;-14.01;680.87
345.99;334.09;-11.90;680.09
348.28;332.51;-15.76;680.79
348.18;333.02;-15.16;681.19
346.11;331.92;-14.18;678.03
347.62;332.34;-15.28;679.95
346.26;333.31;-12.96;679.57
347.56;333.79;-13.77;681.36
348.32;333.41;-14.91;681.74
346.42;334.46;-11.96;680.88
346.36;334.16;-12.21;680.52
346.44;334.35;-12.09;680.79
346.41;333.59;-12.82;680.00
347.74;334.09;-13.64;681.83
346.41;331.99;-14.41;678.40
347.06;334.44;-12.62;681.49
348.32;334.13;-14.19;682.45
347.62;333.96;-13.66;681.58
348.02;333.73;-14.29;681.75
347.12;332.97;-14.15;680.09
346.08;334.16;-11.92;680.24
348.55;333.11;-15.44;681.66
345.91;331.68;-14.23;677.58
345.91;333.48;-12.44;679.39
348.02;333.66;-14.36;681.68
345.96;333.74;-12.22;679.69
348.42;332.37;-16.05;680.79
348.27;332.97;-15.30;681.24
348.39;333.01;-15.38;681.41
346.06;334.35;-11.71;680.41
347.62;333.59;-14.03;681.22
345.98;333.00;-12.98;678.98
347.56;333.48;-14.08;681.04
347.46;334.24;-13.22;681.69
347.69;333.92;-13.77;681.62
348.25;334.34;-13.92;682.59
348.05;334.07;-13.98;682.12
347.46;333.39;-14.08;680.85
347.86;333.38;-14.48;681.24
347.44;332.94;-14.49;680.38
347.51;333.34;-14.18;680.85
348.85;333.59;-15.25;682.44
347.91;333.48;-14.42;681.39
348.21;333.62;-14.58;681.83
348.24;333.27;-14.96;681.51
347.68;333.51;-14.17;681.19
347.39;333.69;-13.70;681.08
345.26;333.92;-11.34;679.18
346.18;333.44;-12.75;679.62
345.79;333.52;-12.27;679.32
346.13;334.65;-11.48;680.78
345.58;333.60;-11.98;679.18
345.84;334.26;-11.58;680.10
345.84;334.21;-11.63;680.05
347.65;333.46;-14.18;681.11
347.71;334.15;-13.56;681.86
345.80;333.95;-11.85;679.75
345.74;333.51;-12.23;679.24
347.86;333.16;-14.70;681.02
348.28;333.09;-15.19;681.38
347.45;334.07;-13.38;681.52
347.05;333.24;-13.81;680.28
347.95;334.14;-13.81;682.09
347.68;333.91;-13.78;681.59
347.64;334.44;-13.20;682.08
347.44;333.58;-13.86;681.01
345.62;334.25;-11.37;679.86
347.35;332.99;-14.36;680.34
347.32;334.05;-13.27;681.38
345.64;334.48;-11.15;680.12
345.54;333.26;-12.27;678.80
348.01;333.39;-14.62;681.39
347.57;333.83;-13.74;681.40
345.62;332.66;-12.96;678.28
347.80;334.47;-13.33;682.27
347.94;333.25;-14.69;681.19
347.05;334.34;-12.71;681.39
345.59;334.05;-11.55;679.64
345.52;334.32;-11.20;679.85
347.51;333.67;-13.84;681.18
348.06;333.13;-14.93;681.19
348.41;333.61;-14.80;682.02
347.92;333.75;-14.17;681.68
346.86;334.04;-12.83;680.90
347.43;333.96;-13.46;681.39
346.44;333.83;-12.61;680.27
347.49;333.86;-13.63;681.35
347.52;335.31;-12.21;682.84
347.53;333.72;-13.81;681.25
347.61;333.16;-14.45;680.77
347.39;334.04;-13.36;681.43
347.61;333.98;-13.63;681.59
347.26;333.38;-13.88;680.65
346.56;333.70;-12.86;680.26
347.44;333.39;-14.04;680.83
346.39;333.61;-12.78;680.01
347.80;333.68;-14.12;681.48
347.01;332.25;-14.75;679.26
347.58;333.92;-13.66;681.51
347.55;333.48;-14.08;681.03
347.72;334.01;-13.72;681.73
347.49;333.96;-13.53;681.46
347.65;333.32;-14.32;680.97
347.48;333.89;-13.58;681.37
347.48;333.28;-14.20;680.75
347.44;333.16;-14.28;680.61
346.88;333.66;-13.22;680.55
347.36;333.63;-13.74;680.99
345.79;334.41;-11.39;680.20
346.37;334.62;-11.75;680.99
347.71;333.78;-13.93;681.49
346.56;334.07;-12.49;680.63
346.88;334.45;-12.42;681.33
347.05;334.43;-12.62;681.48
347.07;333.52;-13.55;680.59
347.01;334.15;-12.86;681.16
346.94;334.35;-12.59;681.28
347.05;333.96;-13.09;681.01
348.36;332.44;-15.92;680.81
348.12;333.23;-14.89;681.35
346.87;334.13;-12.74;681.00
346.75;333.78;-12.97;680.54
346.75;333.58;-13.18;680.33
346.50;334.02;-12.48;680.52
346.60;332.66;-13.94;679.26
346.48;333.35;-13.13;679.82
346.33;333.91;-12.42;680.24
346.22;334.04;-12.19;680.26
346.26;333.74;-12.52;679.99
348.23;333.39;-14.84;681.62
347.86;333.81;-14.05;681.67
346.65;333.03;-13.62;679.68
348.41;333.75;-14.66;682.15
347.72;333.06;-14.66;680.79
348.42;333.81;-14.61;682.23
347.27;332.85;-14.42;680.12
345.44;333.55;-11.89;678.99
345.36;333.94;-11.43;679.30
345.25;332.73;-12.52;677.98
348.08;333.92;-14.16;682.01
348.05;333.84;-14.21;681.89
347.87;333.24;-14.64;681.11
348.00;332.32;-15.68;680.32
348.54;331.73;-16.81;680.27
347.86;331.92;-15.95;679.78
347.41;333.29;-14.12;680.70
346.64;334.35;-12.29;680.99
348.64;333.60;-15.04;682.24
347.54;332.72;-14.82;680.25
348.51;332.91;-15.60;681.41
347.22;332.89;-14.33;680.11
347.24;333.36;-13.87;680.60
347.08;333.56;-13.52;680.65
347.15;334.08;-13.06;681.23
348.34;333.11;-15.22;681.45
348.29;333.54;-14.76;681.83
346.92;332.61;-14.31;679.53
348.35;333.50;-14.85;681.85
347.13;333.49;-13.64;680.62
348.55;332.55;-16.00;681.11
347.03;332.81;-14.22;679.84
346.89;333.62;-13.28;680.51
348.55;332.62;-15.94;681.17
346.78;332.38;-14.41;679.16
348.13;333.71;-14.42;681.84
348.76;332.82;-15.94;681.59
349.11;333.56;-15.55;682.67
348.22;333.17;-15.05;681.39
348.49;333.09;-15.39;681.58
347.83;333.15;-14.68;680.98
348.58;333.46;-15.11;682.04
348.15;333.02;-15.12;681.17
347.94;332.45;-15.49;680.39
347.77;332.80;-14.97;680.57
347.45;333.51;-13.94;680.96
346.64;333.90;-12.74;680.54
346.44;333.72;-12.72;680.15
346.63;333.46;-13.17;680.09
348.06;332.54;-15.52;680.59
347.73;333.34;-14.39;681.06
348.45;333.51;-14.94;681.95
347.36;332.99;-14.36;680.35
345.41;333.72;-11.68;679.13
347.64;332.76;-14.88;680.41
347.34;333.74;-13.59;681.08
346.63;332.95;-13.68;679.58
346.55;333.29;-13.26;679.84
348.39;333.97;-14.42;682.36
347.75;332.74;-15.02;680.49
345.17;333.53;-11.64;678.70
348.92;332.91;-16.02;681.83
347.24;332.71;-14.53;679.94
345.05;332.65;-12.39;677.70
347.14;333.85;-13.28;680.99
347.78;333.62;-14.16;681.41
347.86;333.35;-14.51;681.21
347.86;333.34;-14.52;681.20
347.81;332.85;-14.96;680.66
347.80;333.88;-13.92;681.68
347.89;332.35;-15.54;680.25
347.62;333.48;-14.14;681.09
347.58;333.91;-13.68;681.49
347.69;333.28;-14.41;680.98
347.51;332.96;-14.55;680.48
347.46;333.13;-14.34;680.59
347.28;333.70;-13.58;680.98
347.24;333.68;-13.56;680.92
348.16;333.49;-14.67;681.66
347.03;334.11;-12.92;681.14
346.53;333.41;-13.12;679.94
347.04;333.91;-13.14;680.95
346.92;333.95;-12.98;680.87
346.86;334.16;-12.70;681.03
346.41;334.26;-12.15;680.66
347.56;333.96;-13.61;681.52
348.06;333.26;-14.79;681.32
347.15;332.88;-14.27;680.02
346.66;333.84;-12.83;680.50
346.46;333.41;-13.06;679.87
346.54;333.42;-13.11;679.96
346.39;333.58;-12.81;679.96
348.12;333.51;-14.61;681.62
346.41;332.56;-13.84;678.97
346.34;333.41;-12.92;679.75
346.32;333.64;-12.68;679.96
346.32;333.63;-12.69;679.95
347.95;333.65;-14.30;681.59
347.65;333.16;-14.48;680.81
346.06;333.91;-12.15;679.98
347.90;332.95;-14.95;680.85
347.37;334.12;-13.25;681.49
346.15;333.06;-13.09;679.22
346.20;333.71;-12.49;679.91
346.13;333.59;-12.54;679.72
347.86;333.87;-13.99;681.73
347.53;333.18;-14.35;680.71
346.22;333.74;-12.48;679.95
346.15;333.26;-12.89;679.41
347.28;333.64;-13.64;680.92
346.15;332.22;-13.93;678.38
346.04;331.86;-14.18;677.90
345.98;334.24;-11.74;680.22
347.23;333.51;-13.72;680.74
345.94;333.76;-12.18;679.70
347.74;332.69;-15.05;680.44
345.86;333.28;-12.58;679.14
345.76;333.56;-12.20;679.33
347.50;334.05;-13.45;681.55
347.56;333.33;-14.24;680.89
348.04;334.22;-13.82;682.26
347.26;333.05;-14.21;680.31
347.69;333.24;-14.45;680.92
347.38;333.14;-14.24;680.51
346.62;333.65;-12.98;680.27
345.47;333.41;-12.06;678.88
347.35;334.38;-12.97;681.74
347.38;333.23;-14.15;680.61
347.40;333.89;-13.51;681.29
347.94;334.36;-13.58;682.31
347.08;333.52;-13.56;680.61
347.51;333.77;-13.74;681.28
347.11;333.86;-13.25;680.97
347.75;333.45;-14.30;681.19
347.79;333.69;-14.11;681.48
347.51;333.13;-14.38;680.64
348.04;334.45;-13.58;682.49
347.84;334.24;-13.60;682.08
347.62;333.96;-13.66;681.58
348.26;333.58;-14.68;681.84
346.82;333.75;-13.07;680.58
345.01;334.52;-10.49;679.54
345.11;334.34;-10.76;679.45
347.46;334.04;-13.42;681.51
347.19;333.76;-13.43;680.96
346.54;333.65;-12.89;680.19
347.62;333.62;-13.99;681.24
347.37;333.71;-13.66;681.08
346.82;332.41;-14.41;679.24
346.41;333.63;-12.78;680.04
348.04;333.29;-14.75;681.33
347.21;333.54;-13.67;680.74
347.12;333.96;-13.15;681.08
346.45;335.26;-11.18;681.71
347.35;334.26;-13.09;681.62
344.94;333.68;-11.26;678.62
347.46;333.82;-13.64;681.29
347.24;333.24;-13.99;680.48
345.01;333.29;-11.72;678.29
347.99;334.27;-13.72;682.26
347.62;333.35;-14.28;680.97
347.74;334.09;-13.65;681.83
347.83;334.01;-13.82;681.84
347.43;333.80;-13.63;681.23
347.49;332.82;-14.67;680.32
347.40;333.89;-13.51;681.29
347.38;333.46;-13.92;680.84
347.62;332.54;-15.08;680.15
347.62;333.81;-13.81;681.42
346.86;333.75;-13.11;680.61
347.44;333.74;-13.70;681.17
347.54;334.28;-13.25;681.82
345.12;332.74;-12.38;677.85
346.50;333.29;-13.21;679.79
347.09;334.03;-13.06;681.12
347.26;333.88;-13.38;681.14
347.70;332.89;-14.81;680.59
345.18;333.83;-11.35;679.01
347.52;333.72;-13.81;681.24
347.29;333.36;-13.92;680.65
347.48;334.49;-12.99;681.96
347.61;333.87;-13.74;681.48
347.31;332.96;-14.35;680.26
347.82;333.56;-14.25;681.38
346.80;333.24;-13.56;680.04
347.71;333.38;-14.33;681.08
347.56;333.38;-14.18;680.94
347.71;334.46;-13.25;682.16
347.39;333.24;-14.15;680.62
347.87;333.90;-13.97;681.77
347.29;334.16;-13.12;681.45
346.82;334.71;-12.11;681.54
346.15;333.54;-12.61;679.69
347.34;334.40;-12.94;681.74
347.97;332.91;-15.06;680.88
346.79;332.73;-14.06;679.52
347.07;333.38;-13.69;680.45
347.80;334.18;-13.62;681.98
347.05;333.95;-13.09;681.00
347.24;334.47;-12.76;681.71
348.09;333.37;-14.72;681.46
346.18;333.88;-12.30;680.05
345.69;333.24;-12.45;678.94
346.95;333.30;-13.65;680.25
346.78;332.66;-14.12;679.45
346.81;332.49;-14.32;679.29
346.80;332.22;-14.58;679.02
347.44;333.72;-13.71;681.16
347.94;333.65;-14.29;681.58
346.60;332.76;-13.84;679.36
346.48;333.52;-12.96;679.99
346.48;333.31;-13.17;679.78
347.93;333.40;-14.53;681.33
346.28;333.04;-13.24;679.32
347.90;334.13;-13.77;682.03
348.07;332.99;-15.08;681.06
345.86;334.11;-11.75;679.96
347.70;334.09;-13.61;681.79
347.12;333.21;-13.91;680.34
347.47;333.49;-13.98;680.96
346.72;333.86;-12.86;680.59
346.32;333.32;-13.00;679.64
346.65;333.58;-13.06;680.23
347.37;334.41;-12.96;681.78
347.91;333.23;-14.68;681.14
347.97;332.72;-15.25;680.69
347.42;332.84;-14.59;680.26
348.14;333.52;-14.62;681.65
347.87;332.85;-15.02;680.72
347.84;333.55;-14.28;681.39
347.82;332.90;-14.92;680.72
347.86;333.11;-14.75;680.96
347.69;333.48;-14.21;681.16
347.64;333.08;-14.55;680.72
347.50;333.42;-14.08;680.92
348.50;333.60;-14.90;682.10
347.40;333.56;-13.84;680.96
347.35;332.90;-14.45;680.25
347.48;334.33;-13.15;681.81
346.94;334.28;-12.65;681.22
347.37;333.58;-13.79;680.95
347.39;333.05;-14.34;680.45
347.46;333.40;-14.06;680.86
347.32;333.96;-13.36;681.28
347.36;333.66;-13.70;681.02
347.47;332.97;-14.50;680.44
347.56;333.43;-14.14;680.99
347.60;333.50;-14.10;681.10
347.03;334.10;-12.93;681.13
346.98;333.33;-13.65;680.31
348.28;334.12;-14.16;682.41
347.52;333.25;-14.27;680.78
347.41;332.56;-14.85;679.98
347.47;333.11;-14.36;680.58
348.15;333.59;-14.56;681.74
347.78;334.48;-13.30;682.25
347.35;333.37;-13.98;680.72
347.38;332.98;-14.40;680.36
347.23;334.15;-13.08;681.38
346.99;333.32;-13.67;680.32
347.23;333.41;-13.82;680.64
347.25;332.84;-14.41;680.09
347.28;334.54;-12.74;681.82
347.44;333.31;-14.12;680.75
347.45;333.72;-13.74;681.17
347.44;334.13;-13.31;681.57
347.38;332.81;-14.58;680.19
347.44;332.64;-14.81;680.08
347.27;332.91;-14.36;680.18
348.46;332.44;-16.03;680.90
347.05;332.25;-14.80;679.29
347.16;333.54;-13.62;680.69
347.02;333.05;-13.97;680.06
346.95;332.08;-14.86;679.03
346.93;332.55;-14.38;679.48
346.88;333.05;-13.84;679.93
346.78;333.90;-12.88;680.68
346.86;333.98;-12.88;680.85
346.63;334.22;-12.41;680.85
346.65;333.48;-13.16;680.13
346.50;333.38;-13.12;679.88
346.08;333.40;-12.68;679.48
346.42;333.95;-12.48;680.37
346.25;333.69;-12.55;679.94
346.18;333.71;-12.48;679.89
348.06;333.21;-14.86;681.27
348.31;332.99;-15.32;681.31
346.12;332.94;-13.19;679.06
345.93;333.08;-12.85;679.01
348.56;333.35;-15.21;681.92
348.25;332.69;-15.56;680.94
348.30;333.48;-14.82;681.78
347.14;332.34;-14.80;679.47
347.22;333.19;-14.04;680.41
347.28;333.18;-14.09;680.46
345.47;333.11;-12.36;678.58
347.04;333.08;-13.95;680.12
348.09;332.71;-15.39;680.80
347.89;332.82;-15.07;680.72
347.87;333.08;-14.79;680.95
348.02;333.41;-14.61;681.44
348.13;333.27;-14.86;681.40
348.08;333.67;-14.41;681.75
347.76;333.76;-14.00;681.52
347.93;333.79;-14.14;681.72
348.36;333.17;-15.19;681.53
347.26;333.17;-14.09;680.44
348.46;332.98;-15.49;681.44
348.25;332.89;-15.35;681.14
347.78;333.18;-14.60;680.95
348.58;333.61;-14.98;682.19
346.84;333.48;-13.35;680.32
346.69;333.26;-13.44;679.95
349.42;332.77;-16.65;682.19
348.55;332.79;-15.75;681.34
348.28;332.59;-15.69;680.88
348.20;332.65;-15.55;680.85
347.84;332.78;-15.06;680.62
348.18;332.90;-15.28;681.08
346.77;333.39;-13.38;680.16
346.53;332.97;-13.56;679.50
347.74;332.20;-15.54;679.94
347.36;333.07;-14.29;680.44
347.12;333.04;-14.08;680.16
347.79;333.98;-13.81;681.76
347.94;333.38;-14.56;681.32
347.16;334.57;-12.59;681.74
347.52;333.31;-14.22;680.83
347.42;333.25;-14.17;680.66
347.54;333.06;-14.48;680.59
347.51;332.60;-14.91;680.11
347.02;333.62;-13.41;680.64
346.67;332.98;-13.69;679.65
346.71;334.31;-12.40;681.02
347.28;332.87;-14.41;680.15
346.84;332.66;-14.18;679.49
346.96;334.60;-12.36;681.56
346.91;334.12;-12.79;681.02
346.44;334.04;-12.41;680.48
346.92;333.07;-13.85;679.99
346.82;334.42;-12.40;681.25
346.80;333.65;-13.15;680.45
346.64;333.74;-12.90;680.37
347.96;334.08;-13.89;682.04
348.03;332.76;-15.27;680.79
348.26;333.64;-14.62;681.91
347.99;333.34;-14.65;681.34
348.09;333.72;-14.36;681.81
346.12;332.44;-13.68;678.55
346.05;333.61;-12.44;679.65
348.39;333.69;-14.69;682.08
347.59;333.42;-14.18;681.01
348.13;333.08;-15.05;681.21
348.01;334.20;-13.81;682.21
347.99;332.68;-15.32;680.67
348.44;333.31;-15.13;681.75
348.39;333.65;-14.74;682.05
347.88;332.98;-14.89;680.86
348.34;332.95;-15.39;681.28
348.16;333.21;-14.95;681.38
347.82;333.12;-14.69;680.94
347.91;333.01;-14.89;680.92
347.94;333.37;-14.56;681.31
347.11;332.32;-14.79;679.44
347.28;332.64;-14.64;679.91
347.12;332.79;-14.32;679.91
347.46;334.02;-13.44;681.48
348.12;332.79;-15.33;680.91
348.08;333.76;-14.32;681.84
347.48;334.31;-13.17;681.79
347.73;332.47;-15.26;680.20
347.90;333.32;-14.58;681.22
347.84;333.80;-14.04;681.64
347.65;333.25;-14.39;680.90
347.76;333.82;-13.94;681.58
347.71;333.29;-14.42;681.01
347.55;333.75;-13.81;681.30
347.57;333.73;-13.84;681.30
347.19;333.82;-13.37;681.01
347.31;332.84;-14.46;680.15
347.51;332.54;-14.97;680.04
347.88;332.55;-15.33;680.44
347.35;333.15;-14.20;680.49
347.24;333.46;-13.78;680.71
347.24;332.63;-14.61;679.87
347.16;333.28;-13.89;680.44
346.86;334.10;-12.76;680.96
346.01;333.25;-12.76;679.26
347.93;332.82;-15.11;680.75
346.56;333.91;-12.65;680.46
347.03;334.55;-12.48;681.58
347.92;333.73;-14.19;681.65
346.98;334.06;-12.91;681.04
346.68;334.03;-12.65;680.71
346.48;333.05;-13.44;679.53
346.91;333.94;-12.97;680.85
346.90;333.54;-13.36;680.44
345.81;334.01;-11.79;679.82
347.35;332.87;-14.48;680.22
346.97;332.72;-14.25;679.69
347.09;334.05;-13.04;681.14
347.00;333.35;-13.65;680.35
347.01;332.90;-14.11;679.91
348.00;333.11;-14.89;681.11
346.96;333.24;-13.72;680.19
346.98;333.11;-13.86;680.09
346.86;333.53;-13.33;680.39
347.93;334.52;-13.41;682.45
348.26;333.22;-15.04;681.48
346.90;332.56;-14.34;679.46
346.91;333.88;-13.03;680.79
346.89;333.87;-13.02;680.76
346.85;334.51;-12.34;681.36
346.82;333.58;-13.25;680.40
346.53;333.04;-13.49;679.56
346.61;333.67;-12.94;680.28
346.88;332.92;-13.96;679.79
347.97;333.41;-14.56;681.38
346.64;334.18;-12.46;680.81
346.69;333.76;-12.94;680.45
346.54;333.60;-12.94;680.14
348.28;334.42;-13.86;682.70
346.51;333.96;-12.54;680.47
346.50;333.81;-12.69;680.31
347.94;333.39;-14.55;681.32
346.26;333.61;-12.66;679.87
348.55;333.52;-15.03;682.06
346.08;333.72;-12.36;679.80
348.29;332.42;-15.88;680.71
347.94;333.51;-14.42;681.45
345.93;333.52;-12.41;679.45
347.56;333.67;-13.89;681.23
348.24;333.94;-14.31;682.18
347.84;333.98;-13.86;681.82
348.18;332.14;-16.04;680.32
348.06;332.80;-15.26;680.86
345.78;334.59;-11.19;680.38
347.46;334.17;-13.29;681.64
345.48;333.30;-12.18;678.78
347.97;333.95;-14.02;681.92
347.76;333.24;-14.52;681.00
348.06;333.78;-14.28;681.85
347.75;333.17;-14.58;680.92
347.05;333.96;-13.08;681.01
345.37;333.92;-11.45;679.29
346.94;334.15;-12.79;681.09
345.15;335.23;-9.92;680.38
347.42;334.23;-13.19;681.65
347.23;333.37;-13.86;680.60
346.02;333.50;-12.52;679.52
347.77;333.81;-13.96;681.58
347.53;333.96;-13.56;681.49
347.33;333.70;-13.63;681.03
347.16;333.06;-14.09;680.22
347.74;334.46;-13.28;682.21
347.68;333.78;-13.89;681.46
348.35;333.14;-15.21;681.49
347.64;333.09;-14.55;680.72
347.00;333.11;-13.89;680.11
347.59;333.47;-14.12;681.06
347.76;333.64;-14.12;681.41
347.27;333.28;-13.99;680.55
346.70;333.32;-13.38;680.02
346.11;334.27;-11.84;680.38
347.75;333.29;-14.45;681.04
347.44;334.65;-12.79;682.08
347.35;333.56;-13.79;680.91
346.98;333.58;-13.40;680.55
346.98;332.49;-14.49;679.46
346.76;334.06;-12.71;680.82
348.12;334.23;-13.89;682.35
348.03;332.87;-15.16;680.90
347.25;333.51;-13.74;680.76
347.74;333.56;-14.17;681.30
347.21;333.36;-13.85;680.58
347.20;333.52;-13.68;680.72
347.81;333.23;-14.58;681.04
347.67;333.18;-14.49;680.85
347.35;333.82;-13.54;681.17
346.85;334.62;-12.23;681.48
346.13;333.96;-12.16;680.09
347.11;334.46;-12.64;681.57
347.32;334.72;-12.61;682.04
347.81;333.51;-14.29;681.32
347.18;333.41;-13.77;680.58
347.06;333.12;-13.94;680.18
347.03;333.46;-13.57;680.49
346.92;333.37;-13.55;680.29
347.00;333.18;-13.82;680.18
347.65;333.95;-13.70;681.61
347.27;332.85;-14.42;680.12
346.82;334.11;-12.72;680.93
346.50;333.91;-12.59;680.41
346.59;334.13;-12.46;680.72
346.64;334.14;-12.50;680.77
347.73;332.51;-15.22;680.24
347.81;333.64;-14.17;681.44
346.59;333.64;-12.95;680.23
346.58;333.82;-12.76;680.41
348.45;333.57;-14.88;682.02
347.35;333.58;-13.76;680.93
348.15;334.48;-13.68;682.63
347.99;332.79;-15.21;680.78
347.23;333.94;-13.29;681.16
346.60;334.06;-12.54;680.66
346.59;334.25;-12.34;680.84
346.50;332.44;-14.06;678.94
348.78;333.72;-15.06;682.49
348.12;334.01;-14.11;682.13
348.11;334.16;-13.95;682.27
348.79;333.55;-15.24;682.34
346.46;333.67;-12.79;680.14
348.24;333.51;-14.73;681.74
346.38;333.95;-12.42;680.33
347.96;334.11;-13.85;682.08
346.52;332.71;-13.82;679.23
347.55;333.34;-14.21;680.89
347.96;332.62;-15.34;680.58
347.12;333.78;-13.34;680.91
348.16;333.85;-14.31;682.01
348.21;333.39;-14.82;681.60
345.89;333.54;-12.35;679.44
347.20;333.14;-14.06;680.34
345.94;333.94;-12.01;679.88
347.94;333.02;-14.92;680.95
349.16;333.50;-15.66;682.66
348.34;332.16;-16.18;680.50
348.26;333.17;-15.09;681.43
346.18;332.51;-13.68;678.69
347.91;332.69;-15.21;680.60
348.19;333.63;-14.56;681.82
346.81;333.39;-13.42;680.21
346.37;333.36;-13.01;679.74
348.18;333.27;-14.91;681.45
347.94;333.21;-14.73;681.15
346.45;333.76;-12.68;680.21
347.70;333.43;-14.27;681.13
348.14;333.91;-14.23;682.05
347.68;332.76;-14.91;680.44
348.35;333.50;-14.85;681.85
348.53;332.59;-15.94;681.12
347.42;332.69;-14.73;680.12
348.02;332.11;-15.91;680.12
347.86;334.05;-13.81;681.92
346.57;333.49;-13.08;680.06
346.41;333.41;-12.99;679.82
346.36;333.64;-12.72;680.01
348.02;333.26;-14.75;681.28
348.54;333.18;-15.36;681.71
347.82;333.11;-14.72;680.93
347.84;334.09;-13.75;681.93
345.93;333.59;-12.34;679.52
345.93;333.58;-12.35;679.51
345.99;332.94;-13.05;678.93
348.21;333.28;-14.94;681.49
345.87;332.49;-13.38;678.36
348.60;333.01;-15.59;681.61
348.02;333.49;-14.54;681.51
348.14;333.05;-15.09;681.19
348.17;333.11;-15.06;681.28
348.12;333.33;-14.79;681.45
345.36;333.64;-11.72;678.99
345.21;333.96;-11.24;679.17
347.14;333.40;-13.74;680.54
345.15;332.73;-12.42;677.88
348.16;333.74;-14.42;681.90
347.81;332.57;-15.24;680.38
346.71;333.67;-13.04;680.38
346.21;333.18;-13.03;679.38
348.03;333.20;-14.83;681.23
348.19;333.44;-14.75;681.62
348.16;333.48;-14.68;681.64
347.61;332.54;-15.07;680.14
346.68;334.58;-12.11;681.26
347.91;333.20;-14.71;681.11
347.41;332.81;-14.60;680.22
347.71;333.14;-14.58;680.85
346.95;333.72;-13.22;680.67
346.46;335.02;-11.44;681.48
344.76;334.28;-10.48;679.04
346.31;335.26;-11.05;681.58
346.45;333.49;-12.96;679.94
346.65;335.16;-11.49;681.82
347.04;334.33;-12.71;681.36
347.67;333.61;-14.06;681.28
347.45;333.63;-13.82;681.08
347.49;333.18;-14.31;680.66
347.59;332.84;-14.75;680.44
347.91;333.76;-14.14;681.67
347.22;333.27;-13.95;680.49
348.32;333.01;-15.32;681.33
347.49;333.29;-14.20;680.79
346.29;332.82;-13.46;679.11
347.69;333.82;-13.87;681.51
347.38;333.24;-14.15;680.62
347.38;334.68;-12.71;682.06
347.72;333.29;-14.43;681.02
347.18;333.62;-13.56;680.79
347.66;333.72;-13.95;681.38
347.49;333.19;-14.30;680.69
348.19;333.25;-14.94;681.45
346.42;334.66;-11.75;681.08
347.40;333.04;-14.36;680.44
347.35;333.23;-14.12;680.58
345.83;334.57;-11.26;680.40
347.41;333.04;-14.37;680.44
347.66;333.16;-14.50;680.82
346.51;333.97;-12.54;680.48
345.96;333.98;-11.98;679.94
346.96;333.42;-13.54;680.39
347.34;333.56;-13.78;680.90
347.85;333.35;-14.50;681.19
347.75;333.39;-14.36;681.14
346.68;333.29;-13.39;679.98
347.02;333.79;-13.24;680.81
347.46;332.42;-15.05;679.88
346.69;332.79;-13.91;679.48
348.33;333.11;-15.22;681.44
347.56;333.44;-14.12;680.99
347.35;332.97;-14.38;680.32
347.39;334.48;-12.91;681.88
347.33;332.85;-14.48;680.18
347.31;333.69;-13.61;681.00
347.33;333.02;-14.31;680.35
347.28;334.23;-13.05;681.51
347.14;334.23;-12.91;681.36
347.11;334.11;-12.99;681.22
347.75;333.18;-14.57;680.92
346.92;334.01;-12.91;680.94
346.86;333.78;-13.09;680.64
346.81;334.48;-12.33;681.28
346.64;333.99;-12.64;680.63
346.53;334.26;-12.27;680.79
346.63;334.32;-12.31;680.95
345.82;333.86;-11.96;679.69
346.64;334.24;-12.40;680.87
346.66;333.88;-12.78;680.55
346.71;333.76;-12.95;680.48
346.76;333.44;-13.33;680.20
346.61;333.65;-12.96;680.26
346.65;333.02;-13.64;679.67
346.45;333.59;-12.85;680.04
346.19;333.35;-12.85;679.54
346.69;332.94;-13.75;679.62
346.19;333.76;-12.43;679.96
346.52;334.32;-12.21;680.84
345.85;333.77;-12.08;679.62
346.76;334.18;-12.59;680.94
346.72;333.99;-12.73;680.71
346.78;334.16;-12.62;680.94
348.11;332.90;-15.21;681.01
347.92;334.42;-13.49;682.34
346.35;333.35;-12.99;679.70
346.51;334.14;-12.37;680.64
346.44;333.99;-12.44;680.43
346.51;334.06;-12.45;680.58
346.36;333.75;-12.61;680.12
346.18;333.34;-12.84;679.52
345.96;333.72;-12.24;679.68
346.15;334.36;-11.78;680.51
345.88;333.68;-12.20;679.56
345.85;333.39;-12.45;679.24
345.98;333.85;-12.13;679.84
347.06;334.27;-12.79;681.33
347.13;334.72;-12.41;681.85
347.88;334.14;-13.74;682.02
345.86;334.13;-11.74;679.99
347.89;333.76;-14.13;681.66
347.02;334.06;-12.96;681.09
346.88;334.51;-12.37;681.39
345.63;334.31;-11.32;679.94
345.68;333.59;-12.09;679.27
347.41;333.51;-13.90;680.92
347.44;334.15;-13.29;681.58
345.49;333.48;-12.01;678.98
345.36;334.94;-10.42;680.29
347.71;333.65;-14.05;681.36
347.74;334.75;-12.99;682.49
347.43;333.61;-13.82;681.04
345.06;333.68;-11.39;678.74
347.16;333.95;-13.21;681.12
347.44;335.22;-12.22;682.66
347.90;334.19;-13.71;682.09
347.38;333.14;-14.24;680.52
347.72;333.54;-14.18;681.25
347.65;334.77;-12.88;682.42
347.43;333.44;-13.99;680.86
347.28;333.16;-14.11;680.44
347.42;334.42;-13.00;681.85
347.25;334.47;-12.78;681.72
347.42;334.37;-13.05;681.79
347.69;335.09;-12.59;682.78
347.21;333.72;-13.49;680.92
346.69;334.42;-12.26;681.11
347.22;334.47;-12.75;681.69
346.54;331.71;-14.83;678.25
346.99;333.31;-13.68;680.30
347.17;334.30;-12.87;681.47
347.30;333.68;-13.62;680.98
347.08;334.41;-12.66;681.49
346.76;334.32;-12.45;681.08
347.08;333.37;-13.71;680.45
346.59;334.54;-12.06;681.13
347.05;334.06;-12.99;681.11
346.86;334.38;-12.48;681.25
347.15;334.31;-12.84;681.45
347.11;334.25;-12.85;681.36
347.32;333.29;-14.03;680.62
346.71;333.29;-13.42;679.99
346.96;334.05;-12.91;681.01
346.86;333.73;-13.13;680.59
346.54;332.75;-13.79;679.29
346.62;333.88;-12.74;680.50
346.55;333.48;-13.07;680.04
347.65;334.74;-12.92;682.39
347.66;333.31;-14.35;680.97
347.84;333.94;-13.89;681.78
346.17;334.14;-12.03;680.31
347.21;333.33;-13.88;680.54
346.07;334.85;-11.22;680.92
346.28;334.06;-12.22;680.35
346.39;333.45;-12.94;679.84
347.52;334.13;-13.39;681.65
348.12;333.68;-14.44;681.79
348.00;334.02;-13.98;682.02
347.23;334.70;-12.53;681.93
346.36;333.41;-12.96;679.77
345.78;333.52;-12.25;679.30
346.29;333.81;-12.48;680.09
347.26;333.35;-13.91;680.61
346.12;333.79;-12.34;679.91
346.01;333.65;-12.36;679.66
348.32;333.14;-15.18;681.46
345.79;333.36;-12.44;679.15
346.91;334.39;-12.52;681.31
345.67;333.29;-12.38;678.96
348.00;334.02;-13.98;682.02
347.15;333.14;-14.02;680.29
348.19;332.95;-15.24;681.14
347.13;333.66;-13.47;680.79
347.49;333.55;-13.94;681.05
347.54;333.78;-13.75;681.32
347.49;334.19;-13.30;681.69
347.93;334.23;-13.70;682.16
347.49;333.71;-13.78;681.21
347.44;332.76;-14.68;680.21
347.95;333.75;-14.19;681.70
348.07;333.91;-14.16;681.98
344.99;333.78;-11.21;678.76
347.44;333.65;-13.79;681.09
347.07;333.60;-13.47;680.67
346.68;334.20;-12.48;680.88
347.96;333.69;-14.27;681.65
347.20;333.65;-13.55;680.85
347.04;333.39;-13.64;680.43
347.54;333.85;-13.69;681.39
347.79;333.25;-14.54;681.04
346.94;333.78;-13.15;680.72
347.51;333.78;-13.72;681.29
347.71;333.78;-13.93;681.48
347.41;334.41;-13.00;681.82
347.41;333.62;-13.78;681.03
347.37;333.09;-14.28;680.46
346.46;334.24;-12.22;680.69
347.06;333.66;-13.39;680.72
347.25;334.03;-13.22;681.28
347.19;333.35;-13.84;680.54
347.14;334.17;-12.96;681.31
347.05;334.21;-12.84;681.25
346.95;333.80;-13.15;680.75
346.92;333.24;-13.69;680.16
346.82;334.25;-12.57;681.08
346.68;333.49;-13.18;680.17
346.59;334.09;-12.51;680.68
346.57;334.02;-12.55;680.59
346.43;333.93;-12.50;680.36
345.71;334.84;-10.86;680.55
346.21;334.44;-11.78;680.65
347.05;334.47;-12.58;681.52
346.79;334.06;-12.73;680.85
346.38;333.25;-13.12;679.63
346.22;333.29;-12.92;679.51
346.09;333.75;-12.34;679.85
348.24;334.14;-14.10;682.37
347.65;333.33;-14.32;680.98
347.60;334.26;-13.34;681.86
347.50;333.17;-14.33;680.67
347.14;333.21;-13.93;680.34
347.95;333.78;-14.16;681.73
347.82;334.03;-13.79;681.85
347.83;333.59;-14.24;681.42
347.67;333.41;-14.26;681.08
347.15;332.51;-14.64;679.66
347.68;334.04;-13.64;681.72
347.64;333.96;-13.68;681.59
346.96;333.34;-13.62;680.31
344.32;333.83;-10.49;678.15
347.49;333.06;-14.44;680.55
347.26;332.78;-14.48;680.04
346.69;334.28;-12.41;680.96
343.85;334.06;-9.79;677.91
346.07;334.04;-12.03;680.11
346.10;333.18;-12.92;679.28
346.55;333.30;-13.25;679.85
346.82;332.51;-14.31;679.34
346.80;334.02;-12.78;680.82
346.71;333.99;-12.72;680.70
346.08;334.58;-11.51;680.66
346.81;332.85;-13.95;679.66
346.83;333.62;-13.21;680.45
346.79;332.98;-13.81;679.77
348.31;334.14;-14.17;682.44
346.76;332.29;-14.46;679.05
346.81;334.02;-12.78;680.83
346.79;334.34;-12.46;681.13
347.68;334.06;-13.62;681.74
346.70;332.90;-13.80;679.60
346.59;333.71;-12.88;680.29
346.21;332.84;-13.36;679.05
346.65;333.56;-13.09;680.21
346.35;334.69;-11.66;681.05
348.08;333.41;-14.66;681.49
346.34;334.07;-12.27;680.41
346.35;334.57;-11.78;680.92
346.21;333.35;-12.86;679.55
346.98;333.09;-13.89;680.07
345.85;333.68;-12.16;679.53
347.92;333.79;-14.14;681.71
347.65;333.68;-13.97;681.34
346.80;333.92;-12.88;680.72
348.93;333.11;-15.82;682.04
346.29;333.91;-12.38;680.19
346.19;333.28;-12.92;679.47
347.61;333.46;-14.15;681.08
346.70;333.61;-13.09;680.31
347.76;333.58;-14.19;681.34
347.56;333.22;-14.34;680.78
347.88;334.31;-13.57;682.18
347.24;333.63;-13.61;680.86
347.82;333.96;-13.85;681.78
347.46;334.00;-13.46;681.46
348.48;333.66;-14.82;682.14
347.21;334.51;-12.70;681.71
347.85;334.32;-13.53;682.18
347.42;334.32;-13.09;681.74
348.25;333.11;-15.14;681.36
345.39;333.35;-12.04;678.75
346.70;333.08;-13.62;679.78
347.29;332.84;-14.45;680.13
345.25;334.14;-11.12;679.39
346.72;332.76;-13.96;679.49
348.04;333.95;-14.09;681.99
347.85;332.74;-15.12;680.59
347.39;333.96;-13.42;681.35
347.18;332.75;-14.43;679.94
345.08;333.61;-11.46;678.69
345.12;333.88;-11.24;678.99
345.12;333.70;-11.42;678.82
347.38;334.18;-13.19;681.56
347.42;332.98;-14.44;680.40
347.26;334.06;-13.21;681.32
347.49;334.36;-13.14;681.85
348.18;333.39;-14.79;681.57
347.51;333.82;-13.68;681.33
347.56;333.45;-14.11;681.01
347.15;334.50;-12.65;681.65
347.49;333.75;-13.75;681.24
347.33;334.71;-12.62;682.04
347.48;333.28;-14.20;680.75
347.74;333.20;-14.54;680.94
347.19;332.53;-14.66;679.72
347.83;332.81;-15.02;680.64
347.37;333.44;-13.93;680.81
347.85;333.40;-14.45;681.25
347.55;334.19;-13.35;681.74
347.62;333.36;-14.25;680.98
347.50;333.30;-14.20;680.80
347.51;333.88;-13.63;681.39
347.43;332.88;-14.55;680.31
347.43;334.48;-12.95;681.91
347.23;334.29;-12.94;681.52
347.74;333.41;-14.33;681.15
346.91;333.15;-13.76;680.06
348.71;333.99;-14.72;682.70
346.82;333.77;-13.05;680.59
346.79;333.46;-13.32;680.25
346.61;333.01;-13.60;679.62
346.28;333.27;-13.01;679.55
347.70;332.24;-15.46;679.94
347.78;333.56;-14.22;681.34
346.48;333.52;-12.96;680.00
346.38;333.38;-13.01;679.76
347.67;333.76;-13.91;681.43
348.88;332.25;-16.64;681.13
347.64;333.33;-14.31;680.97
346.01;332.91;-13.11;678.92
345.85;333.98;-11.88;679.83
348.38;333.31;-15.06;681.69
345.61;333.64;-11.96;679.25
347.99;333.64;-14.35;681.63
347.92;333.66;-14.25;681.58
347.88;333.39;-14.49;681.28
347.38;334.08;-13.29;681.46
347.65;332.82;-14.83;680.46
347.50;334.06;-13.44;681.56
347.76;334.39;-13.37;682.15
347.80;333.65;-14.15;681.45
346.39;334.08;-12.31;680.47
346.41;333.85;-12.56;680.25
347.54;333.60;-13.94;681.14
347.83;333.38;-14.45;681.21
347.60;333.96;-13.64;681.56
347.52;333.71;-13.82;681.23
347.46;333.92;-13.54;681.38
347.92;333.13;-14.79;681.05
347.15;333.30;-13.85;680.45
346.93;333.32;-13.61;680.25
347.16;334.05;-13.11;681.21
347.09;333.40;-13.69;680.49
346.98;334.46;-12.51;681.44
347.04;334.06;-12.98;681.11
346.94;334.06;-12.87;681.00
346.81;332.45;-14.36;679.25
346.72;334.00;-12.72;680.72
347.78;333.79;-13.99;681.58
346.54;334.76;-11.78;681.29
346.42;332.88;-13.54;679.30
346.36;332.16;-14.21;678.52
347.13;332.48;-14.65;679.61
346.46;333.90;-12.56;680.36
346.49;333.75;-12.74;680.24
348.08;333.55;-14.54;681.63
346.32;333.85;-12.46;680.17
348.52;333.17;-15.35;681.69
346.33;333.20;-13.13;679.53
346.15;333.19;-12.96;679.34
346.19;333.68;-12.52;679.87
346.14;333.60;-12.54;679.74
345.76;332.97;-12.79;678.73
348.04;333.29;-14.75;681.32
347.40;333.72;-13.68;681.12
347.94;333.94;-14.00;681.88
348.33;333.97;-14.36;682.30
348.48;333.18;-15.29;681.66
348.45;333.36;-15.09;681.82
346.96;333.88;-13.09;680.84
347.38;333.16;-14.22;680.54
348.04;333.70;-14.34;681.74
348.02;333.49;-14.53;681.51
348.29;332.83;-15.46;681.12
348.46;332.97;-15.49;681.43
348.40;332.74;-15.66;681.14
348.32;333.42;-14.90;681.75
347.82;332.86;-14.95;680.68
348.38;332.74;-15.64;681.11
348.14;332.79;-15.35;680.93
347.28;332.50;-14.78;679.78
347.45;332.60;-14.85;680.05
346.53;333.68;-12.85;680.21
347.72;332.30;-15.42;680.02
347.46;333.51;-13.95;680.97
346.86;333.99;-12.87;680.86
347.59;332.56;-15.02;680.15
348.47;332.58;-15.89;681.05
347.41;332.95;-14.46;680.35
347.37;332.42;-14.95;679.79
347.44;333.41;-14.04;680.85
347.25;332.74;-14.51;679.98
347.08;333.75;-13.32;680.83
347.79;333.42;-14.36;681.21
347.00;333.78;-13.22;680.78
346.99;333.43;-13.56;680.42
347.01;332.81;-14.20;679.82
346.91;333.95;-12.96;680.85
348.65;332.72;-15.93;681.38
346.86;334.26;-12.60;681.12
348.73;332.79;-15.94;681.52
346.78;333.19;-13.59;679.98
348.34;332.71;-15.63;681.04
348.50;333.49;-15.01;681.99
346.75;332.68;-14.07;679.44
346.66;333.68;-12.98;680.34
346.58;332.88;-13.70;679.45
348.32;333.61;-14.72;681.93
346.46;334.80;-11.66;681.26
346.53;333.47;-13.06;680.00
346.38;332.01;-14.38;678.39
346.34;333.41;-12.93;679.74
346.03;333.15;-12.88;679.18
346.27;333.10;-13.17;679.37
347.57;334.24;-13.34;681.81
348.07;333.72;-14.35;681.79
348.15;333.25;-14.90;681.39
348.52;333.58;-14.94;682.09
347.45;333.06;-14.39;680.51
345.52;333.04;-12.48;678.56
346.14;333.98;-12.16;680.12
345.38;333.80;-11.58;679.18
348.30;333.47;-14.83;681.77
347.89;333.53;-14.36;681.42
346.75;333.09;-13.66;679.85
347.93;333.31;-14.62;681.24
345.97;333.25;-12.72;679.22
347.68;333.31;-14.37;680.98
347.29;334.55;-12.74;681.84
347.49;333.04;-14.45;680.53
347.40;333.07;-14.33;680.47
347.71;332.88;-14.84;680.59
347.08;332.80;-14.28;679.88
347.21;334.15;-13.06;681.35
347.06;333.15;-13.91;680.21
347.74;333.38;-14.35;681.12
344.00;333.43;-10.57;677.43
347.42;333.09;-14.33;680.52
347.34;333.47;-13.86;680.81
347.15;332.84;-14.31;679.99
347.22;332.83;-14.39;680.05
346.76;334.28;-12.49;681.04
346.81;334.12;-12.69;680.94
346.46;334.58;-11.88;681.04
346.25;333.19;-13.06;679.45
346.81;332.98;-13.84;679.79
346.35;334.34;-12.02;680.69
346.30;332.92;-13.38;679.22
346.58;332.75;-13.82;679.33
347.79;333.60;-14.19;681.39
347.65;333.95;-13.70;681.61
346.66;333.33;-13.33;679.99
346.51;333.18;-13.32;679.69
348.09;333.59;-14.51;681.68
346.41;332.04;-14.38;678.45
346.45;332.44;-14.01;678.88
347.01;333.84;-13.17;680.85
346.01;333.61;-12.40;679.61
348.24;333.88;-14.36;682.12
346.15;333.16;-12.99;679.32
348.21;333.66;-14.55;681.87
348.42;333.42;-14.99;681.84
347.82;332.97;-14.85;680.79
345.99;333.15;-12.84;679.15
345.93;333.44;-12.49;679.36
347.84;333.49;-14.35;681.33
347.63;333.66;-13.97;681.29
348.46;334.31;-14.16;682.77
347.24;333.28;-13.96;680.51
348.48;334.08;-14.40;682.56
348.49;332.99;-15.49;681.48
348.01;332.92;-15.08;680.93
347.25;332.91;-14.34;680.16
348.02;333.95;-14.08;681.97
347.49;332.96;-14.53;680.46
348.07;333.88;-14.19;681.95
347.58;333.74;-13.84;681.32
348.02;333.46;-14.56;681.49
347.71;334.44;-13.28;682.15
347.88;333.81;-14.07;681.69
347.17;333.58;-13.59;680.75
347.84;333.55;-14.29;681.39
347.89;332.42;-15.48;680.31
347.59;334.02;-13.57;681.62
346.82;334.05;-12.78;680.87
347.66;333.74;-13.92;681.39
347.41;333.66;-13.75;681.07
347.52;333.59;-13.93;681.12
347.49;334.39;-13.10;681.88
346.78;334.52;-12.26;681.29
347.10;334.22;-12.88;681.32
347.41;333.73;-13.68;681.14
347.45;333.36;-14.09;680.81
347.16;334.01;-13.15;681.17
347.30;333.59;-13.71;680.89
346.55;333.74;-12.81;680.29
346.59;334.02;-12.57;680.61
347.10;333.88;-13.22;680.98
346.87;334.06;-12.81;680.93
346.88;334.36;-12.51;681.24
346.91;333.68;-13.22;680.59
346.13;333.85;-12.28;679.98
348.31;333.99;-14.31;682.30
348.03;334.25;-13.78;682.28
346.47;333.43;-13.04;679.90
346.41;333.55;-12.86;679.96
346.41;333.29;-13.12;679.70
346.36;333.79;-12.57;680.16
346.38;333.38;-12.99;679.76
348.42;333.16;-15.25;681.58
346.11;333.87;-12.24;679.98
348.19;333.44;-14.76;681.63
348.28;333.94;-14.34;682.21
345.81;333.37;-12.44;679.18
347.83;332.81;-15.02;680.64
347.71;334.41;-13.29;682.12
347.98;333.01;-14.96;680.99
347.66;333.48;-14.18;681.14
346.84;334.18;-12.66;681.02
345.32;332.91;-12.41;678.24
347.70;332.92;-14.78;680.62
346.45;333.98;-12.47;680.42
347.91;334.08;-13.82;681.99
347.72;334.03;-13.69;681.75
347.38;333.64;-13.74;681.01
347.50;333.76;-13.74;681.26
347.52;333.39;-14.13;680.91
347.90;334.01;-13.89;681.91
347.87;334.30;-13.57;682.17
347.32;333.42;-13.89;680.74
347.84;334.18;-13.66;682.02
347.47;334.41;-13.06;681.88
347.79;333.60;-14.19;681.39
347.65;334.45;-13.19;682.10
348.52;334.18;-14.34;682.69
347.51;333.18;-14.33;680.69
347.64;333.97;-13.66;681.61
347.49;334.11;-13.39;681.60
347.29;333.47;-13.82;680.76
346.95;333.67;-13.28;680.62
347.55;334.53;-13.02;682.08
347.12;333.64;-13.48;680.76
347.21;334.41;-12.79;681.62
347.16;332.99;-14.17;680.15
347.04;332.85;-14.18;679.89
347.02;332.71;-14.32;679.73
347.05;333.87;-13.18;680.92
346.86;332.95;-13.91;679.81
346.88;333.83;-13.05;680.71
346.78;334.34;-12.44;681.12
347.80;333.08;-14.72;680.88
346.64;333.82;-12.82;680.45
346.46;332.79;-13.68;679.25
347.64;333.66;-13.98;681.31
347.93;333.55;-14.38;681.48
347.86;333.52;-14.34;681.38
348.02;333.72;-14.29;681.74
346.06;333.66;-12.40;679.73
347.04;334.09;-12.95;681.13
348.11;333.39;-14.72;681.50
347.41;332.98;-14.43;680.39
347.17;332.98;-14.19;680.15
347.71;334.38;-13.32;682.09
347.62;333.11;-14.51;680.72
347.59;333.26;-14.33;680.86
345.83;333.29;-12.54;679.12
348.26;333.42;-14.84;681.68
347.95;333.01;-14.94;680.96
347.54;333.64;-13.89;681.18
347.93;334.05;-13.88;681.98
347.54;332.62;-14.91;680.16
347.78;333.74;-14.04;681.51
345.08;333.92;-11.16;678.99
347.39;333.22;-14.18;680.61
346.81;334.05;-12.75;680.86
347.29;333.71;-13.59;681.00
347.69;334.65;-13.04;682.34
346.74;333.88;-12.86;680.62
347.59;333.84;-13.76;681.43
347.08;334.59;-12.49;681.66
347.56;333.90;-13.66;681.46
347.63;333.25;-14.38;680.88
348.14;333.09;-15.04;681.23
347.12;333.54;-13.58;680.65
347.44;333.39;-14.04;680.83
347.19;334.31;-12.89;681.50
348.15;333.81;-14.35;681.96
347.25;333.19;-14.06;680.44
346.81;333.69;-13.12;680.50
347.05;333.36;-13.69;680.41
346.73;334.37;-12.36;681.10
346.96;334.61;-12.35;681.56
346.26;334.64;-11.62;680.89
346.29;333.39;-12.89;679.68
346.68;334.24;-12.44;680.92
346.71;333.10;-13.61;679.81
345.78;333.36;-12.42;679.14
346.92;333.77;-13.15;680.69
346.92;334.42;-12.50;681.35
346.82;333.01;-13.81;679.83
346.68;333.96;-12.72;680.65
347.17;333.89;-13.28;681.06
346.45;334.01;-12.44;680.46
346.31;333.86;-12.44;680.17
346.78;333.28;-13.51;680.06
346.11;333.88;-12.22;679.99
345.91;333.82;-12.09;679.72
346.63;334.52;-12.11;681.15
346.89;334.14;-12.75;681.04
345.68;333.33;-12.35;679.01
346.16;333.40;-12.76;679.56
345.65;333.26;-12.39;678.91
348.04;334.22;-13.81;682.26
347.72;332.97;-14.75;680.69
347.58;334.31;-13.26;681.89
346.79;333.38;-13.42;680.17
347.99;333.08;-14.92;681.07
348.01;333.78;-14.23;681.78
347.85;334.02;-13.83;681.88
347.99;333.84;-14.16;681.83
347.75;332.99;-14.75;680.74
346.95;333.31;-13.64;680.26
348.06;334.32;-13.75;682.38
347.59;334.54;-13.06;682.13
345.15;334.35;-10.80;679.49
344.89;333.91;-10.98;678.81
346.39;333.86;-12.52;680.25
346.29;334.04;-12.25;680.32
347.62;333.66;-13.95;681.28
346.96;333.35;-13.61;680.31
347.20;333.58;-13.62;680.78
346.13;333.70;-12.43;679.83
346.20;333.31;-12.89;679.51
347.76;333.32;-14.45;681.08
347.40;333.91;-13.49;681.31
346.97;333.78;-13.19;680.75
347.49;333.63;-13.86;681.12
346.44;333.74;-12.71;680.18
346.14;333.55;-12.59;679.69
345.97;334.20;-11.77;680.17
346.41;333.71;-12.69;680.12
346.42;332.69;-13.72;679.11
346.10;331.58;-14.52;677.68
347.00;334.06;-12.94;681.06
347.56;333.11;-14.45;680.67
346.82;334.48;-12.34;681.30
346.86;333.14;-13.72;680.00
346.78;333.95;-12.83;680.74
346.74;333.84;-12.91;680.58
347.91;332.86;-15.05;680.78
347.21;333.53;-13.68;680.74
348.80;333.65;-15.15;682.45
346.45;334.10;-12.35;680.55
347.52;333.15;-14.36;680.67
347.76;333.68;-14.08;681.44
349.32;333.18;-16.14;682.51
348.58;334.28;-14.29;682.86
347.75;333.48;-14.26;681.23
347.82;333.01;-14.82;680.83
348.76;333.62;-15.14;682.38
347.59;333.36;-14.24;680.95
347.64;333.46;-14.18;681.11
347.89;333.04;-14.85;680.92
345.61;333.15;-12.45;678.76
347.43;333.17;-14.26;680.60
345.59;333.16;-12.43;678.75
345.59;333.59;-12.00;679.18
345.42;333.26;-12.15;678.68
348.21;333.52;-14.68;681.73
345.28;334.13;-11.15;679.41
347.06;333.58;-13.48;680.65
345.32;333.47;-11.85;678.79
348.34;334.59;-13.75;682.93
348.05;333.18;-14.87;681.22
348.25;333.46;-14.79;681.71
348.19;332.62;-15.57;680.81
348.11;333.73;-14.38;681.84
348.12;333.54;-14.58;681.66
347.96;332.21;-15.75;680.16
347.49;333.07;-14.42;680.56
