0.0019	0.143	75.26315789473684
0.0028	0.212	75.71428571428571
0.0037	0.303	81.89189189189189
0.0048	0.393	81.87500000000001
0.0059	0.47	79.66101694915254
0.0068	0.556	81.76470588235296
0.0079	0.647	81.89873417721519
0.0089	0.731	82.13483146067415
0.0099	0.821	82.92929292929291
0.0108	0.899	83.24074074074073
0.0119	0.988	83.0252100840336
0.013	1.092	84.00000000000001
0.0138	1.17	84.78260869565217
0.0147	1.247	84.82993197278913
0.0158	1.352	85.56962025316456
0.0167	1.442	86.34730538922156
0.0177	1.53	86.44067796610169
0.0188	1.636	87.02127659574467
0.0198	1.724	87.07070707070706
0.0207	1.833	88.55072463768116
0.0218	1.955	89.6788990825688
0.0228	2.017	88.46491228070175
0.0236	2.107	89.27966101694916
0.0248	2.237	90.20161290322581
0.0257	2.328	90.58365758754863
0.0269	2.465	91.635687732342
0.0279	2.561	91.7921146953405
0.0287	2.666	92.89198606271776
0.0298	2.794	93.75838926174497
0.0308	3.018	97.98701298701297
0.0317	3.107	98.01261829652998
0.0328	3.262	99.45121951219511
0.0337	3.452	102.43323442136499
0.0348	3.586	103.04597701149426
0.0359	3.682	102.56267409470752
0.0368	3.792	103.04347826086956
0.0377	3.936	104.40318302387269
0.0388	4.136	106.5979381443299
0.0397	4.259	107.27959697732999
0.0407	4.422	108.64864864864865
0.0418	4.503	107.72727272727273
0.0427	4.65	108.89929742388759
0.0439	4.875	111.04783599088837
0.0448	4.993	111.45089285714286
0.0457	5.096	111.50984682713349
0.0468	5.316	113.58974358974358
0.0479	5.37	112.10855949895617
0.0487	5.527	113.49075975359344
0.0498	5.712	114.6987951807229
0.0508	5.811	114.38976377952756
0.0516	5.937	115.05813953488372
0.0529	6.132	115.91682419659735
0.0538	6.317	117.41635687732342
0.0548	6.435	117.42700729927006
0.0559	6.569	117.5134168157424
0.057	6.735	118.15789473684211
0.0578	6.813	117.8719723183391
0.0588	6.976	118.63945578231292
0.0599	7.103	118.58096828046743
0.061	7.282	119.37704918032787
0.0619	7.391	119.40226171243943
0.0629	7.57	120.34976152623213
0.064	7.717	120.57812499999999
0.0649	7.972	122.8351309707242
0.0658	8.12	123.40425531914893
0.0669	8.328	124.48430493273541
0.0678	8.496	125.30973451327435
0.0688	8.545	124.20058139534883
0.0699	8.676	124.12017167381974
0.0708	8.715	123.09322033898304
0.0718	8.845	123.18941504178274
0.0728	9.085	124.79395604395604
0.0737	9.233	125.27815468113975
0.0748	9.266	123.87700534759358
0.0759	9.553	125.86297760210806
0.0768	9.569	124.59635416666669
0.0778	9.712	124.83290488431878
0.0788	9.834	124.79695431472082
0.0798	9.987	125.15037593984964
0.0809	10.139	125.32756489493201
0.0818	10.211	124.82885085574573
0.0828	10.317	124.60144927536233
0.0839	10.488	125.00595947556614
0.0847	10.736	126.75324675324677
0.0857	10.94	127.65460910151691
0.0867	11.12	128.25836216839676
0.0878	11.245	128.07517084282458
0.0887	11.363	128.10597519729424
0.0899	11.488	127.78642936596218
0.0908	11.55	127.20264317180617
0.0917	11.762	128.2660850599782
0.0928	11.961	128.89008620689657
0.0936	12.251	130.88675213675214
0.0948	12.384	130.63291139240508
0.0958	12.506	130.5427974947808
0.0968	12.67	130.88842975206612
0.0979	12.848	131.2359550561798
0.0988	12.989	131.4676113360324
0.0998	13.095	131.2124248496994
0.1007	13.309	132.16484607745778
0.1018	13.491	132.52455795677798
0.1027	13.607	132.49269717624148
0.1038	13.775	132.70712909441232
0.1048	13.926	132.88167938931298
0.1057	14.088	133.282876064333
0.1069	14.297	133.7418147801684
0.1078	14.447	134.01669758812614
0.1087	14.574	134.0754369825207
0.1098	14.745	134.28961748633878
0.1108	14.922	134.6750902527076
0.1117	15.055	134.78066248880933
0.1127	15.238	135.20851818988464
0.1137	15.405	135.48812664907652
0.1147	15.578	135.81517000871838
0.1158	15.723	135.77720207253887
0.1167	15.798	135.37275064267354
0.1179	16.078	136.36980491942322
0.1188	16.228	136.59932659932662
0.1196	16.381	136.9648829431438
0.1208	16.567	137.14403973509934
0.1217	16.745	137.5924404272802
0.1227	16.769	136.66666666666666
0.1238	16.918	136.65589660743134
0.1249	17.104	136.94155324259407
0.1257	17.269	137.38265712012728
0.1268	17.465	137.73659305993692
0.1278	17.634	137.981220657277
0.1286	17.813	138.51477449455678
0.1299	18.02	138.72209391839877
0.13	18.091	139.16153846153847
0.13	18.13	139.46153846153845
0.1286	17.942	139.51788491446345
0.1278	17.835	139.55399061032864
0.1267	17.697	139.67640094711916
0.1257	17.564	139.72951471758154
0.1246	17.396	139.6147672552167
0.1238	17.262	139.4345718901454
0.1226	17.064	139.18433931484503
0.1216	16.922	139.16118421052633
0.1208	16.842	139.42052980132448
0.1196	16.67	139.38127090301006
0.1186	16.504	139.1568296795953
0.1176	16.382	139.3027210884354
0.1166	16.221	139.11663807890224
0.1157	16.09	139.066551426102
0.1146	15.95	139.17975567190226
0.1136	15.821	139.26936619718307
0.1126	15.683	139.28063943161632
0.1116	15.555	139.38172043010752
0.1106	15.404	139.27667269439422
0.1098	15.301	139.35336976320585
0.1086	15.155	139.54880294659299
0.1077	15.021	139.47075208913648
0.1067	14.895	139.59700093720713
0.1057	14.738	139.43235572374644
0.1048	14.622	139.52290076335876
0.1037	14.478	139.6142719382835
0.1026	14.332	139.6881091617934
0.1017	14.204	139.66568338249755
0.1008	14.094	139.82142857142856
0.0998	13.938	139.65931863727457
0.0987	13.803	139.84802431610944
0.0977	13.668	139.8976458546571
0.0964	13.483	139.86514522821577
0.0957	13.375	139.7596656217346
0.0946	13.226	139.80972515856237
0.0937	13.064	139.42369263607256
0.0928	12.919	139.21336206896552
0.0915	12.727	139.0928961748634
0.0907	12.598	138.89746416758544
0.0897	12.413	138.3835005574136
0.0888	12.282	138.3108108108108
0.0877	12.074	137.6738882554162
0.0868	11.939	137.54608294930875
0.0857	11.752	137.12952158693116
0.0846	11.654	137.75413711583926
0.0837	11.488	137.2520908004779
0.0826	11.314	136.97336561743342
0.0817	11.12	136.1077111383109
0.0807	10.999	136.29491945477076
0.0796	10.847	136.26884422110552
0.0788	10.671	135.41878172588832
0.0775	10.509	135.6
0.0766	10.324	134.77806788511748
0.0755	10.185	134.90066225165563
0.0746	10.055	134.78552278820376
0.0737	9.878	134.02985074626866
0.0727	9.799	134.78679504814303
0.0717	9.641	134.46304044630403
0.0707	9.476	134.03111739745404
0.0698	9.259	132.65042979942695
0.0686	9.071	132.23032069970847
0.0679	8.939	131.64948453608247
0.0668	8.779	131.42215568862275
0.0657	8.659	131.79604261796044
0.0647	8.444	130.51004636785166
0.0638	8.207	128.63636363636365
0.0629	8.15	129.57074721780606
0.0617	7.829	126.88816855753646
0.0608	7.72	126.97368421052632
0.0597	7.447	124.74036850921273
0.0587	7.328	124.8381601362862
0.0577	7.292	126.37781629116117
0.0567	7.177	126.5784832451499
0.0559	7.089	126.81574239713775
0.0546	6.843	125.32967032967032
0.0537	6.632	123.50093109869646
0.0527	6.572	124.70588235294119
0.0516	6.402	124.06976744186046
0.0508	6.266	123.34645669291339
0.0497	6.052	121.77062374245472
0.0486	5.865	120.67901234567903
0.0477	5.713	119.76939203354299
0.0468	5.541	118.3974358974359
0.0457	5.344	116.93654266958426
0.0447	5.206	116.4653243847875
0.0438	5.053	115.36529680365297
0.0426	4.862	114.13145539906104
0.0418	4.76	113.8755980861244
0.0405	4.586	113.23456790123457
0.0397	4.482	112.89672544080605
0.0387	4.307	111.2919896640827
0.0376	4.159	110.61170212765957
0.0366	4.081	111.50273224043717
0.0357	3.926	109.9719887955182
0.0346	3.776	109.13294797687861
0.0337	3.628	107.65578635014838
0.0328	3.516	107.1951219512195
0.0316	3.338	105.63291139240505
0.0306	3.224	105.35947712418302
0.0298	3.092	103.75838926174497
0.0286	2.942	102.86713286713287
0.0276	2.841	102.93478260869566
0.0268	2.659	99.21641791044775
0.0257	2.514	97.82101167315174
0.0248	2.416	97.41935483870968
0.0236	2.282	96.69491525423729
0.0228	2.166	95.0
0.0217	2.077	95.71428571428571
0.0207	1.974	95.3623188405797
0.0196	1.85	94.38775510204083
0.0189	1.771	93.7037037037037
0.0177	1.646	92.99435028248587
0.0167	1.552	92.93413173652695
0.0158	1.464	92.65822784810125
0.0146	1.34	91.78082191780823
0.0138	1.265	91.66666666666666
0.0127	1.155	90.94488188976379
0.0118	1.068	90.5084745762712
0.0107	0.961	89.81308411214954
0.0099	0.881	88.98989898989899
0.0087	0.766	88.04597701149426
0.0077	0.68	88.31168831168831
0.0068	0.593	87.20588235294117
0.0056	0.491	87.67857142857143
0.0047	0.402	85.53191489361703
0.0035	0.302	86.28571428571428
0.0026	0.224	86.15384615384616
0.0018	0.15	83.33333333333333
